0.0  0.20719908408718435  0.3582179054765633
0.01  0.19493942027872405  0.3608110571958111
0.02  0.1824481308767927  0.3626930901797496
0.03  0.16973579311626025  0.36384363656221
0.04  0.1568134565173424  0.3642436677159597
0.05  0.14369262703447588  0.36387555886785466
0.06  0.13038525017960276  0.36272315081311446
0.07  0.11690369315088814  0.3607718085200503
0.08  0.10326072600013242  0.35800847642406575
0.09  0.08946950187430945  0.35442173021791695
0.1  0.07554353636875556  0.35000182495405574
0.11  0.06149668603155296  0.34474073928435406
0.12  0.04734312606058438  0.33863221567260127
0.13  0.033097327236583075  0.3316717964258324
0.14  0.018774032137257715  0.32385685540177894
0.15  0.004388230679231844  0.31518662526147395
0.16  -0.010044864963901973  0.30566222014827404
0.17  -0.024509846017653568  0.2952866536872411
0.18  -0.038991133285721805  0.2840648522119073
0.19  -0.05347300379974235  0.27200366313890956
0.2  -0.06793961788621057  0.25911185842475715
0.21  -0.08237504659607858  0.24540013305306863
0.22  -0.09676329944162468  0.23088109851492614
0.23  -0.1110883523844124  0.2155692712595016
0.24  -0.1253341760174992  0.19948105610677178
0.25  -0.1394847638845138  0.18263472462890742
0.26  -0.1535241608778104  0.16505038852174667
0.27  -0.167436491657618  0.1467499680026066
0.28  -0.18120598903394025  0.12775715528549
0.29  -0.19481702225292225  0.10809737319947395
0.3  -0.20825412512949198  0.08779772903066059
0.31  -0.22150202396829607  0.0668869636825002
0.32  -0.23454566521529208  0.04539539626349359
0.33  -0.2473702427828239  0.023354864225222705
0.34  -0.2599612249915959  0.0007986591872830157
0.35000000000000003  -0.27230438107367627  -0.02223854140103705
0.36  -0.28438580718149037  -0.0457207465996121
0.37  -0.29619195184872177  -0.06961072814171787
0.38  -0.3077096408501079  -0.093870100236546
0.39  -0.3189261014083046  -0.11845940281145635
0.4  -0.3298289856972942  -0.1433381879845485
0.41000000000000003  -0.3404063935932196  -0.1684651095478505
0.42  -0.3506468946250461  -0.19379801523176324
0.43  -0.3605395490790716  -0.21929404151240073
0.44  -0.37007392821302737  -0.2449097107151508
0.45  -0.3792401335373299  -0.2706010301601902
0.46  -0.38802881512295545  -0.2963235930888312
0.47000000000000003  -0.39643118889740464  -0.3220326811034885
0.48  -0.40443905289231247  -0.34768336784875226
0.49  -0.41204480240842045  -0.37323062365655857
0.5  -0.4192414440658628  -0.39862942087476233
0.51  -0.426022608710033  -0.423834839595582
0.52  -0.43238256314566687  -0.448802173498377
0.53  -0.43831622067421144  -0.4734870355200727
0.54  -0.44381915041204095  -0.49784546306625804
0.55  -0.44888758536961615  -0.5218340224765418
0.56  -0.45351842927426594  -0.5454099124591882
0.5700000000000001  -0.4577092621218909  -0.5685310662123266
0.58  -0.461458344445539  -0.5911562519521741
0.59  -0.4647646202914859  -0.6132451715726741
0.6  -0.46762771889614785  -0.634758557165768
0.61  -0.47004795505987573  -0.6556582651371383
0.62  -0.47202632821639784  -0.675907367658683
0.63  -0.4735645201994096  -0.6954702412061932
0.64  -0.4746648917105315  -0.7143126519386616
0.65  -0.4753304774955731  -0.7324018376843616
0.66  -0.47556498023873967  -0.7497065863082419
0.67  -0.47537276318710264  -0.7661973102452772
0.68  -0.4747588415203055  -0.7818461169951567
0.6900000000000001  -0.47372887248309964  -0.7966268753850594
0.7000000000000001  -0.4722891443008897  -0.8105152774191998
0.71  -0.4704465639010073  -0.8234888955463247
0.72  -0.468208643464924  -0.8355272351893418
0.73  -0.46558348583905107  -0.8466117823947136
0.74  -0.46257976883414903  -0.8567260464731601
0.75  -0.45920672844568766  -0.865855597517473
0.76  -0.45547414102972966  -0.873988098697864
0.77  -0.45139230447108947  -0.8811133332501804
0.78  -0.4469720183825964  -0.8872232260874701
0.79  -0.4422245633763023  -0.8923118599807386
0.8  -0.43716167944938367  -0.8963754862702493
0.81  -0.4317955435293141  -0.8994125300843292
0.8200000000000001  -0.4261387462246071  -0.9014235900583198
0.8300000000000001  -0.4202042678290541  -0.9024114325619872
0.84  -0.41400545362890667  -0.9023809804593462
0.85  -0.4075559885638637  -0.9013392964404074
0.86  -0.400869871294032  -0.8992955609797657
0.87  -0.39396138772621636  -0.8962610449921845
0.88  -0.38684508405397455  -0.8922490772703264
0.89  -0.3795357393668303  -0.8872750068045049
0.9  -0.3720483378848744  -0.8813561600987293
0.91  -0.3643980408757017  -0.8745117936113567
0.92  -0.3566001583112273  -0.8667630414622789
0.93  -0.3486701203223916  -0.8581328585617529
0.9400000000000001  -0.3406234485101108  -0.8486459593286644
0.9500000000000001  -0.33247572717104623  -0.8383287521781642
0.96  -0.3242425744968602  -0.8272092699702087
0.97  -0.3159396138055865  -0.8153170966215171
0.98  -0.30758244486359  -0.8026832900938083
0.99  -0.2991866153562986  -0.789340301980875
1.0  -0.2907675925654781  -0.7753218939260348
1.01  -0.28234073531028997  -0.7606630511097767
1.02  -0.2739212662087086  -0.7453998930549529
1.03  -0.26552424431509536  -0.7295695820036237
1.04  -0.25716453818883117  -0.713210229125642
1.05  -0.24885679944788497  -0.6963607988242483
1.06  -0.24061543686007267  -0.6790610114082978
1.07  -0.23245459102350685  -0.6613512444042873
1.08  -0.22438810968639272  -0.6432724327840397
1.09  -0.21642952375485563  -0.6248659683857682
1.1  -0.2085920240359295  -0.6061735988072545
1.11  -0.20088843876116502  -0.5872373260500396
1.12  -0.1933312119345606  -0.568099305192859
1.1300000000000001  -0.18593238254666464  -0.5488017433710305
1.1400000000000001  -0.17870356469475812  -0.5293867993361682
1.1500000000000001  -0.17165592864700258  -0.509896483867426
1.16  -0.16480018288633697  -0.4903725613015067
1.17  -0.1581465571677279  -0.47085645244389945
1.18  -0.15170478662013287  -0.4513891391182827
1.19  -0.14548409692222453  -0.4320110706047241
1.2  -0.13949319057855283  -0.41276207221028943
1.21  -0.13374023432040005  -0.3936812562079439
1.22  -0.12823284765310838  -0.37480693537121545
1.23  -0.12297809256914485  -0.35617653932302573
1.24  -0.11798246444361671  -0.3378265339074271
1.25  -0.11325188412636017  -0.31979234378270516
1.26  -0.10879169124212204  -0.3021082784235005
1.27  -0.10460663870771396  -0.28480746170827476
1.28  -0.10070088847237924  -0.26792176525663214
1.29  -0.09707800848495476  -0.2514817456687829
1.3  -0.09374097088875473  -0.2355165858067831
1.31  -0.09069215144244708  -0.2200540402442117
1.32  -0.08793333016255231  -0.20512038499763482
1.33  -0.08546569318056015  -0.1907403716396534
1.34  -0.08328983580505364  -0.17693718587953702
1.35  -0.08140576677664607  -0.16373241068349048
1.36  -0.07981291370098684  -0.15114599399250112
1.37  -0.07851012964257573  -0.13919622108154353
1.3800000000000001  -0.07749570085966453  -0.12789969158969447
1.3900000000000001  -0.07676735565809131  -0.11727130123650971
1.4000000000000001  -0.07632227433953997  -0.10732422822584786
1.41  -0.07615710021739941  -0.09806992432427247
1.42  -0.07626795167115946  -0.08951811058724651
1.43  -0.07665043520810505  -0.08167677769259857
1.44  -0.07729965949897089  -0.07455219082724471
1.45  -0.07821025035219606  -0.06814889905991844
1.46  -0.07937636658948136  -0.062469749119746974
1.47  -0.08079171678349925  -0.05751590348795126
1.48  -0.08244957681684661  -0.053286862697781406
1.49  -0.08434280821966594  -0.0497804917260551
1.5  -0.08646387724178999  -0.04699305034839584
1.51  -0.08880487461380732  -0.044919227319494145
1.52  -0.0913575359500762  -0.0435521782294707
1.53  -0.09411326274547074  -0.042883566877737395
1.54  -0.09706314391649691  -0.042903609996663414
1.55  -0.10019797783638648  -0.04360112514887546
1.56  -0.1035082948128686  -0.0449635816141855
1.57  -0.10698437995651221  -0.04697715407496394
1.58  -0.11061629638686737  -0.049626778902284785
1.59  -0.11439390872305899  -0.052896212839367865
1.6  -0.11830690680506517  -0.05676809387376377
1.61  -0.12234482959158356  -0.06122400408536663
1.62  -0.12649708918020247  -0.06624453425370658
1.6300000000000001  -0.1307529948955222  -0.071809350005102
1.6400000000000001  -0.1351017773909183  -0.07789725927809737
1.6500000000000001  -0.13953261270982087  -0.08448628088423016
1.6600000000000001  -0.14403464625266965  -0.09155371394051667
1.67  -0.14859701659612842  -0.09907620795015032
1.68  -0.15320887911167447  -0.10702983330874083
1.69  -0.15785942933133276  -0.11539015201497743
1.7  -0.16253792600909708  -0.12413228836690417
1.71  -0.1672337138274631  -0.13323099942796449
1.72  -0.17193624569950045  -0.14266074505066922
1.73  -0.17663510461799323  -0.15239575725009136
1.74  -0.1813200250044002  -0.16241010872439943
1.75  -0.18598091351170032  -0.17267778032528516
1.76  -0.1906078692366161  -0.18317272728738432
1.77  -0.195191203298221  -0.19386894403262764
1.78  -0.19972145774155742  -0.20474052737283244
1.79  -0.20418942372659188  -0.2157617379417613
1.8  -0.20858615896462604  -0.2269070596962743
1.81  -0.21290300436615842  -0.2381512573350577
1.82  -0.21713159986614147  -0.24946943149270734
1.83  -0.22126389939460372  -0.2608370715766162
1.84  -0.22529218496270312  -0.2722301061241508
1.85  -0.2292090798364339  -0.28362495056794884
1.86  -0.23300756077242774  -0.2949985523077957
1.87  -0.23668096929256  -0.3063284329984034
1.8800000000000001  -0.24022302197639403  -0.31759272797347105
1.8900000000000001  -0.24362781975285466  -0.32877022273763523
1.9000000000000001  -0.2468898561749283  -0.3398403864692449
1.9100000000000001  -0.2500040246636156  -0.3507834024883212
1.92  -0.252965624709825  -0.3615801956554872
1.93  -0.25577036702537376  -0.3722124566791294
1.94  -0.2584143776367613  -0.38266266331940124
1.95  -0.26089420091788446  -0.39291409848903136
1.96  -0.2632068015603704  -0.40295086526204604
1.97  -0.26534956548271804  -0.4127578988125433
1.98  -0.2673202996819263  -0.4223209753164702
1.99  -0.2691172310337903  -0.4316267178599049
2.0  -0.2707390040504945  -0.4406625994076513
2.0100000000000002  -0.27218467760659387  -0.44941694289592177
2.02  -0.2734537206468685  -0.4578789185225076
2.0300000000000002  -0.27454600689192904  -0.4660385383171002
2.04  -0.27546180855977304  -0.47388664808323444
2.05  -0.27620178912378957  -0.4814149168117628
2.06  -0.27676699512994163  -0.4886158236736575
2.07  -0.27715884709803834  -0.49548264270740233
2.08  -0.2773791295341246  -0.5020094253231484
2.09  -0.27742998008307207  -0.50819098075217
2.1  -0.2773138778524289  -0.5140228545760115
2.11  -0.2770336309404992  -0.519501305474924
2.12  -0.2765923632034366  -0.5246232803398698
2.13  -0.27599350029788833  -0.5293863878964105
2.14  -0.275240755037369  -0.5337888709922167
2.15  -0.2743381121021074  -0.5378295777027619
2.16  -0.2732898121435761  -0.5415079314119245
2.17  -0.27210033532627526  -0.5448239000257622
2.18  -0.2707743843506105  -0.5477779644786357
2.19  -0.26931686700186036  -0.5503710866911135
2.2  -0.26773287827128495  -0.5526046771387368
2.21  -0.26602768209636923  -0.5544805621897152
2.22  -0.2642066927680207  -0.5560009513680224
2.23  -0.2622754560532678  -0.5571684046961333
2.24  -0.26023963008259754  -0.5579858002688182
2.25  -0.2581049660515667  -0.5584563022060132
2.2600000000000002  -0.25587728878667776  -0.5585833291288081
2.27  -0.25356247722577474  -0.5583705232980698
2.2800000000000002  -0.25116644486333045  -0.5578217205501795
2.29  -0.24869512021102336  -0.5569409211587976
2.3000000000000003  -0.24615442732387938  -0.5557322617455407
2.31  -0.2435502664420468  -0.554199988355957
2.32  -0.24088849479791125  -0.552348430810275
2.33  -0.2381749076378069  -0.550181978431068
2.34  -0.2354152195070022  -0.5477050572423025
2.35  -0.23261504584593953  -0.5449221087262011
2.36  -0.22977988494491297  -0.541837570216033
2.37  -0.22691510030344028  -0.5384558569943314
2.38  -0.22402590343957182  -0.5347813461572162
2.39  -0.22111733719323448  -0.5308183622964526
2.4  -0.21819425956648367  -0.5265711650416961
2.41  -0.21526132814218743  -0.5220439384960205
2.42  -0.2123229851212424  -0.5172407825884497
2.43  -0.20938344301688094  -0.5121657063577135
2.44  -0.20644667104301406  -0.5068226231719906
2.45  -0.20351638223184132  -0.501215347879937
2.46  -0.20059602131417065  -0.49534759587890526
2.47  -0.19768875339401537  -0.4892229840769612
2.48  -0.194797453447091  -0.4828450337161454
2.49  -0.19192469667081818  -0.4762171750154313
2.5  -0.18907274971135563  -0.46934275358305705
2.5100000000000002  -0.18624356279103876  -0.46222503853934555
2.52  -0.18343876275740945  -0.4548672322828846
2.5300000000000002  -0.1806596470727614  -0.44727248182494905
2.54  -0.1779071787608385  -0.43944389160944614
2.5500000000000003  -0.1751819823249827  -0.4313845377284011
2.56  -0.17248434064965698  -0.42309748343614195
2.57  -0.16981419289487173  -0.4145857958589088
2.58  -0.16717113339061448  -0.405852563790645
2.59  -0.16455441153594433  -0.39690091646019254
2.6  -0.1619629327049531  -0.38773404315012394
2.61  -0.159395260159339  -0.378355213542935
2.62  -0.15684961796486904  -0.3687677986663511
2.63  -0.15432389490655438  -0.3589752923061117
2.64  -0.15181564939490894  -0.3489813327517023
2.65  -0.14932211535323384  -0.33878972473828584
2.66  -0.14684020907345632  -0.32840446144633584
2.67  -0.14436653702567104  -0.3178297464194225
2.68  -0.14189740460417744  -0.3070700152600792
2.69  -0.1394288257904983  -0.2961299569637827
2.7  -0.13695653371159264  -0.28501453475178684
2.71  -0.1344759920692572  -0.2737290062648458
2.72  -0.13198240741454287  -0.26227894298175636
2.73  -0.12947074223891006  -0.2506702487291586
2.74  -0.12693572885179677  -0.23890917715205734
2.75  -0.12437188401230509  -0.22700234801821323
2.7600000000000002  -0.12177352428080668  -0.21495676223371277
2.77  -0.11913478205444936  -0.20277981545177426
2.7800000000000002  -0.11644962224879907  -0.19047931016211406
2.79  -0.11371185958620238  -0.17806346615395746
2.8000000000000003  -0.11091517644988888  -0.1655409292520254
2.81  -0.10805314126136067  -0.15292077823157246
2.82  -0.10511922733724068  -0.14021252982565433
2.83  -0.10210683218048369  -0.12742614174541594
2.84  -0.09900929715968007  -0.11457201364210483
2.85  -0.09581992752912033  -0.10166098594781509
2.86  -0.0925320127413339  -0.08870433654061163
2.87  -0.08913884700297164  -0.07571377518855461
2.88  -0.08563375002417818  -0.0627014357363563
2.89  -0.08201008791097318  -0.04967986600774431
2.9  -0.07826129414967364  -0.03666201540622066
2.91  -0.07438089063200623  -0.023661220206600206
2.92  -0.07036250866929365  -0.010691186539570047
2.93  -0.06619990994396177  0.0022340289185938667
2.94  -0.06188700734659049  0.015100040529041167
2.95  -0.05741788564683139  0.027892157514064708
2.96  -0.05278682194673436  0.040595409979539726
2.97  -0.04798830586536124  0.05319457708431276
2.98  -0.04301705940402707  0.0656742172950101
2.99  -0.037868056442082805  0.07801870065519843
3.0  -0.03253654181385086  0.09021224298843188
3.0100000000000002  -0.027018049918124502  0.102238941945592
3.02  -0.021308422812583112  0.11408281479802053
3.0300000000000002  -0.015403827746486826  0.12572783786938063
3.04  -0.009300774086186764  0.13715798749090102
3.0500000000000003  -0.002996129589210285  0.14835728235680984
3.06  0.0035128640159287905  0.15930982714922642
3.0700000000000003  0.010228576185626788  0.16999985729477082
3.08  0.01715297349262259  0.18041178470850677
3.09  0.024287606371181138  0.19053024437475385
3.1  0.03163359671247531  0.2003401416086727
3.11  0.039191626344791716  0.20982669983748167
3.12  0.046961926431273074  0.2189755087356499
3.13  0.054944267815899325  0.22777257254447647
3.14  0.06313795234636627  0.23620435840315201
3.15  0.0715418052003548  0.24425784451566174
3.16  0.080154168239501  0.251920567975825
3.17  0.08897289441308448  0.25918067207130635
3.18  0.0979953432311665  0.26602695288663464
3.19  0.10721837732450187  0.27244890502514324
3.2  0.11663836010615929  0.2784367662702546
3.21  0.12625115454730326  0.2839815610077263
3.22  0.13605212307712922  0.28907514223234354
3.23  0.14603612861439288  0.29371023196504087
3.24  0.1561975367354605  0.2978804599096437
3.25  0.16653021898121817  0.30158040018222393
3.2600000000000002  0.17702755730264144  0.30480560595056294
3.27  0.18768244964221403  0.3075526418263109
3.2800000000000002  0.19848731664583966  0.30981911385816313
3.29  0.2094341094972902  0.31160369698069507
3.3000000000000003  0.22051431886470463  0.31290615978041836
3.31  0.231718984946084  0.31372738644808507
3.3200000000000003  0.24303870859823345  0.3140693957942985
3.33  0.25446366353108874  0.31393535721399213
3.34  0.26598360954693506  0.3133296034943906
3.35  0.2775879068015928  0.3122576403705246
3.36  0.2892655310622801  0.31072615274228954
3.37  0.30100508993455716  0.30874300747735584
3.38  0.31279484002846897  0.306317252734897
3.39  0.32462270503183976  0.3034591137561201
3.4  0.3364762946564953  0.3001799850788884
3.41  0.34834292442117454  0.2964924191452522
3.42  0.36020963623285923  0.2924101112825208
3.43  0.37206321972638856  0.2879478810504186
3.44  0.38389023432036357  0.283121649958988
3.45  0.3956770319456574  0.27794841557407945
3.46  0.4074097804011673  0.27244622203950214
3.47  0.41907448728994146  0.2666341270571883
3.48  0.4306570244873446  0.26053216537892676
3.49  0.44214315309161  0.2541613088753928
3.5  0.45351854880587766  0.2475434232602512
3.5100000000000002  0.464768827699726  0.24070122155897605
3.52  0.47587957229716  0.23365821442374335
3.5300000000000002  0.4868363579371704  0.22643865740719887
3.54  0.4976247793521628  0.21906749531906872
3.5500000000000003  0.5082304774089365  0.21157030380045289
3.56  0.5186391659563249  0.20397322826112174
3.5700000000000003  0.5288366587232284  0.1963029203352416
3.58  0.5388088962104512  0.1885864720206381
3.59  0.5485419725196161  0.18085134767587738
3.6  0.5580221620623613  0.17312531405817178
3.61  0.5672359460931323  0.16543636859326052
3.62  0.5761700390090768  0.1578126660760159
3.63  0.5848114143608765  0.15028244400754243
3.64  0.59314733051883  0.14287394678088602
3.65  0.6011653559390459  0.13561534893324337
3.66  0.6088533939753425  0.1285346776875811
3.67  0.616199707183238  0.12165973501098422
3.68  0.6231929410633823  0.1150180194206895
3.69  0.629822147192819  0.10863664777170115
3.7  0.6360768056936541  0.10254227726208896
3.71  0.6419468469899691  0.09676102789350088
3.72  0.6474226728052379  0.0913184056251014
3.73  0.6524951763539787  0.08623922645908189
3.74  0.6571557616829954  0.0815475416950009
3.75  0.66139636211925  0.07726656458860456
3.7600000000000002  0.6652094577832213  0.07341859864836295
3.77  0.6685880921284806  0.07002496779979288
3.7800000000000002  0.6715258874702101  0.06710594864369329
3.79  0.6740170594674394  0.06468070502974788
3.8000000000000003  0.6760564305259297  0.06276722516150657
3.81  0.6776394420908446  0.0613822614426069
3.8200000000000003  0.6787621658006434  0.06054127326723048
3.83  0.6794213134759755  0.06025837295022571
3.84  0.6796142459197811  0.06054627498408936
3.85  0.6793389805072569  0.061416248801138607
3.86  0.678594197546878  0.06287807520967624
3.87  0.6773792453962189  0.06494000666288025
3.88  0.675694144318918  0.06760873150846942
3.89  0.6735395890717709  0.07088934235601985
3.9  0.6709169502135834  0.07478530868709508
3.91  0.6678282741301136  0.07929845382122698
3.92  0.664276281772113  0.08442893633817271
3.93  0.6602643661061918  0.09017523604393583
3.94  0.6557965882809423  0.09653414455471175
3.95  0.650877672513456  0.10350076055929192
3.96  0.6455129997040753  0.11106848980661319
3.97  0.639708599789899  0.11922904985099675
3.98  0.6334711428502326  0.1279724795733872
3.99  0.626807928979801  0.13728715348248036
4.0  0.6197268769481628  0.1471598007851374
4.01  0.6122365116663187  0.15757552920099188
4.0200000000000005  0.6043459504840457  0.16851785348160347
4.03  0.5960648883439617  0.17996872858007973
4.04  0.5874035818207355  0.19190858740275057
4.05  0.5783728320762492  0.2043163830602219
4.0600000000000005  0.568983966763788  0.21716963552117946
4.07  0.5592488209165887  0.23044448255851685
4.08  0.5491797168582058  0.24411573486388977
4.09  0.5387894431742595  0.25815693519362015
4.1  0.5280912327870984  0.27254042139612233
4.11  0.5170987401768227  0.28723739315864183
4.12  0.5058260177939303  0.3022179822991634
4.13  0.4942874917105395  0.31745132641796514
4.14  0.48249793655879725  0.33290564571237485
4.15  0.4704724498065521  0.3485483227479739
4.16  0.4582264254218005  0.3643459849697785
4.17  0.44577552697868944  0.3802645897278734
4.18  0.4331356602590682  0.3962695115834888
4.19  0.4203229454046133  0.4123256316538707
4.2  0.40735368867552707  0.4283974287472252
4.21  0.3942443538726055  0.44444907203283074
4.22  0.3810115334802231  0.4604445149858406
4.23  0.3676719195883167  0.47634759034165863
4.24  0.3542422746519406  0.49212210579084664
4.25  0.3407394021472739  0.5077319401424372
4.26  0.3271801171831958  0.5231411396812414
4.2700000000000005  0.3135812171275964  0.5383140144433849
4.28  0.29995945230755483  0.5532152341336432
4.29  0.2863314968423351  0.5678099234084956
4.3  0.27271391966786995  0.5820637562498732
4.3100000000000005  0.2591231558109441  0.595943049156569
4.32  0.24557547797076432  0.6094148528830656
4.33  0.23208696846490293  0.6224470424591909
4.34  0.21867349159584012  0.6350084052284473
4.3500000000000005  0.20535066649336997  0.6470687266481356
4.36  0.19213384048713716  0.6585988736004703
4.37  0.17903806306238404  0.6695708749707315
4.38  0.16607806045076304  0.6799579992560536
4.39  0.15326821090665638  0.6897348289768409
4.4  0.14062252071797687  0.6988773316718135
4.41  0.12815460099885007  0.7073629272673987
4.42  0.11587764530984773  0.715170551622591
4.43  0.1038044081497161  0.7222807160613695
4.44  0.09194718436060273  0.7286755627163496
4.45  0.08031778948686878  0.7343389155194853
4.46  0.06892754112547461  0.7392563266882703
4.47  0.05778724130384168  0.7434151185690021
4.48  0.0469071599188407  0.7468044207122254
4.49  0.03629701926831576  0.7494152020694043
4.5  0.02596597970416737  0.7512402982141642
4.51  0.015922626433665182  0.7522744335060205
4.5200000000000005  0.006174957493148357  0.7525142381293572
4.53  -0.0032696270841960674  0.7519582599554833
4.54  -0.012404334887376023  0.7506069711907878
4.55  -0.021222989516911497  0.7484627697893694
4.5600000000000005  -0.029720037730543433  0.7455299756238952
4.57  -0.03789055533406981  0.7418148214238802
4.58  -0.04573025180874986  0.737325438505946
4.59  -0.05323547366937291  0.7320718373359534
4.6000000000000005  -0.060403206549817914  0.7260658829780694
4.61  -0.06723107601560634  0.7193212655008588
4.62  -0.07371734710567485  0.7118534654252727
4.63  -0.07986092260825878  0.7036797143139462
4.64  -0.08566134007847877  0.6948189506154332
4.65  -0.0911187676078653  0.6852917708908633
4.66  -0.09623399835869234  0.675120376563982
4.67  -0.10100844387859252  0.6643285163485445
4.68  -0.10544412621348295  0.6529414245195978
4.69  -0.10954366883935646  0.6409857552071968
4.7  -0.11331028643596122  0.6284895129025672
4.71  -0.11674777352780921  0.615481979377612
4.72  -0.11986049202031332  0.6019936372289144
4.73  -0.12265335766114543  0.5880560902669636
4.74  -0.12513182545913595  0.5737019809802731
4.75  -0.12730187409518345  0.558964905312215
4.76  -0.1291699893617168  0.543879324995897
4.7700000000000005  -0.13074314666924255  0.5284804776990739
4.78  -0.1320287926604114  0.5128042852370387
4.79  -0.1330348259738462  0.49688726011650547
4.8  -0.1337695772016961  0.4807664106778915
4.8100000000000005  -0.1342417880864888  0.4644791451068186
4.82  -0.13446059000437138  0.4480631745883575
4.83  -0.1344354817832405  0.4315564158793146
4.84  -0.13417630690555363  0.41499689357489045
4.8500000000000005  -0.13369323014681334  0.39842264234611474
4.86  -0.13299671370177432  0.38187160942376713
4.87  -0.1320974928513991  0.3653815576029383
4.88  -0.13100655122441046  0.3489899690400222
4.89  -0.12973509570802183  0.3327339501106596
4.9  -0.12829453106301442  0.31665013759321
4.91  -0.1266964342988157  0.3007746064374546
4.92  -0.12495252886457793  0.2851427793726595
4.93  -0.12307465871248773  0.26978933860278015
4.94  -0.12107476228964262  0.25474813982948785
4.95  -0.11896484651480876  0.2400521288359107
4.96  -0.11675696079622691  0.2257332608554504
4.97  -0.11446317114637232  0.2118224229409639
4.98  -0.11209553444917275  0.19834935953976146
4.99  -0.10966607293469097  0.18534260146953815
5.0  -0.1071867489156199  0.17282939847942574
5.01  -0.10466943983921725  0.16083565556892737
5.0200000000000005  -0.1021259137074062  0.14938587322553543
5.03  -0.0995678049168062  0.13850309172948716
5.04  -0.09700659056934086  0.1282088396613193
5.05  -0.09445356730288196  0.11852308673477839
5.0600000000000005  -0.09191982869005463  0.10946420106412251
5.07  -0.0894162432519209  0.10104891096120411
5.08  -0.08695343313172926  0.09329227134368485
5.09  -0.08454175347231249  0.0862076348216355
5.1000000000000005  -0.08219127253899036  0.07980662751548309
5.11  -0.07991175262804104  0.0740991296438733
5.12  -0.07771263179891386  0.06909326090560321
5.13  -0.07560300646639413  0.06479537066536772
5.14  -0.07359161488688193  0.061210032938667086
5.15  -0.07168682157082287  0.058340046156944936
5.16  -0.06989660265116668  0.05618643767987831
5.17  -0.06822853223545616  0.054748473007770235
5.18  -0.06668976976687244  0.054023669633266144
5.19  -0.06528704841718538  0.054007815458117295
5.2  -0.06402666453217906  0.054694991687578125
5.21  -0.06291446814765814  0.056077600102207525
5.22  -0.06195585459168686  0.05814639459440184
5.23  -0.06115575718618494  0.060890516845040744
5.24  -0.060518641058492445  0.06429753600405402
5.25  -0.06004849807094899  0.06835349222773737
5.26  -0.05974884287399101  0.07304294391511529
5.2700000000000005  -0.05962271008568116  0.07834901847576017
5.28  -0.059672652598036155  0.08425346645211523
5.29  -0.05990074100793678  0.09073671881067714
5.3  -0.06030856416786653  0.09777794720832649
5.3100000000000005  -0.060897230849171924  0.10535512703268674
5.32  -0.06166737250804183  0.11344510300870497
5.33  -0.06261914714189531  0.12202365715763776
5.34  -0.06375224422143472  0.1310655788893415
5.3500000000000005  -0.06506589068118565  0.14054473700424483
5.36  -0.06655885794899677  0.1504341533775638
5.37  -0.06822946999262679  0.16070607809530602
5.38  -0.07007561235931042  0.1713320658092952
5.39  -0.07209474218195706  0.18228305307697387
5.4  -0.07428389912351636  0.19352943645093584
5.41  -0.07663971722897663  0.2050411510831936
5.42  -0.07915843765243538  0.2167877496099282
5.43  -0.08183592222480567  0.22873848108396239
5.44  -0.08466766782584838  0.2408623697244876
5.45  -0.0876488215224909  0.2531282932565135
5.46  -0.09077419643373918  0.26550506061624096
5.47  -0.09403828828090893  0.2779614888028827
5.48  -0.09743529258045126  0.29046647866260233
5.49  -0.10095912243528748  0.30298908939586233
5.5  -0.10460342687928353  0.3154986115859164
5.51  -0.10836160972838116  0.3279646385530418
5.5200000000000005  -0.11222684889081724  0.34035713584672567
5.53  -0.11619211608796029  0.3526465086960249
5.54  -0.12025019693647195  0.36480366724697766
5.55  -0.12439371134177983  0.37680008942499527
5.5600000000000005  -0.1286151341522842  0.38860788126970186
5.57  -0.13290681602324614  0.4001998345996509
5.58  -0.13726100443894929  0.41154948187469287
5.59  -0.14166986484151142  0.4226311481343885
5.6000000000000005  -0.14612550181460016  0.4334199999019007
5.61  -0.15061998027032847  0.4438920909539814
5.62  -0.1551453465877395  0.4540244048691891
5.63  -0.15969364965152613  0.4637948942780328
5.64  -0.16425696174001833  0.4731825167505992
5.65  -0.1688273992119553  0.4821672672690652
5.66  -0.17339714294215014  0.49073020724441585
5.67  -0.17795845845690578  0.4988534900486816
5.68  -0.18250371572083648  0.5065203830459122
5.69  -0.18702540852772778  0.5137152861169545
5.7  -0.19151617344910035  0.5204237466848654
5.71  -0.19596880829532196  0.5266324712594108
5.72  -0.2003762900453525  0.5323293335304616
5.73  -0.2047317922026068  0.5375033790513448
5.74  -0.20902870153584463  0.5421448265640886
5.75  -0.21326063416559285  0.5462450660291579
5.76  -0.21742145095822177  0.5497966534325248
5.7700000000000005  -0.22150527219155464  0.5527933024528695
5.78  -0.22550649145769233  0.555229873081213
5.79  -0.22941978877064423  0.5571023572943576
5.8  -0.23324014284831265  0.5584078618921401
5.8100000000000005  -0.2369628425404278  0.559144588616648
5.82  -0.2405834973761285  0.5593118116791382
5.83  -0.24409804720705364  0.5589098528275072
5.84  -0.24750277092401593  0.557940054093671
5.8500000000000005  -0.2507942942276122  0.5564047483661594
5.86  -0.25396959643542183  0.5543072279385772
5.87  -0.25702601631080924  0.5516517111893209
5.88  -0.2599612569007178  0.5484433075520673
5.89  -0.2627733893722641  0.5446879809400182
5.9  -0.26546085584037055  0.5403925117897245
5.91  -0.26802247118112793  0.5355644578925393
5.92  -0.27045742382804094  0.5302121141832491
5.93  -0.2727652755507736  0.5243444716563572
5.94  -0.2749459602184852  0.5179711755807447
5.95  -0.276999781552298  0.5111024831829946
5.96  -0.27892740987390097  0.5037492209686727
5.97  -0.28072987785970516  0.4959227418491584
5.98  -0.2824085753123965  0.48763488223933915
5.99  -0.28396524296409315  0.4788979192885876
6.0  -0.2854019653276684  0.4697245284039356
6.01  -0.28672116261510683  0.4601277412203241
6.0200000000000005  -0.2879255817440141  0.4501209041681609
6.03  -0.2890182864556168  0.43971763778329076
6.04  -0.2900026465697506  0.42893179689878186
6.05  -0.2908823264044064  0.4177774318518358
6.0600000000000005  -0.2916612723894631  0.4062687508324665
6.07  -0.29234369990617526  0.3944200834935884
6.08  -0.29293407938587057  0.3822458459346838
6.09  -0.29343712170313263  0.36976050716343895
6.1000000000000005  -0.2938577629004449  0.3569785571315581
6.11  -0.29420114828293253  0.3439144764325206
6.12  -0.29447261592336965  0.33058270774031245
6.13  -0.2946776796190657  0.3169976290592191
6.140000000000001  -0.2948220113436195  0.30317352884558135
6.15  -0.2949114232377624  0.28912458305311434
6.16  -0.29495184918466194  0.27486483414391477
6.17  -0.29494932601612067  0.2604081720977798
6.18  -0.29490997439700295  0.24576831744284244
6.19  -0.29483997943608153  0.23095880632095178
6.2  -0.2947455710721789  0.21599297759164404
6.21  -0.29463300428507894  0.20088396196902686
6.22  -0.2945085391811731  0.1856446731765316
6.23  -0.29437842100415357  0.1702878010951687
6.24  -0.29424886012130697  0.15482580687185044
6.25  -0.2941260120361055  0.13927091994543933
6.26  -0.2940159574777661  0.123635136939557
6.2700000000000005  -0.29392468261836463  0.1079302223627718
6.28  -0.29385805946783716  0.09216771104878403
6.29  -0.293821826496852  0.07635891226143077
6.3  -0.293821569537075  0.06051491538204627
6.3100000000000005  -0.29386270300775746  0.04464659708971465
6.32  -0.29395045151685956  0.028764629938446445
6.33  -0.29408983188414367  0.012879492229197168
6.34  -0.29428563563269183  -0.002998520930919145
6.3500000000000005  -0.2945424119943104  -0.018859285495021118
6.36  -0.29486445147310775  -0.03469283538581937
6.37  -0.2952557700102881  -0.05048934856943613
6.38  -0.29572009379185465  -0.06623913241861248
6.390000000000001  -0.2962608447394602  -0.08193260849326642
6.4  -0.29688112672307765  -0.09756029686872433
6.41  -0.29758371253255717  -0.11311280014375434
6.42  -0.2983710316433567  -0.12858078726175076
6.43  -0.29924515880996144  -0.1439549772790694
6.44  -0.3002078035185822  -0.1592261232145145
6.45  -0.30126030032876244  -0.1743849961134432
6.46  -0.3024036001314631  -0.1894223694587974
6.47  -0.3036382623491116  -0.20432900405962728
6.48  -0.3049644481008809  -0.2190956335453371
6.49  -0.3063819143542759  -0.2337129505910202
6.5  -0.30789000908178454  -0.24817159399579203
6.51  -0.30948766743903544  -0.2624621367319863
6.5200000000000005  -0.3111734089785206  -0.27657507507860685
6.53  -0.312945335910536  -0.2905008189473354
6.54  -0.3148011324205303  -0.3042296835038903
6.55  -0.31673806504961727  -0.3177518821814666
6.5600000000000005  -0.3187529841424717  -0.3310575211765723
6.57  -0.3208423263643733  -0.3441365955106554
6.58  -0.32300211828660863  -0.35697898673363754
6.59  -0.3252279810369513  -0.3695744623377927
6.6000000000000005  -0.32751513600941995  -0.3819126769424438
6.61  -0.32985841162501167  -0.39398317530159427
6.62  -0.33225225113260676  -0.4057753971780717
6.63  -0.33469072143679957  -0.4172786841188907
6.640000000000001  -0.3371675229369265  -0.4284822881575205
6.65  -0.3396760003591921  -0.4393753824595238
6.66  -0.3422091545613828  -0.4499470739186972
6.67  -0.3447596552873466  -0.4601864177013524
6.68  -0.3473198548461237  -0.4700824337268973
6.69  -0.3498818026883842  -0.47962412506331853
6.7  -0.35243726085064053  -0.4888004982066245
6.71  -0.3549777202356237  -0.4976005852038452
6.72  -0.35749441769512413  -0.5060134675697605
6.73  -0.3599783538796722  -0.5140283019382897
6.74  -0.3624203118175102  -0.5216343473803253
6.75  -0.3648108761835068  -0.5288209943109227
6.76  -0.36714045321694533  -0.5355777949000359
6.7700000000000005  -0.3693992912454774  -0.5418944948926226
6.78  -0.3715775017709772  -0.5477610667357934
6.79  -0.3736650810716366  -0.5531677439029585
6.8  -0.37565193227322174  -0.5581050562974846
6.8100000000000005  -0.3775278878412589  -0.5625638666114061
6.82  -0.3792827324447172  -0.5665354075081661
6.83  -0.38090622614076725  -0.5700113194922309
6.84  -0.38238812782929527  -0.5729836893228439
6.8500000000000005  -0.3837182189250134  -0.5754450888240255
6.86  -0.3848863271943862  -0.5773886139383763
6.87  -0.38588235070398397  -0.5788079238682261
6.88  -0.38669628182646176  -0.579697280144181
6.890000000000001  -0.38731823125002807  -0.5800515854583159
6.9  -0.38773845193708484  -0.5798664220969594
6.91  -0.38794736297761834  -0.5791380898064257
6.92  -0.3879355732829965  -0.5778636429240225
6.93  -0.387693905065972  -0.5760409266062998
6.94  -0.3872134170530051  -0.5736686119868124
6.95  -0.38648542737540825  -0.5707462300965664
6.96  -0.3855015360863646  -0.5672742043819194
6.97  -0.38425364725153843  -0.5632538816569356
6.98  -0.3827339905617316  -0.5586875613300719
6.99  -0.3809351424169778  -0.5535785227485697
7.0  -0.3788500464324306  -0.5479310505081149
7.01  -0.3764720333175521  -0.5417504575800707
7.0200000000000005  -0.37379484008131886  -0.5350431061139675
7.03  -0.37081262851752034  -0.5278164257789424
7.04  -0.3675200029256394  -0.5200789295143378
7.05  -0.36391202702439085  -0.511840226566814
7.0600000000000005  -0.3599842400166049  -0.5031110326989454
7.07  -0.35573267176590806  -0.4939031774624837
7.08  -0.35115385704747576  -0.4842296084380623
7.09  -0.34624484883704465  -0.4741043923522812
7.1000000000000005  -0.3410032306044125  -0.4635427129926254
7.11  -0.33542712757969184  -0.45256086585064254
7.12  -0.3295152169627663  -0.44117624943406064
7.13  -0.32326673704864767  -0.4294073531992744
7.140000000000001  -0.316681495243671  -0.41727374206646894
7.15  -0.3097598749498929  -0.4047960374909482
7.16  -0.3025028412973928  -0.39199589507559796
7.17  -0.29491194570669343  -0.37889597872110475
7.18  -0.2869893292659981  -0.3655199313222805
7.19  -0.27873772491048193  -0.3518923420307016
7.2  -0.2701604583934506  -0.33803871011588466
7.21  -0.2612614480417996  -0.3239854054690971
7.22  -0.25204520329080393  -0.3097596258059218
7.23  -0.24251682199594282  -0.29538935063555166
7.24  -0.23268198652208957  -0.28090329207658926
7.25  -0.22254695861303986  -0.26633084261074963
7.26  -0.21211857304707277  -0.2517020198773794
7.2700000000000005  -0.20140423008678718  -0.2370474086228885
7.28  -0.19041188673417686  -0.22239809993019868
7.29  -0.17915004680446497  -0.2077856278639415
7.3  -0.1676277498348289  -0.1932419036775191
7.3100000000000005  -0.15585455884671545  -0.17879914773802458
7.32  -0.1438405469829465  -0.16448981933456355
7.33  -0.1315962830432805  -0.1503465445445749
7.34  -0.11913281594460415  -0.13640204234135794
7.3500000000000005  -0.10646165813419071  -0.12268904913399523
7.36  -0.09359476798689371  -0.10924024193845662
7.37  -0.08054453121931537  -0.09608816038548576
7.38  -0.06732374135623682  -0.08326512777728055
7.390000000000001  -0.053945579286681714  -0.07080317141055674
7.4  -0.04042359194903566  -0.05873394238867433
7.41  -0.02677167018656364  -0.04708863514978282
7.42  -0.01300402581660853  -0.03589790694159836
7.43  0.0008648320415567193  -0.025191797476347255
7.44  0.014820121333518697  -0.014999649001562997
7.45  0.02884681208286034  -0.00535002702389158
7.46  0.042929652000947546  0.0037293580762831104
7.47  0.05705319264216971  0.012211728301634658
7.48  0.07120181605230799  0.020071313929220052
7.49  0.08535976185646099  0.02728342780103954
7.5  0.09951115473196141  0.03382453778093904
7.51  0.11364003221079291  0.0396723371480841
7.5200000000000005  0.12773037275521085  0.044805812701163565
7.53  0.141766124049573  0.0492053103521342
7.54  0.15573123145089945  0.05285259799371928
7.55  0.1696096665401369  0.05573092543099897
7.5600000000000005  0.18338545571589898  0.057825081174282436
7.57  0.19704270877220825  0.0591214458979854
7.58  0.2105656474017352  0.05960804237844615
7.59  0.2239386335660981  0.05927458173248342
7.6000000000000005  0.23714619767496678  0.058112505787982896
7.61  0.25017306651605015  0.05611502542789415
7.62  0.26300419087852606  0.053277154759683004
7.63  0.2756247728129467  0.049595740973476105
7.640000000000001  0.2880202924714856  0.04506948976383923
7.65  0.30017653447307163  0.03969898620233599
7.66  0.3120796137390135  0.03348671096055454
7.67  0.32371600074567064  0.02643705179639516
7.68  0.3350725461419808  0.01855631022966757
7.69  0.3461365046808694  0.009852703346819647
7.7  0.35689555841502474  0.00033636068849277057
7.71  0.3673378391089754  -0.009980683812174887
7.72  0.37745194982103186  -0.021084504858224898
7.73  0.38722698561037344  -0.03295930378777344
7.74  0.3966525533263371  -0.04558743153172011
7.75  0.4057187904389066  -0.05894941650428656
7.76  0.41441638287132954  -0.07302399738567791
7.7700000000000005  0.42273658179791695  -0.08778816074161772
7.78  0.4306712193721985  -0.10321718340991495
7.79  0.4382127233528474  -0.11928467956997474
7.8  0.4453541305970831  -0.13596265239678756
7.8100000000000005  0.452089099393625  -0.15322155018716072
7.82  0.45841192060969094  -0.1710303268320905
7.83  0.4643175276290366  -0.18935650649597943
7.84  0.46980150506052015  -0.2081662523501941
7.8500000000000005  0.47486009619929415  -0.22742443919604993
7.86  0.4794902092253135  -0.24709472980000347
7.87  0.4836894221265033  -0.26713965475226215
7.88  0.4874559863366086  -0.28752069564877464
7.890000000000001  0.49078882908042903  -0.30819837138609096
7.9  0.4936875544218665  -0.329132327348478
7.91  0.4961524430129365  -0.35028142725741906
7.92  0.49818445054459415  -0.3716038474448076
7.930000000000001  0.4997852049029827  -0.39305717330326484
7.94  0.5009570020373946  -0.4145984976596122
7.95  0.5017028005489558  -0.43618452081103143
7.96  0.5020262150117195  -0.4577716519576551
7.97  0.5019315080404984  -0.47931611176028804
7.98  0.5014235811224004  -0.5007740357478417
7.99  0.5005079642316212  -0.5221015782955953
8.0  0.49919080424956247  -0.5432550168929251
8.01  0.49747885221488225  -0.5641908564173447
8.02  0.49537944943047824  -0.5848659331309504
8.03  0.49290051245681216  -0.6052375181152652
8.040000000000001  0.4900505170233098  -0.6252634198613342
8.05  0.486838480891775  -0.6449020857336732
8.06  0.48327394570797977  -0.6641127020291889
8.07  0.4793669578796497  -0.6828552923555248
8.08  0.4751280485210916  -0.701090814057623
8.09  0.47056821250662895  -0.7187812524262632
8.1  0.46569888667683107  -0.7358897124281868
8.11  0.4605319272432763  -0.7523805077041373
8.120000000000001  0.45507958643920116  -0.7682192465884897
8.13  0.4493544884649402  -0.7833729149123168
8.14  0.44336960477845333  -0.7978099553607239
8.15  0.4371382287826044  -0.8115003431647363
8.16  0.4306739499619934  -0.8244156579183894
8.17  0.4239906275232859  -0.8365291513225432
8.18  0.41710236359392683  -0.8478158106684236
8.19  0.41002347603496453  -0.8582524178860005
8.2  0.4027684709244914  -0.8678176039949024
8.21  0.3953520147687337  -0.8764918988086632
8.22  0.38778890649839975  -0.8842577757566662
8.23  0.3800940493081622  -0.8910996917021279
8.24  0.37228242239744963  -0.8970041216487427
8.25  0.364369052670812  -0.9019595882433529
8.26  0.3563689864560666  -0.905956685996878
8.27  0.34829726129835187  -0.9089881001609436
8.28  0.34016887788788336  -0.9110486202130059
8.290000000000001  0.33199877217885226  -0.9121351479182435
8.3  0.32380178775636764  -0.9122466999521024
8.31  0.3155926485076926  -0.9113844050829842
8.32  0.30738593165329403  -0.909551495930202
8.33  0.2991960411923068  -0.9067532953278825
8.34  0.29103718181603055  -0.9029971973409756
8.35  0.28292333334195585  -0.8982926429948098
8.36  0.27486822571960834  -0.8926510907947879
8.370000000000001  0.2668853146581172  -0.8860859821276359
8.38  0.2589877579240364  -0.8786127016502474
8.39  0.2511883923563265  -0.8702485327863381
8.4  0.24349971164382045  -0.8610126084650539
8.41  0.23593384490873012  -0.8509258572490704
8.42  0.22850253613789315  -0.840010945012689
8.43  0.2212171245015818  -0.8282922123429274
8.44  0.21408852559765665  -0.8157956078485248
8.45  0.20712721365677406  -0.8025486175731033
8.46  0.20034320474219197  -0.7885801907194812
8.47  0.1937460409755125  -0.7739206619022636
8.48  0.1873447758173503  -0.7586016701551308
8.49  0.18114796042964584  -0.7426560749281104
8.5  0.17516363114385677  -0.7261178693179924
8.51  0.1693992980568487  -0.7090220907822964
8.52  0.16386193477380817  -0.6914047295936692
8.53  0.15855796931493782  -0.6733026352972713
8.540000000000001  0.15349327620014952  -0.6547534214384968
8.55  0.1486731697233825  -0.6357953688324831
8.56  0.14410239842551  -0.6164673276499892
8.57  0.13978514077224954  -0.5968086185966498
8.58  0.1357250020407708  -0.5768589334640569
8.59  0.1319250124161081  -0.556658235331849
8.6  0.12838762629583164  -0.5362466586997173
8.61  0.12511472279878996  -0.5156644098273193
8.620000000000001  0.12210760747113383  -0.4949516675580991
8.63  0.1193670151802517  -0.4741484849003978
8.64  0.11689311418462618  -0.4532946916356685
8.65  0.11468551136516511  -0.4324297982192989
8.66  0.11274325860098247  -0.411592901234395
8.67  0.11106486027019866  -0.3908225906530327
8.68  0.10964828185391534  -0.3701568591527599
8.69  0.10849095961913809  -0.34963301372882466
8.700000000000001  0.10758981135416532  -0.32928758983450135
8.71  0.10694124812770568  -0.30915626827312903
8.72  0.10654118704082384  -0.2892737950560283
8.73  0.10638506493874288  -0.26967390443060446
8.74  0.10646785304750622  -0.25038924527214995
8.75  0.10678407249857727  -0.23145131102187175
8.76  0.10732781070261793  -0.2128903733419965
8.77  0.108092738531938  -0.19473541964664948
8.78  0.10907212826943283  -0.17701409465473167
8.790000000000001  0.11025887228030896  -0.15975264609807907
8.8  0.11164550236138594  -0.14297587470491752
8.81  0.11322420972146421  -0.12670708856504037
8.82  0.11498686554496981  -0.11096806196942978
8.83  0.11692504208995508  -0.09577899880286196
8.84  0.11903003427054189  -0.08115850055396308
8.85  0.12129288167293478  -0.06712353899285746
8.86  0.12370439095339995  -0.053689433552106605
8.870000000000001  0.12625515856587735  -0.0408698334323396
8.88  0.12893559376637959  -0.028676704439500822
8.89  0.1317359418408859  -0.017120320546358217
8.9  0.13464630750310752  -0.006209260156763097
8.91  0.1376566784083514  0.004049592962983489
8.92  0.1407569487295999  0.013651044135079116
8.93  0.1439369427420092  0.022591577666502147
8.94  0.14718643836218007  0.030869342266998973
8.950000000000001  0.15049519058888297  0.03848413207808098
8.96  0.15385295479228825  0.045437363414941735
8.97  0.15724950979935018  0.05173204733546268
8.98  0.160674680723597  0.057372758162138306
8.99  0.16411836148836373  0.0623655980940983
9.0  0.16757053699341648  0.06671815805710973
9.01  0.1710213048758637  0.07043947494967866
9.02  0.17446089681740917  0.0735399854529748
9.03  0.17787969935117015  0.07603147658133327
9.040000000000001  0.18126827412263394  0.07792703315847749
9.05  0.18461737756072866  0.07924098241232949
9.06  0.18791797991650203  0.07998883588834464
9.07  0.1911612836285199  0.08018722888763259
9.08  0.19433874097578246  0.07985385764180844
9.09  0.19744207098076322  0.07900741444139836
9.1  0.2004632755270241  0.07766752093882122
9.11  0.20339465465782003  0.07585465985037396
9.120000000000001  0.20622882102412204  0.07359010528432994
9.13  0.20895871345257327  0.07089585192418225
9.14  0.21157760960605348  0.067794543297162
9.15  0.2140791377117207  0.06430939935860999
9.16  0.21645728733368738  0.06046414362237492
9.17  0.21870641916977102  0.05628293006628438
9.18  0.22082127385414654  0.05179027003988864
9.19  0.22279697975009105  0.04701095939909197
9.200000000000001  0.22462905971945052  0.04197000608893416
9.21  0.22631343685791638  0.03669255839179407
9.22  0.2278464391876503  0.031203834053615973
9.23  0.22922480330129938  0.02552905049533044
9.24  0.23044567695393475  0.019693356310686402
9.25  0.23150662060194235  0.013721764245105947
9.26  0.23240560789040166  0.007639085842893051
9.27  0.23314102509295706  0.0014698679424261646
9.28  0.23371166951069158  -0.004761668809359035
9.290000000000001  0.23411674683894568  -0.011031689260715391
9.3  0.23435586751345758  -0.01731680072382019
9.31  0.23442904204961992  -0.023594107464945932
9.32  0.23433667539098849  -0.029841262582668268
9.33  0.23407956028551707  -0.036036517151059114
9.34  0.23365886971028005  -0.042158766515698914
9.35  0.23307614836762253  -0.048187593641303685
9.36  0.2323333032779176  -0.054103309421062055
9.370000000000001  0.23143259349614723  -0.05988698986932308
9.38  0.23037661898160816  -0.06552051013084373
9.39  0.22916830865198692  -0.07098657525160064
9.4  0.22781090765495352  -0.07626874766800573
9.41  0.2263079638922304  -0.08135147138323864
9.42  0.22466331383282181  -0.08622009281121021
9.43  0.22288106765371796  -0.09086087828057055
9.44  0.2209655937479531  -0.09526102820281283
9.450000000000001  0.21892150264134153  -0.0994086879201103
9.46  0.21675363036055428  -0.1032929552599964
9.47  0.2144670212964665  -0.1069038848351356
9.48  0.21206691060785912  -0.11023248913737281
9.49  0.20955870621156153  -0.1132707364859854
9.5  0.20694797040610924  -0.1160115459003341
9.51  0.20424040117672948  -0.11844877897709644
9.52  0.20144181323026647  -0.12057722886191496
9.53  0.1985581188091566  -0.12239260641441413
9.540000000000001  0.1955953083341038  -0.12389152367426119
9.55  0.19255943092542027  -0.12507147474423153
9.56  0.1894565748532481  -0.12593081421394214
9.57  0.18629284796700862  -0.1264687332551112
9.58  0.18307435815440082  -0.12668523352591404
9.59  0.17980719388016145  -0.12658109902800965
9.6  0.17649740485456772  -0.12615786606538062
9.61  0.17315098288130515  -0.12541779145896695
9.620000000000001  0.169773842933829  -0.12436381917532999
9.63  0.16637180450878936  -0.1229995455312776
9.64  0.16295057330436624  -0.12132918313931418
9.65  0.1595157232705385  -0.11935752376113229
9.66  0.15607267907741643  -0.1170899002381041
9.67  0.15262669904666232  -0.11453214766872008
9.68  0.14918285858996863  -0.11169056400332503
9.69  0.14574603419723609  -0.10857187022626114
9.700000000000001  0.1423208880157843  -0.10518317029459243
9.71  0.13891185306048814  -0.10153191100105922
9.72  0.1355231190931513  -0.0976258419267249
9.73  0.13215861920784688  -0.09347297564601315
9.74  0.12882201715719943  -0.08908154834341178
9.75  0.12551669545278524  -0.08445998099717841
9.76  0.12224574427096564  -0.07961684128081843
9.77  0.11901195119348947  -0.0745608063280333
9.78  0.11581779181018426  -0.06930062650122261
9.790000000000001  0.11266542120896315  -0.0638450902975148
9.8  0.10955666637622695  -0.058202990519714365
9.81  0.10649301952851017  -0.052383091832526305
9.82  0.10347563239400781  -0.046394099816983336
9.83  0.10050531146024945  -0.04024463162815303
9.84  0.09758251420191374  -0.033943188353021764
9.85  0.09470734630033767  -0.02749812915695657
9.86  0.09187955986391076  -0.020917647298332273
9.870000000000001  0.08909855265608552  -0.014209748081882065
9.88  0.08636336833530303  -0.007382228812071873
9.89  0.0836726977086546  -0.00044266079831967176
9.9  0.08102488099866206  0.00660162654563648
9.91  0.07841791112004629  0.013743559475658057
9.92  0.07584943796093893  0.02097633154159169
9.93  0.07331677366049519  0.028293413049058108
9.94  0.07081689887246266  0.035688558355371214
9.950000000000001  0.06834647000182649  0.043155811006051245
9.96  0.06590182739926816  0.05068950672799717
9.97  0.0634790044958202  0.05828427430493299
9.98  0.061073737857800854  0.06593503437008844
9.99  0.058681478139797225  0.07363699616024091
10.0  0.05629740191130485  0.08138565228413636
