0.0  0.37010681460363876  0.3623921885928992
0.01  0.3544614808309459  0.3533998135942791
0.02  0.3385019030957152  0.34372187029582035
0.03  0.3222404549005211  0.3333778441196721
0.04  0.30569002389201  0.32238833424605345
0.05  0.28886399505778737  0.31077498161061484
0.06  0.2717762328765288  0.2985603952492634
0.07  0.2544410624528423  0.28576807724847636
0.08  0.23687324967065698  0.2724223465606953
0.09  0.21908798040109648  0.2585482619450661
0.1  0.20110083880289592  0.2441715442935578
0.11  0.18292778475545174  0.22931849860137732
0.12  0.16458513046653606  0.21401593583859546
0.13  0.1460895162985639  0.1982910949770276
0.14  0.12745788585906606  0.18217156542269192
0.15  0.10870746040268894  0.16568521009960585
0.16  0.0898557125936123  0.1488600894253076
0.17  0.070920339678743  0.1317243864123278
0.18  0.05191923612340128  0.1143063331229038
0.19  0.03287046576246763  0.09663413869656903
0.2  0.013792233521097319  0.07873591916188248
0.21  -0.0052971432398683516  0.060639629234525094
0.22  -0.024379263697758655  0.042372996294324505
0.23  -0.04343567280437327  0.02396345672350164
0.24  -0.0624478907272399  0.005438094777614769
0.25  -0.08139744243779623  -0.013176415850655127
0.26  -0.10026588738804663  -0.031853867626537566
0.27  -0.11903484921695101  -0.05056857179090833
0.28  -0.13768604542763282  -0.06929540787721844
0.29  -0.15620131697645345  -0.08800987001703978
0.3  -0.174562657715085  -0.10668810993687086
0.31  -0.19275224362692278  -0.1253069765622919
0.32  -0.21075246179951967  -0.143844052159196
0.33  -0.2285459390751834  -0.16227768495558592
0.34  -0.24611557032246678  -0.18058701820127324
0.35000000000000003  -0.26344454627199265  -0.1987520156366961
0.36  -0.28051638086088326  -0.21675348335593167
0.37  -0.29731493803102205  -0.2345730880627662
0.38  -0.3138244579274391  -0.2521933717323575
0.39  -0.330029582444305  -0.2695977627045256
0.4  -0.34591538006731054  -0.2867705832479868
0.41000000000000003  -0.3614673699626238  -0.30369705364787
0.42  -0.3766715452641325  -0.3203632928815552
0.43  -0.39151439551229955  -0.33675631596022915
0.44  -0.40598292819968396  -0.3528640280254988
0.45  -0.4200646893799966  -0.3686752153019139
0.46  -0.4337477832994766  -0.3841795330172747
0.47000000000000003  -0.44702089101136866  -0.39936749041310504
0.48  -0.45987328793637416  -0.41423043297761675
0.49  -0.47229486033411405  -0.4287605220428509
0.5  -0.48427612065287695  -0.44295071189640967
0.51  -0.49580822172724676  -0.45679472456627607
0.52  -0.5068829697955771  -0.4702870224446152
0.53  -0.5174928363117169  -0.4834227789231464
0.54  -0.5276309685278879  -0.49619784721864896
0.55  -0.5372911988281565  -0.5086087275723792
0.56  -0.546468052794528  -0.5206525330116464
0.5700000000000001  -0.55515675599032  -0.532326953865476
0.58  -0.5633532394481269  -0.5436302212291941
0.59  -0.5710541438523755  -0.5545610695748678
0.6  -0.5782568224091772  -0.565118698705853
0.61  -0.5849593423989045  -0.5753027352542026
0.62  -0.591160485409651  -0.5851131939194038
0.63  -0.5968597462524707  -0.5945504386458279
0.64  -0.6020573305620196  -0.6036151439344013
0.65  -0.6067541510889554  -0.6123082564813588
0.66  -0.6109518226931498  -0.620630957333529
0.67  -0.6146526560494694  -0.6285846247454339
0.68  -0.6178596500805311  -0.6361707979185909
0.6900000000000001  -0.6205764831334835  -0.6433911417978077
0.7000000000000001  -0.6228075029204448  -0.650247413092964
0.71  -0.6245577152447932  -0.6567414276878263
0.72  -0.6258327715379932  -0.6628750295898672
0.73  -0.6266389552341007  -0.6686500615668683
0.74  -0.6269831670114673  -0.6740683376073495
0.75  -0.6268729089334986  -0.6791316173325792
0.76  -0.6263162675225615  -0.6838415824781449
0.77  -0.6253218958033286  -0.6881998155528372
0.78  -0.6238989943539335  -0.6922077807719454
0.79  -0.6220572914053368  -0.6958668073510481
0.8  -0.6198070220312267  -0.6991780752350248
0.81  -0.6171589064726071  -0.7021426033253837
0.8200000000000001  -0.6141241276429771  -0.7047612402571181
0.8300000000000001  -0.6107143078616302  -0.7070346577642367
0.84  -0.6069414848641479  -0.7089633466608943
0.85  -0.6028180871405832  -0.7105476154527337
0.86  -0.5983569086531505  -0.7117875915806822
0.87  -0.593571082986444  -0.7126832252870821
0.88  -0.5884740569842934  -0.7132342960817029
0.89  -0.5830795639283437  -0.7134404217729626
0.9  -0.5774015963142918  -0.7133010700175906
0.91  -0.57145437828245  -0.7128155723300718
0.92  -0.5652523377599118  -0.7119831404815434
0.93  -0.5588100783720771  -0.7108028852064352
0.9400000000000001  -0.5521423511816617  -0.7092738371240862
0.9500000000000001  -0.5452640263135357  -0.7073949697718797
0.96  -0.5381900645238582  -0.7051652246361664
0.97  -0.5309354887719417  -0.7025835380574114
0.98  -0.5235153558531442  -0.6996488698766665
0.99  -0.5159447281508123  -0.6963602336816652
1.0  -0.5082386455648996  -0.6927167285025805
1.01  -0.5004120976743716  -0.6887175717998408
1.02  -0.49247999618985544  -0.6843621335793721
1.03  -0.4844571477522374  -0.6796499714642602
1.04  -0.47635822713202325  -0.6745808665461391
1.05  -0.46819775088327203  -0.6691548598346253
1.06  -0.45999005150480676  -0.6633722891188538
1.07  -0.45174925216016426  -0.6572338260516624
1.08  -0.4434892420064207  -0.6507405132642029
1.09  -0.43522365218057324  -0.6438938013167819
1.1  -0.42696583249061754  -0.6366955852905276
1.11  -0.4187288288568075  -0.6291482408240634
1.12  -0.4105253615468426  -0.6212546593997541
1.1300000000000001  -0.40236780424689006  -0.613018282685261
1.1400000000000001  -0.39426816400842435  -0.6044431357381096
1.1500000000000001  -0.38623806210885975  -0.595533858883736
1.16  -0.3782887158618641  -0.586295738081007
1.17  -0.3704309214110795  -0.5767347335935187
1.18  -0.3626750375387461  -0.5668575067900452
1.19  -0.3550309705184293  -0.5566714449033083
1.2  -0.34750816003869306  -0.5461846835827686
1.21  -0.3401155662221591  -0.5354061270843601
1.22  -0.3328616577619275  -0.5243454659479992
1.23  -0.32575440119483734  -0.5130131920222344
1.24  -0.3188012513285074  -0.5014206107045894
1.25  -0.3120091428365239  -0.48957985027589335
1.26  -0.3053844830335508  -0.4775038682172083
1.27  -0.29893314583951425  -0.46520645440879127
1.28  -0.2926604669393888  -0.4527022311218273
1.29  -0.28657124014246815  -0.4400066497254237
1.3  -0.28066971494236037  -0.42713598404348746
1.31  -0.27495959527631014  -0.41410732030861286
1.32  -0.26944403947981777  -0.4009385436729004
1.33  -0.264125661429908  -0.3876483212487059
1.34  -0.2590065328678081  -0.3742560816655931
1.35  -0.25408818688922263  -0.3607819911432204
1.36  -0.24937162258785753  -0.3472469260934548
1.37  -0.24485731083534212  -0.33367244227865184
1.3800000000000001  -0.24054520117824968  -0.32008074056668856
1.3900000000000001  -0.23643472983049424  -0.3064946293369733
1.4000000000000001  -0.23252482873704466  -0.29293748360519
1.41  -0.228813935682587  -0.2794332009479532
1.42  -0.22530000541654222  -0.26600615432178126
1.43  -0.22198052176368277  -0.25268114188379165
1.44  -0.218852510687502  -0.2394833339342456
1.45  -0.21591255427148054  -0.22643821711345755
1.46  -0.21315680558146505  -0.21357153599760412
1.47  -0.21058100437053562  -0.20090923224956217
1.48  -0.2081804935859864  -0.18847738149203624
1.49  -0.20595023663638887  -0.17630212808085433
1.5  -0.20388483537514918  -0.16440961796638767
1.51  -0.20197854875551896  -0.15282592984052573
1.52  -0.20022531211066125  -0.14157700477549634
1.53  -0.19861875701113577  -0.13068857456901312
1.54  -0.1971522316510325  -0.12018608901772052
1.55  -0.19581882171295908  -0.11009464234768081
1.56  -0.19461137166118733  -0.10043889903665897
1.57  -0.19352250641146668  -0.09124301926818101
1.58  -0.19254465332535298  -0.08253058426177534
1.59  -0.1916700644763325  -0.0743245217273991
1.6  -0.1908908391346098  -0.06664703169479913
1.61  -0.19019894641710175  -0.05951951297045881
1.62  -0.18958624804900026  -0.052962490475797507
1.6300000000000001  -0.18904452118320278  -0.046995543720434234
1.6400000000000001  -0.1885654812239581  -0.041637236663580976
1.6500000000000001  -0.1881408046012632  -0.03690504921499805
1.6600000000000001  -0.18776215144283878  -0.032815310624424054
1.67  -0.18742118809093697  -0.02938313500497885
1.68  -0.1871096094117697  -0.026622359231759145
1.69  -0.1868191608460099  -0.024545483451685245
1.7  -0.18654166014958354  -0.023163614434644625
1.71  -0.18626901877486612  -0.02248641198912517
1.72  -0.18599326284339335  -0.02252203865785299
1.73  -0.18570655366230682  -0.023277112900476918
1.74  -0.1854012077379748  -0.02475666596107673
1.75  -0.1850697162415449  -0.026964102608279736
1.76  -0.1847047638826148  -0.029901165925041995
1.77  -0.18429924714872067  -0.03356790631374222
1.78  -0.18384629186996138  -0.03796265487017127
1.79  -0.1833392700697811  -0.04308200126733215
1.8  -0.18277181606472032  -0.04892077627670691
1.81  -0.1821378417778232  -0.055472039040866034
1.82  -0.18143155123233723  -0.06272706919703035
1.83  -0.18064745419436246  -0.07067536393646834
1.84  -0.17978037893520804  -0.07930464006950999
1.85  -0.17882548408636026  -0.08860084115049889
1.86  -0.17777826956218773  -0.09854814970124591
1.87  -0.1766345865277745  -0.10912900455555583
1.8800000000000001  -0.17539064639159072  -0.12032412333119859
1.8900000000000001  -0.17404302880506362  -0.13211253001937448
1.9000000000000001  -0.17258868865351867  -0.14447158766530122
1.9100000000000001  -0.17102496202537854  -0.15737703609711695
1.92  -0.16934957114897045  -0.1708030346438521
1.93  -0.1675606282887627  -0.1847222097669189
1.94  -0.16565663859534507  -0.19910570751331869
1.95  -0.163636501905968  -0.21392325068279522
1.96  -0.16149951349495256  -0.22914320058536367
1.97  -0.1592453637757955  -0.24473262325018486
1.98  -0.1568741369592729  -0.26065735993163563
1.99  -0.1543863086743392  -0.2768821017437
2.0  -0.15178274256106494  -0.2933704682395497
2.0100000000000002  -0.14906468584730534  -0.3100850897394206
2.02  -0.14623376392318096  -0.32698769319667687
2.0300000000000002  -0.14329197392983334  -0.34403919137935973
2.04  -0.14024167738123852  -0.36119977513251256
2.05  -0.13708559184013877  -0.3784290084753439
2.06  -0.13382678167138812  -0.3956859262766676
2.07  -0.1304686478981733  -0.41292913424230715
2.08  -0.1270149171886758  -0.4301169109391405
2.09  -0.12346963000279454  -0.4472073115722657
2.1  -0.11983712793050527  -0.464158273224516
2.11  -0.1161220402553384  -0.480927721261069
2.12  -0.11232926977825813  -0.49747367659645597
2.13  -0.10846397793897164  -0.5137543635166592
2.14  -0.10453156927331794  -0.5297283177454001
2.15  -0.10053767524695406  -0.5453544944410676
2.16  -0.09648813750699287  -0.5605923758090878
2.17  -0.09238899059461367  -0.5754020780138392
2.18  -0.08824644416290867  -0.5897444570745922
2.19  -0.08406686474538314  -0.6035812134312305
2.2  -0.0798567571215596  -0.6168749948678905
2.21  -0.07562274532707641  -0.6295894974859391
2.22  -0.07137155335647344  -0.6416895644220576
2.23  -0.06710998560757978  -0.653141282012469
2.24  -0.06284490711699159  -0.6639120731106213
2.25  -0.05858322363661242  -0.6739707872728274
2.2600000000000002  -0.054331861601570136  -0.6832877875345158
2.27  -0.0500977480400773  -0.691835033508754
2.2800000000000002  -0.045887790475899554  -0.6995861605486595
2.29  -0.041708856874112826  -0.7065165547260307
2.3000000000000003  -0.03756775568069143  -0.7126034233901578
2.31  -0.033471216006246196  -0.7178258610830912
2.32  -0.029425868003857464  -0.7221649106007871
2.33  -0.025438223490481665  -0.7256036190033326
2.34  -0.02151465686081666  -0.7281270883919406
2.35  -0.017661386341797286  -0.7297225212854914
2.36  -0.013884455635083337  -0.7303792604450483
2.37  -0.010189715993955822  -0.7300888230109684
2.38  -0.00658280878001305  -0.7288449288338696
2.39  -0.0030691485438930355  -0.7266435228977939
2.4  0.00034609332698745665  -0.7234827917513437
2.41  0.003658004352055294  -0.719363173880301
2.42  0.0068619460523791365  -0.7142873639732606
2.43  0.009953568358017306  -0.7082603110499855
2.44  0.012928823290917019  -0.7012892104405438
2.45  0.015783977888097378  -0.6933834896216964
2.46  0.018515626331651824  -0.6845547879354495
2.47  0.02112070125399787  -0.6748169302330879
2.48  0.02359648418876134  -0.6641858945063126
2.49  0.02594061513971535  -0.6526797735852642
2.5  0.028151101242292143  -0.6403187310011601
2.5100000000000002  0.03022632449434981  -0.6271249511289311
2.52  0.03216504853508159  -0.6131225837426219
2.5300000000000002  0.03396642445323281  -0.5983376831332434
2.54  0.03562999560809291  -0.5827981419553395
2.5500000000000003  0.0371557014490852  -0.5665336199845344
2.56  0.03854388032216674  -0.5495754679838494
2.57  0.03979527125365884  -0.5319566468914635
2.58  0.04091101470457664  -0.5137116425568896
2.59  0.04189265229097812  -0.4948763762660895
2.6  0.04274212546832626  -0.47548811130891905
2.61  0.04346177318033266  -0.45558535585438786
2.62  0.04405432847523197  -0.4352077624104578
2.63  0.0445229140949064  -0.4143960241555785
2.64  0.044871037044744266  -0.3931917684386421
2.65  0.045102582154565266  -0.3716374477527475
2.66  0.045221804643365046  -0.349776228495781
2.67  0.045233321703035026  -0.3276518778376241
2.68  0.045142103118575666  -0.30530864901949095
2.69  0.04495346094464786  -0.28279116541567145
2.7  0.044673038260589326  -0.26014430369165803
2.71  0.04430679702826068  -0.2374130763953416
2.72  0.04386100507925947  -0.21464251431957743
2.73  0.04334222226016608  -0.19187754897508297
2.74  0.042757285766537464  -0.1691628955121045
2.75  0.0421132946983563  -0.14654293642787153
2.7600000000000002  0.041417593871551736  -0.12406160639427205
2.77  0.040677756922047864  -0.10176227853664177
2.7800000000000002  0.03990156874054522  -0.07968765248995219
2.79  0.03909700727791467  -0.057879644553098415
2.8000000000000003  0.03827222476264669  -0.03637928025538169
2.81  0.03743552837329564  -0.015226589641759714
2.82  0.03659536041023545  0.00553949442511345
2.83  0.0357602780123281  0.02588123465738991
2.84  0.03493893246528752  0.04576218415075639
2.85  0.034140048149595564  0.06514727734220492
2.86  0.03337240117679209  0.0840029168616092
2.87  0.032644797763810615  0.10229705603467587
2.88  0.0319660523957738  0.11999927680824306
2.89  0.03134496582828543  0.13708086288315446
2.9  0.030790302980765488  0.1535148678546969
2.91  0.0303107707727572  0.16927617817605123
2.92  0.02991499595541345  0.18434157077615163
2.93  0.02961150299051067  0.19868976517984538
2.94  0.02940869202937898  0.2123014699951211
2.95  0.02931481704403087  0.22515942364952585
2.96  0.029337964162573282  0.23724842927547907
2.97  0.02948603026064875  0.2485553836621574
2.98  0.029766701860201042  0.2590693002097241
2.99  0.030187434386287695  0.26878132584000075
3.0  0.03075543183198158  0.27768475183606955
3.0100000000000002  0.0314776268805918  0.2857750186017539
3.02  0.0323606615335202  0.2930497143503457
3.0300000000000002  0.03341086829104056  0.29950856775032575
3.04  0.03463425193214052  0.3051534345740344
3.0500000000000003  0.036036471938328166  0.3099882784133101
3.06  0.03762282560493774  0.31401914554388427
3.0700000000000003  0.039398231882032425  0.3172541340378324
3.08  0.041367215985426614  0.31970335724049026
3.09  0.04353389481671596  0.3213789017449826
3.1  0.04590196322945535  0.322294780013749
3.11  0.0484746811767985  0.3224668778121875
3.12  0.051254861773997115  0.32191289663472167
3.13  0.054244860307159304  0.32065229131813033
3.14  0.05744656421761436  0.3187062030508977
3.15  0.060861384089073614  0.31609738800052445
3.16  0.06449024566258575  0.31285014179320025
3.17  0.06833358290200597  0.30899022009191607
3.18  0.07239133213039416  0.3045447555299404
3.19  0.07666292725536537  0.29954217126661303
3.2  0.08114729609901523  0.2940120914415203
3.21  0.08584285784556484  0.28798524881136206
3.22  0.09074752161740056  0.2814933898611052
3.23  0.09585868618764373  0.27456917768736644
3.24  0.10117324083484946  0.267246092957362
3.25  0.10668756734286164  0.2595583332511371
3.2600000000000002  0.11239754314629757  0.2515407110982071
3.27  0.11829854561952699  0.24322855102215812
3.2800000000000002  0.12438545750445465  0.23465758590811125
3.29  0.13065267346982234  0.22586385300840636
3.3000000000000003  0.13709410779219586  0.2168835899011907
3.31  0.14370320314624535  0.207753130715024
3.3200000000000003  0.15047294048941595  0.19850880292999756
3.33  0.15739585002357245  0.18918682506227974
3.34  0.1644640232137615  0.17982320553445197
3.35  0.17166912584180327  0.17045364302853444
3.36  0.17900241207004197  0.16111342861215688
3.37  0.18645473948828215  0.15183734992103168
3.38  0.19401658511463912  0.1426595976727098
3.39  0.2016780623188555  0.1336136747775516
3.4  0.2094289386344636  0.12473230830304174
3.41  0.21725865442413395  0.11604736453692614
3.42  0.22515634236052376  0.1075897673833491
3.43  0.23311084768305892  0.09938942031408772
3.44  0.24111074918921696  0.09147513208431732
3.45  0.24914438091717553  0.08387454640902132
3.46  0.2571998544750097  0.07661407578229443
3.47  0.2652650819700948  0.0697188396074241
3.48  0.2733277994909082  0.06321260679076669
3.49  0.281375591092082  0.05711774293719235
3.5  0.28939591323231173  0.05145516226925689
3.5100000000000002  0.2973761196136122  0.046244284376309466
3.52  0.30530348636936644  0.04150299588358308
3.5300000000000002  0.3131652375477435  0.03724761711492662
3.54  0.32094857083624234  0.03349287380630214
3.5500000000000003  0.3286406834724801  0.0302518739105746
3.56  0.3362287982857712  0.027536089517453732
3.5700000000000003  0.34370018981363937  0.025355343895834076
3.58  0.3510422104370863  0.02371780364924067
3.59  0.35824231647827487  0.022629975958648657
3.6  0.36528809420421815  0.02209671087075024
3.61  0.3721672856801431  0.02212120857372786
3.62  0.3788678144163993  0.022705031586917543
3.63  0.38537781075307465  0.023848121775398662
3.64  0.39168563692696423  0.025548822085571826
3.65  0.39777991176605776  0.027803902883298426
3.66  0.40364953495743894  0.0306085927621417
3.67  0.409283710835263  0.033956613675750445
3.68  0.41467197163643016  0.03784022023553746
3.69  0.4198042001725967  0.04225024300248302
3.7  0.42467065186833663  0.04717613559028262
3.71  0.4292619761165173  0.052606025386078684
3.72  0.43356923690335314  0.05852676768483435
3.73  0.4375839326570644  0.06492400302390436
3.74  0.44129801527567053  0.07178221749570898
3.75  0.4447039082911248  0.07908480580852913
3.7600000000000002  0.44779452412878873  0.08681413685841878
3.77  0.45056328042311355  0.09495162156902955
3.7800000000000002  0.4530041153523647  0.1034777827508622
3.79  0.4551115019572695  0.11237232672698248
3.8000000000000003  0.45688046141060024  0.12161421646875101
3.81  0.4583065752069013  0.13118174598244303
3.8200000000000003  0.45938599624384907  0.14105261568593147
3.83  0.4601154587690613  0.1512040085137558
3.84  0.46049228716858276  0.1616126664890137
3.85  0.4605144035757112  0.17225496750145514
3.86  0.46018033428134686  0.18310700203305805
3.87  0.4594892149295803  0.1941446495751069
3.88  0.45844079448482455  0.2053436544843974
3.89  0.4570354379594163  0.2166797010306867
3.9  0.4552741278932487  0.22812848739276187
3.91  0.4531584645796726  0.23966579836663582
3.92  0.45069066503457395  0.251267576556222
3.93  0.44787356070823314  0.2629099918244999
3.94  0.44471059394226453  0.27456950879150666
3.95  0.44120581317662055  0.28622295217453964
3.96  0.43736386691433726  0.29784756977564647
3.97  0.4331899964543563  0.30942109293176445
3.98  0.42869002740542045  0.3209217942537708
3.99  0.4238703599966479  0.332328542492102
4.0  0.41873795820299736  0.3436208543784898
4.01  0.4133003377063764  0.3547789433057472
4.0200000000000005  0.407565552715667  0.3657837647202263
4.03  0.40154218167140254  0.37661705811470547
4.04  0.3952393118632296  0.38726138552286826
4.05  0.38866652299065535  0.3977001664301404
4.0600000000000005  0.38183386969984756  0.4079177090295624
4.07  0.3747518631314881  0.4178992377653561
4.08  0.36743145151680073  0.42763091712096535
4.09  0.35988399986095493  0.4370998716225002
4.1  0.35212126875502  0.44629420204269177
4.11  0.3441553923595259  0.4552029978045831
4.12  0.33599885560449877  0.46381634559815565
4.13  0.32766447065252396  0.47212533423699266
4.14  0.3191653526730162  0.48012205579571865
4.15  0.31051489497734686  0.4877996030823448
4.16  0.30172674356589396  0.4951520635127941
4.17  0.29281477113933924  0.502174509467637
4.18  0.2837930506277317  0.5088629852234264
4.19  0.2746758282918714  0.515214490563003
4.2  0.2654774964525108  0.5212269611805948
4.21  0.25621256590367514  0.5268992460085293
4.22  0.24689563806713402  0.5322310816027418
4.23  0.23754137694557897  0.5372230637341474
4.24  0.22816448093254793  0.541876616342125
4.25  0.21877965453743725  0.5461939580149275
4.26  0.2094015800841551  0.5501780661697123
4.2700000000000005  0.20004488944202767  0.5538326391120824
4.28  0.1907241358475124  0.5571620561614501
4.29  0.18145376587509748  0.560171336034258
4.3  0.17224809161545315  0.5628660936820303
4.3100000000000005  0.16312126311846553  0.5652524957853513
4.32  0.15408724115822064  0.5673372151082672
4.33  0.14515977037632227  0.5691273839201321
4.34  0.1363523528591455  0.5706305466936873
4.3500000000000005  0.12767822220366182  0.57185461228908
4.36  0.11915031812546938  0.5728078058336562
4.37  0.110781261661476  0.5734986205066845
4.38  0.10258333101843112  0.5739357694366464
4.39  0.09456843811710763  0.5741281379164509
4.4  0.08674810588044514  0.5740847361388762
4.41  0.07913344631239695  0.5738146526506355
4.42  0.07173513941248368  0.5733270087189309
4.43  0.06456341296932161  0.572630913798968
4.44  0.057628023274466214  0.5717354222848849
4.45  0.050938236795967  0.5706494917198045
4.46  0.04450281284895102  0.5693819426333194
4.47  0.03832998729845041  0.5679414201667118
4.48  0.032427457327435905  0.5663363576375589
4.49  0.0268023673007773  0.5645749421862204
4.5  0.021461295753473345  0.5626650826369703
4.51  0.016410243529115395  0.5606143796963412
4.5200000000000005  0.01165462309205989  0.5584300986005967
4.53  0.007199249034306063  0.5561191443131985
4.54  0.0030483297954847777  0.5536880393616899
4.55  -0.0007945393881915869  0.5511429043917015
4.5600000000000005  -0.004326382292820036  0.548489441503746
4.57  -0.007544846262977356  0.5457329204262326
4.58  -0.010448205507292474  0.5428781675656958
4.59  -0.013035363128212074  0.5399295579626825
4.6000000000000005  -0.015305851883473193  0.5368910101690798
4.61  -0.017259833679473216  0.5337659840499918
4.62  -0.018898097799436908  0.5305574815005951
4.63  -0.020222057871966403  0.5272680500557909
4.64  -0.02123374758823468  0.523899789357966
4.65  -0.02193581517872882  0.520454360435831
4.66  -0.022331516663092965  0.5169329977351462
4.67  -0.0224247078891993  0.513336523830266
4.68  -0.022219835380140884  0.5096653667338209
4.69  -0.02172192601035805  0.5059195797106034
4.7  -0.020936575534571622  0.5020988634908324
4.71  -0.019869935995600232  0.4982025907675405
4.72  -0.018528702039513276  0.494229832852825
4.73  -0.016920096168835094  0.49017938835820907
4.74  -0.015051852966748241  0.4860498137554484
4.75  -0.012932202327383346  0.48183945566571074
4.76  -0.010569851729353624  0.47754648471730776
4.7700000000000005  -0.00797396759166194  0.47316893080504474
4.78  -0.005154155753020279  0.4687047195777706
4.79  -0.0021204411174033377  0.46415170997493893
4.8  0.0011167534896156517  0.4595077326279652
4.8100000000000005  0.004546629207605457  0.45477062893779174
4.82  0.008158033723438929  0.4499382906365501
4.83  0.01193948449983448  0.44500869963834017
4.84  0.01587919259992851  0.4399799679821947
4.8500000000000005  0.01996508705636632  0.43485037766898116
4.86  0.024184839732332514  0.42961842019358065
4.87  0.028525890620992228  0.4242828355740266
4.88  0.0329754735289825  0.41884265068042514
4.89  0.03752064208889572  0.4132972166684027
4.9  0.04214829604509915  0.4076462453245768
4.91  0.04684520775677177  0.4018898441350306
4.92  0.05159804886171007  0.39602854989205283
4.93  0.05639341704422046  0.3900633606594184
4.94  0.06121786285033824  0.3839957659222808
4.95  0.06605791649363656  0.3778277747541946
4.96  0.07090011459505992  0.3715619418409681
4.97  0.07573102680047451  0.36520139120891393
4.98  0.0805372822200592  0.35874983751353473
4.99  0.0853055956341625  0.35221160475376456
5.0  0.09002279341092528  0.34559164228659855
5.01  0.0946758390817015  0.33889553802714967
5.0200000000000005  0.09925185852122978  0.3321295287298879
5.03  0.1037381646804759  0.3253005072580428
5.04  0.10812228182120669  0.31841602675975755
5.05  0.11239196920255153  0.31148430168162594
5.0600000000000005  0.11653524417115967  0.30451420556255476
5.07  0.1205404046079808  0.29751526556361496
5.08  0.12439605068624768  0.2904976537023937
5.09  0.12809110589684858  0.28347217477350556
5.1000000000000005  0.13161483729902895  0.2764502509501928
5.11  0.13495687495616354  0.2694439030753011
5.12  0.1381072305182477  0.2624657286633598
5.13  0.14105631491473436  0.2555288766489543
5.14  0.14379495512340798  0.24864701892995728
5.15  0.14631440998312378  0.24183431876750439
5.16  0.14860638502042087  0.2351053961177699
5.17  0.1506630462623062  0.22847528998356365
5.18  0.1524770330097963  0.22195941788652887
5.19  0.15404146954919962  0.21557353257313866
5.2  0.15534997578051546  0.2093336760798255
5.21  0.15639667674480456  0.20325613129430076
5.22  0.15717621103485857  0.19735737116141483
5.23  0.15768373807603553  0.19165400569276908
5.24  0.15791494426666064  0.18616272694957212
5.25  0.15786604796996984  0.1809002521780334
5.26  0.15753380335213418  0.175883265285748
5.2700000000000005  0.1569155030635072  0.17112835685606856
5.28  0.1560089797628011  0.16665196290536144
5.29  0.15481260648649486  0.16247030259520226
5.3  0.15332529586833318  0.1585993151180679
5.3100000000000005  0.15154649821634025  0.15505459598076035
5.32  0.1494761984572867  0.1518513329147482
5.33  0.1471149119610694  0.14900424164673565
5.34  0.14446367925991394  0.14652750176610121
5.3500000000000005  0.14152405967975681  0.14443469292829902
5.36  0.1382981239035327  0.14273873163498177
5.37  0.134788445488448  0.14145180883233843
5.38  0.1309980913615758  0.14058532856907857
5.39  0.12693061132035968  0.14014984795450194
5.4  0.12259002656674667  0.14015501865525692
5.41  0.11798081730575552  0.14060953016668562
5.42  0.11310790944132099  0.14152105509106377
5.43  0.10797666040415532  0.14289619665060743
5.44  0.10259284414824618  0.14474043865782163
5.45  0.09696263535435745  0.1470580981596578
5.46  0.09109259288056887  0.14985228096498732
5.47  0.08498964250148094  0.15312484025716133
5.48  0.07866105897917974  0.15687633848492458
5.49  0.0721144475104292  0.161106012715657
5.5  0.06535772459584838  0.16581174362495776
5.51  0.05839909837797323  0.1709900282858703
5.5200000000000005  0.051247048496184014  0.1766359569097504
5.53  0.043910305507407  0.18274319367877012
5.54  0.03639782992232002  0.18930396179754305
5.55  0.02871879090754112  0.1963090328782472
5.5600000000000005  0.020882544704840647  0.20374772076003064
5.57  0.01289861281890925  0.2116078798494389
5.58  0.004776660025581178  0.21987590805415436
5.59  -0.003473527747357194  0.22853675436748166
5.6000000000000005  -0.01184206561452325  0.23757393114590764
5.61  -0.020318991950201176  0.24696953110663517
5.62  -0.028894290576395698  0.25670424905641076
5.63  -0.03755791286977482  0.2667574083471236
5.64  -0.046299799735981265  0.27710699203783873
5.65  -0.05510990340026689  0.28772967872695826
5.66  -0.06397820896398848  0.2986008830022503
5.67  -0.07289475567724191  0.30969480044064185
5.68  -0.08184965787869608  0.32098445707387624
5.69  -0.0908331255546711  0.33244176322052466
5.7  -0.09983548447051069  0.3440375715694544
5.71  -0.10884719582848913  0.35574173938476933
5.72  -0.11785887540771418  0.367523194687374
5.73  -0.12686131214288282  0.37935000625396104
5.74  -0.1358454861001653  0.39118945726018106
5.75  -0.1448025858100914  0.40300812238128386
5.76  -0.153724024918902  0.4147719481504618
5.7700000000000005  -0.16260145812160248  0.42644633636275975
5.78  -0.17142679634174288  0.43799623030058865
5.79  -0.1801922211248532  0.4493862035457212
5.8  -0.1888901982144119  0.46058055113219204
5.8100000000000005  -0.19751349028128312  0.47154338278484637
5.82  -0.2060551687796327  0.4822387179792802
5.83  -0.21450862490451994  0.4926305825508371
5.84  -0.22286757962855175  0.5026831065729994
5.8500000000000005  -0.23112609279726867  0.5123606232190742
5.86  -0.23927857126522734  0.5216277683155571
5.87  -0.2473197760571169  0.5304495802909306
5.88  -0.2552448285405916  0.5387916002199413
5.89  -0.26304921559994654  0.5466199716606829
5.9  -0.27072879380218406  0.553901539980033
5.91  -0.27827979254945906  0.5606039508621827
5.92  -0.2856988162143738  0.5666957476951985
5.93  -0.2929828452570397  0.5721464675316874
5.94  -0.30012923632530375  0.576926735321842
5.95  -0.30713572134198697  0.5810083561202279
5.96  -0.3140004055854579  0.5843644049718283
5.97  -0.32072176477225106  0.5869693141879133
5.98  -0.3272986411529011  0.5887989577283682
5.99  -0.3337302386345049  0.5898307324140712
6.0  -0.3400161169459006  0.5900436357008172
6.01  -0.34615618486363664  0.5894183397550935
6.0200000000000005  -0.35215069251918374  0.5879372615816585
6.03  -0.3580002228100507  0.585584628963427
6.04  -0.36370568193963054  0.5823465419854648
6.05  -0.3692682891126837  0.5782110299270378
6.0600000000000005  -0.3746895654154238  0.5731681033184944
6.07  -0.3799713219111168  0.5672098009733528
6.08  -0.385115646984008  0.5603302318201593
6.09  -0.3901248929661921  0.5525256113735681
6.1000000000000005  -0.3950016620837758  0.5437942926995009
6.11  -0.39974879176032807  0.534136791745192
6.12  -0.4043693393171709  0.5235558069213669
6.13  -0.40886656611149147  0.5120562328406568
6.140000000000001  -0.41324392115466124  0.49964516813356763
6.15  -0.4175050242543785  0.48633191728089137
6.16  -0.4216536487254081  0.47212798641923154
6.17  -0.42569370371476223  0.4570470730943621
6.18  -0.4296292161880826  0.44110504995528454
6.19  -0.433464312624838  0.4243199424001202
6.2  -0.437203200470652  0.4067119002032669
6.21  -0.4408501493956917  0.3883031631714934
6.22  -0.44440947240852724  0.3691180208948823
6.23  -0.44788550687524953  0.34918276667652104
6.24  -0.451282595493877  0.32852564574270776
6.25  -0.4546050672742359  0.3071767978530166
6.26  -0.45785721857348005  0.28516819444685865
6.2700000000000005  -0.46104329423735496  0.2625335704800243
6.28  -0.4641674688970503  0.23930835112124155
6.29  -0.4672338284711659  0.215529573494687
6.3  -0.4702463519218536  0.19123580366995338
6.3100000000000005  -0.4732088933136217  0.16646704911577023
6.32  -0.4761251642225831  0.1412646668481104
6.33  -0.4789987165431684  0.11567126751680187
6.34  -0.481832925738344  0.08973061568772081
6.3500000000000005  -0.4846309745784113  0.06348752658966186
6.36  -0.48739583741229076  0.03698775960631647
6.37  -0.4901302650139693  0.010277908804190439
6.38  -0.492836770045447  -0.016594709203041152
6.390000000000001  -0.49551761317608756  -0.04358216974466674
6.4  -0.49817478989671427  -0.07063605662069042
6.41  -0.5008100180652099  -0.09770758034359361
6.42  -0.5034247262186098  -0.12474769776464642
6.43  -0.5060200426849187  -0.151707232750618
6.44  -0.5085967855259743  -0.17853699757285763
6.45  -0.5111554533407341  -0.20518791466805483
6.46  -0.513696216956314  -0.2316111384282905
6.47  -0.5162189120320413  -0.25775817667729073
6.48  -0.51872303259958  -0.2835810114902676
6.49  -0.5212077255600089  -0.30903221901613165
6.5  -0.5236717861564337  -0.3340650879634491
6.51  -0.5261136544384102  -0.3586337364149435
6.5200000000000005  -0.5285314127320876  -0.38269322664002886
6.53  -0.5309227841275939  -0.4061996775803962
6.54  -0.5332851319927359  -0.4291103746902944
6.55  -0.5356154605196664  -0.45138387682066894
6.5600000000000005  -0.5379104163086545  -0.4729801198449122
6.57  -0.54016629099065  -0.49386051673337994
6.58  -0.5423790248878014  -0.5139880537942216
6.59  -0.544544211708605  -0.5333273828092251
6.6000000000000005  -0.5466571042718635  -0.5518449088055194
6.61  -0.5487126212511448  -0.569508873216712
6.62  -0.5507053549289432  -0.5862894322007325
6.63  -0.5526295799473245  -0.6021587298958714
6.640000000000001  -0.5544792630393639  -0.6170909664115157
6.65  -0.5562480737233348  -0.6310624603656484
6.66  -0.5579293959392093  -0.6440517057973428
6.67  -0.5595163406047341  -0.6560394232991074
6.68  -0.5610017590660727  -0.6670086052311047
6.69  -0.5623782574157861  -0.676944554896786
6.7  -0.5636382116487528  -0.6858349195773578
6.71  -0.5647737836245696  -0.6936697173407078
6.72  -0.5657769378028956  -0.7004413575588025
6.73  -0.5666394587162956  -0.706144655086211
6.74  -0.5673529691432311  -0.7107768380710923
6.75  -0.5679089489420575  -0.7143375493888025
6.76  -0.5682987545051861  -0.7168288417070374
6.7700000000000005  -0.5685136387909424  -0.7182551662101759
6.78  -0.5685447718891116  -0.718623355029087
6.79  -0.5683832620747754  -0.7179425974411193
6.8  -0.5680201773036546  -0.7162244099231823
6.8100000000000005  -0.5674465671010152  -0.7134826001587574
6.82  -0.5666534847950213  -0.7097332251172396
6.83  -0.5656320100444396  -0.7049945433411836
6.84  -0.5643732716097173  -0.6992869615937439
6.8500000000000005  -0.5628684703156238  -0.6926329760348008
6.86  -0.5611089021530495  -0.6850571081099216
6.87  -0.5590859814669475  -0.6765858353513451
6.88  -0.5567912641770139  -0.6672475173045793
6.890000000000001  -0.554216470977376  -0.6570723168078807
6.9  -0.5513535104613948  -0.6460921168648721
6.91  -0.54819450211758  -0.634340433362694
6.92  -0.5447317991427337  -0.6218523238995016
6.93  -0.5409580110185677  -0.608664292995588
6.94  -0.5368660257983761  -0.5948141939720775
6.95  -0.5324490320507522  -0.5803411277898757
6.96  -0.5277005404078848  -0.5652853391493025
6.97  -0.5226144046666558  -0.5496881101577492
6.98  -0.5171848423915085  -0.5335916518785053
6.99  -0.5114064549690003  -0.5170389940787913
7.0  -0.5052742470649227  -0.5000738734989154
7.01  -0.49878364543604947  -0.4827406209673118
7.0200000000000005  -0.49193051704977514  -0.465084047688061
7.03  -0.48471118646628203  -0.4471493310283179
7.04  -0.4771224524392973  -0.428981900132832
7.05  -0.4691616036931002  -0.41062732169158817
7.0600000000000005  -0.46082643383504457  -0.3921311861842677
7.07  -0.45211525536466374  -0.3735389949221187
7.08  -0.44302691274221007  -0.3548960482034754
7.09  -0.43356079448146123  -0.33624733489409686
7.1000000000000005  -0.4237168442336139  -0.31763742373728604
7.11  -0.41349557083117255  -0.2991103566917493
7.12  -0.4028980572629073  -0.2807095445871174
7.13  -0.39192596855322825  -0.26247766537834333
7.140000000000001  -0.3805815585215464  -0.24445656527041373
7.15  -0.3688676753996455  -0.22668716297442953
7.16  -0.35678776628742004  -0.20920935734480023
7.17  -0.34434588042985087  -0.19206193863543264
7.18  -0.33154667130059406  -0.1752825036000712
7.19  -0.31839539748007484  -0.15890737464868473
7.2  -0.30489792231858637  -0.1429715232579607
7.21  -0.29106071237749426  -0.12750849781945764
7.22  -0.2768908346442698  -0.11255035609412421
7.23  -0.262395952519725  -0.0981276024264735
7.24  -0.24758432057847718  -0.08426912985595349
7.25  -0.23246477810629967  -0.0710021672469212
7.26  -0.21704674142074037  -0.0583522315422834
7.2700000000000005  -0.20134019498395267  -0.04634308522918462
7.28  -0.1853556813193803  -0.03499669908835301
7.29  -0.16910428974652064  -0.02433322028175343
7.3  -0.1525976439505834  -0.01437094581626247
7.3100000000000005  -0.1358478884064494  -0.005126301404021233
7.32  -0.11886767367880773  0.0033861742768035163
7.33  -0.10167014062284072  0.011153839933968915
7.34  -0.08426890351231832  0.018165956655620707
7.3500000000000005  -0.0666780321242244  0.024413687593588765
7.36  -0.048912032811483874  0.02989009239799517
7.37  -0.030985828597499918  0.034590116481604094
7.38  -0.01291473832848418  0.038510575207814826
7.390000000000001  0.005285545078377071  0.0416501331113661
7.4  0.02359897725080455  0.04400927827540685
7.41  0.042009185799369735  0.04559029200275258
7.42  0.06049949453350956  0.0463972139327066
7.43  0.07905294841000904  0.04643580276779133
7.44  0.09765233916655883  0.045713492787077606
7.45  0.1162802315914568  0.04423934633444865
7.46  0.13491899037909383  0.04202400248107822
7.47  0.15355080751938652  0.03907962207159301
7.48  0.17215773016819524  0.035419829372833854
7.49  0.19072168894450947  0.031059650552719607
7.5  0.20922452659923585  0.026015449224522258
7.51  0.22764802699944348  0.020304859298816855
7.5200000000000005  0.24597394437119136  0.01394671539142791
7.53  0.2641840327433093  0.006960981040890756
7.54  0.2822600755340876  -0.0006313250067459322
7.55  0.3001839152222273  -0.008808204184559468
7.5600000000000005  0.31793748304327185  -0.017546754899145485
7.57  0.33550282865245706  -0.02682325046748084
7.58  0.3528621496949231  -0.03661321793034768
7.59  0.369997821224289  -0.04689151747663496
7.6000000000000005  0.38689242491080195  -0.05763242221400069
7.61  0.4035287779805997  -0.06880969802343227
7.62  0.4198899618281243  -0.0803966832381791
7.63  0.4359593502442116  -0.0923663678913043
7.640000000000001  0.45172063720321215  -0.10469147228078231
7.65  0.46715786415321026  -0.11734452460650079
7.66  0.4822554467544561  -0.1302979374398603
7.67  0.49699820101210646  -0.1435240827936155
7.68  0.5113713687506194  -0.1569953655675128
7.69  0.5253606423783946  -0.17068429515367592
7.7  0.5389521888927058  -0.18456355499496746
7.71  0.5521326730764414  -0.19860606989932764
7.72  0.5648892798398166  -0.2127850709235403
7.73  0.5772097356619327  -0.2270741576508995
7.74  0.5890823290888711  -0.2414473576987145
7.75  0.6004959302469479  -0.2558791833036684
7.76  0.6114400093317033  -0.2703446848453903
7.7700000000000005  0.6219046540353395  -0.2848195011814942
7.78  0.6318805858774585  -0.29927990668040005
7.79  0.6413591754061974  -0.31370285485183513
7.8  0.650332456239172  -0.3280660184884031
7.8100000000000005  0.6587931379160221  -0.34234782624567744
7.82  0.666734617536776  -0.3565274956020999
7.83  0.6741509901627845  -0.3705850621542394
7.84  0.6810370579594613  -0.384501405216896
7.8500000000000005  0.6873883380627134  -0.3982582697118366
7.86  0.6932010691535329  -0.41183828434285447
7.87  0.6984722167279092  -0.4252249760688662
7.88  0.7031994770518935  -0.4384027809004285
7.890000000000001  0.7073812797943624  -0.4513570510587188
7.9  0.711016789332755  -0.46407405854918726
7.91  0.7141059047298042  -0.4765409952151519
7.92  0.716649258381991  -0.48874596934913295
7.930000000000001  0.718648213343232  -0.5006779989520393
7.94  0.7201048593299999  -0.512327001741988
7.95  0.7210220074168181  -0.5236837820258812
7.96  0.7214031834337606  -0.5347400145576308
7.97  0.7212526200802452  -0.5454882255170559
7.98  0.7205752477720635  -0.5559217707531975
7.99  0.7193766842411905  -0.5660348114446518
8.0  0.7176632229104518  -0.5758222873379565
8.01  0.715441820067679  -0.5852798877325984
8.02  0.7127200808663919  -0.5944040203882486
8.03  0.709506244182471  -0.6031917785359414
8.040000000000001  0.705809166358627  -0.6116409061803842
8.05  0.7016383038706908  -0.6197497618852852
8.06  0.6970036949519877  -0.6275172812374838
8.07  0.6919159402141349  -0.634942938188688
8.08  0.6863861823046405  -0.6420267054760562
8.09  0.6804260846436176  -0.6487690143242587
8.1  0.674047809283767  -0.6551707136323502
8.11  0.6672639939395434  -0.6612330288487149
8.120000000000001  0.6600877282330548  -0.6669575207363792
8.13  0.6525325292058106  -0.6723460442292483
8.14  0.6446123161468338  -0.6774007075773801
8.15  0.6363413847890466  -0.6821238319760607
8.16  0.6277343809269854  -0.6865179118694231
8.17  0.6188062735100548  -0.690585576114598
8.18  0.6095723272664897  -0.6943295501868166
8.19  0.6000480749140585  -0.697752619599755
8.2  0.5902492890143126  -0.700857594708485
8.21  0.5801919535277488  -0.703647277054899
8.22  0.5698922351278354  -0.7061244274073484
8.23  0.5593664543321213  -0.7082917356375524
8.24  0.5486310565089794  -0.7101517925685195
8.25  0.5377025828186275  -0.7117070639175553
8.26  0.5265976411470231  -0.7129598664481294
8.27  0.5153328770911647  -0.713912346433766
8.28  0.5039249450540226  -0.7145664605260729
8.290000000000001  0.49239047950695813  -0.7149239591076336
8.3  0.4807460664769832  -0.7149863721988313
8.31  0.4690082153155659  -0.7147549979757203
8.32  0.4571933308049677  -0.7142308939439457
8.33  0.4453176856571889  -0.7134148708014013
8.34  0.4333973934596407  -0.7123074890099332
8.35  0.4214483821205296  -0.7109090580839019
8.36  0.40948636786576026  -0.7092196385909761
8.370000000000001  0.3975268298377912  -0.7072390468480388
8.38  0.3855849853454961  -0.7049668622827736
8.39  0.37367576581247913  -0.7024024374192237
8.4  0.36181379346973613  -0.6995449104335889
8.41  0.3500133588367618  -0.6963932202147076
8.42  0.3382883990333813  -0.6929461238520644
8.43  0.32665247696271316  -0.6892022164629765
8.44  0.3151187614036234  -0.6851599532597074
8.45  0.3037000080489821  -0.6808176737467505
8.46  0.2924085415238757  -0.6761736279285269
8.47  0.28125623841571923  -0.6712260043981649
8.48  0.27025451134587053  -0.6659729601689645
8.49  0.2594142941101133  -0.6604126521017066
8.5  0.24874602791285128  -0.6545432697730605
8.51  0.23825964871748445  -0.6483630696230165
8.52  0.22796457573294238  -0.6418704102127095
8.53  0.217869701053766  -0.6350637884180047
8.540000000000001  0.2079833804686318  -0.6279418763789448
8.55  0.19831342544959163  -0.6205035590206536
8.56  0.18886709633165805  -0.6127479719574823
8.57  0.17965109668982654  -0.604674539589115
8.58  0.17067156891790317  -0.5962830131950939
8.59  0.161934091010912  -0.5875735088327659
8.6  0.15344367455022273  -0.5785465448428233
8.61  0.14520476388790313  -0.5692030787668538
8.620000000000001  0.13722123652417081  -0.5595445434820296
8.63  0.1294964046692919  -0.5495728823598454
8.64  0.12203301797859328  -0.5392905832581943
8.65  0.1148332674468621  -0.5287007111593488
8.66  0.10789879044577962  -0.5178069392703596
8.67  0.1012306768856697  -0.5066135784072259
8.68  0.09482947648038953  -0.4951256044895897
8.69  0.0886952070918529  -0.483348683979004
8.700000000000001  0.08282736412837659  -0.4712891971007466
8.71  0.07722493096882245  -0.45895425869669926
8.72  0.07188639038230538  -0.44635173656509697
8.73  0.06680973691121439  -0.4334902671518909
8.74  0.06199249018320584  -0.4203792684678106
8.75  0.057431709115960905  -0.407028950115336
8.76  0.05312400697661229  -0.3934503203203395
8.77  0.04906556725602035  -0.3796551898741078
8.78  0.045252160316400086  -0.3656561729030292
8.790000000000001  0.04167916076925832  -0.35146668439507034
8.8  0.038341565539115  -0.33710093442441635
8.81  0.035234012567144854  -0.32257391902817667
8.82  0.0323508001076384  -0.30790140770200003
8.83  0.029685906568987813  -0.29309992749435376
8.84  0.027233010849961464  -0.27818674369255775
8.85  0.024985513121020778  -0.263179837107018
8.86  0.02293655599972258  -0.2480978779734762
8.870000000000001  0.021079046068512658  -0.23296019650666672
8.88  0.019405675682682394  -0.21778675015213803
8.89  0.017908945015812083  -0.20259808759639336
8.9  0.016581184289710393  -0.1874153096088369
8.91  0.015414576135658165  -0.17226002680199143
8.92  0.014401178033681794  -0.1571543144094057
8.93  0.013532944776653677  -0.14212066419325858
8.94  0.012801750906140164  -0.12718193360593222
8.950000000000001  0.012199413067257275  -0.11236129234177807
8.96  0.011717712230156163  -0.09768216642684621
8.97  0.011348415726319117  -0.08316818000531721
8.98  0.011083299048480405  -0.06884309499210135
8.99  0.010914167363737154  -0.05473074877097858
9.0  0.010832876690316406  -0.0408549901271785
9.01  0.010831354689409961  -0.027239613612144567
9.02  0.010901621024639624  -0.013908292546416491
9.03  0.011035807242856632  -0.0008845108741056332
9.040000000000001  0.01122617613133281  0.011808505910791328
9.05  0.011465140507794847  0.024147860539855945
9.06  0.011745281401235291  0.0361110542159204
9.07  0.012059365583070414  0.04767605709272241
9.08  0.01240036240987244  0.0588213787487578
9.09  0.012761459940694303  0.06952613841258981
9.1  0.01313608029385227  0.07977013469488076
9.11  0.013517894209976677  0.08953391458125265
9.120000000000001  0.013900834790132571  0.0987988414397473
9.13  0.014279110379899651  0.10754716179726938
9.14  0.014647216572437671  0.11576207064081973
9.15  0.014999947305748107  0.12342777500162161
9.16  0.015332405031613094  0.13052955558348345
9.17  0.015640009935970756  0.1370538262007639
9.18  0.01591850819284482  0.1429881907962053
9.19  0.016163979236307524  0.14832149781471515
9.200000000000001  0.01637284203737699  0.1530438917156829
9.21  0.01654186037518829  0.1571468614138676
9.22  0.016668147094216157  0.16062328544708382
9.23  0.016749167341823773  0.16346747367779013
9.24  0.01678274078287323  0.16567520534545907
9.25  0.01676704279062577  0.1672437632969623
9.26  0.016700604615648873  0.16817196423325464
9.27  0.016582312536896404  0.16846018482239303
9.28  0.016411406001623524  0.16811038354125113
9.290000000000001  0.01618747476321325  0.16712611812112294
9.3  0.015910455028408627  0.16551255848586355
9.31  0.015580624627847761  0.16327649508513026
9.32  0.015198597226127958  0.16042634253951327
9.33  0.014765315589940764  0.15697213852920588
9.34  0.014282043935098326  0.15292553787278784
9.35  0.0137503593754299  0.1482998017581267
9.36  0.013172142498752648  0.1431097821029921
9.370000000000001  0.012549567097142666  0.13737190103869032
9.38  0.011885089080798938  0.1311041255260181
9.39  0.01118143460672355  0.12432593712879564
9.4  0.010441587455327556  0.11705829698626302
9.41  0.009668775689864934  0.1093236060416143
9.42  0.008866457635309938  0.10114566059992194
9.43  0.008038307214907281  0.09254960330439073
9.44  0.0071881986841701995  0.08356186963555916
9.450000000000001  0.006320190803536935  0.07421013005340169
9.46  0.005438510492212806  0.06452322791730829
9.47  0.0045475360069818505  0.054531113333644424
9.48  0.0036517796909068256  0.04426477309497044
9.49  0.002755870337827787  0.033756156888741284
9.5  0.0018645352195353904  0.02303809996676763
9.51  0.0009825818232273298  0.012144242479534759
9.52  0.00011487934763398933  0.0011089456916326401
9.53  -0.0007336599933181476  -0.010032794693767569
9.540000000000001  -0.0015580998099032073  -0.021245437862570396
9.55  -0.00235349846936056  -0.03249298962052634
9.56  -0.003114928072092238  -0.04373909626866747
9.57  -0.003837493421244065  -0.05494714035618801
9.58  -0.004516350935658775  -0.06608033803587321
9.59  -0.005146727456318723  -0.0771018377400101
9.6  -0.005723938896629643  -0.08797481988873468
9.61  -0.006243408687278795  -0.09866259733746598
9.620000000000001  -0.006700685966908926  -0.10912871626581064
9.63  -0.007091463470412729  -0.11933705720696944
9.64  -0.00741159506739085  -0.12925193591428327
9.65  -0.007657112904169067  -0.13883820376008182
9.66  -0.007824244103647501  -0.14806134736159615
9.67  -0.007909426978395029  -0.15688758712918896
9.68  -0.00790932671346807  -0.16528397443364792
9.69  -0.00782085047675235  -0.17321848709183704
9.700000000000001  -0.007641161915977815  -0.18066012287339314
9.71  -0.0073676950029818306  -0.18757899073564283
9.72  -0.006998167187398319  -0.19394639949932488
9.73  -0.006530591823549925  -0.19973494368398953
9.74  -0.005963289836080077  -0.20491858622927783
9.75  -0.005294900591663099  -0.20947273783643508
9.76  -0.0045243919460142  -0.2133743326734969
9.77  -0.00365106943741228  -0.21660190019748213
9.78  -0.002674584599951707  -0.21913563285771664
9.790000000000001  -0.0015949423718767813  -0.22095744945593387
9.8  -0.0004125075764763869  -0.2220510539511275
9.81  0.0008719895447289253  -0.22240198951014933
9.82  0.0022574487645511607  -0.22199768761879546
9.83  0.003742396284119376  -0.22082751208245102
9.84  0.005324982141686939  -0.21888279776034855
9.85  0.00700297862718486  -0.21615688389299897
9.86  0.008773779711108876  -0.2126451418983638
9.870000000000001  0.010634401493840748  -0.20834499752879837
9.88  0.012581483679057967  -0.20325594729767865
9.89  0.014611292072438747  -0.1973795691017953
9.9  0.016719722104378512  -0.19071952698314915
9.91  0.01890230337294184  -0.18328156999148693
9.92  0.021154205200857076  -0.17507352512683094
9.93  0.02347024319784584  -0.16610528435931998
9.94  0.02584488681716951  -0.1563887857417664
9.950000000000001  0.028272267892858652  -0.14593798864842522
9.96  0.03074619014167254  -0.13476884319157173
9.97  0.033260139611514486  -0.12289925388537946
9.98  0.03580729605567774  -0.11034903764440723
9.99  0.03838054521003968  -0.09713987622151285
10.0  0.0409724919480976  -0.08329526320735306
