0.0  0.0  0.0
0.01  0.2951847330453624  -0.1137608161633283
0.02  0.4449586299481337  -0.18845840910667624
0.03  0.49915551185873336  -0.23522916598560836
0.04  0.5050436869339087  -0.2684549024784883
0.05  0.4845085102691864  -0.29504149769376986
0.06  0.44777243199975697  -0.3181624313301481
0.07  0.40018623019793553  -0.3393754820543718
0.08  0.34491625940978154  -0.3594937958327838
0.09  0.28406299330984786  -0.37895681137822307
0.1  0.21916636990890445  -0.39800124280620114
0.11  0.15145165859460827  -0.4167463536215487
0.12  0.08195631999725321  -0.4352396002473303
0.13  0.011598248220509798  -0.4534826505321549
0.14  -0.05878667248327654  -0.47144708694697285
0.15  -0.12842391469625156  -0.4890844007761729
0.16  -0.1965893604607704  -0.5063326808040088
0.17  -0.26260410503247805  -0.5231213092942497
0.18  -0.3258327372584773  -0.5393744109815777
0.19  -0.3856837316873826  -0.5550134930507709
0.2  -0.44161109996916886  -0.5699595406683634
0.21  -0.493116748506187  -0.5841347316301636
0.22  -0.5397531703584506  -0.5974638731342458
0.23  -0.5811262126257398  -0.6098756264646491
0.24  -0.616897733811332  -0.6213035619987352
0.25  -0.646788014864417  -0.6316870720242664
0.26  -0.6705778219463072  -0.6409721592008405
0.27  -0.6881100439896881  -0.6491121122188208
0.28  -0.6992908471826307  -0.6560680761249482
0.29  -0.7040903036917996  -0.6618095221603564
0.3  -0.7025424645475221  -0.6663146203206967
0.31  -0.6947448574720628  -0.6695705168898707
0.32  -0.680857400063679  -0.6715735187117436
0.33  -0.6611007274811286  -0.6723291858074821
0.34  -0.6357539418086706  -0.6718523340220741
0.35000000000000003  -0.6051517977401188  -0.6701669496228901
0.36  -0.5696813461674783  -0.6673060181256028
0.37  -0.5297780637243968  -0.663311270051222
0.38  -0.4859215023227658  -0.6582328467942361
0.39  -0.4386304982228662  -0.6521288902840018
0.4  -0.38845798517490354  -0.6450650606323125
0.41000000000000003  -0.3359854606390177  -0.637113986465467
0.42  -0.281817158006469  -0.6283546531277073
0.43  -0.22657398108148163  -0.6188717344049723
0.44  -0.17088725981807573  -0.6087548738455485
0.45  -0.11539238841912546  -0.5980979221405468
0.46  -0.060722408380126276  -0.5869981373665597
0.47000000000000003  -0.0075015998868060724  -0.5755553551805552
0.48  0.043660854851793635  -0.563871136289163
0.49  0.09217707323458363  -0.5520478986878954
0.5  0.1374864768931394  -0.5401880422781479
0.51  0.1790615391039049  -0.5283930735193819
0.52  0.21641321716427148  -0.5167627377597636
0.53  0.24909601488447405  -0.50539416681036
0.54  0.27671262388597556  -0.49438104918615144
0.55  0.2989180964633458  -0.48381283023252913
0.56  0.31542350731973856  -0.47377394909015336
0.5700000000000001  0.3259990664802403  -0.46434311912617676
0.58  0.330476651072438  -0.45559265807853255
0.59  0.32875172938547476  -0.4475878737254344
0.6  0.320784656620058  -0.44038651040807614
0.61  0.3066013279620351  -0.4340382612048657
0.62  0.2862931809885808  -0.4285843499848797
0.63  0.2600165458845369  -0.42405718696145595
0.64  0.22799134844174354  -0.4204801007291502
0.65  0.1904991772707692  -0.41786714910413164
0.66  0.14788073300705412  -0.4162230104051787
0.67  0.10053268347792346  -0.4155429561156294
0.68  0.04890395475062761  -0.41581290516193986
0.6900000000000001  -0.006508506355746002  -0.41700955933795747
0.7000000000000001  -0.06516445739734575  -0.41910061870173826
0.71  -0.1264855272624777  -0.42204507507974026
0.72  -0.18986077468940774  -0.4257935811375062
0.73  -0.25465258411370706  -0.4302888918223008
0.74  -0.32020284118930603  -0.43546637435725427
0.75  -0.3858393274755902  -0.4412545823737487
0.76  -0.45088227153296223  -0.44757588921420466
0.77  -0.5146509920442958  -0.4543471749258434
0.78  -0.5764705675964482  -0.46148056100183815
0.79  -0.6356784674247288  -0.46888418651351493
0.8  -0.6916310777476568  -0.4764630189194878
0.81  -0.7437100592965971  -0.48411969253789006
0.8200000000000001  -0.7913284732653433  -0.49175536742877624
0.8300000000000001  -0.8339366151525328  -0.49927060125737943
0.84  -0.8710274988223989  -0.5065662265967289
0.85  -0.9021419365385315  -0.5135442260811289
0.86  -0.9268731646964972  -0.5201085978405717
0.87  -0.9448709694548304  -0.5261662037301398
0.88  -0.9558452713949568  -0.5316275930171146
0.89  -0.959569133679792  -0.5364077944005614
0.9  -0.9558811638743211  -0.5404270695117678
0.91  -0.9446872855823256  -0.5436116213767153
0.92  -0.9259618622814219  -0.5458942517108689
0.93  -0.8997481621411091  -0.5472149613586289
0.9400000000000001  -0.8661581591213874  -0.547521488680973
0.9500000000000001  -0.8253716722072311  -0.5467697812308794
0.96  -0.7776348511710272  -0.5449243966324511
0.97  -0.7232580237053949  -0.5419588291912301
0.98  -0.6626129250679272  -0.5378557594047905
0.99  -0.5961293374641923  -0.5326072242087052
1.0  -0.524291172204884  -0.526214706477706
1.01  -0.4476320331492222  -0.5186891429993523
1.02  -0.36673030503477844  -0.5100508508417743
1.03  -0.2822038149431912  -0.5003293727419799
1.04  -0.19470411931536868  -0.48956324284072955
1.05  -0.10491047256738445  -0.4777996747780291
1.06  -0.01352353643343803  -0.4650941748339592
1.07  0.07874110835544997  -0.45151008344702187
1.08  0.17115958458305144  -0.4371180490608755
1.09  0.2630064105457972  -0.42199543883490587
1.1  0.3535611962493273  -0.40622569129946895
1.11  0.44211527858451016  -0.38989761653817945
1.12  0.5279782309821117  -0.3731046499329207
1.1300000000000001  0.6104841844059117  -0.3559440659084506
1.1400000000000001  0.688997898531995  -0.3385161584590901
1.1500000000000001  0.7629205245565728  -0.3209233955270137
1.16  0.8316950042486934  -0.303269554527656
1.17  0.8948110535849864  -0.285658846480744
1.18  0.9518096835325681  -0.26819503630405855
1.19  1.002287215240254  -0.2509805668603522
1.2  1.0458987520089411  -0.23411569431565527
1.21  1.0823610758874438  -0.2176976422697237
1.22  1.1114549425242655  -0.2018197819574869
1.23  1.1330267539399392  -0.1865708455954372
1.24  1.14698959510737  -0.17203417966090254
1.25  1.1533236265760185  -0.15828704454752757
1.26  1.1520758317854451  -0.1453999666400396
1.27  1.1433591241200298  -0.13343614839894616
1.28  1.1273508250948883  -0.12245094154509847
1.29  1.1042905312694342  -0.11249138788940408
1.3  1.07447739349728  -0.10359583176905367
1.31  1.0382668378790574  -0.09579360743352007
1.32  0.9960667632306982  -0.08910480407659005
1.33  0.9483332549595446  -0.08354011054041499
1.34  0.8955658599039478  -0.07910074102979428
1.35  0.8383024708926461  -0.07577844247556247
1.36  0.7771138734770553  -0.07355558348108845
1.37  0.7125980104464267  -0.07240532408159428
1.3800000000000001  0.6453740223223958  -0.07229186484833641
1.3900000000000001  0.5760761240209087  -0.07317077318469367
1.4000000000000001  0.5053473792476478  -0.07498938399477909
1.41  0.4338334349454681  -0.07768727126311131
1.42  0.36217627823340104  -0.08119678647164805
1.43  0.2910080777670589  -0.08544365920343061
1.44  0.22094517031681404  -0.09034765474516891
1.45  0.15258225161659467  -0.0958232830089428
1.46  0.08648682820185899  -0.10178055265008325
1.47  0.023193984056181633  -0.10812576386801448
1.48  -0.03679848754700683  -0.11476233304279444
1.49  -0.09303454055078617  -0.12159164208513513
1.5  -0.14510387889765916  -0.1285139051642096
1.51  -0.19264546831170085  -0.13542904532740496
1.52  -0.23535052495577985  -0.14223757344063953
1.53  -0.2729649542978425  -0.1488414618576822
1.54  -0.3052912192267294  -0.1551450052722651
1.55  -0.332189622353571  -0.161055661317268
1.56  -0.35357899345863086  -0.16648486364993065
1.57  -0.3694367791333909  -0.17134880049940449
1.58  -0.37979853776124006  -0.17556915195094736
1.59  -0.3847568490148413  -0.1790737795971086
1.6  -0.38445965296252255  -0.18179736259728824
1.61  -0.3791080396097066  -0.18368197464953676
1.62  -0.36895351519620156  -0.18467759688837604
1.6300000000000001  -0.35429477677071397  -0.18474256227541122
1.6400000000000001  -0.33547403141774695  -0.18384392764073462
1.6500000000000001  -0.3128729009706918  -0.18195777015756714
1.6600000000000001  -0.2869079570638148  -0.17906940568477117
1.67  -0.25802593491547715  -0.1751735270862476
1.68  -0.22669867726050608  -0.17027426132691545
1.69  -0.1934178623321127  -0.1643851448460565
1.7  -0.1586895717093432  -0.15752901741419376
1.71  -0.12302875517742937  -0.1497378353833089
1.72  -0.08695365048394789  -0.14105240593599702
1.73  -0.05098021600802676  -0.13152204462110695
1.74  -0.015616633894086596  -0.12120415912563413
1.75  0.018642059857274823  -0.11016376286941992
1.76  0.051319163487190615  -0.0984729226150357
1.77  0.08196126311031876  -0.08621014485491016
1.78  0.11014290196025282  -0.07345970626633065
1.79  0.13547091856792554  -0.06031093400788809
1.8  0.15758841090155082  -0.046857442064046795
1.81  0.17617828763477902  -0.03319633022408377
1.82  0.1909663722322426  -0.019427352604367804
1.83  0.20172403039990056  -0.005652062886060329
1.84  0.20827029658970164  0.0080270563584612
1.85  0.21047348061931737  0.021507472739556954
1.86  0.20825224101115858  0.03468748394098386
1.87  0.20157611731208805  0.047467090836242745
1.8800000000000001  0.1904655193665811  0.059748856297777306
1.8900000000000001  0.17499117722173962  0.07143874228935855
1.9000000000000001  0.15527306098279647  0.08244691801911727
1.9100000000000001  0.13147878545387678  0.09268853218013533
1.92  0.10382151973341358  0.10208444261513944
1.93  0.07255742703158656  0.11056189710897707
1.94  0.0379826647859028  0.11805515943403308
1.95  0.00042997962115842866  0.12450607524592015
1.96  -0.0397350642141076  0.1298645729455909
1.97  -0.08211818064253737  0.13408909518496942
1.98  -0.12630073629462474  0.1371469572914809
1.99  -0.17184435559481231  0.13901462951726856
2.0  -0.2182957060230351  0.13967794067602385
2.0100000000000002  -0.2651914115385787  0.13913220140851731
2.02  -0.31206304107137295  0.13738224601127866
2.0300000000000002  -0.35844211847134294  0.13444239246542666
2.04  -0.4038651003620996  0.1303363210083572
2.05  -0.4478782689688656  0.12509687229373914
2.06  -0.4900424881732016  0.11876576687902032
2.07  -0.5299377727744535  0.11139324845837388
2.08  -0.5671676231897421  0.10303765391690482
2.09  -0.6013630805748643  0.09376491391328923
2.1  -0.6321864605671886  0.08364798829738226
2.11  -0.6593347275022338  0.07276624123155082
2.12  -0.6825424749984702  0.06120476140469525
2.13  -0.7015844831952056  0.04905363320163917
2.14  -0.7162778276188211  0.036407165113697106
2.15  -0.7264835195918534  0.023363082045133397
2.16  -0.7321076632344088  0.010021688481696527
2.17  -0.7331021193825623  -0.0035149902612037418
2.18  -0.7294646721072329  -0.017144081304018417
2.19  -0.7212386989019848  -0.03076274445042654
2.2  -0.7085123509617944  -0.044269051824496385
2.21  -0.6914172552398897  -0.05756285931089082
2.22  -0.6701267550902826  -0.07054666228213917
2.23  -0.6448537112252499  -0.08312642823261725
2.24  -0.6158478893875997  -0.09521239913818814
2.25  -0.5833929655077635  -0.10671985662170311
2.2600000000000002  -0.5478031831395082  -0.11756984332557281
2.27  -0.5094197016032226  -0.12768983427049257
2.2800000000000002  -0.4686066764740722  -0.13701435241104337
2.29  -0.42574711680072075  -0.14548552308039553
2.3000000000000003  -0.381238565700008  -0.15305356254373773
2.31  -0.335488652721237  -0.1596771964486056
2.32  -0.2889105675924033  -0.16532400456527346
2.33  -0.24191850563840814  -0.1699706888463983
2.34  -0.19492313529126276  -0.1736032624968364
2.35  -0.14832713769480385  -0.17621715842616645
2.36  -0.10252086744671247  -0.17781725615212784
2.37  -0.05787818203004274  -0.17841782692689884
2.38  -0.014752485482342353  -0.1780423975638157
2.39  0.026526970645137496  -0.1767235341437087
2.4  0.0656584889444939  -0.17450254747140437
2.41  0.10237099372070406  -0.17142912282821207
2.42  0.13642673155307497  -0.16756087721947618
2.43  0.16762357606355083  -0.1629628479419833
2.44  0.19579691254913026  -0.15770691688866179
2.45  0.22082108283661858  -0.1518711755626064
2.46  0.24261037562614224  -0.14553923628409757
2.47  0.261119552652286  -0.13879949553864923
2.48  0.2763439061530485  -0.13174435582713231
2.49  0.28831884834150834  -0.12446941273715459
2.5  0.29711903876630535  -0.11707261425505923
2.5100000000000002  0.3028570605689904  -0.1096533995774544
2.52  0.30568166164311694  -0.10231182485819472
2.5300000000000002  0.30577558151794776  -0.09514768343947934
2.54  0.303352989376304  -0.0882596281634412
2.5500000000000003  0.29865656292214715  -0.08174430334266872
2.56  0.2919542417919449  -0.07569549388486772
2.57  0.2835356928120406  -0.07020329891888409
2.58  0.27370852760261294  -0.06535333705798703
2.59  0.26279431578308293  -0.0612259901633717
2.6  0.25112443931374445  -0.0578956921387191
2.61  0.23903583528934413  -0.05543026889814416
2.62  0.2268666757627133  -0.05389033520838535
2.63  0.21495203390657053  -0.053328753615400314
2.64  0.20361958601098598  -0.05379016012989789
2.65  0.19318539846043237  -0.05531056077036105
2.66  0.18394984794120897  -0.05791700245078696
2.67  0.17619372170673273  -0.061627321058933524
2.68  0.1701745427895093  -0.0664499689048927
2.69  0.16612316261525922  -0.07238392303500701
2.7  0.16424066057232883  -0.0794186752084787
2.71  0.1646955867492487  -0.08753430362942732
2.72  0.16762158031065078  -0.0967016258218109
2.73  0.1731153918767572  -0.1068824313345201
2.74  0.18123533384826412  -0.11802979227522865
2.75  0.1920001779240507  -0.13008844900007122
2.7600000000000002  0.2053885141441539  -0.14299526763783216
2.77  0.22133858070762158  -0.15667976550754178
2.7800000000000002  0.239748568618946  -0.17106469990265247
2.79  0.26047739996368113  -0.18606671516824447
2.8000000000000003  0.28334597336032424  -0.20159704249483956
2.81  0.3081388649382369  -0.21756224639755675
2.82  0.3346064681067063  -0.2338650114466467
2.83  0.36246755046316964  -0.2504049624681447
2.84  0.3914122014927222  -0.26707951114471495
2.85  0.4211051402874516  -0.28378472171899644
2.86  0.4511893484111101  -0.300416188337027
2.87  0.48128998929741945  -0.3168699164689598
2.88  0.5110185722397693  -0.3330432008091661
2.89  0.5399773161435228  -0.3488354920882865
2.9  0.5677636658014169  -0.364149245325512
2.91  0.5939749115453429  -0.3788907422096177
2.92  0.6182128617455687  -0.3929708805205359
2.93  0.6400885167881083  -0.4063059237877386
2.94  0.6592266928725474  -0.41881820472483366
2.95  0.6752705442414676  -0.4304367763786935
2.96  0.6878859332771152  -0.44109800538261673
2.97  0.6967655992744054  -0.4507461022026379
2.98  0.7016330786084317  -0.45933358380978095
2.99  0.7022463314410735  -0.46682166479416404
3.0  0.6984010330304683  -0.4731805735543056
3.0100000000000002  0.6899334910898429  -0.47838979084151734
3.02  0.6767231544536487  -0.48243820860920494
3.0300000000000002  0.6586946825101587  -0.485324207804574
3.04  0.6358195494071475  -0.4870556544396157
3.0500000000000003  0.6081171618836793  -0.48764981398335727
3.06  0.575655474676116  -0.48713318482209667
3.0700000000000003  0.5385510927365211  -0.4855412522326159
3.08  0.49696885493162957  -0.48291816499916485
3.09  0.45112089940281136  -0.4793163374724032
3.1  0.4012652163043057  -0.474795980511734
3.11  0.347703699139276  -0.46942456536599336
3.12  0.29077971132290803  -0.4632762251259874
3.13  0.23087518986103955  -0.45643109892090916
3.14  0.16840731308529747  -0.44897462452456627
3.15  0.10382476417755913  -0.44099678548233545
3.16  0.037603626695697  -0.4325913192620169
3.17  -0.02975704756913636  -0.4238548932678817
3.18  -0.09773995436114265  -0.41488625583431127
3.19  -0.16581448904595747  -0.40578536953109423
3.2  -0.23344188492289195  -0.39665253426486097
3.21  -0.3000804854026682  -0.3875875077489422
3.22  -0.3651910959610222  -0.3786886309363953
3.23  -0.4282423606091256  -0.3700519659678709
3.24  -0.4887161070275949  -0.3617704540777167
3.25  -0.5461126044993247  -0.3539331007292754
3.2600000000000002  -0.5999556793508658  -0.34662419501503916
3.27  -0.6497976337681087  -0.33992257006143894
3.2800000000000002  -0.6952239155805919  -0.333900910823891
3.29  -0.7358574888931457  -0.32862511524855087
3.3000000000000003  -0.7713628582631282  -0.3241537143164128
3.31  -0.8014497024478575  -0.320537355977049
3.3200000000000003  -0.8258760775482001  -0.3178183574276717
3.33  -0.8444511536121385  -0.3160303296032074
3.34  -0.8570374533944938  -0.3151978771196686
3.35  -0.8635525669489571  -0.31533637626177835
3.36  -0.863970321005706  -0.3164518329320943
3.37  -0.8583213876084905  -0.31854082178865045
3.38  -0.8466933221925896  -0.32159050709731846
3.39  -0.8292300271211336  -0.3255787451197524
3.4  -0.8061306426015932  -0.330474267153998
3.41  -0.7776478728159916  -0.33623694164869744
3.42  -0.7440857609562468  -0.3428181131293077
3.43  -0.7057969325990676  -0.3501610150117808
3.44  -0.6631793324232623  -0.3582012527414213
3.45  -0.61667248460766  -0.3668673530876783
3.46  -0.5667533122943855  -0.3760813748546468
3.47  -0.5139315562063297  -0.3857595757370181
3.48  -0.4587448368199298  -0.3958131295666594
3.49  -0.4017534083684227  -0.40614888776013935
3.5  -0.3435346563454464  -0.4166701783960719
3.5100000000000002  -0.28467739305697937  -0.4272776360264493
3.52  -0.22577600810031306  -0.437870055060939
3.5300000000000002  -0.16742453240524272  -0.44834525935975
3.54  -0.11021067563567913  -0.4586009805308846
3.5500000000000003  -0.0547098973047613  -0.46853573735254683
3.56  -0.001479571895657813  -0.4780497087318998
3.5700000000000003  0.04894669239775771  -0.48704559266724595
3.58  0.09606452298666085  -0.49542944380164805
3.59  0.13940398382765193  -0.5031114823409002
3.6  0.17853445403139878  -0.5100068673560467
3.61  0.21306913321950777  -0.5160364277981792
3.62  0.24266912627679094  -0.5211273449183578
3.63  0.26704706420991403  -0.5252137802050719
3.64  0.28597022234373404  -0.5282374434220168
3.65  0.29926310201848916  -0.5301480958461143
3.66  0.306809447245696  -0.5309039843651133
3.67  0.3085536733847329  -0.5304722026909944
3.68  0.30450169075979844  -0.5288289765746055
3.69  0.29472111218890185  -0.5259598705630137
3.7  0.2793408395818065  -0.5218599145183535
3.71  0.2585500310197446  -0.5165336488095934
3.72  0.2325964559925632  -0.5099950877906885
3.73  0.2017842526752326  -0.5022676018839445
3.74  0.16647110721168668  -0.4933837192900186
3.75  0.12706488087788537  -0.48338484903975737
3.7600000000000002  0.08401971665683458  -0.47232092778201745
3.77  0.03783166211821769  -0.46024999335989647
3.7800000000000002  -0.010966149501246702  -0.4472376888597004
3.79  -0.06180871352517634  -0.4333567014170708
3.8000000000000003  -0.11410471274162919  -0.418686140627783
3.81  -0.16724236671229328  -0.4033108619319626
3.8200000000000003  -0.22059551411189934  -0.38732074081532286
3.83  -0.2735298681895042  -0.37080990409545095
3.84  -0.3254093835071024  -0.35387592493143555
3.85  -0.3756026707927041  -0.3366189885081058
3.86  -0.42348939605960595  -0.31914103559906776
3.87  -0.4684666000995693  -0.30154489140346474
3.88  -0.5099548750564221  -0.2839333871782542
3.89  -0.547404336024233  -0.26640848224970387
3.9  -0.5803003274787784  -0.2490703939842536
3.91  -0.6081688068256982  -0.23201674322985408
3.92  -0.6305813504091842  -0.2153417226050174
3.93  -0.6471597309418412  -0.19913529481521045
3.94  -0.6575800194539448  -0.1834824279166485
3.95  -0.6615761694779464  -0.1684623741281794
3.96  -0.6589430462359258  -0.15414799841561713
3.97  -0.6495388690337259  -0.14060516264275638
3.98  -0.6332870408314288  -0.1278921706031895
3.99  -0.6101773449981213  -0.11605927872097314
4.0  -0.5802664955091831  -0.1051482766408463
4.01  -0.5436780332437746  -0.09519214132482284
4.0200000000000005  -0.5006015675248902  -0.08621476763693658
4.03  -0.4512913685487383  -0.07823077773706678
4.04  -0.3960643228090016  -0.07124541092389079
4.05  -0.335297269969917  -0.06525449487198215
4.0600000000000005  -0.26942374581538664  -0.06024449850483553
4.07  -0.1989301618380158  -0.05619266604031545
4.08  -0.12435145767127136  -0.053067231043703186
4.09  -0.046266267853510415  -0.05082770863227919
4.1  0.034708350709601266  -0.049425263300153066
4.11  0.117922579796942  -0.04880314917868662
4.12  0.2026998347317669  -0.0488972189220047
4.13  0.2883430349660463  -0.049636496814131556
4.14  0.374141089504626  -0.05094381113939671
4.15  0.459375534088164  -0.052736480345646854
4.16  0.5433272554844131  -0.05492704706500027
4.17  0.6252832373117289  -0.05742405364329306
4.18  0.7045432615453445  -0.06013285247070374
4.19  0.780426500240578  -0.06295644410524333
4.2  0.8522779330427003  -0.06579633594063386
4.21  0.9194745277314937  -0.06855341399251441
4.22  0.981431123352621  -0.0711288202635129
4.23  1.037605958394926  -0.07342482809950979
4.24  1.0875057899536833  -0.07534570796674318
4.25  1.1306905538398508  -0.07679857616220817
4.26  1.1667775201139208  -0.07769421911730054
4.2700000000000005  1.195444903495413  -0.0779478861656757
4.28  1.2164348934747555  -0.07748004391890181
4.29  1.2295560746797856  -0.07621708572545788
4.3  1.2346852140667295  -0.07409199007701826
4.3100000000000005  1.231768397754866  -0.07104492226750282
4.32  1.220821506742423  -0.06702377410117942
4.33  1.2019300272641142  -0.061984636982030994
4.34  1.175248198112661  -0.055892204292981744
4.3500000000000005  1.1409975037817766  -0.048720099585490895
4.36  1.0994645287308784  -0.04045112774215726
4.37  1.0509981943576052  -0.031077446941846953
4.38  0.9960064063301509  -0.020600659942736452
4.39  0.9349521457166321  -0.009031823897593392
4.4  0.8683490427954587  0.0036086213783322607
4.41  0.7967564774844182  0.017291006059365305
4.42  0.7207742549366566  0.031976662551951626
4.43  0.6410369089730268  0.04761823530723837
4.44  0.5582076896112171  0.06416006550921956
4.45  0.47297229397772356  0.08153864729266216
4.46  0.38603240231832503  0.09968315152199064
4.47  0.29809908263395485  0.11851601257272439
4.48  0.20988612864250547  0.13795357300611424
4.49  0.12210339629375455  0.15790678051965484
4.5  0.035450203938670065  0.17828193109565288
4.51  -0.049391139521302314  0.19898145186047075
4.5200000000000005  -0.13176161559684632  0.21990471681207072
4.53  -0.2110315254202492  0.24094888827542765
4.54  -0.2866062089853457  0.2620097767067981
4.55  -0.3579313994266134  0.2829827112899563
4.5600000000000005  -0.4244981611159906  0.30376341365165094
4.57  -0.48584736463054606  0.32424886696956184
4.58  -0.5415736563806332  0.3443381727538057
4.59  -0.5913288858376519  0.36393338765100736
4.6000000000000005  -0.6348249588113059  0.3829403327463506
4.61  -0.6718360910418767  0.4012693680204946
4.62  -0.702200442435403  0.4188361248511311
4.63  -0.7258211185173677  0.43556218972776206
4.64  -0.7426665320515616  0.451375732666881
4.65  -0.7527701242014331  0.4662120741647178
4.66  -0.7562294510382868  0.4800141848963383
4.67  -0.7532046475613832  0.4927331127506019
4.68  -0.7439162876278198  0.5043283321646991
4.69  -0.7286426642365734  0.5147680110700352
4.7  -0.7077165204152246  0.5240291910576451
4.71  -0.6815212664689825  0.5320978765829611
4.72  -0.6504867245242548  0.5389690291125616
4.73  -0.6150844460948737  0.5446464620098289
4.74  -0.5758226527900543  0.549142631580046
4.75  -0.533240854252173  0.5524783189330981
4.76  -0.48790420095992665  0.5546821960089996
4.7700000000000005  -0.4403976326793446  0.5557902670088065
4.78  -0.3913198861451574  0.5558451732274855
4.79  -0.3412774281055212  0.5548953443638128
4.8  -0.29087838233140495  0.5529939719698034
4.8100000000000005  -0.24072652184921614  0.5501977695247001
4.82  -0.19141540094523982  0.5465654666466617
4.83  -0.14352270613470156  0.5421559588855611
4.84  -0.09760491248764952  0.5370259938713219
4.8500000000000005  -0.054192343489852135  0.5312272099297703
4.86  -0.013784752524904222  0.5248022381371938
4.87  0.023152421581148386  0.5177794033532952
4.88  0.05619091201138444  0.510165258309405
4.89  0.08494127240197163  0.5019336491760436
4.9  0.10905279194174149  0.49300902243112266
4.91  0.1282107640428583  0.4832397777397602
4.92  0.14212941670275261  0.4723536148209986
4.93  0.15053717485049878  0.45987856261185506
4.94  0.15314728821876303  0.4449945213850325
4.95  0.14959831605595397  0.4262339211792468
4.96  0.13932799553447853  0.40082820131980273
4.97  0.1212939808644829  0.3631587851876876
4.98  0.0933865444433106  0.30092372954812074
4.99  0.05204001433470865  0.18788626956860466
5.0  9.635373388323458e-16  4.108913681322521e-15
5.01  -0.03468982938926443  -0.18886878923120826
5.0200000000000005  -0.038148954866620316  -0.3041157367123278
5.03  -0.022481510134162542  -0.3690620463858473
5.04  0.003557902103349931  -0.4097632960264514
5.05  0.035976680900922424  -0.43852203661584876
5.0600000000000005  0.07274781810731071  -0.4610035116969435
5.07  0.11262169201722866  -0.4800344950025573
5.08  0.15468275089612268  -0.49714223082680453
5.09  0.19817297442366025  -0.5132042624221195
5.1000000000000005  0.2424162263018272  -0.5287460568618632
5.11  0.286784399198625  -0.5440884684869819
5.12  0.33068240284719214  -0.559426030123152
5.13  0.3735422621362346  -0.5748710935909696
5.14  0.4148218527168457  -0.5904800730077125
5.15  0.4540060657504773  -0.6062698187143558
5.16  0.49060923740123263  -0.6222283067703085
5.17  0.5241781902948257  -0.6383219297324254
5.18  0.5542954990647372  -0.6545006883329197
5.19  0.5805827365117  -0.6707020489874291
5.2  0.6027035397259056  -0.6868539308398621
5.21  0.6203663856028222  -0.7028771104935737
5.22  0.6333269972473732  -0.7186872271261654
5.23  0.6413903246043062  -0.7341965056170816
5.24  0.6444120585343867  -0.7493152741974982
5.25  0.6422996498654447  -0.7639533265956823
5.26  0.6350128150509101  -0.7780211612140887
5.2700000000000005  0.622563518758393  -0.7914311182457843
5.28  0.6050154314480299  -0.804098427795961
5.29  0.5824828670500592  -0.8159421767523181
5.3  0.5551292123618217  -0.8268861985352397
5.3100000000000005  0.5231648658325091  -0.8368598874272696
5.32  0.4868447090226822  -0.845798937581061
5.33  0.44646513922130404  -0.8536460057997224
5.34  0.40236069646606926  -0.8603512966108731
5.3500000000000005  0.35490032252503756  -0.8658730679025674
5.36  0.3044832932363377  -0.8701780553745356
5.37  0.25153486894428206  -0.8732418142233862
5.38  0.1965017105923911  -0.8750489767817368
5.39  0.13984711131598068  -0.8755934252356434
5.4  0.08204609510323999  -0.8748783790262284
5.41  0.02358043525222896  -0.8729163970794724
5.42  -0.03506635406567715  -0.8697292955857753
5.43  -0.09341399981813746  -0.8653479826538942
5.44  -0.15099037294842413  -0.8598122117800715
5.45  -0.20733626041360143  -0.8531702566919228
5.46  -0.26200995647900416  -0.845478510738538
5.47  -0.3145916255284005  -0.8368010145948782
5.48  -0.3646873913558208  -0.827208916622234
5.49  -0.4119331110817799  -0.8167798707705042
5.5  -0.45599779544854896  -0.8055973774160331
5.51  -0.4965866412550692  -0.793750072995274
5.5200000000000005  -0.5334436460486291  -0.7813309747144885
5.53  -0.5663537798490993  -0.7684366869848633
5.54  -0.5951446935918167  -0.7551665765468343
5.55  -0.6196879490836107  -0.7416219235040722
5.5600000000000005  -0.6398997605177741  -0.7279050556836504
5.57  -0.6557412429312441  -0.7141184738726306
5.58  -0.6672181683534681  -0.7003639755510208
5.59  -0.674380235733859  -0.6867417847461901
5.6000000000000005  -0.6773198659861551  -0.6733496955739079
5.61  -0.6761705385974668  -0.6602822369068494
5.62  -0.6711046911628245  -0.6476298654233844
5.63  -0.6623312078703889  -0.6354781940395074
5.64  -0.6500925273288283  -0.6239072624167011
5.65  -0.634661404150577  -0.6129908558712103
5.66  -0.6163373623402936  -0.6027958785885883
5.67  -0.5954428817487335  -0.5933817865751125
5.68  -0.5723193616051926  -0.5848000852588154
5.69  -0.5473229074074564  -0.5770938960918462
5.7  -0.5208199892044043  -0.5702975959075197
5.71  -0.49318302053437607  -0.5644365321548291
5.72  -0.4647859079706683  -0.5595268164758945
5.73  -0.43599962136749654  -0.5555751984133342
5.74  -0.40718783449494866  -0.5525790203408616
5.75  -0.37870268480537267  -0.5505262540073834
5.76  -0.3508806995977173  -0.5493956183786599
5.7700000000000005  -0.3240389338568158  -0.5491567777571913
5.78  -0.2984713625647738  -0.5497706184665644
5.79  -0.27444556733808784  -0.5511896017069338
5.8  -0.2521997538704167  -0.5533581895295654
5.8100000000000005  -0.23194013289328494  -0.5562133402460537
5.82  -0.21383869324748958  -0.5596850689874239
5.83  -0.19803139123111774  -0.5636970685650267
5.84  -0.1846167757046532  -0.5681673852637555
5.8500000000000005  -0.17365506354025834  -0.5730091437232215
5.86  -0.16516767495470933  -0.5781313146381128
5.87  -0.1591372331181099  -0.5834395186388137
5.88  -0.15550802723964782  -0.5888368594005313
5.89  -0.15418693315347218  -0.5942247787765232
5.9  -0.15504478031852326  -0.5995039265605374
5.91  -0.15791814916137303  -0.6045750373570703
5.92  -0.16261157788466726  -0.6093398069764941
5.93  -0.1689001532881671  -0.6137017607760948
5.94  -0.1765324558538089  -0.6175671064375202
5.95  -0.1852338253778325  -0.6208455638054757
5.96  -0.19470990983458666  -0.6234511646105743
5.97  -0.2046504569673786  -0.625303015159278
5.98  -0.2147333053565607  -0.6263260153937166
5.99  -0.22462852944383985  -0.6264515281009286
6.0  -0.23400269121920936  -0.6256179924816302
6.01  -0.2425231500230741  -0.6237714767691289
6.0200000000000005  -0.24986238119420284  -0.6208661651154307
6.03  -0.2557022541131742  -0.6168647745292773
6.04  -0.25973822055280177  -0.6117388982549785
6.05  -0.26168336514840207  -0.6054692726162203
6.0600000000000005  -0.26127227123280333  -0.5980459650100255
6.07  -0.25826465722809216  -0.5894684814170812
6.08  -0.2524487412285335  -0.5797457924897185
6.09  -0.24364429432048146  -0.5688962779821048
6.1000000000000005  -0.23170534653473682  -0.5569475899924382
6.11  -0.21652251307917222  -0.5439364361881636
6.12  -0.19802491261437352  -0.5299082848763027
6.13  -0.17618165376857156  -0.514916994456054
6.140000000000001  -0.15100287079304528  -0.4990243704438897
6.15  -0.12254029418475246  -0.4822996538869873
6.16  -0.09088734719661058  -0.4648189455734117
6.17  -0.05617876436276005  -0.44666457100209334
6.18  -0.01858973343014757  -0.4279243915872827
6.19  0.021665432647594077  -0.40869106803664274
6.2  0.0643350817898726  -0.38906128225531184
6.21  0.10913244998285072  -0.3691349244865222
6.22  0.15573830770001723  -0.34901425269982134
6.23  0.20380399895642784  -0.3288030314776874
6.24  0.2529548419701428  -0.30860565782864297
6.25  0.3027938562923807  -0.28852628146799736
6.26  0.35290577752203467  -0.2686679271554239
6.2700000000000005  0.40286131738227243  -0.24913162666094665
6.28  0.4522216240435005  -0.23001556784808233
6.29  0.5005428951605974  -0.2114142682152423
6.3  0.5473810941803923  -0.19341778002562876
6.3100000000000005  0.5922967190899613  -0.17611093388326038
6.32  0.6348595719336064  -0.15957262728110264
6.33  0.6746534771375131  -0.14387516425915706
6.34  0.7112808969506164  -0.1290836518693442
6.3500000000000005  0.7443673931370137  -0.11525545865371115
6.36  0.7735658854327969  -0.10243973980732185
6.37  0.7985606591947106  -0.09067703312159539
6.38  0.8190710771018728  -0.07999892919299541
6.390000000000001  0.8348549526998569  -0.0704278187409113
6.4  0.8457115469700287  -0.06197671921303368
6.41  0.8514841529307204  -0.05464918217212092
6.42  0.8520622374922446  -0.048439282260781834
6.43  0.8473831143508573  -0.0433316878366968
6.44  0.837433126570475  -0.039301812665728346
6.45  0.8222483226148386  -0.036316047360648585
6.46  0.8019146149029689  -0.03433206856482595
6.47  0.7765674154122962  -0.0332992232090647
6.48  0.7463907483886921  -0.0331589845217319
6.49  0.7116158457831113  -0.03384547585284522
6.5  0.6725192365613483  -0.03528605778737979
6.51  0.6294203464684532  -0.0374019734766409
6.5200000000000005  0.582678630114175  -0.04010904661394587
6.53  0.5326902623246651  -0.043318426026323284
6.54  0.47988442052357233  -0.046937370451451965
6.55  0.424719194411324  -0.050870066722067675
6.5600000000000005  0.3676771633553872  -0.055018474291589785
6.57  0.3092606856424464  -0.05928318880719978
6.58  0.24998694703395483  -0.06356431727208162
6.59  0.19038281887362474  -0.06776235723832735
6.6000000000000005  0.13097957828752288  -0.07177907243711881
6.61  0.07230754476815854  -0.07551835728337968
6.62  0.014890688623443726  -0.07888708278799202
6.63  -0.04075873261574643  -0.08179591657100159
6.640000000000001  -0.09414545370773342  -0.0841601098926675
6.65  -0.14479634156970456  -0.08590024490373688
6.66  -0.1922653410868318  -0.08694293565958337
6.67  -0.23613817416029872  -0.08722147684178687
6.68  -0.2760367415711478  -0.0866764345819969
6.69  -0.3116231800504908  -0.08525617428253489
6.7  -0.34260353027055696  -0.08291732087189804
6.71  -0.3687309752723363  -0.07962514751641606
6.72  -0.38980861308590403  -0.07535388942675415
6.73  -0.40569173193733554  -0.07008698004441587
6.74  -0.41628956142383866  -0.06381720756329912
6.75  -0.4215664783267589  -0.056546790428938
6.76  -0.42154265126548224  -0.04828737115735178
6.7700000000000005  -0.41629411411881867  -0.03905992852041751
6.78  -0.4059522639942852  -0.02889460884928202
6.79  -0.3907027854504176  -0.01783047790544274
6.8  -0.37078400861133165  -0.005915195454793695
6.8100000000000005  -0.3464847146948389  0.006795384652897316
6.82  -0.3181414082444585  0.020237685453529847
6.83  -0.2861350809515319  0.03434094482839546
6.84  -0.2508874973178408  0.04902781581689991
6.8500000000000005  -0.2128570374852292  0.0642150241068548
6.86  -0.17253413729367517  0.07981407703320957
6.87  -0.13043636997204425  0.09573201797142743
6.88  -0.08710321777163234  0.11187221961965244
6.890000000000001  -0.04309058527770165  0.12813520932805555
6.9  0.0010348909561910989  0.1444195193568736
6.91  0.04470167944635546  0.1606225547293294
6.92  0.08733927869846894  0.17664147119344997
6.93  0.1283841700271997  0.19237405571939684
6.94  0.16728573771323504  0.20771960193666666
6.95  0.20351209597134517  0.22257977295899373
6.96  0.236555762859265  0.23685944415332894
6.97  0.2659391225270297  0.250467518582059
6.98  0.2912196190813804  0.26331770808318206
6.99  0.3119946278003902  0.2753292732494219
7.0  0.3279059524580965  0.2864277159216795
7.01  0.33864390107772335  0.29654541822171815
7.0200000000000005  0.3439508964905141  0.30562222261005956
7.03  0.3436245825957576  0.3136059479637478
7.04  0.33752039215102503  0.32045283722049706
7.05  0.3255535472215393  0.3261279327260201
7.0600000000000005  0.3077004690304988  0.3306053760449983
7.07  0.2839995798221769  0.3338686296477496
7.08  0.2545514854174787  0.3359106185585935
7.09  0.21951853334626958  0.33673379074237825
7.1000000000000005  0.1791237477192674  0.33635009570666236
7.11  0.13364914829124147  0.33478088150260504
7.12  0.08343346740226691  0.3320567110115812
7.13  0.02886928460203188  0.32821709910086716
7.140000000000001  -0.029600395299721395  0.3233101729144325
7.15  -0.09148608931548491  0.31739225822798917
7.16  -0.156256271655092  0.310527395435305
7.17  -0.223342255509292  0.3027867893398859
7.18  -0.29214347471966196  0.2942481974972108
7.19  -0.362033114629786  0.284995262382826
7.2  -0.4323640377275676  0.275116793146232
7.21  -0.5024749465405662  0.2647060031454254
7.22  -0.5716967236680014  0.2538597098384434
7.23  -0.6393588868521667  0.242677503932981
7.24  -0.704796095630178  0.2312608949603307
7.25  -0.7673546453787232  0.21971244064328413
7.26  -0.8263988844793388  0.20813486756740307
7.2700000000000005  -0.8813174908913078  0.19663019073999052
7.28  -0.9315295456199584  0.18529883963072777
7.29  -0.9764903423983022  0.17423879823184074
7.3  -1.0156968753432187  0.1635447665547488
7.3100000000000005  -1.0486929493798731  0.15330735079500746
7.32  -1.0750738618201685  0.14361228915004542
7.33  -1.0944906075984129  0.13453971996639205
7.34  -1.1066535652680387  0.12616349852790304
7.3500000000000005  -1.1113356259034979  0.11855056837661941
7.36  -1.1083747324795918  0.11176039258740027
7.37  -1.0976758030637466  0.10584444990000455
7.38  -1.0792120171970028  0.1008458000526826
7.390000000000001  -1.0530254510965646  0.09679872206411129
7.4  -1.0192270537241468  0.09372842858105193
7.41  -0.9779959622656266  0.09165085875266694
7.42  -0.9295781620936282  0.09057255141483508
7.43  -0.874284502769966  0.09049059967475404
7.44  -0.8124880880241009  0.09139268728370656
7.45  -0.7446210638530633  0.09325720648007854
7.46  -0.6711708348644967  0.09605345628168283
7.47  -0.5926757446681808  0.0997419195122323
7.48  -0.5097202614545074  0.10427461616735645
7.49  -0.4229297148274751  0.10959553006680664
7.5  -0.33296463443503177  0.11564110510708289
7.51  -0.2405147449157787  0.12234080682809405
7.5200000000000005  -0.14629267511758515  0.1296177444438226
7.53  -0.05102744240656531  0.13738934796521357
7.54  0.04454222485635709  0.14556809456806485
7.55  0.13967466196006081  0.15406227793372382
7.5600000000000005  0.23363207390823348  0.16277681391954119
7.57  0.32568730686602665  0.1716140756025016
7.58  0.4151305192692038  0.18047475048596193
7.59  0.5012756878490419  0.18925871246811735
7.6000000000000005  0.5834668854432963  0.1978659010433773
7.61  0.6610842697077197  0.2061972001454043
7.62  0.7335497246927014  0.21415530904358013
7.63  0.8003321006760602  0.22164559777319184
7.640000000000001  0.8609520016121491  0.22857693971300846
7.65  0.914986074029106  0.2348625141210748
7.66  0.9620707561353256  0.24042057169871522
7.67  1.0019054512336343  0.24517515657168562
7.68  1.0342550952337657  0.24905677845341978
7.69  1.058952094042958  0.2520030291851304
7.7  1.0758976128411262  0.25395913832743267
7.71  1.0850622056482644  0.25487846300396577
7.72  1.0864857801033196  0.2547229077647806
7.73  1.0802768989305356  0.2534632708410197
7.74  1.0666114261052777  0.2510795137975048
7.75  1.0457305321810575  0.24756095225074903
7.76  1.017938079538598  0.24290636600094798
7.7700000000000005  0.9835974144027392  0.2371240276217896
7.78  0.9431275982836546  0.23023164925544934
7.79  0.8969991169762882  0.22225624806583194
7.8  0.845729110342818  0.21323393150495112
7.8100000000000005  0.7898761707549867  0.20320960423912554
7.82  0.7300347622419472  0.1922365992575938
7.83  0.6668293160320707  0.1803762363402523
7.84  0.6009080612589844  0.16769731168795787
7.8500000000000005  0.5329366520926534  0.15427552311268034
7.86  0.46359165443068423  0.14019283574080238
7.87  0.39355395652658076  0.12553679369597726
7.88  0.3235021685276707  0.11039978369409492
7.890000000000001  0.2541060758414515  0.0948782568976359
7.9  0.18602021054721968  0.07907191573686956
7.91  0.11987760372671963  0.06308287270744488
7.92  0.05628377962017293  0.04701478839574134
7.930000000000001  -0.004188950059363744  0.030971996162365803
7.94  -0.061006836470368  0.01505862102933776
7.95  -0.113679637158659  -0.0006222996337112641
7.96  -0.1617651054586564  -0.015969686044487966
7.97  -0.2048729831596814  -0.03088526906543247
7.98  -0.24266845889659774  -0.045274419030496546
7.99  -0.2748750601677068  -0.05904694319744768
8.0  -0.3012769526335288  -0.0721178449526575
8.01  -0.32172062634945287  -0.08440803822541075
8.02  -0.3361159547726339  -0.09584501095534224
8.03  -0.34443661869518905  -0.10636343189629414
8.040000000000001  -0.3467198936284264  -0.11590569552889554
8.05  -0.34306580553160293  -0.12442240038820422
8.06  -0.33363566607928236  -0.13187275668745085
8.07  -0.31865000483022377  -0.13822491972892437
8.08  -0.2983859216359383  -0.14345624623353442
8.09  -0.27317388834835377  -0.1475534713856713
8.1  -0.2433940342965278  -0.1505128050741312
8.11  -0.2094719550479795  -0.15233994650710786
8.120000000000001  -0.1718740886004774  -0.15305001708357818
8.13  -0.1311027073201983  -0.15266741210871523
8.14  -0.087690577609638  -0.1512255726412079
8.15  -0.0421953424194823  -0.14876667944947028
8.16  0.004806315719161762  -0.14534127172576722
8.17  0.05272467149498811  -0.1410077938564354
8.18  0.10096305244211173  -0.13583207416708704
8.19  0.14892397164616708  -0.12988674014853793
8.2  0.19601523567600776  -0.12325057521714566
8.21  0.24165596640378945  -0.1160078225676468
8.22  0.28528247651292643  -0.10824744213288291
8.23  0.32635394023746683  -0.10006232706930378
8.24  0.36435780320590866  -0.09154848653621554
8.25  0.39881487815437205  -0.08280420182729731
8.26  0.42928407669416346  -0.07392916314275824
8.27  0.4553667312329388  -0.0650235944571908
8.28  0.47671046551368434  -0.05618737404076778
8.290000000000001  0.4930125770062532  -0.04751915822861861
8.3  0.504022899511703  -0.03911551600492316
8.31  0.509546119766967  -0.031070081874705505
8.32  0.5094435275092108  -0.02347273433820165
8.33  0.5036341843174831  -0.016408807061424516
8.34  0.4920955025326821  -0.009958339554198392
8.35  0.47486323160373606  -0.004195373825618113
8.36  0.45203085525654063  0.000812696910056077
8.370000000000001  0.42374840886956594  0.005005721853582956
8.38  0.39022073230608845  0.008331323441474144
8.39  0.3517051791365702  0.010745360783933542
8.4  0.30850880862960184  0.012212321718453068
8.41  0.26098509203906206  0.012705640093760878
8.42  0.20953016951886883  0.01220793554432788
8.43  0.15457869840499058  0.010711173684759597
8.44  0.09659933757433058  0.008216745340372594
8.45  0.03608991608211222  0.00473546412918014
8.46  -0.02642766274059983  0.0002874824153171565
8.47  -0.09041272810885759  -0.005097873641427407
8.48  -0.15531130402988866  -0.011382348516977631
8.49  -0.22056167018390085  -0.018519079126125465
8.5  -0.28559996394947995  -0.026452991220569603
8.51  -0.34986576597897756  -0.03512126696104002
8.52  -0.412807612221517  -0.04445387962837777
8.53  -0.4738883763720333  -0.05437419085896883
8.540000000000001  -0.5325904683804654  -0.0647996052502912
8.55  -0.5884207968665577  -0.07564227668713427
8.56  -0.6409154460281281  -0.08680986029278724
8.57  -0.6896440208718553  -0.09820630351560662
8.58  -0.7342136183022608  -0.10973266952376139
8.59  -0.7742723857339423  -0.12128798580214238
8.6  -0.8095126334011377  -0.13277011062793745
8.61  -0.8396734713780739  -0.14407660994721103
8.620000000000001  -0.8645429474415164  -0.1551056370851628
8.63  -0.8839596672494641  -0.16575680769832263
8.64  -0.897813883819488  -0.1759320624182681
8.65  -0.9060480489093458  -0.18553650974267297
8.66  -0.9086568245712625  -0.19447924190024463
8.67  -0.9056865588107693  -0.2026741166494939
8.68  -0.8972342348712048  -0.21004049826544202
8.69  -0.8834459091283074  -0.21650395132083317
8.700000000000001  -0.8645146578581582  -0.22199688127604
8.71  -0.8406780581822272  -0.22645911635107305
8.72  -0.8122152332420837  -0.22983842566018378
8.73  -0.7794434960663142  -0.2320909691397732
8.74  -0.7427146306163378  -0.23318167538927456
8.75  -0.7024108520970115  -0.23308454416704708
8.76  -0.6589404917540972  -0.23178287093379676
8.77  -0.6127334540241215  -0.22926939150907996
8.78  -0.5642364960255042  -0.22554634559613002
8.790000000000001  -0.5139083809632428  -0.2206254586306794
8.8  -0.4622149580481029  -0.21452784211459627
8.81  -0.40962422199617526  -0.20728381329886195
8.82  -0.3566014050729138  -0.19893263577671022
8.83  -0.30360415398076734  -0.18952218323048492
8.84  -0.25107784267003286  -0.17910852923920875
8.85  -0.19945107039358437  -0.1677554666921106
8.86  -0.1491313920483975  -0.15553396096106373
8.870000000000001  -0.1005013250761883  -0.14252154155667968
8.88  -0.053914673963052856  -0.1288016375237973
8.89  -0.009693209720015994  -0.11446286231775525
8.9  0.03187626231677146  -0.09959825433884334
8.91  0.07054441741175092  -0.08430447968505977
8.92  0.10610148480428137  -0.06868100400930516
8.93  0.13837886017339646  -0.052829240633735924
8.94  0.1672502429428097  -0.03685168227882831
8.950000000000001  0.19263228941735772  -0.02085102390595868
8.96  0.21448477806048402  -0.004929284248799302
8.97  0.23281028856046468  0.010813066380032075
8.98  0.2476534016336112  0.02627796447509213
8.99  0.25909943171890026  0.041370590504466995
9.0  0.2672727097748856  0.056000177627318654
9.01  0.27233443824185694  0.07008078497953567
9.02  0.27448014482922345  0.08353202885054291
9.03  0.2739367660804497  0.09627976543830773
9.040000000000001  0.27095939561051186  0.10825671928795352
9.05  0.2658277354619352  0.11940305198870696
9.06  0.2588422921478838  0.12966686622016127
9.07  0.25032036161137206  0.13900464079734592
9.08  0.24059184950112847  0.1473815929603252
9.09  0.22999497482416126  0.1547719647826561
9.1  0.21887190616635782  0.16115923122858933
9.11  0.20756438026290278  0.16653622806590826
9.120000000000001  0.1964093527464879  0.1709051985337106
9.13  0.18573473040167848  0.17427775836638515
9.14  0.17585523321586288  0.17667477948049137
9.15  0.1670684329525779  0.1781261933339453
9.16  0.1596510128995552  0.17867071566104376
9.17  0.15385529088414554  0.17835549496612296
9.18  0.14990604463201612  0.17723568781748933
9.19  0.14799767510385672  0.17537396461567747
9.200000000000001  0.14829173961673847  0.17283995011089529
9.21  0.15091488238462636  0.1697096035083154
9.22  0.1559571856407059  0.16606454352188638
9.23  0.16347095978230264  0.16199132421304413
9.24  0.17346998605806901  0.15758066787597427
9.25  0.18592922025072048  0.15292666160218973
9.26  0.20078496065165408  0.14812592447106251
9.27  0.21793547843254937  0.1432767525666771
9.28  0.23724210334976437  0.13847824921292334
9.290000000000001  0.25853075262613906  0.13382944794637702
9.3  0.28159388589719636  0.1294284358090276
9.31  0.306192864338192  0.12537148454002972
9.32  0.33206068755709495  0.12175219717697887
9.33  0.35890507759572454  0.11866067744370386
9.34  0.38641187547288913  0.11618272910413696
9.35  0.4142487121719951  0.1143990922021994
9.36  0.4420689128604971  0.11338472278808921
9.370000000000001  0.4695155904625804  0.11320812235458705
9.38  0.49622588252015803  0.11393072277616242
9.39  0.5218352835940409  0.11560633206261064
9.4  0.5459820242958097  0.11828064571161809
9.41  0.5683114474148847  0.12199082787566329
9.42  0.5884803315217536  0.12676516595288004
9.43  0.6061611128889394  0.13262280157396997
9.44  0.621045957571791  0.13957354029365546
9.450000000000001  0.6328506370212287  0.14761774161081087
9.46  0.6413181626451215  0.1567462902424768
9.47  0.6462221372717056  0.16694064886906043
9.48  0.6473697844714377  0.17817299185735525
9.49  0.6446046201311441  0.19040641876037934
9.5  0.6378087345096479  0.20359524569452803
9.51  0.6269046571967588  0.21768537201072424
9.52  0.6118567819029848  0.23261471901299063
9.53  0.5926723327775804  0.24831373684032487
9.540000000000001  0.569401858936567  0.26470597502113224
9.55  0.5421392490272939  0.28170871163837663
9.56  0.5110212629061971  0.2992336355124166
9.57  0.47622658280644703  0.3171875753207337
9.58  0.4379743916642164  0.3354732691328917
9.59  0.3965224915004988  0.3539901674473943
9.6  0.35216497986297957  0.3726352624762446
9.61  0.3052295072650075  0.39130393613415043
9.620000000000001  0.2560741432626711  0.4098908189518004
9.63  0.20508388323668  0.42829065194530785
9.64  0.15266683204467887  0.4463991433338659
9.65  0.09925010443940119  0.4641138118999012
9.66  0.045275485467573415  0.48133480872413914
9.67  -0.008805103059276453  0.49796570899182324
9.68  -0.06253428152883671  0.5139142655428428
9.69  -0.11545398652788257  0.5290931158094321
9.700000000000001  -0.16711028808697503  0.5434204337260058
9.71  -0.21705819751021832  0.5568205180727989
9.72  -0.2648664127855276  0.5692243084830622
9.73  -0.31012194874227433  0.5805698199384601
9.74  -0.352434599791654  0.5908024859112708
9.75  -0.39144118421780727  0.5998753992584728
9.76  -0.4268095205353963  0.607749438351753
9.77  -0.45824208831981333  0.6143932634747927
9.78  -0.4854793280475886  0.6197831648443118
9.790000000000001  -0.5083025367081992  0.6239027381249725
9.8  -0.5265363180511398  0.6267423551072231
9.81  -0.5400505479944792  0.6282983848904388
9.82  -0.5487618164571268  0.6285721022131543
9.83  -0.5526343059242835  0.6275681908402082
9.84  -0.5516800631819896  0.6252927050630804
9.85  -0.545958611809828  0.6217502810003898
9.86  -0.5355758356756682  0.6169402732678047
9.870000000000001  -0.5206820315771715  0.6108512987643486
9.88  -0.5014689708431124  0.6034533362095471
9.89  -0.47816570330148006  0.5946859382382512
9.9  -0.4510326393373527  0.5844400209460994
9.91  -0.42035306765011854  0.5725285927603726
9.92  -0.3864205152620343  0.558637530540269
9.93  -0.34951879625062154  0.5422384103813768
9.94  -0.30988819198484163  0.5224246545334974
9.950000000000001  -0.26766342242565255  0.4975815084493073
9.96  -0.2227508507541538  0.4646669935266242
9.97  -0.17457362307242705  0.41751345168082954
9.98  -0.12159782424196569  0.3426539637791266
9.99  -0.061454149716679944  0.21162971876835107
10.0  -2.0625634798757255e-15  9.14555167080514e-15
