0.0  4.112638701684093  10.0
0.005  3.9142159000618317  10.0
0.01  3.7129315655534043  10.0
0.015  3.5089397593171077  10.0
0.02  3.3023965315755857  10.0
0.025  3.0934598022094484  10.0
0.03  2.8822892399712803  10.0
0.035  2.6690461404124592  10.0
0.04  2.453893302616156  10.0
0.045  2.2369949048307327  10.0
0.05  2.0185163790986387  10.0
0.055  1.7986242849765581  10.0
0.06  1.5774861824432884  10.0
0.065  1.3552705040923927  10.0
0.07  1.1321464267071926  10.0
0.075  0.9082837423161015  10.0
0.08  0.6838527288266725  10.0
0.085  0.4590240203370339  10.0
0.09  0.2339684772235877  10.0
0.095  0.008857056103977912  10.0
0.1  -0.21613932022555105  10.0
0.105  -0.44084989277935516  10.0
0.11  -0.6651041961991593  10.0
0.115  -0.8887321882995384  10.0
0.12  -1.1115643792435517  10.0
0.125  -1.3334319602502216  10.0
0.13  -1.5541669317359685  10.0
0.135  -1.7736022307925756  10.0
0.14  -1.9915718579047794  10.0
0.145  -2.207911002811181  10.0
0.15  -2.4224561694129023  10.0
0.155  -2.6350452996351024  10.0
0.16  -2.84551789614734  10.0
0.165  -3.0537151438496712  10.0
0.17  -3.2594800300322913  10.0
0.17500000000000002  -3.4626574631176346  10.0
0.18  -3.663094389894906  10.0
0.185  -3.8606399111582146  10.0
0.19  -4.05514539566072  10.0
0.195  -4.246464592298531  10.0
0.2  -4.4344537404394195  10.0
0.20500000000000002  -4.618971678312939  10.0
0.21  -4.799879949379958  10.0
0.215  -4.977042906601215  10.0
0.22  -5.150327814526177  10.0
0.225  -5.319604949125063  10.0
0.23  -5.484747695288774  10.0
0.23500000000000001  -5.645632641923128  10.0
0.24  -5.802139674565798  10.0
0.245  -5.954152065456151  10.0
0.25  -6.101556560990203  10.0
0.255  -6.2442434664949324  10.0
0.26  -6.382106728258219  10.0
0.265  -6.515044012752816  10.0
0.27  -6.642956782994922  10.0
0.275  -6.76575037198011  10.0
0.28  -6.883334053141648  10.0
0.28500000000000003  -6.995621107778472  10.0
0.29  -7.102528889402508  10.0
0.295  -7.203978884957263  10.0
0.3  -7.2998967728621675  10.0
0.305  -7.390212477839437  10.0
0.31  -7.474860222482798  10.0
0.315  -7.553778575529882  10.0
0.32  -7.626910496802599  9.988635833490621
0.325  -7.694203378782407  9.93412380325561
0.33  -7.755609084789911  9.87862156683208
0.335  -7.811083983740885  9.82213233362039
0.34  -7.860588981453406  9.764659717130764
0.34500000000000003  -7.904089548483391  9.706207734001087
0.35000000000000003  -7.94155574446859  9.64678080277134
0.355  -7.972962238963624  9.58638374241539
0.36  -7.998288328751459  9.525021770630955
0.365  -8.017517951619329  9.462700501888843
0.37  -8.030639696589855  9.399425945242534
0.375  -8.037646810600805  9.335204501899502
0.38  -8.038537201629651  9.270042962555696
0.385  -8.033313438261828  9.203948504494809
0.39  -8.02198274570424  9.136928688454079
0.395  -8.004556998248354  9.068991455258551
0.4  -7.981052708189907  9.000145122225822
0.405  -7.95149101121489  8.930398379343487
0.41000000000000003  -7.915897648264296  8.859760285221581
0.41500000000000004  -7.874302943892667  8.788240262822544
0.42  -7.82674178113825  8.71584809497128
0.425  -7.773253572925177  8.642593919648053
0.43  -7.713882230020741  8.56848822506718
0.435  -7.6486761255734645  8.493541844544403
0.44  -7.577688056260256  8.417765951156255
0.445  -7.500975200073527  8.341172052194548
0.45  -7.41859907078173  8.26377198341951
0.455  -7.330625469099234  8.185577903115012
0.46  -7.237124430604057  8.106602285949625
0.465  -7.138170170444347  8.026857916647208
0.47000000000000003  -7.033841024877031  7.9463578834709665
0.47500000000000003  -6.924219389684371  7.865115571525012
0.48  -6.809391655516614  7.783144655877485
0.485  -6.6894481402112085  7.700459094509539
0.49  -6.564483018141381  7.617073121094517
0.495  -6.434594246649061  7.533001237611751
0.5  -6.299883489619455  7.448258206799556
0.505  -6.160456038256625  7.362859044452087
0.51  -6.01642072912164  7.276819011564779
0.515  -5.86788985949685  7.190153606333252
0.52  -5.714979100141936  7.1028785560106
0.525  -5.557807405509342  7.015009808628077
0.53  -5.39649692148852  6.926563524584334
0.535  -5.231172890750467  6.837556068108364
0.54  -5.061963555765669  6.748003998601424
0.545  -4.889000059570404  6.657924061863337
0.55  -4.7124163443580755  6.567333181208499
0.555  -4.532349047973797  6.476248448477184
0.56  -4.34893739839211  6.384687114947615
0.5650000000000001  -4.162323106259196  6.292666582154474
0.5700000000000001  -3.972650255582404  6.200204392619476
0.5750000000000001  -3.780065192651277  6.107318220499808
0.58  -3.5847164132756455  6.014025862160105
0.585  -3.3867544484275234  5.920345226673897
0.59  -3.186331748374858  5.826294326260344
0.595  -2.9836025653961773  5.731891266662149
0.6  -2.778722835166301  5.637154237470669
0.605  -2.5718500569043026  5.542101502404121
0.61  -2.3631431723757417  5.4467513895449615
0.615  -2.1527624438420894  5.351122281542419
0.62  -1.9408693310510254  5.255232605786279
0.625  -1.7276263673620074  5.15910082455798
0.63  -1.5131970351020745  5.062745425165086
0.635  -1.2977456402475311  4.966184910065276
0.64  -1.0814371865274974  4.869437786985915
0.645  -0.8644372490458324  4.772522559045353
0.65  -0.6469118475182045  4.675457714882006
0.655  -0.429027319221404  4.578261718797382
0.66  -0.21095019175209018  4.480953000919086
0.665  0.007152944307593612  4.383549947389928
0.67  0.2251155627201834  4.286070890589155
0.675  0.4427713288214502  4.1885340993919025
0.68  0.6599542265501075  4.090957769472821
0.685  0.8764986851815629  3.993360013659926
0.6900000000000001  1.0922397056689666  3.8957588523445787
0.6950000000000001  1.3070129864950024  3.798172203953576
0.7000000000000001  1.5206550489383968  3.7006178754891823
0.705  1.7330033616595348  3.6031135531429728
0.71  1.9438964645101655  3.5056767929892887
0.715  2.153174091472726  3.4083250117640302
0.72  2.3606772926356423  3.3110754777344913
0.725  2.5662485551115894  3.2139453016658805
0.73  2.769731922806681  3.1169514278900734
0.735  2.9709731149492757  3.0201106254821495
0.74  3.169819643288304  2.923439479550106
0.745  3.3661209278719006  2.8269543826431764
0.75  3.5597284113182104  2.730671526284004
0.755  3.750495671491666  2.6346068926299098
0.76  3.938278532498931  2.538776246268414
0.765  4.12293517392037  2.4431951261520237
0.77  4.304326238193973  2.3478788376772903
0.775  4.482314936070367  2.252842444913011
0.78  4.656767150058895  2.158100762982331
0.785  4.827551535786271  2.0636683506034745
0.79  4.9945396211911826  1.9695595027936665
0.795  5.157605903479546  1.875788243740737
0.8  5.316627943767215  1.7823683198468017
0.805  5.471486459338432  1.6893131929482696
0.81  5.622065413450379  1.5966360337163903
0.8150000000000001  5.768252102616008  1.5043497152423115
0.8200000000000001  5.909937241299195  1.4124668068106674
0.8250000000000001  6.047015043958496  1.3209995678654762
0.8300000000000001  6.179383304377527  1.2299599421720164
0.835  6.3069434722223985  1.1393595521783255
0.84  6.4296007267685695  1.0492096935797086
0.845  6.547264047741682  0.9595213300896118
0.85  6.659846283219353  0.8703050884200594
0.855  6.767264214542917  0.7815712534746759
0.86  6.869438618190592  0.6933297637572805
0.865  6.966294324565855  0.6055902069988266
0.87  7.057760273657092  0.5183618160053027
0.875  7.143769567527173  0.4316534647291932
0.88  7.224259519593878  0.3454736645668305
0.885  7.299171700664661  0.2598305608838666
0.89  7.368451981691739  0.17473192977100316
0.895  7.432050573215952  0.09018517503192203
0.9  7.48992206147049  0.00619732540517548
0.905  7.542025441118021  -0.0772249679782262
0.91  7.588324144597476  -0.1600754339000625
0.915  7.62878606805928  -0.24234818312162998
0.92  7.663383593870381  -0.32403771021068184
0.925  7.69209360967325  -0.40513889512755685
0.93  7.714897523985447  -0.48564700456958276
0.935  7.7317812783291595  -0.5655576930729497
0.9400000000000001  7.742735355882727  -0.6448670038714761
0.9450000000000001  7.747754786648833  -0.723571369511784
0.9500000000000001  7.746839149136709  -0.8016676122246067
0.9550000000000001  7.739992568558411  -0.8791529440520197
0.96  7.727223711541829  -0.9560249667306301
0.965  7.708545777365845  -1.032281671330883
0.97  7.683976485725621  -1.1079214376527156
0.975  7.65353806103877  -1.1829430333781112
0.98  7.617257213305669  -1.2573456129810807
0.985  7.575165115539973  -1.3311287163958452
0.99  7.5272973777878605  -1.4042922674441674
0.995  7.473694017757252  -1.4768365720228318
1.0  7.4143994280807854  -1.548762316052505
1.0050000000000001  7.349462340238943  -1.6200705631893666
1.01  7.278935785172205  -1.6907627523009485
1.0150000000000001  7.2028770506137265  -1.7608406947079047
1.02  7.121347635176476  -1.8303065711934419
1.025  7.034413199231245  -1.8991629287824394
1.03  6.942143512614449  -1.9674126772922473
1.035  6.844612399206997  -2.0350590856574673
1.04  6.741897678427867  -2.1021057780310786
1.045  6.634081103688536  -2.168556729664373
1.05  6.521248297856451  -2.234416262568426
1.055  6.403488685778338  -2.29968904095979
1.06  6.280895423916055  -2.364380066493449
1.065  6.153565327150183  -2.4284946732859742
1.07  6.021598792808444  -2.4920385227321584
1.075  5.885099721978392  -2.55501759811838
1.08  5.74417543816563  -2.6174381990361715
1.085  5.598936603361088  -2.6793069355995325
1.09  5.449497131582593  -2.740630722469725
1.095  5.295974099958142  -2.8014167726912778
1.1  5.138487657419885  -2.8616725913432384
1.105  4.977160931079946  -2.9214059690095695
1.11  4.812119930360548  -2.9806249750730127
1.115  4.643493448953126  -3.039337950836524
1.12  4.471412964682219  -3.097553502476787
1.125  4.296012537351985  -3.1552804938341783
1.1300000000000001  4.117428704654274  -3.212528039043856
1.135  3.9358003762190914  -3.2693054950125457
1.1400000000000001  3.751268725889253  -3.3256224537459182
1.145  3.563977082302749  -3.3814887345313247
1.1500000000000001  3.374070817867272  -3.43691437598092
1.155  3.181697236212879  -3.4919096279401662
1.16  2.987005458209601  -3.5464849432669077
1.165  2.7901463066381322  -3.600650969486152
1.17  2.591272189602644  -3.654418540325912
1.175  2.3905369827754672  -3.7077986671394525
1.18  2.188095910564925  -3.760802530219345
1.185  1.9841054262973854  -3.8134414700088892
1.19  1.7787230915063974  -3.8657269782163968
1.195  1.5721074544215545  -3.9176706888380326
1.2  1.3644179277509205  -3.9692843690948445
1.205  1.1558146658509263  -4.020579910289751
1.21  0.9464584413784722  -4.07156931859024
1.215  0.7365105215199425  -4.1222647057426665
1.22  0.5261325438925248  -4.172678279723943
1.225  0.31548639221306674  -4.222822335336623
1.23  0.10473407183025696  -4.272709244753254
1.235  -0.10596241478457047  -4.32235144801606
1.24  -0.31644119249187885  -4.371761443497848
1.245  -0.5265406377886234  -4.4209517783303145
1.25  -0.7360995028672827  -4.469935038805662
1.2550000000000001  -0.9449570393343936  -4.5187238407577235
1.26  -1.152953121493422  -4.567330819928566
1.2650000000000001  -1.359928369097676  -4.615768622326753
1.27  -1.5657242694789293  -4.6640498945833055
1.2750000000000001  -1.7701832989583943  -4.712187274311473
1.28  -1.9731490434468362  -4.760193380476431
1.285  -2.1744663181416692  -4.808080803780972
1.29  -2.373981286229273  -4.855862097073269
1.295  -2.5715415765017293  -4.903549765782767
1.3  -2.7669963997981317  -4.951156258390298
1.305  -2.9601966641811983  -4.998693956938372
1.31  -3.15099508876151  -5.046175167587713
1.315  -3.339246316081945  -5.0936121112259425
1.32  -3.5248070229770274  -5.141016914134421
1.325  -3.707536029822055  -5.188401598719086
1.33  -3.887294408089045  -5.235778074311191
1.335  -4.063945586127186  -5.283158128043729
1.34  -4.237355453087372  -5.330553415809347
1.345  -4.407392460911439  -5.37797545330543
1.35  -4.573927724308639  -5.425435607172067
1.355  -4.736835118643038  -5.472945086228427
1.36  -4.89599137565757  -5.520514932813209
1.365  -5.05127617696178  -5.568156014234498
1.37  -5.202572245212448  -5.615879014334584
1.375  -5.349765432917531  -5.66369442517495
1.3800000000000001  -5.492744808796429  -5.711612538846802
1.385  -5.631402741630701  -5.759643439412244
1.3900000000000001  -5.7656349815419965  -5.807796994981252
1.395  -5.895340738635436  -5.856082849929432
1.4000000000000001  -6.0204227589491435  -5.904510417261519
1.405  -6.14078739765232  -5.953088871125411
1.41  -6.256344689436818  -6.001827139481545
1.415  -6.367008416048901  -6.050733896932199
1.42  -6.472696170910469  -6.099817557715297
1.425  -6.5733294207810715  -6.149086268867177
1.43  -6.668833564414356  -6.198547903558589
1.435  -6.759137988165  -6.24821005460825
1.44  -6.844176118504414  -6.298080028177991
1.445  -6.923885471406058  -6.3481648376535365
1.45  -6.998207698563401  -6.398471197714798
1.455  -7.067088630406311  -6.4490055185994635
1.46  -7.13047831588376  -6.499773900563481
1.465  -7.188331058983641  -6.550782128542032
1.47  -7.2406054519626135  -6.6020356670143245
1.475  -7.287264405261766  -6.653539655075548
1.48  -7.3282751740861904  -6.705298901719034
1.485  -7.363609381629308  -6.7573178813317565
1.49  -7.393243038925276  -6.8096007294059095
1.495  -7.417156561315459  -6.8621512384694405
1.5  -7.435334781517497  -6.914972854238011
1.5050000000000001  -7.4477669592881925  -6.968068671990985
1.51  -7.454446787674022  -7.021441433173615
1.5150000000000001  -7.455372395845684  -7.075093522227767
1.52  -7.450546348515764  -7.1290269636530965
1.5250000000000001  -7.4399756419412455  -7.183243419300663
1.53  -7.423671696515124  -7.2377441859006275
1.5350000000000001  -7.401650345954116  -7.292530192825809
1.54  -7.373931823092031  -7.347602000092304
1.545  -7.340540742290937  -7.402959796598761
1.55  -7.301506078484922  -7.458603398605221
1.555  -7.256861142873825  -7.514532248452683
1.56  -7.2066435552868  -7.570745413524204
1.565  -7.150895213238282  -7.6272415854482105
1.57  -7.089662257701312  -7.684019079544637
1.575  -7.022995035625787  -7.741075834514229
1.58  -6.950948059231693  -7.798409412371323
1.585  -6.873579962109834  -7.8560169986201185
1.59  -6.79095345216493  -7.913895402674491
1.595  -6.703135261438601  -7.9720410585210395
1.6  -6.6101960928518935  -8.03045002562507
1.605  -6.512210563909546  -8.089117990078979
1.61  -6.409257147410357  -8.148040265992371
1.615  -6.3014181092105375  -8.207211797123083
1.62  -6.188779443088883  -8.266627158748221
1.625  -6.071430802765092  -8.326280559773972
1.6300000000000001  -5.949465431124591  -8.386165845083008
1.635  -5.822980086705379  -8.446276498118072
1.6400000000000001  -5.692074967504441  -8.506605643700112
1.645  -5.55685363216353  -8.567146051079325
1.6500000000000001  -5.4174229185958405  -8.627890137217236
1.655  -5.27389286011728  -8.68882997029777
1.6600000000000001  -5.126376599147695  -8.749957273465226
1.665  -4.974990298549676  -8.811263428786834
1.67  -4.819853050673777  -8.87273948143748
1.675  -4.661086784181276  -8.934376144104043
1.68  -4.498816168717097  -8.99616380160657
1.685  -4.333168517506824  -9.058092515733629
1.69  -4.164273687954011  -9.120152030288558
1.695  -3.9922639803147373  -9.182331776343867
1.7  -3.8172740345284426  -9.244620877700257
1.705  -3.639440725285061  -9.30700815654707
1.71  -3.458903055410066  -9.36948213932056
1.715  -3.275802047650025  -9.43203106275652
1.72  -3.090280634942856  -9.494642880133314
1.725  -2.902483549257753  -9.557305267701688
1.73  -2.7125572090910763  -9.620005631297202
1.735  -2.5206496057052314  -9.6827311131313
1.74  -2.3269101881989984  -9.745468598756778
1.745  -2.131489747497949  -9.808204724203355
1.75  -1.9345402993550829  -9.870925883278897
1.7550000000000001  -1.7362149664520796  -9.933618235031838
1.76  -1.5366678596924728  -9.996267711370114
1.7650000000000001  -1.3360539587783968  -10.0
1.77  -1.1345289921635022  -10.0
1.7750000000000001  -0.9322493164746126  -10.0
1.78  -0.7293717954954513  -10.0
1.7850000000000001  -0.5260536788057073  -10.0
1.79  -0.322452480169506  -10.0
1.795  -0.11872585576669159  -10.0
1.8  0.0849685176385726  -10.0
1.805  0.28847306449828636  -10.0
1.81  0.4916304321561836  -10.0
1.815  0.6942836123042965  -10.0
1.82  0.8962760621273151  -10.0
1.825  1.0974518250410148  -10.0
1.83  1.2976556509319876  -10.0
1.835  1.4967331158059198  -10.0
1.84  1.6945307407525108  -10.0
1.845  1.8908961101352233  -10.0
1.85  2.085677988915132  -10.0
1.855  2.278726439018489  -10.0
1.86  2.469892934658755  -10.0
1.865  2.6590304765240997  -10.0
1.87  2.8459937047431216  -10.0
1.875  3.0306390105414174  -10.0
1.8800000000000001  3.2128246465039267  -10.0
1.885  3.3924108353578415  -10.0
1.8900000000000001  3.569259877193042  -10.0
1.895  3.7432362550375515  -10.0
1.9000000000000001  3.9142067387072137  -10.0
1.905  4.0820404868499125  -10.0
1.9100000000000001  4.24660914710633  -10.0
1.915  4.40778695431031  -10.0
1.92  4.565450826653872  -10.0
1.925  4.719480459743222  -10.0
1.93  4.869758418473809  -10.0
1.935  5.016170226654377  -10.0
1.94  5.15860445431129  -10.0
1.945  5.296952802606789  -10.0
1.95  5.431110186306135  -10.0
1.955  5.560974813730933  -10.0
1.96  5.686448264137612  -10.0
1.965  5.807435562462283  -10.0
1.97  5.923845251374951  -10.0
1.975  6.035589460588429  -10.0
1.98  6.14258397336925  -10.0
1.985  6.244748290200216  -10.0
1.99  6.342005689546198  -10.0
1.995  6.43428328567731  -10.0
2.0  6.521512083505649  -10.0
2.005  6.603627030394331  -10.0
2.0100000000000002  6.680567064899624  -10.0
2.015  6.752275162409616  -10.0
2.02  6.8186983776451395  -10.0
2.025  6.879787883991105  -10.0
2.0300000000000002  6.935499009628855  -10.0
2.035  6.985791270442684  -10.0
2.04  7.030628399676118  -10.0
2.045  7.069978374316038  -10.0
2.05  7.103813438185331  -10.0
2.055  7.132110121727267  -10.0
2.06  7.15484925846734  -10.0
2.065  7.172015998140923  -10.0
2.07  7.183599816477625  -10.0
2.075  7.189594521635834  -10.0
2.08  7.189998257283548  -10.0
2.085  7.184813502324154  -10.0
2.09  7.174047067268369  -10.0
2.095  7.157710087256299  -10.0
2.1  7.135818011735921  -10.0
2.105  7.108390590807119  -10.0
2.11  7.075451858242773  -10.0
2.115  7.037030111201126  -10.0
2.12  6.993157886646097  -10.0
2.125  6.943871934494762  -10.0
2.13  6.889213187513832  -10.0
2.1350000000000002  6.829226727989335  -10.0
2.14  6.76396175119631  -10.0
2.145  6.693471525697673  -10.0
2.15  6.617813350504  -10.0
2.1550000000000002  6.537048509128237  -10.0
2.16  6.451242220571859  -10.0
2.165  6.3604635872812505  -10.0
2.17  6.264785540115528  -10.0
2.1750000000000003  6.164284780369221  -10.0
2.18  6.059041718895636  -10.0
2.185  5.949140412378588  -10.0
2.19  5.834668496803037  -10.0
2.195  5.715717118176599  -10.0
2.2  5.592380860556441  -10.0
2.205  5.464757671438167  -10.0
2.21  5.332948784564865  -10.0
2.215  5.197058640217186  -10.0
2.22  5.057194803046518  -10.0
2.225  4.913467877515896  -10.0
2.23  4.7659914210142835  -10.0
2.235  4.6148818547126425  -10.0
2.24  4.460258372231091  -10.0
2.245  4.302242846188595  -10.0
2.25  4.140959732708001  -10.0
2.255  3.9765359739510413  -10.0
2.2600000000000002  3.8091008987591786  -10.0
2.265  3.638786121477819  -10.0
2.27  3.465725439042561  -10.0
2.275  3.290054726407829  -10.0
2.2800000000000002  3.111911830399107  -10.0
2.285  2.931436462071526  -10.0
2.29  2.7487700876583565  -10.0
2.295  2.5640558181944106  -10.0
2.3000000000000003  2.3774382979000124  -10.0
2.305  2.1890635914124026  -10.0
2.31  1.9990790699520022  -10.0
2.315  1.8076332965121789  -10.0
2.32  1.6148759101615149  -10.0
2.325  1.4209575095483942  -10.0
2.33  1.2260295356984967  -10.0
2.335  1.0302441541957252  -10.0
2.34  0.8337541368384134  -10.0
2.345  0.6367127428623602  -10.0
2.35  0.43927359982280223  -10.0
2.355  0.24159058422746638  -10.0
2.36  0.04381770201359647  -10.0
2.365  -0.15389103103880253  -10.0
2.37  -0.35138170886470066  -10.0
2.375  -0.5485006545503496  -10.0
2.38  -0.7450945395554843  -10.0
2.3850000000000002  -0.9410105026293418  -10.0
2.39  -1.136096268328338  -10.0
2.395  -1.3302002650439073  -10.0
2.4  -1.5231717424489912  -10.0
2.4050000000000002  -1.7148608882725633  -10.0
2.41  -1.9051189443117735  -10.0
2.415  -2.0937983215922342  -10.0
2.42  -2.2807527145872664  -10.0
2.4250000000000003  -2.465837214408028  -10.0
2.43  -2.6489084208770084  -10.0
2.435  -2.8298245533985162  -10.0
2.44  -3.008445560540384  -10.0
2.445  -3.1846332282424834  -10.0
2.45  -3.3582512865685343  -10.0
2.455  -3.5291655149187435  -10.0
2.46  -3.697243845622568  -10.0
2.465  -3.862356465831107  -10.0
2.47  -4.024375917631225  -10.0
2.475  -4.183177196303854  -10.0
2.48  -4.3386378466511655  -10.0
2.485  -4.490638057318115  -10.0
2.49  -4.639060753036003  -10.0
2.495  -4.783791684716983  -10.0
2.5  -4.924719517330352  -10.0
2.505  -5.061735915492911  -10.0
2.5100000000000002  -5.19473562670777  -10.0
2.515  -5.3236165621875555  -10.0
2.52  -5.448279875200129  -10.0
2.525  -5.568630036876524  -10.0
2.5300000000000002  -5.684574909423074  -10.0
2.535  -5.796025816681582  -10.0
2.54  -5.90289761198353  -10.0
2.545  -6.005108743246305  -10.0
2.5500000000000003  -6.1025813152617125  -10.0
2.555  -6.195241149129103  -10.0
2.56  -6.283017838787846  -10.0
2.565  -6.365844804605841  -10.0
2.57  -6.443659343983368  -10.0
2.575  -6.516402678933671  -10.0
2.58  -6.584020000604118  -10.0
2.585  -6.6464605107041725  -10.0
2.59  -6.703677459808712  -10.0
2.595  -6.755628182507775  -10.0
2.6  -6.802274129376171  -10.0
2.605  -6.843580895738992  -10.0
2.61  -6.879518247211298  -10.0
2.615  -6.910060141993079  -10.0
2.62  -6.935184749902797  -10.0
2.625  -6.954874468135643  -10.0
2.63  -6.969115933734878  -10.0
2.6350000000000002  -6.977900032767426  -10.0
2.64  -6.981221906197307  -10.0
2.645  -6.979080952453103  -10.0
2.65  -6.97148082668819  -9.95433705111451
2.6550000000000002  -6.958429436735054  -9.892552872370153
2.66  -6.939938935757551  -9.830751242434363
2.665  -6.916025711607548  -9.768945612638145
2.67  -6.886710372894891  -9.707149189820363
2.6750000000000003  -6.852017731782265  -9.645374929087808
2.68  -6.811976783518971  -9.583635526742546
2.685  -6.766620682730205  -9.521943413380825
2.69  -6.715986716480933  -9.460310747167915
2.695  -6.660116274135966  -9.398749407293005
2.7  -6.59905481404024  -9.337270987608173
2.705  -6.532851827045937  -9.275886790455411
2.71  -6.461560796915254  -9.214607820685476
2.715  -6.385239157630341  -9.153444779872308
2.72  -6.303948247644096  -9.092408060726532
2.725  -6.217753261108003  -9.031507741711573
2.73  -6.126723196115371  -8.97075358186558
2.735  -6.030930800000884  -8.910155015832464
2.74  -5.930452511739464  -8.84972114910509
2.745  -5.825368401489721  -8.789460753483485
2.75  -5.7157621073294  -8.729382262750905
2.755  -5.601720769232687  -8.669493768570431
2.7600000000000002  -5.483334960340967  -8.609803016604564
2.765  -5.360698615581056  -8.550317402860266
2.77  -5.233908957686679  -8.49104397026156
2.775  -5.103066420681303  -8.431989405451946
2.7800000000000002  -4.968274570882036  -8.373160035828453
2.785  -4.829640025486546  -8.314561826809214
2.79  -4.687272368806483  -8.256200379336118
2.795  -4.541284066213054  -8.198080927614194
2.8000000000000003  -4.391790375861845  -8.140208337088996
2.805  -4.238909258265956  -8.08258710266319
2.81  -4.082761283787892  -8.025221347153476
2.815  -3.923469538122577  -7.968114819988697
2.82  -3.761159525845143  -7.911270896149942
2.825  -3.595959072098718  -7.854692575353203
2.83  -3.427998222498995  -7.798382481475139
2.835  -3.257409141333394  -7.742342862222089
2.84  -3.084326008134415  -7.686575589042695
2.845  -2.908884912707584  -7.631082157283942
2.85  -2.731223748695957  -7.57586368659064
2.855  -2.551482105763688  -7.520920921547866
2.86  -2.3698011604832208  -7.466254232566073
2.865  -2.1863235660104827  -7.411863617008147
2.87  -2.001193340634369  -7.35774870055773
2.875  -1.814555755286825  -7.303908738827804
2.88  -1.6265572201015526  -7.250342619208601
2.8850000000000002  -1.4373451701091762  -7.1970488629535065
2.89  -1.2470679501580302  -7.144025627501705
2.895  -1.0558746991498384  -7.09127070903594
2.9  -0.8639152336805505  -7.038781545273849
2.9050000000000002  -0.6713399311764838  -6.986555218491015
2.91  -0.4782996126171474  -6.934588458773785
2.915  -0.28494542493493763  -6.882877647499781
2.92  -0.09142872318418122  -6.831418821043849
2.9250000000000003  0.1020990474295948  -6.780207674707128
2.93  0.2954864695684903  -6.729239566866639
2.935  0.48858227173721847  -6.67850952334282
2.94  0.6812354461229966  -6.628012241982155
2.945  0.8732953662082983  -6.577742097452061
2.95  1.0646119040659423  -6.527693146244825
2.955  1.2550355472446029  -6.477859131887642
2.96  1.4444175151547145  -6.4282334903551135
2.965  1.6326098748641988  -6.378809355681119
2.97  1.8194656562138887  -6.329579565766198
2.975  2.0048389661638764  -6.280536668376942
2.98  2.1885851022817615  -6.231672927333473
2.985  2.3705606652846267  -6.182980328881138
2.99  2.550623670548  -6.134450588242384
2.995  2.7286336584946604  -6.086075156344592
3.0  2.9044518037782923  -6.037845226719672
3.005  3.0779410231771  -5.989751742570996
3.0100000000000002  3.248966082113555  -5.941785404003244
3.015  3.4173936997181786  -5.8939366754105205
3.02  3.583092652355674  -5.846195793018074
3.025  3.7459338755330425  -5.7985527725729
3.0300000000000002  3.905790564111281  -5.7509974171782705
3.035  4.062538270742371  -5.703519325267296
3.04  4.216055002455898  -5.6561078987104505
3.045  4.366221315320297  -5.608752351051902
3.0500000000000003  4.512920407105252  -5.561441715869481
3.055  4.656038207873935  -5.5141648552529805
3.06  4.7954634684346376  -5.4669104683954055
3.065  4.931087846583601  -5.4196671002917265
3.0700000000000003  5.062805991072134  -5.372423150539732
3.075  5.190515623233066  -5.325166882237276
3.08  5.314117616203884  -5.277886430970364
3.085  5.433516071684498  -5.230569813886412
3.09  5.548618394171132  -5.1832049388469095
3.095  5.659335362608323  -5.135779613653695
3.1  5.765581199404179  -5.088281555343046
3.105  5.867273636755327  -5.040698399541647
3.11  5.964333980230299  -4.993017709878602
3.115  6.05668716956261  -4.945226987447446
3.12  6.144261836606208  -4.897313680312311
3.125  6.226990360408934  -4.849265193052017
3.13  6.304808919361436  -4.801068896336333
3.1350000000000002  6.377657540381237  -4.752712136528117
3.14  6.445480145094285  -4.7041822453053985
3.145  6.508224592978366  -4.655466549297252
3.15  6.565842721435101  -4.606552379727445
3.1550000000000002  6.6182903827599455  -4.55742708205966
3.16  6.6655274779816045  -4.508078025638317
3.165  6.707517987545067  -4.458492613318796
3.17  6.744229998814731  -4.408658291080988
3.1750000000000003  6.775635730376478  -4.358562557620198
3.18  6.801711553120376  -4.308192973909181
3.185  6.822438008087788  -4.257537172725357
3.19  6.837799821069432  -4.206582868137227
3.1950000000000003  6.8477859139434205  -4.1553178649438145
3.2  6.852389412744753  -4.103730068061396
3.205  6.85160765246037  -4.0518074918513545
3.21  6.845442178546364  -3.999538269383475
3.215  6.833898745166491  -3.9469106616285616
3.22  6.816987310153713  -3.893913066574891
3.225  6.7947220266990005  -3.8405340282623883
3.23  6.76712123177413  -3.786762245729034
3.235  6.734207431297912  -3.732586581863828
3.24  6.696007282057537  -3.677996072160509
3.245  6.6525515703995755  -3.6229799333667954
3.25  6.60387518770734  -3.567527572023402
3.255  6.5500171026840635  -3.5116285928875044
3.2600000000000002  6.491020330463749  -3.455272807235411
3.265  6.426931898573919  -3.3984502410390807
3.27  6.357802809777029  -3.3411511430113032
3.275  6.283688001819809  -3.2833659925144305
3.2800000000000002  6.20464630412189  -3.2250855073278055
3.285  6.120740391437905  -3.166300651268698
3.29  6.032036734529135  -3.1070026416620826
3.295  5.938605547883351  -3.0471829566545696
3.3000000000000003  5.840520734523899  -2.9868333423675844
3.305  5.737859827950957  -2.9259458198856274
3.31  5.6307039312603795  -2.864512692074753
3.315  5.519137653487948  -2.8025265502273626
3.3200000000000003  5.403249043228217  -2.7399802805286657
3.325  5.283129519580476  -2.676867070341072
3.33  5.158873800474881  -2.6131804143022412
3.335  5.030579828435583  -2.5489141202329826
3.34  4.898348693837958  -2.4840623148513803
3.345  4.76228455572034  -2.4186194492892197
3.35  4.622494560211902  -2.352580304407491
3.355  4.479088756639819  -2.2859399959073556
3.36  4.33218001138196  -2.218693979233369
3.365  4.181883919531339  -2.1508380542658854
3.37  4.028318714441943  -2.0823683697996027
3.375  3.871605175225847  -2.0132814278052984
3.38  3.711866532273865  -1.9435740874720748
3.3850000000000002  3.5492283708735926  -1.8732435690276175
3.39  3.3838185329994377  -1.8022874573338004
3.395  3.2157670173514017  -1.7307037052554284
3.4  3.0452058777205884  -1.6584906368000225
3.4050000000000002  2.87226911976009  -1.585646950026371
3.41  2.697092596242235  -1.5121717197202447
3.415  2.5198139008832263  -1.4380643998352856
3.42  2.3405722608179844  -1.3633248256975778
3.4250000000000003  2.159508427809144  -1.287953215972463
3.43  1.9767645682744668  -1.2119501743922956
3.435  1.7924841522183814  -1.1353166912438923
3.44  1.606811841154464  -1.058054144614729
3.4450000000000003  1.4198933751052956  -0.9801643013971446
3.45  1.2318754587686418  -0.9016493180496311
3.455  1.0429056469373228  -0.8225117411147801
3.46  0.8531322292630719  -0.742754507493579
3.465  0.6627041144533912  -0.662380944475559
3.47  0.47177071399138354  -0.5813947695249585
3.475  0.2804818254697695  -0.49980008982283913
3.48  0.08898751562866197  -0.41760140156533787
3.485  -0.10256199681056041  -0.3348035890184391
3.49  -0.294016458425405  -0.2514119233299196
3.495  -0.4852256983941961  -0.16743206109889364
3.5  -0.6760397457292671  -0.08287004270391563
3.505  -0.8663089463499962  0.0022677096092975635
3.5100000000000002  -1.0558840799043219  0.0879743938796852
3.515  -1.244616476248438  0.174242830820581
3.52  -1.4323581314937681  0.26106546644626116
3.525  -1.6189618235307757  0.3484343749335713
3.5300000000000002  -1.8042812269403636  0.43634126171693666
3.535  -1.9881710272027664  0.5247774668148798
3.54  -2.1704870341157245  0.6137339683861531
3.545  -2.3510862943335176  0.7032013865132458
3.5500000000000003  -2.5298272029390905  0.7931699872108972
3.555  -2.706569613962957  0.8836296866573865
3.56  -2.8811749497627464  0.9745700556459065
3.565  -3.053506309178026  1.065980324253231
3.5700000000000003  -3.2234285743770053  1.15784938672309
3.575  -3.3908085163110755  1.2501658065609274
3.58  -3.5555148986963085  1.3429178218373226
3.585  -3.7174185804399675  1.4360933506964297
3.59  -3.8763926164330065  1.5296799970664514
3.595  -4.032312356630213  1.623665056568325
3.6  -4.185055543340336  1.718035522619217
3.605  -4.334502406651531  1.8127780927270594
3.61  -4.480535757916733  1.907879174972087
3.615  -4.623041081227344  2.0033248946717004
3.62  -4.761906622803225  2.099101101224246
3.625  -4.897023478230053  2.1951933751277672
3.63  -5.028285677475982  2.2915870351692984
3.6350000000000002  -5.155590267621273  2.3882671457802402
3.64  -5.278837393236939  2.4852185245533462
3.645  -5.397930374349644  2.58242574991676
3.65  -5.512775781932057  2.6798731689602846
3.6550000000000002  -5.623283510860391  2.7775449054090435
3.66  -5.729366850281802  2.875424867739726
3.665  -5.830942551337328  2.9734967574344155
3.67  -5.9279308921875415  3.0717440773667155
3.6750000000000003  -6.020255740290098  3.1701501403153323
3.68  -6.107844611881057  3.268698077599545
3.685  -6.190628728613483  3.3673708478314524
3.69  -6.268543071309135  3.4661512457795576
3.6950000000000003  -6.341526430781695  3.565021911338123
3.7  -6.409521455691608  3.6639653385968343
3.705  -6.47247469739554  3.7629638850052407
3.71  -6.530336651755393  3.8619997806262436
3.715  -6.583061797874221  3.961055137472803
3.72  -6.6306086337290875  4.060111958922437
3.725  -6.672939708672757  4.159152149203264
3.73  -6.710021652779251  4.258157522946118
3.735  -6.7418252030099985  4.3571098147966225
3.74  -6.768325226180378  4.455990689081309
3.745  -6.789500738708662  4.554781749521843
3.75  -6.805334923131849  4.653464548991399
3.755  -6.815815141375534  4.752020599307103
3.7600000000000002  -6.820932944767294  4.850431381052425
3.765  -6.820684080785819  4.948678353423595
3.77  -6.815068496540342  5.046742964093934
3.775  -6.804090338977591  5.1446066590898
3.7800000000000002  -6.787757951815983  5.242250892672432
3.785  -6.766083869209344  5.339657137219131
3.79  -6.73908480614493  5.436806893098071
3.795  -6.706781645583123  5.533681698530415
3.8000000000000003  -6.669199422348677  5.630263139433652
3.805  -6.6263673037859  5.726532859240162
3.81  -6.578318567192664  5.822472568684849
3.815  -6.525090574050747  5.91806405555593
3.8200000000000003  -6.466724741072275  6.0132891944026206
3.825  -6.403266508084779  6.108129956193942
3.83  -6.334765302779607  6.2025684179226275
3.835  -6.261274502350969  6.296586772148043
3.84  -6.182851392055404  6.390167336472455
3.845  -6.099557120723553  6.483292562944642
3.85  -6.011456653258993  6.5759450473850025
3.855  -5.918618720160473  6.66810753862659
3.86  -5.821115764107146  6.7597629476661885
3.865  -5.719023883647884  6.850894356719772
3.87  -5.612422774038331  6.9414850281769045
3.875  -5.501395665271687  7.0315184134484525
3.88  -5.38602925735107  7.120978161702046
3.8850000000000002  -5.2664136528539105  7.20984812848016
3.89  -5.142642286840351  7.2981123841951625
3.895  -5.014811854160181  7.385755222496388
3.9  -4.883022234214772  7.472761168503888
3.9050000000000002  -4.74737641323207  7.559114986903833
3.91  -4.607980404115325  7.644801689900508
3.915  -4.464943163927393  7.729806545020148
3.92  -4.318376509074761  7.814115082761676
3.9250000000000003  -4.168395028257268  7.897713104089556
3.93  -4.015115993250798  7.980586687764366
3.935  -3.8586592675922367  8.062722197506384
3.94  -3.699147213237896  8.144106288987793
3.9450000000000003  -3.536704595267229  8.224725916649318
3.95  -3.3714584847065154  8.304568340336909
3.955  -3.2035381595473833  8.383621131754568
3.96  -3.03307500403723  8.461872180729253
3.9650000000000003  -2.8602024063199356  8.53930970128398
3.97  -2.685055654505965  8.615922237515418
3.975  -2.5077718312527315  8.691698669272428
3.98  -2.3284897069373485  8.766628217631984
3.985  -2.147349631504126  8.840700450169049
3.99  -1.9644934250715467  8.91390528601738
3.995  -1.780064267383063  8.986233000717897
4.0  -1.5942065861880086  9.05767423085187
4.005  -1.4070659446390335  9.12821997845597
4.01  -1.2187889277938488  9.197861615216482
4.015  -1.029523028309342  9.266590886440122
4.0200000000000005  -0.8394165314165497  9.334399914799151
4.025  -0.6486183992667234  9.401281203848223
4.03  -0.4572781547372847  9.467227641311245
4.035  -0.26554576478877767  9.532232502135763
4.04  -0.07357152346342061  9.596289451313465
4.045  0.1184940653843943  9.659392546464765
4.05  0.3105004055336049  9.721536240186122
4.055  0.5022969259275581  9.782715382158575
4.0600000000000005  0.6937331981984359  9.842925221016234
4.065  0.8846590540943731  9.902161405973644
4.07  1.0749247027173787  9.960419988211129
4.075  1.2643808474813314  10.0
4.08  1.4528788026985129  10.0
4.085  1.640270609704714  10.0
4.09  1.8264091524317447  10.0
4.095  2.0111482723382244  10.0
4.1  2.194342882608418  10.0
4.105  2.3758490815310904  10.0
4.11  2.555524264969114  10.0
4.115  2.7332272378333604  10.0
4.12  2.9088183244732866  10.0
4.125  3.0821594778984958  10.0
4.13  3.253114387746218  10.0
4.135  3.4215485869108573  10.0
4.14  3.5873295567519174  10.0
4.1450000000000005  3.7503268307991675  10.0
4.15  3.9104120968732374  10.0
4.155  4.067459297543113  10.0
4.16  4.221344728841444  10.0
4.165  4.3719471371607845  10.0
4.17  4.5191478142557315  10.0
4.175  4.662830690276085  10.0
4.18  4.8028824247591935  10.0
4.1850000000000005  4.939192495509787  10.0
4.19  5.071653285298531  10.0
4.195  5.2001601663111  10.0
4.2  5.3246115822822775  10.0
4.205  5.444909128250378  10.0
4.21  5.560957627870293  10.0
4.215  5.672665208224078  10.0
4.22  5.779943372071177  10.0
4.225  5.88270706748119  10.0
4.23  5.9808747547952565  10.0
4.235  6.074368470862997  10.0
4.24  6.163113890505312  10.0
4.245  6.24704038515443  10.0
4.25  6.326081078625307  10.0
4.255  6.400172899974648  10.0
4.26  6.469256633406135  10.0
4.265  6.533276965182315  10.0
4.2700000000000005  6.592182527506641  10.0
4.275  6.6459259393406525  10.0
4.28  6.694463844124534  10.0
4.285  6.737756944370981  10.0
4.29  6.77577003310498  10.0
4.295  6.808472022124823  10.0
4.3  6.835835967061595  10.0
4.305  6.857839089217366  10.0
4.3100000000000005  6.874462794164472  10.0
4.315  6.88569268709098  10.0
4.32  6.891518584879837  10.0
4.325  6.891934524911814  10.0
4.33  6.88693877058484  10.0
4.335  6.876533813544901  10.0
4.34  6.8607263726262415  10.0
4.345  6.83952738950109  10.0
4.3500000000000005  6.812952021041791  10.0
4.355  6.781019628400683  10.0
4.36  6.743753762815634  10.0
4.365  6.701182148151735  10.0
4.37  6.653336660192159  10.0
4.375  6.600253302693614  10.0
4.38  6.5419721802245805  10.0
4.385  6.47853746780671  10.0
4.39  6.409997377382539  10.0
4.3950000000000005  6.336404121134861  10.0
4.4  6.257813871685907  10.0
4.405  6.174286719206391  10.0
4.41  6.085886625467416  10.0
4.415  5.9926813748703704  10.0
4.42  5.894742522492081  10.0
4.425  5.792145339185357  10.0
4.43  5.684968753776689  10.0
4.4350000000000005  5.573295292405713  10.0
4.44  5.457211015053012  10.0
4.445  5.336805449304741  10.0
4.45  5.21217152140534  10.0
4.455  5.083405484651315  10.0
4.46  4.950606845180902  10.0
4.465  4.8138782852172355  10.0
4.47  4.673325583823594  10.0
4.4750000000000005  4.529057535232339  10.0
4.48  4.3811858648101225  10.0
4.485  4.229825142724129  10.0
4.49  4.075092695376353  10.0
4.495  3.9171085146739077  10.0
4.5  3.7559951652053285  10.0
4.505  3.591877689394966  10.0
4.51  3.4248835107081192  10.0
4.515  3.25514233498235  10.0
4.5200000000000005  3.082786049960478  10.0
4.525  2.9079486231037714  10.0
4.53  2.730765997763388  10.0
4.535  2.551375987791036  10.0
4.54  2.3699181706703003  10.0
4.545  2.186533779250795  10.0
4.55  2.0013655921696616  10.0
4.555  1.81455782304449  10.0
4.5600000000000005  1.6262560085239797  10.0
4.565  1.4366068952829116  10.0
4.57  1.2457583260485428  10.0
4.575  1.0538591247471802  10.0
4.58  0.8610589808599265  10.0
4.585  0.6675083330766333  10.0
4.59  0.47335825233906004  10.0
4.595  0.2787603243630634  10.0
4.6000000000000005  0.08386653173169856  10.0
4.605  -0.11117086435002405  10.0
4.61  -0.30619944254648496  10.0
4.615  -0.5010667400374127  10.0
4.62  -0.695620371225838  10.0
4.625  -0.8897081464166401  10.0
4.63  -1.0831781903727304  10.0
4.635  -1.2758790606576789  10.0
4.64  -1.4676598656719952  10.0
4.6450000000000005  -1.6583703822923073  10.0
4.65  -1.8478611730209844  10.0
4.655  -2.0359837025562735  10.0
4.66  -2.222590453691575  10.0
4.665  -2.4075350424537634  10.0
4.67  -2.5906723323916454  10.0
4.675  -2.7718585479249347  10.0
4.68  -2.950951386665843  10.0
4.6850000000000005  -3.1278101306262127  10.0
4.69  -3.3022957562227986  10.0
4.695  -3.474271042996018  10.0
4.7  -3.6436006809568218  10.0
4.705  -3.8101513764780996  10.0
4.71  -3.9737919566485953  10.0
4.715  -4.134393472007275  10.0
4.72  -4.291829297578752  10.0
4.7250000000000005  -4.445975232130264  10.0
4.73  -4.59670959557339  10.0
4.735  -4.743913324433948  10.0
4.74  -4.887470065315974  10.0
4.745  -5.027266266286256  10.0
4.75  -5.163191266108623  10.0
4.755  -5.295137381257545  10.0
4.76  -5.422999990643674  10.0
4.765  -5.546677617984292  10.0
4.7700000000000005  -5.66607201175494  10.0
4.775  -5.7810882226587434  10.0
4.78  -5.891634678553537  10.0
4.785  -5.997623256777479  10.0
4.79  -6.098969353816356  10.0
4.795  -6.195591952258326  10.0
4.8  -6.287413684982923  10.0
4.805  -6.374360896534074  10.0
4.8100000000000005  -6.456363701628902  10.0
4.815  -6.533356040755799  10.0
4.82  -6.6052757328183285  10.0
4.825  -6.672064524783056  10.0
4.83  -6.733668138291992  10.0
4.835  -6.790036313202954  10.0
4.84  -6.841122848022902  10.0
4.845  -6.886885637202394  10.0
4.8500000000000005  -6.927286705261094  10.0
4.855  -6.962292237717276  10.0
4.86  -6.991872608796247  10.0
4.865  -7.016002405895502  10.0
4.87  -7.03466045078662  10.0
4.875  -7.047829817536645  10.0
4.88  -7.055497847134109  10.0
4.885  -7.057656158807495  10.0
4.89  -7.054300658026362  10.0
4.8950000000000005  -7.045431541178103  10.0
4.9  -7.031053296915695  10.0
4.905  -7.011174704174505  10.0
4.91  -6.98580882685876  10.0
4.915  -6.95497300520081  10.0
4.92  -6.918688843799007  10.0
4.925  -6.876982196342451  10.0
4.93  -6.829883147033562  10.0
4.9350000000000005  -6.777425988721881  10.0
4.94  -6.7196491977651815  10.0
4.945  -6.656595405636286  10.0
4.95  -6.5883113672968  10.0
4.955  -6.514847926361309  10.0
4.96  -6.436259977077962  10.0
4.965  -6.352606423154226  10.0
4.97  -6.263950133458499  10.0
4.9750000000000005  -6.1703578946312785  10.0
4.98  -6.071900360641489  10.0
4.985  -5.968651999326218  10.0
4.99  -5.860691035954398  10.0
4.995  -5.748099393857356  10.0
5.0  -5.630962632171111  10.0
