0.0  0.0  0.0
0.01  0.0710676575428861  -0.08202113626794771
0.02  0.1152578976814657  -0.172395651058484
0.03  0.14160461373218602  -0.2556924417639331
0.04  0.159529491080697  -0.3322528551622561
0.05  0.1731629107609151  -0.4033709381144725
0.06  0.18412839224554114  -0.4697155351501214
0.07  0.19299809841816945  -0.5315374765030203
0.08  0.19988439465410515  -0.5888711469591364
0.09  0.20469369644781382  -0.6416449162725114
0.1  0.20724643758116276  -0.6897394044460914
0.11  0.20733948283051187  -0.7330193738170175
0.12  0.20478145584315977  -0.7713521110231023
0.13  0.199414095857915  -0.8046185770625152
0.14  0.19112569271491864  -0.8327204754970361
0.15  0.17985956825105073  -0.8555848818689171
0.16  0.16561914502479308  -0.8731673260760904
0.17  0.1484704492722888  -0.8854538302894681
0.18  0.12854254507567683  -0.8924621959079264
0.19  0.10602621658911042  -0.8942427169432049
0.2  0.08117112238981282  -0.890878430904573
0.21  0.05428159969598833  -0.8824849794889176
0.22  0.025711275099681637  -0.8692101283461077
0.23  -0.00414336887291251  -0.8512329813797485
0.24  -0.03485032208989907  -0.8287629167776626
0.25  -0.06595011723336991  -0.8020382671009699
0.26  -0.09696448473076975  -0.7713247630145907
0.27  -0.12740542998402465  -0.7369137588308786
0.28  -0.15678456709784142  -0.6991202574701038
0.29  -0.18462254135368814  -0.65828075240106
0.3  -0.2104583727190122  -0.614750904405199
0.31  -0.23385855494312685  -0.5689030714695879
0.32  -0.25442574938442586  -0.5211237106625272
0.33  -0.27180691966670883  -0.4718106714143625
0.34  -0.285700762535856  -0.42137040016743765
0.35000000000000003  -0.29586430178515727  -0.37021507683892807
0.36  -0.3021185256927905  -0.3187597039332445
0.37  -0.30435296388040856  -0.267419169428224
0.38  -0.30252911663341203  -0.2166053047277115
0.39  -0.29668266826613954  -0.16672395901247983
0.4  -0.2869244357881144  -0.11817211122483955
0.41000000000000003  -0.2734400246295024  -0.07133504068527621
0.42  -0.25648818419880937  -0.026583576959760397
0.43  -0.2363978772475384  0.015728550926534628
0.44  -0.21356409807469875  0.0552672464983204
0.45  -0.18844249518920322  0.09172044043561697
0.46  -0.16154287383715002  0.124800330088729
0.47000000000000003  -0.13342167248182418  0.15424544728571452
0.48  -0.10467352460143656  0.17982253900858508
0.49  -0.0759220327684166  0.20132824682375533
0.5  -0.04780989564512932  0.21859057236892293
0.51  -0.02098854005393125  0.23147011771309167
0.52  0.003892580533047144  0.23986109100845024
0.53  0.02619685303905717  0.24369206953117548
0.54  0.045311365218983074  0.24292651395111078
0.55  0.06065758591980262  0.23756302946528812
0.56  0.07170169288371044  0.22763537126456818
0.5700000000000001  0.07796437979733663  0.21321219366296773
0.58  0.07902998092462153  0.19439654409201926
0.59  0.0745547608528977  0.17132510503401877
0.6  0.06427422850043045  0.14416718882448729
0.61  0.04800934841040681  0.11312349208178545
0.62  0.025671538287100778  0.07842461830700141
0.63  -0.0027336405214543613  0.040329378926518084
0.64  -0.03710417358828645  -0.0008771152899593071
0.65  -0.07724071844846389  -0.04488555892430514
0.66  -0.12284719602564566  -0.09136473772098612
0.67  -0.1735328582056631  -0.13996397913722256
0.68  -0.2288158188779284  -0.1903157499909646
0.6900000000000001  -0.2881280133735582  -0.24203838242666997
0.7000000000000001  -0.3508215292277699  -0.29473890841490274
0.71  -0.4161762299203746  -0.3480159821405524
0.72  -0.4834085730290706  -0.401462868923065
0.73  -0.5516815053775965  -0.4546704787563774
0.74  -0.6201153005671061  -0.5072304221611199
0.75  -0.687799189012056  -0.5587380658106456
0.76  -0.7538036175012388  -0.6087955653280517
0.77  -0.817192964577729  -0.6570148527546753
0.78  -0.8770385298506724  -0.7030205564615677
0.79  -0.9324316098511505  -0.7464528317127657
0.8  -0.9824964703179719  -0.7869700806902493
0.81  -1.0264030248995168  -0.8242515415514343
0.8200000000000001  -1.063379033194725  -0.8579997270058567
0.8300000000000001  -1.0927216367970845  -0.8879426939621028
0.84  -1.1138080604749512  -0.9138361270016728
0.85  -1.1261053167032737  -0.9354652197748058
0.86  -1.1291787652996426  -0.9526463398748654
0.87  -1.1226993957182996  -0.9652284643221867
0.88  -1.1064497173912236  -0.9730943744639267
0.89  -1.080328163116742  -0.9761616008612523
0.9  -1.044351931596923  -0.9743831105762585
0.91  -0.9986582175058667  -0.9677477311747286
0.92  -0.9435038006042702  -0.9562803077132334
0.93  -0.8792629890598137  -0.9400415909655392
0.9400000000000001  -0.8064239359385115  -0.9191278571491179
0.9500000000000001  -0.7255833714460744  -0.8936702614226498
0.96  -0.6374398165699846  -0.8638339294247147
0.97  -0.5427853659589015  -0.8298167930972471
0.98  -0.4424961488454379  -0.7918481789698959
0.99  -0.3375215962579924  -0.7501871589584059
1.0  -0.22887266038620238  -0.7051206755372535
1.01  -0.11760914749827778  -0.6569614548701311
1.02  -0.004826339023364571  -0.6060457231081992
1.03  0.10835891389149206  -0.552730742582731
1.04  0.22082242902450536  -0.4973921860140481
1.05  0.3314470663847977  -0.44042136812153
1.06  0.4391370353151532  -0.38222235514003505
1.07  0.5428319351214473  -0.3232089737173402
1.08  0.6415203324710558  -0.26380174147737717
1.09  0.7342526851844617  -0.20442474217849887
1.1  0.8201534312042947  -0.1455024688693112
1.11  0.8984320733316274  -0.08745665874266192
1.12  0.9683931045985977  -0.030703143508360765
1.1300000000000001  1.0294446356907063  0.0243512609543542
1.1400000000000001  1.081105604398845  0.07731180214278466
1.1500000000000001  1.1230114673978004  0.1277987525709549
1.16  1.1549182964158682  0.17545026299315852
1.17  1.1767052237591205  0.219925085465223
1.18  1.188375205846631  0.2609051454295705
1.19  1.1900540975507408  0.29809794310192333
1.2  1.181988054363645  0.3312387656813857
1.21  1.1645393033715628  0.36009269329281013
1.22  1.1381803473576704  0.38445638309059665
1.23  1.103486688731497  0.404159617595328
1.24  1.0611281810666375  0.41906660508674576
1.25  1.0118591355107946  0.4290770217256054
1.26  0.9565073269267041  0.43412678700908874
1.27  0.8959620600720637  0.4341885661653432
1.28  0.8311614692057936  0.4292719951472944
1.29  0.7630792350269118  0.4194236259787471
1.3  0.6927109106593712  0.4047265923211123
1.31  0.6210600533801487  0.3852999972509163
1.32  0.5491243608795882  0.3612980273503956
1.33  0.4778820100166405  0.332908799299959
1.34  0.4082783923045548  0.30035294720608835
1.35  0.3412134337955523  0.26388196088578614
1.36  0.27752967772898424  0.22377628724359494
1.37  0.21800129640981522  0.1803432087048687
1.3800000000000001  0.16332418447518982  0.13391451439510882
1.3900000000000001  0.11410726920388678  0.0848439813665142
1.4000000000000001  0.07086515507671899  0.03350468465677191
1.41  0.03401219968410686  -0.01971384369003101
1.42  0.0038580966031399725  -0.0744085853152799
1.43  -0.019394981646648712  -0.13016611358929392
1.44  -0.03565365067412779  -0.18656575577653287
1.45  -0.04493298498761371  -0.24318281539847084
1.46  -0.04735460970949735  -0.29959183035604203
1.47  -0.043143253697513664  -0.35536984204412475
1.48  -0.03262182705971074  -0.41009965054857533
1.49  -0.016205107543972516  -0.4633730310635293
1.5  0.005607859571745529  -0.5147938869030338
1.51  0.03224252496286718  -0.5639813149053564
1.52  0.06305862240819386  -0.6105725596376368
1.53  0.09736082547825307  -0.654225833598895
1.54  0.1344101075828075  -0.6946229815850256
1.55  0.17343562969075402  -0.7314719685134925
1.56  0.21364697320633047  -0.7645091712997458
1.57  0.25424653142849063  -0.7935014568223885
1.58  0.2944418717875658  -0.8182480295992703
1.59  0.33345788265433296  -0.8385820345101603
1.6  0.37054852291782164  -0.8543719017307813
1.61  0.40500799965401385  -0.8655224229740796
1.62  0.43618120894130935  -0.8719755501532319
1.6300000000000001  0.46347328706454216  -0.8737109096718403
1.6400000000000001  0.48635813379476595  -0.870746027694372
1.6500000000000001  0.504385785910784  -0.8631362639378641
1.6600000000000001  0.5171885373839014  -0.85097445373777
1.67  0.5244857223966979  -0.8343902603596942
1.68  0.526087098304959  -0.8135492417378956
1.69  0.521894787457001  -0.788651638003928
1.7  0.5119037591219348  -0.7599308883080124
1.71  0.49620085530596136  -0.7276518875153232
1.72  0.4749623866096532  -0.6921089953633967
1.73  0.44845034615840457  -0.6536238125799214
1.74  0.417007310690327  -0.6125427402675083
1.75  0.38105011779156733  -0.5692343405497416
1.76  0.34106242672738196  -0.5240865180277452
1.77  0.2975862870499623  -0.47750354300665065
1.78  0.2512128539197331  -0.42990293870563956
1.79  0.2025724016349806  -0.38171225575387624
1.8  0.1523237970386581  -0.3333657581890086
1.81  0.10114360211146715  -0.2853010459077282
1.82  0.04971498005597765  -0.23795563906322587
1.83  -0.0012834185420948514  -0.19176355025774064
1.84  -0.05118841335069152  -0.14715187053676435
1.85  -0.09936292279165006  -0.10453739515321057
1.86  -0.1452060963330526  -0.06432331483498314
1.87  -0.18816279194225327  -0.02689599785920128
1.8800000000000001  -0.22773225094870966  0.007378112386094477
1.8900000000000001  -0.26347583571386574  0.03815546048240365
1.9000000000000001  -0.29502371071321815  0.06511817982560213
1.9100000000000001  -0.3220803646643363  0.0879767095249026
1.92  -0.34442888991736165  0.10647220697959421
1.93  -0.36193395517115984  0.1203787372477434
1.94  -0.3745434283796006  0.12950522195704456
1.95  -0.3822886281449204  0.1336971322775001
1.96  -0.38528320362588364  0.1328379123652428
1.97  -0.3837206646805445  0.12685012168262225
1.98  -0.3778706052806142  0.11569628668662411
1.99  -0.3680736838470067  0.09937945454020451
2.0  -0.35473544374503807  0.07794344372291769
2.0100000000000002  -0.3383190754405588  0.05147278868162353
2.02  -0.3193372384727112  0.020092377951987712
2.0300000000000002  -0.2983430761882325  -0.01603321252028129
2.04  -0.27592056887806066  -0.05670068684031471
2.05  -0.25267438136383463  -0.10166929112621334
2.06  -0.22921936903951476  -0.1506623614720957
2.07  -0.20616991175933774  -0.20336914725272973
2.08  -0.18412924769503783  -0.25944689702796125
2.09  -0.1636789793210929  -0.31852319231500703
2.1  -0.14536892102643054  -0.38019851261431004
2.11  -0.12970745253635468  -0.44404901331377056
2.12  -0.11715253444162821  -0.5096294964708824
2.13  -0.10810353179496315  -0.5764765529942085
2.14  -0.10289397910858511  -0.6441118534268283
2.15  -0.10178540536526638  -0.7120455633840884
2.16  -0.10496232106687622  -0.7797798587259057
2.17  -0.11252845114568574  -0.8468125147565039
2.18  -0.12450427803555107  -0.912640543148893
2.19  -0.14082593864482354  -0.9767638498912171
2.2  -0.16134549770826556  -1.0386888873514712
2.21  -0.18583259835029223  -1.0979322735566586
2.22  -0.21397746900178352  -1.154024351983332
2.23  -0.2453952444130759  -1.2065126655562823
2.24  -0.2796315377286641  -1.2549653191489698
2.25  -0.31616918075639894  -1.298974205667756
2.2600000000000002  -0.35443603098401827  -1.3381580717772974
2.27  -0.39381372685729094  -1.3721654004783
2.2800000000000002  -0.43364725760255496  -1.4006770890736073
2.29  -0.47325520068967225  -1.4234089025435561
2.3000000000000003  -0.5119404690963888  -1.4401136839863007
2.31  -0.5490014020235073  -1.4505833055505515
2.32  -0.5837430267578206  -1.4546503451841908
2.33  -0.615488316081958  -1.452189476527778
2.34  -0.6435892650425707  -1.4431185613825672
2.35  -0.6674376130244886  -1.427399436362095
2.36  -0.6864750419100901  -1.4050383875787427
2.37  -0.700202688561129  -1.3760863095048648
2.38  -0.7081898198342785  -1.3406385464651627
2.39  -0.7100815306834205  -1.29883441754545
2.4  -0.7056053404257023  -1.2508564280256331
2.41  -0.6945765787361912  -1.1969291727439162
2.42  -0.6769024711378511  -1.137317939058145
2.43  -0.6525848533941342  -1.0723270192715868
2.44  -0.6217214649921575  -1.0022977445181858
2.45  -0.5845057935092184  -0.9276062541403864
2.46  -0.5412254637550472  -0.8486610165259203
2.47  -0.4922591878393188  -0.7659001191840683
2.48  -0.4380723143886157  -0.6797883475234878
2.49  -0.37921103669085104  -0.5908140733300985
2.5  -0.3162953402482904  -0.49948597532369543
2.5100000000000002  -0.2500107897539678  -0.40632961538540896
2.52  -0.1810992735705932  -0.31188389508630593
2.5300000000000002  -0.11034884010652544  -0.2166974180024558
2.54  -0.03858277479827487  -0.12132478396780584
2.5500000000000003  0.03335192149988555  -0.026322841888120632
2.56  0.1045964822392388  0.06775307198580353
2.57  0.17429257541872756  0.16035288335173678
2.58  0.2415945723152792  0.2509354898658278
2.59  0.30568170098707365  0.33897240533957934
2.6  0.36576990193232856  0.4239513121119143
2.61  0.42112320715547724  0.5053794962921256
2.62  0.47106447048097483  0.5827871414635564
2.63  0.5149852861669126  0.6557304575099052
2.64  0.552354944572638  0.7237946224691043
2.65  0.5827282876533016  0.7865965167229434
2.66  0.6057523431825131  0.8437872303843998
2.67  0.6211716346011364  0.8950543264360601
2.68  0.6288320829873134  0.9401238439901809
2.69  0.6286834385460663  0.9787620279690938
2.7  0.6207802009126479  1.0107767735301036
2.71  0.6052810101227265  1.0360187756656067
2.72  0.5824465129847594  1.0543823765817402
2.73  0.5526357324501293  1.065806105680456
2.74  0.5163009900695489  1.070272909224377
2.75  0.47398145340951814  1.0678100690337924
2.7600000000000002  0.4262954010500133  1.0584888118340627
2.77  0.3739313171796711  1.0424236131224027
2.7800000000000002  0.3176379455521695  1.0197712016388378
2.79  0.2582134483976213  0.9907292726907116
2.8000000000000003  0.1964938295533852  0.955534920677259
2.81  0.13334079238097163  0.9144628031753208
2.82  0.06962921179538284  0.867823050864033
2.83  0.0062344058151193515  0.8159589393717801
2.84  -0.05598060465056567  0.7592443408091623
2.85  -0.11617765857912689  0.6980809742955301
2.86  -0.17355565333524656  0.6328954761823156
2.87  -0.2273621972156634  0.5641363119141868
2.88  -0.2769045422540922  0.4922705525401611
2.89  -0.321559634013621  0.4177805397837714
2.9  -0.3607831280668242  0.3411604642980998
2.91  -0.39411723810646326  0.26291288226317944
2.92  -0.42119729791479826  0.18354519582661857
2.93  -0.4417569384900295  0.10356612304135798
2.94  -0.45563180219928395  0.023482182916823083
2.95  -0.46276173759132816  -0.056205779027759556
2.96  -0.463191441132955  -0.1350059997339412
2.97  -0.4570695352917666  -0.2124391177231041
2.98  -0.4446460957273719  -0.28804137876546615
2.99  -0.4262686635225211  -0.36136770544948393
3.0  -0.402376801037541  -0.4319946091151943
3.0100000000000002  -0.37349527176488706  -0.4995229238835204
3.02  -0.3402259451681663  -0.5635803439270467
3.0300000000000002  -0.3032385466011796  -0.6238237466755306
3.04  -0.2632603897299012  -0.6799412863186973
3.0500000000000003  -0.22106524416224166  -0.7316542437475024
3.06  -0.17746150399680888  -0.7787186209483323
3.0700000000000003  -0.13327983353608716  -0.8209264698191097
3.08  -0.08936047431184588  -0.8581069473959998
3.09  -0.0465404027219649  -0.8901270915499087
3.1  -0.005640529898946066  -0.9168923133166912
3.11  0.032546865114361376  -0.9383466041485898
3.12  0.06727028121011344  -0.9544724585005591
3.13  0.09783053862276775  -0.9652905142779691
3.14  0.12359154736881213  -0.9708589157559644
3.15  0.14399013970223207  -0.9712724056198178
3.16  0.15854481949385263  -0.966661154755061
3.17  0.166863297570636  -0.9571893403212105
3.18  0.1686487001411293  -0.9430534844597411
3.19  0.1637043572143753  -0.9244805677021591
3.2  0.15193709909543152  -0.901725932745408
3.21  0.13335901129392178  -0.8750709957376342
3.22  0.10808762117903072  -0.8448207835572911
3.23  0.07634451311055661  -0.8113013167630309
3.24  0.03845239222001707  -0.7748568589326699
3.25  -0.005169359842722538  -0.7358470539895411
3.2600000000000002  -0.054010571390605396  -0.6946439738279477
3.27  -0.10747752209716994  -0.6516290990916074
3.2800000000000002  -0.164901431804996  -0.607190256326754
3.29  -0.22554807065539675  -0.5617185349228833
3.3000000000000003  -0.2886283477569329  -0.5156052072685599
3.31  -0.35330972105658864  -0.46923867538790553
3.3200000000000003  -0.41872825888150217  -0.42300146698747654
3.33  -0.48400117396212133  -0.37726730333661024
3.34  -0.5482396437741837  -0.33239826073163775
3.35  -0.6105617268499133  -0.28874204646146534
3.36  -0.6701051833701919  -0.24662940920615628
3.37  -0.7260400098778844  -0.20637170266915056
3.38  -0.7775805023232331  -0.16825861997745747
3.39  -0.8239966687989574  -0.1325561149920105
3.4  -0.8646248231357058  -0.09950452516440311
3.41  -0.8988772028598597  -0.06931690896739989
3.42  -0.9262504696780213  -0.04217760922855261
3.43  -0.9463329674250368  -0.01824105192129298
3.44  -0.9588106310412948  0.002369211869409346
3.45  -0.9634714603498937  0.01956121497585183
3.46  -0.9602084938805038  0.03327503025978899
3.47  -0.9490212404109435  0.043482971836489595
3.48  -0.930015548932483  0.050189541383161854
3.49  -0.9034019210442197  0.053431121438475074
3.5  -0.8694922929956471  0.05327541950946744
3.5100000000000002  -0.8286953373761737  0.049820668673026876
3.52  -0.7815103564544714  0.04319459217728243
3.5300000000000002  -0.7285198600690889  0.03355314130033429
3.54  -0.6703809404525559  0.021079017396883212
3.5500000000000003  -0.607815574142511  0.005979990645275608
3.56  -0.5415999969308055  -0.011512970513088243
3.5700000000000003  -0.4725533113892792  -0.031147743883857354
3.58  -0.4015254976880589  -0.05265325537786755
3.59  -0.32938500702316803  -0.0757418205041452
3.6  -0.2570061228693597  -0.10011160681207176
3.61  -0.18525627838584438  -0.1254491977704926
3.62  -0.11498351858408075  -0.1514322378961616
3.63  -0.047004293317760154  -0.1777321384242629
3.64  0.01790823818250641  -0.20401682245261804
3.65  0.07903521854861743  -0.22995348829075157
3.66  0.1357222572278706  -0.2552113697055824
3.67  0.18738860012401454  -0.2794644718768712
3.68  0.23353517015192715  -0.3023942621556737
3.69  0.273751362163479  -0.3236922951551509
3.7  0.3077204946535425  -0.34306275229092
3.71  0.3352238410364152  -0.3602248766226407
3.72  0.3561431847850973  -0.3749152847231652
3.73  0.370461865022012  -0.38689013830935093
3.74  0.3782643019024279  -0.39592715950096313
3.75  0.37973401399643675  -0.4018274748220322
3.7600000000000002  0.3751501625063669  -0.4044172744125025
3.77  0.36488267921263856  -0.40354927436635607
3.7800000000000002  0.3493860561895266  -0.39910397164421146
3.79  0.32919189525535525  -0.39099068261187503
3.8000000000000003  0.30490033351992746  -0.37914835791891627
3.81  0.27717047798990574  -0.36354616814050017
3.8200000000000003  0.24670999674259794  -0.34418385634822574
3.83  0.2142640264635014  -0.321091855538582
3.84  0.18060356598128632  -0.29433117061736097
3.85  0.14651353268105655  -0.26399302640201733
3.86  0.11278066322801772  -0.23019828484807028
3.87  0.08018144182481068  -0.19309663641767918
3.88  0.04947023823546058  -0.15286557217564214
3.89  0.02136783405700925  -0.1097091448082738
3.9  -0.003449490730723293  -0.06385652830223441
3.91  -0.024360147953214773  -0.015560387482251204
3.92  -0.04080655668244414  0.034904930021430386
3.93  -0.05230344621923471  0.08724536553305565
3.94  -0.058445024736619236  0.14114926981241888
3.95  -0.05891090935024488  0.19628965620394753
3.96  -0.053470732569775414  0.25232656947740534
3.97  -0.041987360519474604  0.308909552590843
3.98  -0.02441867968299815  0.36568019294776755
3.99  -0.000817930898637668  0.42227472920153314
4.0  0.02866740842915095  0.4783266992824429
4.01  0.06379817076867136  0.5334696100901045
4.0200000000000005  0.1042474286600224  0.5873396092050567
4.03  0.14960574276921623  0.6395781390301801
4.04  0.19938764193994374  0.689834553972318
4.05  0.2530392307985549  0.7377686816151622
4.0600000000000005  0.30994680352869824  0.783053309313477
4.07  0.36944632739667976  0.8253765782505507
4.08  0.4308336467046276  0.8644442677412807
4.09  0.4933752472691728  0.8999819534251244
4.1  0.5563194134278326  0.9317370239704699
4.11  0.6189076040826923  0.9594805419958695
4.12  0.6803858714818177  0.9830089360961112
4.13  0.7400161463517541  1.0021455121328735
4.14  0.7970872156260355  1.0167417733005777
4.15  0.850925224320815  1.0266785398983427
4.16  0.9009035410028885  1.031866861217085
4.17  0.9464518366531092  1.0322487134764322
4.18  0.9870642393851803  1.0277974793070483
4.19  1.0223064422391657  1.0185182058595414
4.2  1.051821657899219  1.0044476402188365
4.21  1.0753353324276742  0.9856540424016299
4.22  1.092658549679018  0.9622367778025253
4.23  1.1036900786537631  0.9343256925202427
4.24  1.1084170373543172  0.9020802765278411
4.25  1.1069141683829002  0.8656886211392095
4.26  1.0993417432396928  0.8253661786578856
4.2700000000000005  1.0859421337018307  0.7813543334634542
4.28  1.067035109459367  0.733918795086039
4.29  1.0430119410313825  0.6833478250318098
4.3  1.0143284055775905  0.6299503102441508
4.3100000000000005  0.9814968102705841  0.5740536971081445
4.32  0.9450771631381649  0.5160018008244702
4.33  0.9056676344883373  0.4561525057860391
4.34  0.8638944629880361  0.3948753732825006
4.3500000000000005  0.8204014690104293  0.3325491734291836
4.36  0.7758393438637672  0.2695593586656764
4.37  0.7308548868734882  0.20629549649196807
4.38  0.6860803629573625  0.14314867930642827
4.39  0.6421231513001363  0.08050892927819003
4.4  0.5995558510306531  0.01876261612833039
4.41  0.5589070025033674  -0.041710094489937594
4.42  0.5206525730000822  -0.10053774462939712
4.43  0.4852083435479425  -0.15736002275058988
4.44  0.45292331928287005  -0.21183012107728624
4.45  0.42407426959489375  -0.2636169958523061
4.46  0.3988614864229653  -0.3124075155035632
4.47  0.377405829798853  -0.3579084825940486
4.48  0.3597471093703811  -0.39984851638717767
4.49  0.3458438294798108  -0.43797978390333847
4.5  0.33557430376118186  -0.47207956846674914
4.51  0.32873912348688494  -0.5019516659358763
4.5200000000000005  0.3250649423762631  -0.5274276000670265
4.53  0.32420951961303396  -0.5483676497707365
4.54  0.3257679427305576  -0.5646616823750175
4.55  0.3292799331290643  -0.5762297883996914
4.5600000000000005  0.33423811958301075  -0.5830227147628472
4.57  0.34009714945435643  -0.5850220947750088
4.58  0.34628349369634037  -0.5822404747204604
4.59  0.352205790330205  -0.5747211382702291
4.6000000000000005  0.35726556208875365  -0.5625377314098953
4.61  0.3608681374939268  -0.5457936919910751
4.62  0.36243360088106263  -0.5246214894222998
4.63  0.3614075958712839  -0.49918168139906754
4.64  0.35727180855559965  -0.46966179593124485
4.65  0.3495539611809631  -0.43627504825870944
4.66  0.33783715437064615  -0.3992589035559111
4.67  0.3217684057828862  -0.3588734976192857
4.68  0.30106624549255906  -0.31539992902036085
4.69  0.2755272431194063  -0.2691384375104587
4.7  0.24503135864744405  -0.2204064848089003
4.71  0.20954602778952597  -0.16953675533661453
4.72  0.16912891344712289  -0.11687509603207322
4.73  0.12392927710028596  -0.06277841619198132
4.74  0.07418794766136837  -0.007612570440976406
4.75  0.02023589030871217  0.04824974936792536
4.76  -0.037508595964881944  0.10443108402317494
4.7700000000000005  -0.09854399581560476  0.16055120461158118
4.78  -0.1622909245965583  0.21622899752752267
4.79  -0.22809858816436854  0.2710841873047104
4.8  -0.29525220381558087  0.324738834651678
4.8100000000000005  -0.3629811905011319  0.37681852787828773
4.82  -0.4304678874049911  0.42695315723206684
4.83  -0.4968564962992629  0.4747771180365575
4.84  -0.5612618549876403  0.5199287208036922
4.8500000000000005  -0.6227775196802422  0.562048479086872
4.86  -0.6804824334197681  0.6007757714006717
4.87  -0.7334451315638161  0.6357430826276026
4.88  -0.7807238826252627  0.6665665306078676
4.89  -0.82136018741284  0.6928304960186495
4.9  -0.8543612657462314  0.7140625364300739
4.91  -0.8786637122029882  0.729691612953444
4.92  -0.8930635412230619  0.7389762832379855
4.93  -0.8960829870058602  0.7408758837348389
4.94  -0.8857106811746835  0.7338066707738966
4.95  -0.8588697419748392  0.7151490049196181
4.96  -0.8102544809004582  0.6801725552826714
4.97  -0.7295972188059545  0.6194995722931237
4.98  -0.595071798031634  0.5128922242283169
4.99  -0.3620456747596737  0.31797574570218623
5.0  -7.634196885833082e-15  6.86144606486215e-15
5.01  0.33458680979082633  -0.30920768128694415
5.0200000000000005  0.5075854853055947  -0.48494088396877183
5.03  0.5728978064001233  -0.5693887811867975
5.04  0.583254040407252  -0.607486595383924
5.05  0.563353112947927  -0.620367805102742
5.0600000000000005  0.5249212232765668  -0.617858397284422
5.07  0.47426047385915954  -0.6049943412433294
5.08  0.41524315026889147  -0.5846424507083491
5.09  0.35055629828344786  -0.5586018035889435
5.1000000000000005  0.28226064244930815  -0.5281057248705611
5.11  0.2120589146030026  -0.49406876162754915
5.12  0.14143081339259905  -0.4572163073538555
5.13  0.07170233312217139  -0.4181562906149536
5.14  0.004080888271589525  -0.37742047237964843
5.15  -0.06032818624906731  -0.33548895206686574
5.16  -0.12051556028678208  -0.2928049765866264
5.17  -0.17556770286035148  -0.24978393499803764
5.18  -0.22466988239559568  -0.20681875548274475
5.19  -0.26711074050584493  -0.16428301878159043
5.2  -0.3022873945755885  -0.12253259409646325
5.21  -0.3297103745351545  -0.08190630739555226
5.22  -0.3490079178993188  -0.04272597416343223
5.23  -0.3599292908306006  -0.005296018702342834
5.24  -0.3623469027017378  0.03009716762907435
5.25  -0.3562570548779425  0.06318602216000777
5.26  -0.34177922130589344  0.09372268369447427
5.2700000000000005  -0.31915380488516404  0.12147988591729911
5.28  -0.28873835298598977  0.14625182928933797
5.29  -0.25100224990831266  0.16785499950101357
5.3  -0.20651993473031433  0.18612890801346826
5.3100000000000005  -0.15596272052139615  0.2009367358173207
5.32  -0.1000893156242199  0.2121658658586397
5.33  -0.03973516977405954  0.21972829300592892
5.34  0.02419921276301412  0.2235609032212679
5.3500000000000005  0.09076083413795279  0.22362561593032318
5.36  0.15895746512303469  0.21990938558198309
5.37  0.22777142467316613  0.21242406013287804
5.38  0.29617368481588613  0.2012060957436291
5.39  0.36313810370963245  0.18631612837294986
5.4  0.4276555876021496  0.1678384042306484
5.41  0.4887479833313066  0.1458800722207353
5.42  0.5454815068984015  0.12057034258410639
5.43  0.5969795204273107  0.0920595169456362
5.44  0.6424344793850896  0.06051789588833433
5.45  0.6811188841228997  0.026134571021212437
5.46  0.7123950844090046  -0.010883890720836497
5.47  0.7357238024409296  -0.05031486210601836
5.48  0.7506712585844857  -0.09192116089503283
5.49  0.7569148045082223  -0.13545263576405786
5.5  0.7542469901545766  -0.18064782274820768
5.51  0.7425780137862366  -0.22723566167791973
5.5200000000000005  0.7219365278268691  -0.2749372617396238
5.53  0.6924687970282406  -0.323467705023581
5.54  0.6544362292869514  -0.3725378767270986
5.55  0.6082113228498348  -0.42185631055932915
5.5600000000000005  0.5542720963411066  -0.4711310378453817
5.57  0.49319508968137143  -0.5200714288506989
5.58  0.42564704423057015  -0.5683900149416141
5.59  0.3523753890765843  -0.6158042803624871
5.6000000000000005  0.2741976770376958  -0.662038412643202
5.61  0.19199012840897356  -0.7068250009501998
5.62  0.10667545255148103  -0.7499066720581548
5.63  0.019210126928756434  -0.7910376540444872
5.64  -0.06942867999748847  -0.8299852582931665
5.65  -0.15825635158048873  -0.8665312709336308
5.66  -0.24629403989771295  -0.9004732454322586
5.67  -0.33258166680771745  -0.9316256886936968
5.68  -0.4161905236797429  -0.9598211337134039
5.69  -0.4962352915264231  -0.9849110925472199
5.7  -0.5718853130879342  -1.0067668841236492
5.71  -0.6423749606884722  -1.0252803322157293
5.72  -0.7070129582189267  -1.0403643297068679
5.73  -0.7651905321653646  -1.0519532661240718
5.74  -0.8163882849431024  -1.0600033162675946
5.75  -0.8601817036275282  -1.064492588633027
5.76  -0.8962452381892547  -1.065421133195332
5.7700000000000005  -0.9243549052210933  -1.062810808998921
5.78  -0.9443893955523673  -1.0567050128685558
5.79  -0.9563296867415639  -1.047168271417525
5.8  -0.9602571838778012  -1.034285699377067
5.8100000000000005  -0.9563504340653611  -1.018162328099372
5.82  -0.9448804810830063  -0.998922308890919
5.83  -0.9262049466832009  -0.9767079966085782
5.84  -0.9007609435270222  -0.9516789196930564
5.8500000000000005  -0.8690569415625073  -0.9240106435189293
5.86  -0.831663724498773  -0.893893534602825
5.87  -0.7892045856871204  -0.8615314338279262
5.88  -0.7423449230099872  -0.8271402474097358
5.89  -0.6917814001520113  -0.7909464648416182
5.9  -0.6382308467758799  -0.7531856135158377
5.91  -0.5824190725829028  -0.7141006601139502
5.92  -0.525069769976524  -0.6739403691964466
5.93  -0.4668936770841813  -0.632957629694133
5.94  -0.4085781672841373  -0.5914077602099437
5.95  -0.3507774232289296  -0.549546804179443
5.96  -0.29410334279102684  -0.5076298260090364
5.97  -0.23911731155373292  -0.46590921931296286
5.98  -0.1863229616381274  -0.4246330383026873
5.99  -0.13616002003344174  -0.38404336324590604
6.0  -0.08899933144895922  -0.34437471070692743
6.01  -0.045139121318519576  -0.3058524990074267
6.0200000000000005  -0.004802544270451242  -0.2686915790070482
6.03  0.03186345755306886  -0.23309483989922225
6.04  0.06478798315408933  -0.19925189925097747
6.05  0.09397470630082431  -0.16733788598879248
6.0600000000000005  0.11949915287777226  -0.1375123244486848
6.07  0.14150478079916315  -0.10991812697097587
6.08  0.16019794037237806  -0.08468070183218691
6.09  0.17584181073303393  -0.06190718257219366
6.1000000000000005  0.18874942411704487  -0.04168578399829286
6.11  0.19927590403638626  -0.02408528933396027
6.12  0.2078100556634127  -0.009154672133428916
6.13  0.21476545671480776  0.0030771442909807013
6.140000000000001  0.22057120470682734  0.012601388078495935
6.15  0.2256624815131764  0.01942939972953698
6.16  0.23047109861868234  0.023592452703180212
6.17  0.2354161862913413  0.025141434620254074
6.18  0.24089518709660718  0.024146390919708053
6.19  0.24727530879894838  0.020695933739179505
6.2  0.25488558382220206  0.014896519702011038
6.21  0.2640096721994418  0.006871601185823069
6.22  0.2748795324966566  -0.003239343483179342
6.23  0.28767007074062323  -0.015281894626924013
6.24  0.3024948611485966  -0.029087883516259346
6.25  0.31940301470218524  -0.04447668452624627
6.26  0.3383772526111979  -0.06125659858000149
6.2700000000000005  0.3593332217749229  -0.07922631865016035
6.28  0.38212006878371824  -0.09817646747809963
6.29  0.40652226813774267  -0.11789119712300664
6.3  0.432262679522413  -0.1381498394693198
6.3100000000000005  0.4590067885018105  -0.15872859640647735
6.32  0.48636806519610576  -0.17940225805186144
6.33  0.5139143567124346  -0.19994593712021944
6.34  0.5411752115987557  -0.22013680735218097
6.3500000000000005  0.5676500186679613  -0.23975583380379273
6.36  0.5928168284490292  -0.2585894827688629
6.37  0.6161417134914391  -0.2764313991582756
6.38  0.6370885139737086  -0.29308403929490245
6.390000000000001  0.6551288077073247  -0.30836024730017353
6.4  0.6697519388077104  -0.3220847635472317
6.41  0.6804749371075566  -0.3340956540357014
6.42  0.6868521608593998  -0.3442456500019674
6.43  0.6884844984150484  -0.35240338761474493
6.44  0.6850279703411497  -0.3584545382156025
6.45  0.6762015817513639  -0.3623028202448058
6.46  0.6617942853875914  -0.3638708847404666
6.47  0.641670929006237  -0.3631010671091599
6.48  0.6157770757277852  -0.3599559987342502
6.49  0.5841426029618343  -0.3544190729087195
6.5  0.5468840040696326  -0.3464947605467747
6.51  0.5042053367909278  -0.3362087721367073
6.5200000000000005  0.4563977833383491  -0.32360806344021475
6.53  0.40383780863216456  -0.3087606835135937
6.54  0.34698392507953874  -0.2917554647171449
6.55  0.2863720942580143  -0.2727015554834337
6.5600000000000005  0.222609817503463  -0.25172779772527726
6.57  0.15636898839258753  -0.22898195187291856
6.58  0.08837760012242342  -0.2046297736292332
6.59  0.01941041951132587  -0.17885394761412884
6.6000000000000005  -0.04972124351713964  -0.15185288412714182
6.61  -0.11818052682505878  -0.12383938628268401
6.62  -0.18511661000240032  -0.09503919575824564
6.63  -0.2496767431688614  -0.06568942633466524
6.640000000000001  -0.3110185340661347  -0.03603689529245252
6.65  -0.3683223111253908  -0.006336363552000854
6.66  -0.420803377182413  0.02315130379771457
6.67  -0.4677239682928053  0.05216104425400204
6.68  -0.5084047346919828  0.08042555900638715
6.69  -0.5422355663224816  0.10767731494080889
6.7  -0.5686855934493581  0.13365057365745203
6.71  -0.5873122035932428  0.1580834332786837
6.72  -0.597768929182639  0.18071986858047873
6.73  -0.5998120757756851  0.20131175483710276
6.74  -0.5933059782057509  0.21962086072582965
6.75  -0.5782267913123813  0.2354207956985384
6.76  -0.5546647427475458  0.24849889739001507
6.7700000000000005  -0.5228247973926624  0.2586580448995877
6.78  -0.4830257058598931  0.26571838415193344
6.79  -0.43569743304294917  0.2695189520136682
6.8  -0.38137698638016615  0.2699191864118723
6.8100000000000005  -0.3207026870431515  0.26680031036697743
6.82  -0.2544069503169051  0.2600665786109364
6.83  -0.18330766364629383  0.24964637630865816
6.84  -0.10829827185680758  0.23549316033107268
6.8500000000000005  -0.030336698596043217  0.21758623453620551
6.86  0.04956674920744087  0.1959313515942138
6.87  0.1303623313804252  0.1705611350364127
6.88  0.210974503156428  0.14153531640965641
6.890000000000001  0.29031603567495884  0.10894078366812499
6.9  0.36730243334781176  0.07289143822618013
6.91  0.44086644770313105  0.033527859419840746
6.92  0.50997248480246  -0.008983223528351113
6.93  0.5736307037497391  -0.05444965058538747
6.94  0.6309106071773476  -0.1026547382037109
6.95  0.6809539308604611  -0.15335837065586064
6.96  0.722986648694842  -0.20629826988191247
6.97  0.7563299210467003  -0.261191437003482
6.98  0.780409828782601  -0.3177357573727566
6.99  0.794765751906791  -0.3756117597833151
7.0  0.7990572704360913  -0.4344845192816846
7.01  0.7930694856583224  -0.4940056918927266
7.0200000000000005  0.7767166819528375  -0.5538156685178764
7.03  0.7500442725818077  -0.6135458342901351
7.04  0.7132289969508955  -0.6728209187823972
7.05  0.6665773614376975  -0.7312614216723854
7.0600000000000005  0.6105223406373852  -0.7884860977760374
7.07  0.5456183804167082  -0.8441144847764318
7.08  0.47253476814196604  -0.89776945650364
7.09  0.39204745850410677  -0.949079784265707
7.1000000000000005  0.3050294651681838  -0.9976826884972413
7.11  0.21243994870717492  -1.0432263628815428
7.12  0.11531214964657614  -1.0853724531179
7.13  0.014740331679020273  -1.1237984726477934
7.140000000000001  -0.08813408602911536  -1.1582001379235742
7.15  -0.1921370172247779  -1.1882936061990474
7.16  -0.2960766188771419  -1.2138175993424936
7.17  -0.3987584189346095  -1.234535397815751
7.18  -0.49900045429337453  -1.2502366897254253
7.19  -0.595648211951828  -1.2607392607289607
7.2  -0.6875891695053927  -1.2658905115645918
7.21  -0.7737667372345749  -1.2655687910636566
7.22  -0.8531934129625361  -1.2596845336897164
7.23  -0.9249629724727861  -1.2481811919237111
7.24  -0.988261532408463  -1.2310359551696595
7.25  -1.0423773390107622  -1.208260248281914
7.26  -1.086709154551519  -1.1799000043035917
7.2700000000000005  -1.1207731335985025  -1.14603570754582
7.28  -1.1442081030211437  -1.106782204718423
7.29  -1.1567791825778162  -1.0622882834338092
7.3  -1.158379706684281  -1.012736019035302
7.3100000000000005  -1.1490314321970423  -0.958339892337813
7.32  -1.12888304139884  -0.8993456825004471
7.33  -1.0982069734890092  -0.8360291408659346
7.34  -1.0573946414065325  -0.7686944531885304
7.3500000000000005  -1.0069501134047847  -0.6976724992187081
7.36  -0.9474823601263721  -0.623318920107968
7.37  -0.8796961876845163  -0.5460120055293374
7.38  -0.8043819951607634  -0.46615041376748595
7.390000000000001  -0.7224045107195866  -0.3841507393067279
7.4  -0.6346906739962777  -0.3004449436252066
7.41  -0.5422168433454733  -0.2154776659804492
7.42  -0.4459955147940289  -0.12970343193641468
7.43  -0.34706174501335973  -0.04358377822685983
7.44  -0.246459473244276  0.04241568673188193
7.45  -0.14522793684730056  0.1278282667806021
7.46  -0.04438837202943957  0.21218918606482956
7.47  0.055068814622873226  0.29503860054144154
7.48  0.1521962267961812  0.3759245921374072
7.49  0.24610084545554983  0.45440612474344805
7.5  0.33595442992475943  0.530055941364779
7.51  0.4210028164772192  0.60246338203915
7.5200000000000005  0.5005739955035785  0.6712371025694217
7.53  0.5740848675920899  0.736007674700276
7.54  0.6410465994705669  0.7964300490947327
7.55  0.7010685223962311  0.8521858633299256
7.5600000000000005  0.7538605379116982  0.9029855781294557
7.57  0.7992340185699344  0.9485704261736222
7.58  0.8371012139248359  0.9887141590729492
7.59  0.8674731944427195  1.02322457944523
7.6000000000000005  0.8904563876778201  1.051944846493601
7.61  0.9062477817452607  1.074754545032229
7.62  0.9151288905102402  1.0915705095368717
7.63  0.9174585927032707  1.1023473964979573
7.640000000000001  0.9136649731073189  1.1070780001124023
7.65  0.9042363078089654  1.1057933081543518
7.66  0.8897113470635757  1.098562296701479
7.67  0.8706690584279609  1.0854914642494173
7.68  0.8477179993381203  1.0667241076085108
7.69  0.8214854921672922  1.0424393438311077
7.7  0.7926067759455834  1.0128508842501898
7.71  0.7617143073544292  0.9782055685077651
7.72  0.7294273793643383  0.93878166820101
7.73  0.6963422190433561  0.8948869714620303
7.74  0.6630227167447842  0.8468566614011762
7.75  0.629991927243648  0.7950510028712918
7.76  0.5977244696238442  0.7398528534400929
7.7700000000000005  0.566639937046854  0.6816650157781883
7.78  0.5370974102113435  0.6209074498717027
7.79  0.5093911496188884  0.5580143645407369
7.8  0.48374752199322635  0.49343120868042095
7.8100000000000005  0.46032319567247304  0.4276115834314051
7.82  0.4392046188314294  0.3610140971258195
7.83  0.42040877332481874  0.29409918533665697
7.84  0.4038851761042076  0.227325918679961
7.8500000000000005  0.38951907987864776  0.16114882117553167
7.86  0.3771358052793512  0.09601472196286381
7.87  0.36650611855627363  0.032359662992432675
7.88  0.3573525520629482  -0.029394115029759495
7.890000000000001  0.34935654973724906  -0.08884108667390674
7.9  0.34216630669320613  -0.14559523469226768
7.91  0.3354051611055753  -0.19929270152314146
7.92  0.328680387963153  -0.24959428009433185
7.930000000000001  0.3215922381206696  -0.2961877257506522
7.94  0.31374306248625516  -0.33878987239020597
7.95  0.3047463601943377  -0.37714853728352454
7.96  0.29423559124560233  -0.4110442005574942
7.97  0.28187259831662426  -0.4402914469425485
7.98  0.26735548918362084  -0.4647401590944151
7.99  0.2504258403572209  -0.4842764535990737
8.0  0.2308750939431777  -0.4988233526381069
8.01  0.2085500332437681  -0.5083411862178663
8.02  0.1833572379825641  -0.5128277218355672
8.03  0.1552664370264329  -0.5123180204542334
8.040000000000001  0.12431269482360421  -0.5068840196714662
8.05  0.09059738718421921  -0.49663384697923685
8.06  0.054287942191929686  -0.48171086800851887
8.07  0.015616342632200405  -0.4622924766186592
8.08  -0.02512359297266354  -0.43858863561162775
8.09  -0.0675801131487695  -0.4108401787120461
8.1  -0.11134856256764256  -0.37931688624026616
8.11  -0.15597746087665965  -0.34431534860465574
8.120000000000001  -0.2009755367845429  -0.30615663333737936
8.13  -0.2458196064810648  -0.26518377288336703
8.14  -0.28996317074901296  -0.22175909171251967
8.15  -0.33284559236531974  -0.17626139255167092
8.16  -0.37390170479498347  -0.12908302261326124
8.17  -0.4125716949305092  -0.08062684162602152
8.18  -0.44831109685942094  -0.03130311424014242
8.19  -0.48060073045256446  0.018473650020261023
8.2  -0.5089564180173245  0.0682878856560501
8.21  -0.5329383143697904  0.11772616508912404
8.22  -0.5521596904279321  0.1663803736267046
8.23  -0.5662950177482008  0.21385084166949578
8.24  -0.5750872112190928  0.25974941062214957
8.25  -0.5783538992424292  0.3037024094256874
8.26  -0.5759926049996602  0.34535351926593144
8.27  -0.5679847386011274  0.384366504817188
8.28  -0.5543983178095834  0.4204277913497112
8.290000000000001  -0.5353893543427315  0.4532488681564837
8.3  -0.5112018632012014  0.48256850003131097
8.31  -0.48216647372517046  0.5081547299472321
8.32  -0.4486976428298171  0.5298066576307574
8.33  -0.4112894927720989  0.5473559803932833
8.34  -0.37051031752131747  0.5606682843527194
8.35  -0.326995823007101  0.569644076043688
8.36  -0.28144118687079894  0.5742195463592317
8.370000000000001  -0.23459204253249236  0.5743670607766388
8.38  -0.1872345101039667  0.5700953718795571
8.39  -0.14018441264875328  0.5614495522823949
8.4  -0.09427583025930263  0.5485106481759601
8.41  -0.05034915616361534  0.5313950558285325
8.42  -0.009238828398322808  0.5102536254788279
8.43  0.028239082663558884  0.48527049913035986
8.44  0.06129924658065943  0.4566616907845892
8.45  0.08919921926221515  0.4246734196177845
8.46  0.11125117939896027  0.3895802084985614
8.47  0.1268330750647658  0.3516827620447712
8.48  0.13539900768908855  0.311305640116512
8.49  0.13648869029080155  0.2687947442228368
8.5  0.12973582907342912  0.22451463577109418
8.51  0.11487529203715391  0.1788457063987652
8.52  0.09174894495848605  0.13218122178737338
8.53  0.06031005368313737  0.08492426135782294
8.540000000000001  0.02062617190195946  0.037484577078086806
8.55  -0.02711954486091157  -0.009724604729039504
8.56  -0.08262863574185553  -0.05628981421372598
8.57  -0.14548925494442588  -0.10180057680549588
8.58  -0.21517970588602758  -0.14585263523588954
8.59  -0.29107355531624324  -0.1880511300973205
8.6  -0.37244627040353884  -0.22801371452840313
8.61  -0.4584832992594481  -0.26537357907251746
8.620000000000001  -0.5482894938864195  -0.299782363395924
8.63  -0.6408997544208104  -0.3309129323700936
8.64  -0.7352907550988864  -0.35846199501388426
8.65  -0.8303935958807686  -0.38215254594789216
8.66  -0.9251072093764132  -0.40173611032727324
8.67  -1.0183123408475863  -0.41699477468064283
8.68  -1.1088859097936512  -0.4277429876806859
8.69  -1.1957155551126426  -0.43382911659504475
8.700000000000001  -1.2777141621666603  -0.4351367470008123
8.71  -1.3538341693345832  -0.43158571527889733
8.72  -1.4230814538254468  -0.42313286542124434
8.73  -1.4845286016269863  -0.4097725237689169
8.74  -1.5373273744100513  -0.3915366874369182
8.75  -1.5807201968896178  -0.3684949243559909
8.76  -1.6140505014074311  -0.34075398505599225
8.77  -1.636771782160431  -0.3084571285131933
8.78  -1.6484552293286245  -0.27178316656829377
8.790000000000001  -1.6487958330986543  -0.2309452335760778
8.8  -1.6376168689490773  -0.1861892900556307
8.81  -1.6148726982504975  -0.13779237115485765
8.82  -1.5806498419075363  -0.08606059270997134
8.83  -1.535166309085959  -0.03132692955358761
8.84  -1.4787691876716635  0.026051217509682638
8.85  -1.4119305276401766  0.085694647997792
8.86  -1.3352415726166604  0.1472051617443442
8.870000000000001  -1.2494054182254766  0.2101685116558512
8.88  -1.1552281980242636  0.2741574870922447
8.89  -1.0536089185650275  0.3387351046901861
8.9  -0.9455280841227541  0.40345788258290494
8.91  -0.8320352686007335  0.46787917328653567
8.92  -0.7142358068163394  0.5315525300256378
8.93  -0.5932767895759333  0.5940350809646125
8.94  -0.47033255648712213  0.654890885699257
8.950000000000001  -0.3465898871928363  0.7136942484454408
8.96  -0.2232330955485522  0.7700329626386528
8.97  -0.10142923214845956  0.8235114621286476
8.98  0.017686401470264616  0.8737538548123834
8.99  0.13302422862145424  0.9204068153932226
9.0  0.2435536727930891  0.9631423149773244
9.01  0.34831555261595454  1.001660166412446
9.02  0.44643342975081185  1.0356903656311884
9.03  0.5371237584964311  1.0649952107697869
9.040000000000001  0.6197047035917521  1.0893711824837793
9.05  0.6936035122328732  1.1086505706606926
9.06  0.7583623474600345  1.1227028346245278
9.07  0.8136425124749851  1.1314356859220651
9.08  0.8592270187955215  1.13479588486301
9.09  0.8950214750928975  1.1327697441380509
9.1  0.9210532977380632  1.1253833350452969
9.11  0.93746926814546  1.1127023940994587
9.120000000000001  0.9445314855961018  1.0948319300625249
9.13  0.9426117869968227  1.0719155337023833
9.14  0.9321847266580295  1.0441343948396014
9.15  0.9138192293310208  1.0117060334653987
9.16  0.8881690481465784  0.9748827538885572
9.17  0.8559621754715007  0.933949832979303
9.18  0.8179893688155365  0.8892234556077372
9.19  0.7750919655757346  0.841048412307911
9.200000000000001  0.728149169435897  0.7897955760209475
9.21  0.6780649975217304  0.7358591764685203
9.22  0.6257550808644775  0.6796538922671798
9.23  0.5721335113086615  0.6216117823042544
9.24  0.518099925715181  0.5621790791446085
9.25  0.4645270132068112  0.5018128683162468
9.26  0.41224862336673085  0.4409776782225039
9.27  0.36204864286213506  0.38014200614247423
9.28  0.31465079509147953  0.3197748063038482
9.290000000000001  0.2707095023499875  0.26034196633959766
9.3  0.23080193291064482  0.2023027985685599
9.31  0.1954213365927699  0.14610657246951173
9.32  0.1649717521298196  0.09218911444901905
9.33  0.13976414826335581  0.040969500536403296
9.34  0.1200140383101442  -0.007153133021037369
9.35  0.10584058531265061  -0.05180263713886999
9.36  0.09726719213506851  -0.09262873216084713
9.370000000000001  0.09422354835238002  -0.1293097031239737
9.38  0.09654908384010602  -0.1615548875118658
9.39  0.10399775793771228  -0.1891069365136884
9.4  0.11624409324558266  -0.21174383247901787
9.41  0.1328903448201097  -0.22928064706405574
9.42  0.15347467902638295  -0.2415710264876994
9.43  0.17748022183717913  -0.24850839234295186
9.44  0.20434482414301217  -0.2500268485248035
9.450000000000001  0.23347138183773575  -0.24610178702380978
9.46  0.26423854120825496  -0.23675018757919683
9.47  0.29601161558433886  -0.22203060846909267
9.48  0.3281535373546661  -0.2020428680214854
9.49  0.3600356703457952  -0.17692741874043236
9.5  0.3910483111650552  -0.14686441824036783
9.51  0.42061071436135833  -0.11207250345001354
9.52  0.44818048505116853  -0.07280727676918852
9.53  0.47326219384468654  -0.02935951502030583
9.540000000000001  0.4954150823071288  0.01794688588495663
9.55  0.5142597425852202  0.06875721565933235
9.56  0.5294836719732313  0.12268848695595384
9.57  0.5408456218129873  0.17933218675806584
9.58  0.5481786799226248  0.23825722170062896
9.59  0.5513920464166587  0.29901303571683546
9.6  0.5504714839886488  0.3611328770965644
9.61  0.5454784451436816  0.4241371909058956
9.620000000000001  0.5365479001536463  0.48753711175560843
9.63  0.5238849103293708  0.5508380311271952
9.64  0.5077600112318184  0.6135432128735958
9.65  0.48850348936449495  0.6751574301098846
9.66  0.46649865340134217  0.7351905964993859
9.67  0.4421742168298305  0.7931613649207259
9.68  0.4159959227742825  0.848600666669197
9.69  0.3884575534816839  0.9010551646948824
9.700000000000001  0.3600714763052774  0.9500905949028441
9.71  0.3313588848437856  0.9952949702244621
9.72  0.3028398980510087  1.0362816229986382
9.73  0.2750236815177482  1.0726920621547862
9.74  0.2483987536657079  1.1041986227394736
9.75  0.22342363522245426  1.1305068864363101
9.76  0.20051799301615447  1.1513578528443074
9.77  0.18005441877888803  1.1665298423326567
9.78  0.1623509701786916  1.1758401121814257
9.790000000000001  0.1476645845343883  1.1791461683050812
9.8  0.13618545526646375  1.1763467549295004
9.81  0.12803243649292492  1.1673825038349226
9.82  0.12324951120242497  1.1522362226957432
9.83  0.12180332121456589  1.1309327978620274
9.84  0.12358170930568008  1.103538679368364
9.85  0.12839315949294844  1.0701609029066028
9.86  0.13596692986213224  1.0309455813380828
9.870000000000001  0.14595353394258806  0.9860757606735533
9.88  0.15792500462952352  0.9357684707639962
9.89  0.1713739972236215  0.8802706876222461
9.9  0.18571010975164332  0.8198537205810047
9.91  0.2002505106448802  0.7548051598547197
9.92  0.21419937661475902  0.6854167956839794
9.93  0.2266051248665436  0.6119654815532489
9.94  0.23627185116510674  0.534680974590393
9.950000000000001  0.24157061174394284  0.4536887778159363
9.96  0.2400151841093757  0.3689050606987379
9.97  0.22724308477526411  0.2798553648570923
9.98  0.19448759530782625  0.18554865744538618
9.99  0.12387530320619008  0.08640285111046442
10.0  5.454540732284108e-15  2.4826488026215465e-15
