0.0  0.9323761617637941  -0.778476981336794
0.01  0.9060455744694003  -0.7944297050143971
0.02  0.8790903525241007  -0.8102456311745687
0.03  0.8515259942301161  -0.825921720193891
0.04  0.823368375274697  -0.8414549576348503
0.05  0.7946337392597397  -0.8568423548136727
0.06  0.7653386880081567  -0.8720809493634479
0.07  0.7355001716528342  -0.8871678057924401
0.08  0.7051354785141406  -0.9021000160374737
0.09  0.6742622247720822  -0.9168747000122986
0.1  0.642898343939314  -0.9314890061508267
0.11  0.6110620761413498  -0.9459401119451393
0.12  0.5787719572104209  -0.9602252244781653
0.13  0.5460468075995478  -0.9743415809509322
0.14  0.5129057211235012  -0.9882864492042843
0.15  0.47936805353343154  -1.0020571282349804
0.16  0.44545341093204216  -1.0156509487060634
0.17  0.41118163803628704  -1.029065273451417
0.18  0.37657280629465756  -1.0422974979744046
0.19  0.34164720186621367  -1.055345050940504
0.2  0.3064253134686027  -1.0682053946638443
0.21  0.2709278201023791  -1.0808760255875487
0.22  0.2351755786590226  -1.093354474757801
0.23  0.199189611420117  -1.1056383082915404
0.24  0.16299109345521726  -1.1177251278376996
0.25  0.12660133992600214  -1.1296125710318992
0.26  0.09004179330435054  -1.1412983119445115
0.27  0.053334010512050986  -1.1527800615220143
0.28  0.016499649989884943  -1.1640555680215434
0.29  -0.020439541296123617  -1.1751226174385714
0.3  -0.05746174090346284  -1.1859790339276244
0.31  -0.09454506400903326  -1.196622680215964
0.32  -0.13166757654429928  -1.207051458010152
0.33  -0.16880730836178218  -1.217263308395423
0.34  -0.20594226642495822  -1.2272562122277892
0.35000000000000003  -0.2430504480136155  -1.237028190518808
0.36  -0.2801098539367099  -1.2465773048129305
0.37  -0.31709850174476384  -1.255901657557368
0.38  -0.35399443893383825  -1.2649993924644045
0.39  -0.3907757561331281  -1.2738686948660853
0.4  -0.4274206002682285  -1.2825077920612171
0.41000000000000003  -0.4639071876921396  -1.2909149536546103
0.42  -0.5002138172761028  -1.2990884918885062
0.43  -0.5363188834523652  -1.3070267619661167
0.44  -0.5722008892010277  -1.3147281623672278
0.45  -0.6078384589731333  -1.3221911351557931
0.46  -0.6432103515422211  -1.3294141662794723
0.47000000000000003  -0.6782954727765877  -1.3363957858610471
0.48  -0.7130728883245633  -1.3431345684816707
0.49  -0.7475218362051579  -1.3496291334558808
0.5  -0.7816217392964807  -1.3558781450983461
0.51  -0.8153522177144119  -1.3618803129822719
0.52  -0.8486931010740602  -1.3676343921894352
0.53  -0.881624440626618  -1.3731391835517888
0.54  -0.9141265212642917  -1.3783935338845992
0.55  -0.9461798733860751  -1.3833963362110597
0.56  -0.9777652846172131  -1.3881465299783529
0.5700000000000001  -1.0088638113752801  -1.3926431012651066
0.58  -1.0394567902759135  -1.396885082980213
0.59  -1.0695258493713165  -1.4008715550529685
0.6  -1.0990529192147507  -1.4046016446144987
0.61  -1.128020243744363  -1.4080745261704346
0.62  -1.1564103909797612  -1.4112894217648067
0.63  -1.1842062635249084  -1.4142456011351225
0.64  -1.2113911088709912  -1.4169423818586053
0.65  -1.237948529493051  -1.4193791294895532
0.66  -1.2638624927342932  -1.4215552576878059
0.67  -1.2891173404721061  -1.4234702283382834
0.68  -1.3136977985599683  -1.4251235516615808
0.6900000000000001  -1.3375889860395427  -1.4265147863155891
0.7000000000000001  -1.360776424117404  -1.4276435394881342
0.71  -1.3832460449009882  -1.4285094669806009
0.72  -1.4049841998884862  -1.4291122732825399
0.73  -1.4259776682075682  -1.4294517116372312
0.74  -1.4462136645979664  -1.4295275840981974
0.75  -1.4656798471330974  -1.4293397415766533
0.76  -1.4843643246760698  -1.428888083879881
0.77  -1.5022556640655766  -1.4281725597405233
0.78  -1.5193428970273335  -1.427193166836789
0.79  -1.5356155268069  -1.4259499518035645
0.8  -1.5510635345198722  -1.4244430102344285
0.81  -1.5656773852156194  -1.422672486674571
0.8200000000000001  -1.5794480336509047  -1.4206385746046082
0.8300000000000001  -1.5923669297699046  -1.4183415164153104
0.84  -1.6044260238873125  -1.4157816033732302
0.85  -1.6156177715714093  -1.4129591755772486
0.86  -1.6259351382241414  -1.409874621906036
0.87  -1.6353716033554442  -1.4065283799564463
0.88  -1.643921164549231  -1.402920935972849
0.89  -1.6515783411186473  -1.399052824767409
0.9  -1.658338177448383  -1.394924629631336
0.91  -1.6641962460220252  -1.3905369822371099
0.92  -1.6691486501326156  -1.385890562531705
0.93  -1.6731920262747775  -1.380986098620831
0.9400000000000001  -1.6763235462169583  -1.375824366644209
0.9500000000000001  -1.678540918752544  -1.3704061906419052
0.96  -1.6798423911287694  -1.3647324424117488
0.97  -1.6802267501525658  -1.3588040413578564
0.98  -1.6796933229726732  -1.3526219543302913
0.99  -1.678241977537534  -1.3461871954558848
1.0  -1.6758731227286896  -1.3395008259602552
1.01  -1.6725877081695952  -1.3325639539810463
1.02  -1.6683872237099526  -1.3253777343724322
1.03  -1.663273698585876  -1.3179433685009112
1.04  -1.6572497002563815  -1.310262104032435
1.05  -1.6503183329169029  -1.3023352347109058
1.06  -1.6424832356907118  -1.294164100128085
1.07  -1.6337485804993384  -1.2857500854849515
1.08  -1.6241190696132601  -1.2770946213445606
1.09  -1.6135999328843291  -1.2681991833764348
1.1  -1.6021969246616021  -1.2590652920925496
1.11  -1.5899163203924254  -1.2496945125749488
1.12  -1.576764912910808  -1.240088454195045
1.1300000000000001  -1.5627500084153252  -1.2302487703246578
1.1400000000000001  -1.5478794221389598  -1.2201771580388363
1.1500000000000001  -1.532161473713487  -1.2098753578105264
1.16  -1.515604982231192  -1.199345153197139
1.17  -1.498219261006882  -1.1885883705190645
1.18  -1.480014112043353  -1.1776068785302127
1.19  -1.4609998202036287  -1.1664025880806206
1.2  -1.441187147093483  -1.1549774517711953
1.21  -1.4205873246579255  -1.1433334636006598
1.22  -1.3992120484954975  -1.1314726586047628
1.23  -1.3770734708944044  -1.1193971124878155
1.24  -1.3541841935946735  -1.1071089412466266
1.25  -1.3305572602806877  -1.094610300786909
1.26  -1.3062061488086196  -1.0819033865322152
1.27  -1.2811447631734358  -1.0689904330254882
1.28  -1.2553874252203059  -1.0558737135232907
1.29  -1.2289488661054093  -1.0425555395827917
1.3  -1.2018442175112716  -1.0290382606415855
1.31  -1.1740890026219186  -1.0153242635904192
1.32  -1.145699126863285  -1.00141597233891
1.33  -1.1166908684144412  -0.9873158473743266
1.34  -1.0870808684953561  -0.9730263853135239
1.35  -1.0568861214370364  -0.9585501184481073
1.36  -1.0261239645400182  -0.9438896142829086
1.37  -0.9948120677273259  -0.9290474750678677
1.3800000000000001  -0.9629684229981077  -0.9140263373233961
1.3900000000000001  -0.9306113336883095  -0.8988288713593162
1.4000000000000001  -0.8977594035448462  -0.8834577807874601
1.41  -0.8644315256198465  -0.8679158020280223
1.42  -0.830646870991653  -0.8522057038097552
1.43  -0.7964248773193793  -0.8363302866640978
1.44  -0.7617852372378925  -0.8202923824133344
1.45  -0.7267478866002243  -0.8040948536528738
1.46  -0.6913329925744776  -0.7877405932277481
1.47  -0.6555609416024007  -0.771232523703425
1.48  -0.6194523272268706  -0.7545735968310314
1.49  -0.5830279377956133  -0.7377667930070894
1.5  -0.5463087440485686  -0.7208151207278626
1.51  -0.5093158865963637  -0.7037216160384104
1.52  -0.4720706632974327  -0.6864893419764588
1.53  -0.4345945165413897  -0.6691213880111846
1.54  -0.39690902044629617  -0.6516208694770181
1.55  -0.35903586797753806  -0.633990927002573
1.56  -0.320996857996063  -0.6162347259347991
1.57  -0.2828138822437711  -0.5983554557584754
1.58  -0.24450891227390162  -0.5803563295111445
1.59  -0.20610398633426857  -0.5622405831935968
1.6  -0.1676211962112506  -0.5440114751760141
1.61  -0.12908267404245138  -0.525672285599887
1.62  -0.09051057910596386  -0.5072263157758035
1.6300000000000001  -0.05192708459419157  -0.4886768875772371
1.6400000000000001  -0.013354364380196338  -0.47002734283043524
1.6500000000000001  0.025185420215488443  -0.4512810427005217
1.6600000000000001  0.06367013364957703  -0.43244136707393477
1.67  0.10207767936436019  -0.4135117139373005
1.68  0.14038601297167214  -0.3944954987528706
1.69  0.1785731554045687  -0.37539615383063774
1.7  0.21661720602880732  -0.35621712769723246
1.71  0.2544963557062206  -0.3369618844617338
1.72  0.29218889980214713  -0.31763390317850315
1.73  0.32967325112907453  -0.2982366772071607
1.74  0.3669279528187103  -0.2787737135698209
1.75  0.40393169111473937  -0.259248532305713
1.76  0.4406633080785637  -0.23966466582329454
1.77  0.477101814200388  -0.2200256582499891
1.78  0.5132264009080542  -0.20033506477966284
1.79  0.5490164529661066  -0.1805964510179598
1.8  0.5844515607576241  -0.16081339232562508
1.81  0.6195115324414356  -0.14098947315992177
1.82  0.6541764059773922  -0.12112828641428333
1.83  0.6884264610124823  -0.10123343275630896
1.84  0.7222422306206222  -0.08130851996422961
1.85  0.7556045128890717  -0.06135716226197181
1.86  0.7884943823444996  -0.04138297965293164
1.87  0.8208932012118313  -0.02138959725259483
1.8800000000000001  0.8527826304991042  -0.0013806446201188594
1.8900000000000001  0.8841446409016681  0.018640244910997666
1.9000000000000001  0.9149615235191707  0.03866943490303071
1.9100000000000001  0.9452159003788858  0.05870328648481418
1.92  0.9748907347590609  0.07873815902305922
1.93  1.0039693413060644  0.09877041079409196
1.94  1.0324353959392703  0.11879639965587255
1.95  1.0602729455377098  0.13881248372019278
1.96  1.0874664174026816  0.1588150220249039
1.97  1.1140006284906132  0.17880037520606526
1.98  1.139860794410654  0.19876490616988304
1.99  1.1650325381815678  0.21870498076431424
2.0  1.1895018987426793  0.2386169684502171
2.0100000000000002  1.2132553392137546  0.2584972429719142
2.02  1.2362797548988558  0.27834218302704855
2.0300000000000002  1.2585624810293716  0.2981481729356157
2.04  1.2800913002415553  0.3179116033080271
2.05  1.3008544497841035  0.3376288717121066
2.06  1.3208406284514342  0.35729638333887886
2.07  1.3400390032385074  0.37691055166702336
2.08  1.3584392157131984  0.3964677991258928
2.09  1.3760313881023996  0.41596455775694163
2.1  1.3928061290881995  0.43539726987347444
2.11  1.4087545393106664  0.45476238871855734
2.12  1.4238682165739418  0.47405637912100607
2.13  1.4381392607525114  0.4932757181492943
2.14  1.4515602783947419  0.5124168957632917
2.15  1.464124387020894  0.5314764154636837
2.16  1.475825219113078  0.5504507949389774
2.17  1.48665692579473  0.5693365667099455
2.18  1.4966141801974455  0.5881302787714187
2.19  1.5056921805131316  0.6068284952312817
2.2  1.5138866527296795  0.6254277969465701
2.21  1.5211938530485167  0.6439247821565389
2.22  1.5276105699826101  0.6623160671126003
2.23  1.5331341261336677  0.6805982867049882
2.24  1.5377623796475008  0.6987680950860646
2.25  1.541493725346673  0.7168221662901226
2.2600000000000002  1.5443270955397936  0.7347571948495945
2.27  1.5462619605069756  0.7525698964075277
2.2800000000000002  1.54729832866119  0.7702570083262379
2.29  1.5474367463854455  0.7878152902920075
2.3000000000000003  1.5466782975459075  0.8052415249157263
2.31  1.5450246026812726  0.8225325183293578
2.32  1.5424778178689125  0.8396851007781294
2.33  1.5390406332684896  0.8566961272083207
2.34  1.5347162713439446  0.8735624778505522
2.35  1.5295084847649505  0.8902810587984692
2.36  1.5234215539891203  0.906848802582694
2.37  1.516460284526447  0.9232626687399652
2.38  1.5086300038876497  0.9395196443773357
2.39  1.4999365582182813  0.9556167447313398
2.4  1.4903863086206628  0.9715510137220116
2.41  1.4799861271658625  0.9873195245016722
2.42  1.4687433925981732  1.0029193799983511
2.43  1.45666598573467  1.0183477134537804
2.44  1.4437622845626734  1.0336016889558224
2.45  1.4300411590380724  1.0486785019652656
2.46  1.415511965587682  1.0635753798368575
2.47  1.4001845413189598  1.0782895823345156
2.48  1.3840691979406037  1.092818402140577
2.49  1.3671767153977143  1.1071591653590327
2.5  1.349518335225385  1.121309232012622
2.5100000000000002  1.3311057536247368  1.1352659965337135
2.52  1.3119511142656206  1.1490268882488675
2.5300000000000002  1.2920670008203126  1.1625893718570024
2.54  1.2714664292327653  1.1759509479010621
2.5500000000000003  1.250162839728058  1.1891091532331135
2.56  1.228170088566925  1.2020615614727617
2.57  1.2055024395503222  1.214805783458832
2.58  1.1821745552791922  1.2273394676941976
2.59  1.1582014881747291  1.2396603007836975
2.6  1.1335986712645432  1.2517660078650514
2.61  1.1083819087403501  1.263654353032688
2.62  1.08256736629286  1.2753231397544182
2.63  1.056171561229737  1.2867702112808612
2.64  1.0292113523825934  1.2979934510475644
2.65  1.0017039298091546  1.3089907830697207
2.66  0.9736668042967719  1.319760172329434
2.67  0.9451177966737029  1.3302996251554318
2.68  0.9160750269345512  1.3406071895951845
2.69  0.8865569031865128  1.3506809557793353
2.7  0.8565821104230519  1.3605190562783915
2.71  0.826169599131848  1.3701196664515936
2.72  0.7953385737438672  1.379481004787918
2.73  0.7641084809305618  1.3886013332391243
2.74  0.7324989977562658  1.3974789575448074
2.75  0.700530019692957  1.4061122275493771
2.7600000000000002  0.6682216485046195  1.4144995375109197
2.77  0.6355941800085578  1.422639326401866
2.7800000000000002  0.6026680917210168  1.4305300782014296
2.79  0.5694640303946353  1.4381703221797442
2.8000000000000003  0.5360027994552005  1.4455586331736556
2.81  0.5023053463453673  1.4526936318541122
2.82  0.46839274978292295  1.459573984985106
2.83  0.43428620694135545  1.4661984056741166
2.84  0.40000702056045173  1.4725656536140042
2.85  0.36557658599469134  1.478674535316317
2.86  0.33101637820731755  1.4845239043359575
2.87  0.2963479387178943  1.4901126614871758
2.88  0.26159286251126534  1.4954397550508378
2.89  0.22677278491581981  1.5005041809729456
2.9  0.19190936845899145  1.50530498305435
2.91  0.15702428970793036  1.5098412531316423
2.92  0.12213922610332346  1.5141121312491743
2.93  0.08727584279426724  1.5181168058221837
2.94  0.052455779482220175  1.5218545137909865
2.95  0.017700637281901355  1.5253245407662157
2.96  -0.01696803439284139  1.5285262211650703
2.97  -0.051528750910352986  1.5314589383385546
2.98  -0.08596010546170664  1.5341221246896777
2.99  -0.12024078205262725  1.5365152617826001
3.0  -0.15434956843892683  1.5386378804426923
3.0100000000000002  -0.18826536899764576  1.5404895608475022
3.02  -0.22196721752612258  1.5420699326085994
3.0300000000000002  -0.2554342899612684  1.5433786748442921
3.04  -0.2886459170113362  1.5444155162431923
3.0500000000000003  -0.32158159669260544  1.5451802351186232
3.06  -0.3542210067633406  1.5456726594538606
3.0700000000000003  -0.3865440170475864  1.5458926669381876
3.08  -0.4185307016412901  1.545840184993769
3.09  -0.4501613509934247  1.5455151907933302
3.1  -0.48141648385479907  1.5449177112686403
3.11  -0.5122768590873217  1.5440478231097965
3.12  -0.5427234873266289  1.5429056527553113
3.13  -0.5727376424909816  1.5414913763729978
3.14  -0.6023008731295195  1.539805219831664
3.15  -0.6313950136030012  1.5378474586636135
3.16  -0.6600021950902799  1.5356184180179633
3.17  -0.6881048564138714  1.5331184726047848
3.18  -0.7156857546780772  1.5303480466300794
3.19  -0.742727975713223  1.527307613721595
3.2  -0.769214944319743  1.5239976968455056
3.21  -0.7951304343058705  1.5204188682139597
3.22  -0.8204585783129308  1.516571749183517
3.23  -0.8451838774222501  1.512457010144498
3.24  -0.8692912105379283  1.5080753704012533
3.25  -0.8927658435397686  1.5034275980433855
3.2600000000000002  -0.9155934382008662  1.4985145098079435
3.27  -0.9377600608644556  1.4933369709326112
3.2800000000000002  -0.9592521908747972  1.4878958949999215
3.29  -0.9800567287569764  1.4821922437725186
3.3000000000000003  -1.000161004140723  1.4762270270195077
3.31  -1.0195527834234321  1.4700013023339118
3.3200000000000003  -1.0382202771677784  1.4635161749412748
3.33  -1.0561521472294477  1.456772797499453
3.34  -1.0733375136106944  1.4497723698896157
3.35  -1.0897659610355779  1.4425161389985033
3.36  -1.105427545242914  1.4350053984919873
3.37  -1.120312798993142  1.427241488579958
3.38  -1.1344127377854838  1.4192257957725973
3.39  -1.1477188652819454  1.4109597526280764
3.4  -1.1602231784348742  1.4024448374917224
3.41  -1.1719181723150114  1.3936825742267012
3.42  -1.1827968446370782  1.384674531936275
3.43  -1.1928526999802171  1.375422324677669
3.44  -1.202079753700696  1.3659276111676208
3.45  -1.210472535534551  1.3561920944796413
3.46  -1.2180260928879711  1.3462175217330716
3.47  -1.2247359938134557  1.3360056837739631
3.48  -1.2305983296699408  1.3255584148478659
3.49  -1.235609717465296  1.3148775922645675
3.5  -1.23976730187978  1.3039651360548514
3.5100000000000002  -1.2430687569692334  1.292823008619335
3.52  -1.2455122875469875  1.2814532143694612
3.5300000000000002  -1.2470966302436537  1.26985779936069
3.54  -1.2478210542441608  1.2580388509179818
3.5500000000000003  -1.2476853617015955  1.2459984972536184
3.56  -1.2466898878276014  1.2337389070774543
3.5700000000000003  -1.2448355006592857  1.2212622891996459
3.58  -1.2421236005027778  1.2085708921259568
3.59  -1.2385561190537775  1.195667003645694
3.6  -1.234135518195631  1.182552950412357
3.61  -1.2288647884756638  1.1692310975170896
3.62  -1.222747447260693  1.1557038480549857
3.63  -1.2157875365728357  1.1419736426843605
3.64  -1.20798962060693  1.1280429591790433
3.65  -1.199358782931066  1.1139143119737915
3.66  -1.1899006233719258  1.0995902517028935
3.67  -1.179621254586813  1.0850733647320654
3.68  -1.1685272983244541  1.070366272683711
3.69  -1.1566258813768227  1.0554716319556399
3.7  -1.1439246312244498  1.0403921332333272
3.71  -1.1304316713778404  1.0251305009958238
3.72  -1.1161556164178237  1.0096894930153726
3.73  -1.101105566737836  0.9940718998508669
3.74  -1.0852911029913084  0.9782805443352003
3.75  -1.0687222802475307  0.9623182810566449
3.7600000000000002  -1.0514096218595053  0.9461879958343158
3.77  -1.0333641130475328  0.9298926051878496
3.7800000000000002  -1.0145971942023582  0.9134350558013735
3.79  -0.9951207539119932  0.8968183239818758
3.8000000000000003  -0.9749471217163537  0.88004541511207
3.81  -0.9540890605941789  0.8631193630978675
3.8200000000000003  -0.932559759186682  0.8460432298105366
3.83  -0.9103728237627244  0.8288201045236838
3.84  -0.8875422699303008  0.8114531033451255
3.85  -0.8640825140993834  0.7939453686437842
3.86  -0.8400083647012762  0.7763000684717056
3.87  -0.8153350131697865  0.758520395981293
3.88  -0.7900780246896695  0.7406095688378841
3.89  -0.764253328717933  0.722570828627762
3.9  -0.7378772092837438  0.7044074402617329
3.91  -0.7109662950727743  0.6861226913743472
3.92  -0.6835375493020374  0.6677198917189158
3.93  -0.6556082593912397  0.6492023725583895
3.94  -0.627196026437016  0.6305734860522618
3.95  -0.5983187544962767  0.6118366046395569
3.96  -0.5689946396852794  0.5929951204180703
3.97  -0.5392421591008854  0.5740524445199304
3.98  -0.5090800595708121  0.555012006483629
3.99  -0.47852734623960214  0.5358772536226143
4.0  -0.4476032709972453  0.51665165039059
4.01  -0.41632732075744244  0.4973386777436024
4.0200000000000005  -0.3847192055925916  0.47794183249906547
4.03  -0.3527988467326878  0.4584646266918374
4.04  -0.32058636443534066  0.4389105869274344
4.05  -0.28810206573432895  0.41928325373255493
4.0600000000000005  -0.255366432073998  0.3995861809029974
4.07  -0.22240010683707453  0.37982293484910007
4.08  -0.18922388277334135  0.35999709393883006
4.09  -0.15585868933685693  0.3401122478386366
4.1  -0.122325579939311  0.320171996852199
4.11  -0.08864571912727678  0.30017995125718144
4.12  -0.05484036969107141  0.28013973064013525
4.13  -0.020930879713008825  0.26005496322963506
4.14  0.013061330437055818  0.2399292852278202
4.15  0.04711478115111374  0.21976634014043606
4.16  0.08120794666936303  0.19956977810549872
4.17  0.1153192681957007  0.17934325522072067
4.18  0.14942716703432407  0.1590904328698112
4.19  0.18351005773959012  0.138814977047783
4.2  0.21754636127112587  0.11852055768539961
4.21  0.25151451814625464  0.09821084797284772
4.22  0.285393001581781  0.07788952368282098
4.23  0.319160330617205  0.057560262493089084
4.24  0.3527950832113761  0.03722674330871607
4.25  0.38627590930475675  0.016892645584006577
4.26  0.41958154383930824  -0.003438351355631697
4.2700000000000005  0.45269081972818925  -0.023762568991844923
4.28  0.4855826807673609  -0.044076330291335425
4.29  0.5182361944813718  -0.06437596038361743
4.3  0.5506305648954855  -0.08465778723838444
4.3100000000000005  0.5827451452264383  -0.10491814234236357
4.32  0.6145594504841777  -0.1251533613755234
4.33  0.6460531699769484  -0.14535978488654502
4.34  0.6772061797121511  -0.16553375896738085
4.3500000000000005  0.7079985546854677  -0.1856716359268085
4.36  0.7384105810508406  -0.20576977496284948
4.37  0.7684227681639528  -0.22582454283392864
4.38  0.7980158604918657  -0.2458323145286322
4.39  0.827170849381674  -0.2657894739339724
4.4  0.8558689846810353  -0.28569241450200544
4.41  0.8840917862035053  -0.305537539914684
4.42  0.9118210550318158  -0.3253212647468504
4.43  0.9390388846521946  -0.3450400151272013
4.44  0.9657276719129999  -0.36469022939713025
4.45  0.9918701278010577  -0.3842683587673241
4.46  1.0174492880291712  -0.4037708679719869
4.47  1.0424485234283873  -0.42319423592056
4.48  1.066851550138721  -0.44253495634684215
4.49  1.0906424395921877  -0.4617895384553531
4.5  1.1138056282821098  -0.48095450756486896
4.51  1.1363259273127273  -0.5000264057489568
4.5200000000000005  1.158188531723397  -0.5190017924734316
4.53  1.1793790295816813  -0.5378772452305844
4.54  1.1998834108398655  -0.5566493601701056
4.55  1.2196880759494828  -0.575314752726532
4.5600000000000005  1.238779844228682  -0.5938700582431523
4.57  1.2571459619773344  -0.6123119325922161
4.58  1.2747741103349752  -0.6306370527913584
4.59  1.2916524128768114  -0.6488421176161135
4.6000000000000005  1.3077694429432036  -0.6669238482084
4.61  1.3231142306981447  -0.684878988680866
4.62  1.3376762699125089  -0.7027043067170033
4.63  1.351445524467901  -0.7203965941668816
4.64  1.3644124345771995  -0.7379526676384183
4.65  1.3765679227179943  -0.7553693690840735
4.66  1.387903399275327  -0.7726435663828433
4.67  1.3984107678903175  -0.7897721539174649
4.68  1.4080824305114  -0.8067520531467133
4.69  1.4169112921451252  -0.823580213172685
4.7  1.4248907653036256  -0.8402536113029571
4.71  1.4320147741460478  -0.8567692536075451
4.72  1.4382777583114172  -0.8731241754705135
4.73  1.443674676440613  -0.8893154421361692
4.74  1.4482010093853013  -0.9053401492497221
4.75  1.451852763101866  -0.9211954233923232
4.76  1.454626471228573  -0.9368784226103584
4.7700000000000005  1.456519197344385  -0.9523863369389326
4.78  1.4575285369080475  -0.9677163889194076
4.79  1.4576526188762489  -0.9828658341109416
4.8  1.456890106999857  -0.9978319615958942
4.8100000000000005  1.4552402007974305  -1.0126120944790291
4.82  1.4527026362053894  -1.027203590380405
4.83  1.4492776859044356  -1.0416038419218878
4.84  1.4449661593219996  -1.0558102772071605
4.8500000000000005  1.439769402310693  -1.0698203602951635
4.86  1.4336892965029377  -1.0836315916668746
4.87  1.426728258342129  -1.0972415086853375
4.88  1.418889237790917  -1.1106476860488532
4.89  1.410175716717336  -1.1238477362372543
4.9  1.4005917069597533  -1.1368393099511733
4.91  1.3901417480717775  -1.1496200965442236
4.92  1.3788309047484533  -1.1621878244480284
4.93  1.366664763935291  -1.1745402615899911
4.94  1.3536494316218395  -1.186675215803748
4.95  1.3397915293217249  -1.1985905352322235
4.96  1.3250981902412415  -1.2102841087232157
4.97  1.3095770551388008  -1.2217538662174283
4.98  1.2932362678777045  -1.2329977791288869
4.99  1.2760844706749153  -1.2440138607176596
5.0  1.2581307990486394  -1.2548001664548305
5.01  1.2393848764677846  -1.2653547943796324
5.0200000000000005  1.219856808706482  -1.2756758854486898
5.03  1.1995571779070562  -1.2857616238773057
5.04  1.1784970363549907  -1.2956102374727236
5.05  1.1566878999696617  -1.3052199979593018
5.0600000000000005  1.1341417415146993  -1.314589221295549
5.07  1.1108709835320925  -1.323716267982944
5.08  1.08688849100423  -1.33259954336651
5.09  1.062207563748349  -1.3412374979270534
5.1000000000000005  1.0368419285478936  -1.3496286275650426
5.11  1.0108057310255534  -1.357771473876051
5.12  0.9841135272628405  -1.3656646244177353
5.13  0.9567802751712567  -1.3733067129682768
5.14  0.9288213256202146  -1.380696419776249
5.15  0.9002524133270736  -1.3878324718018722
5.16  0.8710896475147472  -1.3947136429495877
5.17  0.8413495023424838  -1.4013387542919362
5.18  0.8110488071156072  -1.4077066742846756
5.19  0.7802047362800878  -1.4138163189731074
5.2  0.7488347992079603  -1.4196666521895764
5.21  0.7169568297797027  -1.4252566857421016
5.22  0.684588975769914  -1.430585479594103
5.23  0.6517496880425915  -1.4356521420351938
5.24  0.6184577095625754  -1.4404558298430037
5.25  0.5847320642297009  -1.4449957484360034
5.26  0.5505920455424625  -1.4492711520173063
5.2700000000000005  0.5160572050979153  -1.453281343709409
5.28  0.4811473409348276  -1.457025675679858
5.29  0.44588248572700095  -1.4605035492578136
5.3  0.41028289483395086  -1.4637144150414878
5.3100000000000005  0.3743690342160682  -1.4666577729964358
5.32  0.33816156822160603  -1.46933317254469
5.33  0.30168134725275364  -1.4717402126447077
5.34  0.2649493953182915  -1.4738785418621285
5.3500000000000005  0.22798689748030493  -1.4757478584313206
5.36  0.19081518720249044  -1.4773479103077103
5.37  0.1534557336076739  -1.4786784952108774
5.38  0.11593012865222627  -1.4797394606584167
5.39  0.07826007422510751  -1.4805307039905535
5.4  0.04046736917925889  -1.4810521723855088
5.41  0.002573896303197515  -1.4813038628656137
5.42  -0.035398390759368556  -1.4812858222941692
5.43  -0.07342748063401694  -1.480998147363054
5.44  -0.11149131737630133  -1.4804409845710809
5.45  -0.14956781366067173  -1.4796145301931036
5.46  -0.18763486398978213  -1.478519030239887
5.47  -0.22567035791613083  -1.4771547804087364
5.48  -0.2636521932681485  -1.4755221260249076
5.49  -0.30155828937269746  -1.4736214619737993
5.5  -0.3393666002661132  -1.4714532326239418
5.51  -0.3770551278857509  -1.4690179317408012
5.5200000000000005  -0.4146019352341177  -1.4663161023914089
5.53  -0.4519851595076793  -1.4633483368398366
5.54  -0.48918302518243395  -1.4601152764335377
5.55  -0.5261738570483537  -1.456617611480571
5.5600000000000005  -0.5629360931848417  -1.4528560811177347
5.57  -0.5994482978694117  -1.4488314731696357
5.58  -0.6356891744118297  -1.4445446239987096
5.59  -0.6716375779059184  -1.4399964183462355
5.6000000000000005  -0.7072725278914295  -1.43518778916436
5.61  -0.7425732209182879  -1.4301197174391749
5.62  -0.7775190430057145  -1.424793232004865
5.63  -0.8120895819886227  -1.41920940934898
5.64  -0.8462646397439637  -1.4133693734088473
5.65  -0.8800242442895627  -1.4072742953591788
5.66  -0.9133486617482136  -1.4009253933909034
5.67  -0.9462184081698187  -1.3943239324812635
5.68  -0.9786142612044357  -1.3874712241552272
5.69  -1.0105172716191968  -1.380368626238251
5.7  -1.0419087746521838  -1.3730175426004503
5.71  -1.0727704011964319  -1.3654194228922052
5.72  -1.1030840888072604  -1.357575762271278
5.73  -1.1328320925263804  -1.3494881011214666
5.74  -1.161996995516193  -1.3411580247628643
5.75  -1.1905617194979368  -1.332587163153773
5.76  -1.2185095349873167  -1.3237771905843199
5.7700000000000005  -1.2458240713215245  -1.314729825361845
5.78  -1.272489326471563  -1.3054468294881165
5.79  -1.2984896766339833  -1.295930008328416
5.8  -1.3238098855962446  -1.2861812102725843
5.8100000000000005  -1.3484351138700765  -1.2762023263880684
5.82  -1.372350927587294  -1.2659952900650429
5.83  -1.3955433071527783  -1.2555620766536657
5.84  -1.4179986556493378  -1.2449047030935494
5.8500000000000005  -1.4397038069894401  -1.2340252275354953
5.86  -1.4606460338088552  -1.2229257489555854
5.87  -1.4808130550975123  -1.2116084067616764
5.88  -1.5001930435629218  -1.200075380392398
5.89  -1.5187746327217444  -1.1883288889087058
5.9  -1.536546923715246  -1.1763711905780763
5.91  -1.5534994918445115  -1.164204582451426
5.92  -1.5696223928215076  -1.151831399932813
5.93  -1.584906168732188  -1.139254016342027
5.94  -1.599341853708091  -1.12647484247013
5.95  -1.6129209793029837  -1.113496326128044
5.96  -1.6256355795713262  -1.1003209516882446
5.97  -1.63747819584549  -1.086951239619692
5.98  -1.6484418812088597  -1.073389746016026
5.99  -1.6585202046621061  -1.0596390621171659
6.0  -1.6677072549801486  -1.0457018138243803
6.01  -1.6759976442574522  -1.0315806612089022
6.0200000000000005  -1.683386511139547  -1.017278298014216
6.03  -1.6898695237388015  -1.0027974511520883
6.04  -1.695442882232719  -0.9881408801924215
6.05  -1.7001033211431666  -0.9733113768470631
6.0600000000000005  -1.703848111295175  -0.9583117644476303
6.07  -1.7066750614541284  -0.9431448974174772
6.08  -1.7085825196403586  -0.9278136607378653
6.09  -1.7095693741203448  -0.9123209694084805
6.1000000000000005  -1.7096350540739302  -0.8966697679023616
6.11  -1.7087795299371447  -0.8808630296153701
6.12  -1.7070033134204334  -0.8649037563102666
6.13  -1.7043074572022792  -0.8487949775555399
6.140000000000001  -1.7006935542983963  -0.8325397501590621
6.15  -1.696163737106886  -0.816141157596697
6.16  -1.6907206761299185  -0.7996023094359348
6.17  -1.684367578372721  -0.7829263407547125
6.18  -1.6771081854208247  -0.7661164115554678
6.19  -1.6689467711967432  -0.749175706174587
6.2  -1.6598881393974196  -0.7321074326873339
6.21  -1.6499376206139948  -0.714914822308355
6.22  -1.6391010691356251  -0.6976011287879085
6.23  -1.6273848594392868  -0.6801696278038997
6.24  -1.6147958823676696  -0.6626236163498596
6.25  -1.6013415409974574  -0.6449664121189437
6.26  -1.587029746200511  -0.6272013528841145
6.2700000000000005  -1.5718689119005937  -0.6093317958745829
6.28  -1.5558679500285266  -0.5913611171486544
6.29  -1.5390362651787806  -0.573292710963059
6.3  -1.5213837489707636  -0.5551299891389286
6.3100000000000005  -1.5029207741181632  -0.5368763804245028
6.32  -1.483658188209941  -0.5185353298547095
6.33  -1.4636073072067115  -0.5001102981077035
6.34  -1.4427799086564346  -0.48160476085852233
6.3500000000000005  -1.42118822463349  -0.4630222081299701
6.36  -1.3988449344054272  -0.4443661436408112
6.37  -1.3757631568317465  -0.4256400841514563
6.38  -1.351956442499351  -0.40684755880722806
6.390000000000001  -1.3274387655993627  -0.3879921084793113
6.4  -1.3022245155502412  -0.36907728510356697
6.41  -1.2763284883721906  -0.3501066510172646
6.42  -1.2497658778181027  -0.33108377829391533
6.43  -1.2225522662663697  -0.3120122480762927
6.44  -1.1947036153810224  -0.2928956499077789
6.45  -1.1662362565448647  -0.27373758106216994
6.46  -1.1371668810713125  -0.25454164587203154
6.47  -1.1075125302009041  -0.23531145505577533
6.48  -1.0772905848884293  -0.21605062504354652
6.49  -1.046518755386909  -0.1967627773020744
6.5  -1.0152150706346172  -0.1774515376585742
6.51  -0.9833978674516116  -0.15812053562387196
6.5200000000000005  -0.95108577955222  -0.13877340371484503
6.53  -0.9182977263801814  -0.11941377677632956
6.54  -0.885052901773035  -0.10004529130257814
6.55  -0.8513707624627324  -0.08067158475846446
6.5600000000000005  -0.8172710164193178  -0.061296294900479345
6.57  -0.7827736110446718  -0.04192305909771411
6.58  -0.7478987212235336  -0.022555513652926282
6.59  -0.712666737238867  -0.0031972931237973096
6.6000000000000005  -0.6770982525589615  0.016147970355450264
6.61  -0.6412140515035755  0.03547664775197014
6.62  -0.6050350967965318  0.05478511381164122
6.63  -0.568582517012285  0.07406974773567356
6.640000000000001  -0.5318775939240373  0.09332693385638707
6.65  -0.49494174976101024  0.11255306231200415
6.66  -0.4577965343825151  0.13174452972037323
6.67  -0.42046361237657476  0.1508977398514465
6.68  -0.38296475009088815  0.17000910429842303
6.69  -0.3453218026039181  0.18907504314742182
6.7  -0.30755670064393875  0.2080919856455457
6.71  -0.269691437463932  0.22705637086725003
6.72  -0.23174805568026297  0.24596464837884302
6.73  -0.1937486340830415  0.2648132789010196
6.74  -0.15571527442605676  0.2835987349693222
6.75  -0.11767008820436609  0.30231750159236676
6.76  -0.0796351834273482  0.3209660769077307
6.7700000000000005  -0.04163265139531047  0.3395409728354009
6.78  -0.0036845534875608738  0.3580387157286091
6.79  0.03418709203012489  0.37645584702199514
6.8  0.07196032317066822  0.39478892387692155
6.8100000000000005  0.10961324735554345  0.41303451982385697
6.82  0.14712405450143928  0.4311892254016815
6.83  0.1844710300558656  0.4492496487938304
6.84  0.22163256797384173  0.4672124164611139
6.8500000000000005  0.2585871836278302  0.4850741737711274
6.86  0.29531352664316046  0.502831585624114
6.87  0.3317903936512768  0.5204813370751917
6.88  0.3679967409529999  0.5380201339527892
6.890000000000001  0.4039116970843412  0.5554447034732075
6.9  0.4395145752771465  0.5727517948511694
6.91  0.47478488580722666  0.5899381799062751
6.92  0.5097023482223861  0.6070006536652067
6.93  0.5442469034431464  0.6239360349596095
6.94  0.5783987257287504  0.6407411670195053
6.95  0.6121382345013162  0.6574129180621663
6.96  0.6454461060210261  0.6739481818762886
6.97  0.6783032849053123  0.6903438784014108
6.98  0.7106909954850908  0.7065969543024272
6.99  0.7425907529912291  0.7227043835390998
7.0  0.7739843745645387  0.7386631679304891
7.01  0.8048539900826455  0.7544703377141534
7.0200000000000005  0.8351820527972135  0.77012295210005
7.03  0.864951349775137  0.785618099819005
7.04  0.8941450121374666  0.8009528996656883
7.05  0.922746525089807  0.8161245010359447
7.0600000000000005  0.9507397377382861  0.8311300844584193
7.07  0.9781088726850593  0.8459668621203504
7.08  1.0048385353977125  0.8606320783874635
7.09  1.0309137233468026  0.8751230103178333
7.1000000000000005  1.0563198349061693  0.8894369681696436
7.11  1.081042678010545  0.9035712959027309
7.12  1.105068478565385  0.9175233716738489
7.13  1.1283838886037403  0.9312906083255227
7.140000000000001  1.1509759941853932  0.9448704538684202
7.15  1.1728323230334001  0.9582603919571673
7.16  1.1939408519035575  0.9714579423594767
7.17  1.2142900136822705  0.9844606614185505
7.18  1.2338687042086511  0.9972661425086282
7.19  1.252666288816683  1.009872016483623
7.2  1.2706726085935571  1.0222759521187446
7.21  1.2878779863504433  1.0344756565450481
7.22  1.3042732323020623  1.046468875676798
7.23  1.3198496494517193  1.0582533946315955
7.24  1.334599038678509  1.0698270381431652
7.25  1.3485137035237036  1.0811876709667534
7.26  1.361586454673402  1.092333198277032
7.2700000000000005  1.3738106141348094  1.1032615660584553
7.28  1.3851800191036017  1.1139707614879806
7.29  1.395689025520111  1.1244588133101017
7.3  1.4053325113121609  1.1347237922041005
7.3100000000000005  1.4141058793226613  1.1447638111434695
7.32  1.422005059920182  1.1545770257474157
7.33  1.4290265132909827  1.1641616346244135
7.34  1.4351672314111126  1.1735158797076963
7.3500000000000005  1.4404247396974301  1.1826380465826751
7.36  1.4447970983365623  1.1915264648061765
7.37  1.4482829032910254  1.2001795082174693
7.38  1.4508812869819192  1.2085955952410192
7.390000000000001  1.4525919186478078  1.2167731891808966
7.4  1.453415004379595  1.224710798506801
7.41  1.4533512868313911  1.2324069771316442
7.42  1.4524020446075703  1.2398603246806332
7.43  1.4505690913264102  1.247069486751809
7.44  1.4478547743609005  1.2540331551679906
7.45  1.4442619732575064  1.260750068220076
7.46  1.4397940978338521  1.2672190109016581
7.47  1.4344550859565142  1.2734388151349068
7.48  1.4282494010002613  1.2794083599876767
7.49  1.4211820289903234  1.285126571881798
7.5  1.4132584754294126  1.2905924247925202
7.51  1.4044847618114484  1.2958049404390581
7.5200000000000005  1.3948674218241104  1.3007631884662088
7.53  1.3844134972425208  1.3054662866170155
7.54  1.3731305335165649  1.3099134008964288
7.55  1.3610265750545385  1.3141037457259477
7.5600000000000005  1.348110160205986  1.318036584089207
7.57  1.3343903159467672  1.3217112276684786
7.58  1.3198765522695932  1.325127036972072
7.59  1.3045788562834386  1.3282834214525994
7.6000000000000005  1.2885076860254143  1.3311798396160879
7.61  1.2716739639888361  1.3338157991219175
7.62  1.2540890703714316  1.3361908568735688
7.63  1.2357648360477902  1.3383046191001549
7.640000000000001  1.2167135352702918  1.3401567414287328
7.65  1.196947878102971  1.3417469289473705
7.66  1.176481002592869  1.3430749362589671
7.67  1.1553264666836316  1.3441405675258062
7.68  1.1334982398762716  1.3449436765048413
7.69  1.111010694642136  1.3454841665737038
7.7  1.087878597593255  1.3457619907474268
7.71  1.06411710041545  1.3457771516858832
7.72  1.0397417305696954  1.3455297016919365
7.73  1.0147683817673534  1.3450197427003046
7.74  0.9892133042250393  1.3442474262571327
7.75  0.9630930947050222  1.3432129534902926
7.76  0.936424686347217  1.341916575070394
7.7700000000000005  0.9092253382989044  1.3403585911625358
7.78  0.8815126251484133  1.338539351368787
7.79  0.8533044261692648  1.336459254661423
7.8  0.8246189143811582  1.334118749306916
7.8100000000000005  0.7954745454345312  1.331518332780709
7.82  0.765890046325364  1.3286585516727731
7.83  0.7358844039470559  1.3255400015839727
7.84  0.7054768534863038  1.3221633270132631
7.8500000000000005  0.6746868666700305  1.318529221235729
7.86  0.6435341398704559  1.3146384261714967
7.87  0.6120385820754813  1.3104917322455407
7.88  0.5802203027316903  1.3060899782384054
7.890000000000001  0.5480995994673327  1.3014340511278804
7.9  0.5156969457027025  1.296524885921651
7.91  0.48303297815538315  1.2913634654809492
7.92  0.450128484247936  1.285950820335257
7.930000000000001  0.417004389425667  1.2802880284880764
7.94  0.3836817443921293  1.2743762152138058
7.95  0.3501817122700242  1.268216552845779
7.96  0.31652555569539  1.2618102605554737
7.97  0.2827346238527331  1.2551586041229614
7.98  0.248830339459067  1.2482628956986201
7.99  0.21483418570467355  1.2411244935561692
8.0  0.18076769315846933  1.2337448018370567
8.01  0.14665242664591333  1.2261252702862584
8.02  0.11250997210741001  1.2182673939795368
8.03  0.07836192344514263  1.2101727130422026
8.040000000000001  0.04422986936622084  1.2018428123594367
8.05  0.01013538023026174  1.193279321278236
8.06  -0.02390000509087662  1.1844839133010066
8.07  -0.05785479233302955  1.1754583057709036
8.08  -0.0917075449315601  1.1662042595489452
8.09  -0.12543689707708613  1.1567235786829708
8.1  -0.1590215667272933  1.147018110068514
8.11  -0.19244036856687385  1.137089743101627
8.120000000000001  -0.2256722269078048  1.126940409323752
8.13  -0.2586961885221898  1.1165720820586946
8.14  -0.29149143539985223  1.1059867760417457
8.15  -0.32403729742302495  1.0951865470410609
8.16  -0.35631326495041754  1.0841734914713281
8.17  -0.38829900130307987  1.0729497459998243
8.18  -0.4199743551445622  1.0615174871449182
8.19  -0.45131937274779527  1.0498789308671004
8.2  -0.48231431014132886  1.0380363321526145
8.21  -0.5129396451276262  1.0259919845897654
8.22  -0.5431760891660419  1.0137482199379995
8.23  -0.5730045991134055  1.0013074076897936
8.24  -0.6024063888150757  0.9886719546254951
8.25  -0.631362940539429  0.9758443043611462
8.26  -0.659856016248901  0.9628269368894029
8.27  -0.6878676687008025  0.9496223681136191
8.28  -0.7153802523711199  0.9362331493752024
8.290000000000001  -0.7423764341947502  0.9226618669742965
8.3  -0.7688392041156885  0.9089111416839244
8.31  -0.7947518854407475  0.8949836282576344
8.32  -0.8200981449905989  0.8808820149307799
8.33  -0.844862003041954  0.8666090229155121
8.34  -0.8690278430548951  0.8521674058895603
8.35  -0.8925804211795139  0.8375599494789316
8.36  -0.9155048755360414  0.822789470734598
8.370000000000001  -0.9377867352628997  0.8078588176032757
8.38  -0.9594119293272179  0.7927708683924172
8.39  -0.9803667950924712  0.7775285312294553
8.4  -1.0006380866380304  0.7621347435154819
8.41  -1.020212982825675  0.7465924713733996
8.42  -1.0390790951081077  0.7309047090906775
8.43  -1.0572244750747943  0.7150744785568068
8.44  -1.074637621730581  0.6991048286955648
8.45  -1.0913074885026475  0.6829988348921866
8.46  -1.1072234899715796  0.666759598415568
8.47  -1.122375508322513  0.6503902458355804
8.48  -1.1367538995124107  0.6338939284356244
8.49  -1.1503494991497778  0.617273821620539
8.5  -1.1631536280832324  0.6005331243199513
8.51  -1.175158097695566  0.5836750583872128
8.52  -1.1863552149001084  0.5667028679939846
8.53  -1.1967377868363411  0.5496198190206434
8.540000000000001  -1.206299125261946  0.5324291984425742
8.55  -1.2150330506386238  0.515134313712496
8.56  -1.2229338959092215  0.4977384921389115
8.57  -1.2299965099638572  0.48024508026080703
8.58  -1.2362162607929825  0.46265744321873015
8.59  -1.2415890383254458  0.44497896412234555
8.6  -1.2461112569498463  0.42721304341459293
8.61  -1.2497798577176689  0.4093630982325682
8.620000000000001  -1.2525923102268388  0.39143256176524077
8.63  -1.2545466141845767  0.3734248826081527
8.64  -1.255641300648599  0.35534352411515424
8.65  -1.2558754329459099  0.3371919637473858
8.66  -1.2552486072686297  0.3189736924195614
8.67  -1.2537609529464937  0.3006922138437021
8.68  -1.2514131323958588  0.28235104387043286
8.69  -1.2482063407452408  0.2639537098279845
8.700000000000001  -1.2441423051376048  0.2455037498589816
8.71  -1.2392232837098394  0.22700471225520602
8.72  -1.233452064250006  0.20846015479038424
8.73  -1.2268319625331914  0.18987364405118629
8.74  -1.2193668203369628  0.17124875476653806
8.75  -1.2110610031376037  0.15258906913534592
8.76  -1.2019193974885465  0.13389817615280822
8.77  -1.191947408082565  0.11517967093540483
8.78  -1.1811509544994934  0.0964371540447009
8.790000000000001  -1.1695364676414515  0.07767423081008717
8.8  -1.1571108858577268  0.05889451065061148
8.81  -1.1438816507616092  0.040101606395954933
8.82  -1.129856702741778  0.02129913360677775
8.83  -1.1150444761708707  0.002490709894486645
8.84  -1.0994538943141843  -0.016320045759416715
8.85  -1.0830943639415487  -0.03512951368428699
8.86  -1.0659757696456447  -0.05393407420145879
8.870000000000001  -1.048108467870163  -0.07273010830540672
8.88  -1.029503280651475  -0.09151399834483126
8.89  -1.0101714890774907  -0.11028212870353718
8.9  -0.9901248264677619  -0.1290308864809589
8.91  -0.9693754712788858  -0.1477566621722351
8.92  -0.9479360397394816  -0.16645585034767676
8.93  -0.9258195782192312  -0.1851248503315381
8.94  -0.9030395553365754  -0.20376006687992
8.950000000000001  -0.8796098538097841  -0.2223579108577127
8.96  -0.8555447620564286  -0.2409147999144293
8.97  -0.8308589655461767  -0.2594271591588246
8.98  -0.805567537912286  -0.27789142183216103
8.99  -0.7796859318270528  -0.29630402997998756
9.0  -0.7532299696467941  -0.314661435122323
9.01  -0.7262158338319441  -0.3329600989221085
9.02  -0.6986600571481213  -0.3511964938518067
9.03  -0.6705795126540552  -0.36936710385802374
9.040000000000001  -0.6419914034823696  -0.38746842502402246
9.05  -0.6129132524195198  -0.40549696623001713
9.06  -0.5833628912909935  -0.42344924981111887
9.07  -0.5533584501583722  -0.44132181221279776
9.08  -0.522918346334672  -0.4591112046437599
9.09  -0.4920612732245849  -0.47681399372609196
9.1  -0.46080618899643455  -0.4944267621425896
9.11  -0.42917230509264986  -0.5119461092811008
9.120000000000001  -0.39717907458564794  -0.5293686518758056
9.13  -0.3648461803862719  -0.5466910246452765
9.14  -0.3321935233117928  -0.5639098809272366
9.15  -0.29924121002073495  -0.5810218933098704
9.16  -0.26600954082182526  -0.5980237542595727
9.17  -0.23251899736441914  -0.6149121767450252
9.18  -0.19879023021778627  -0.631683894857481
9.19  -0.16484404634684946  -0.6483356644271421
9.200000000000001  -0.13070139649189216  -0.6648642636355134
9.21  -0.09638336245983918  -0.6812664936236001
9.22  -0.061911144334835716  -0.6975391790958939
9.23  -0.027306047615803714  -0.7136791689199499
9.24  0.007410529711207481  -0.7296833367215078
9.25  0.04221711015808159  -0.7455485814750207
9.26  0.07709214976931612  -0.7612718280894802
9.27  0.11201405119835905  -0.7768500279894296
9.28  0.14696117681773935  -0.7922801596910708
9.290000000000001  0.18191186185512942  -0.8075592293733304
9.3  0.216844427547276  -0.8226842714437888
9.31  0.2517371943039747  -0.8376523490993932
9.32  0.2865684948740789  -0.8524605548817927
9.33  0.32131668750557124  -0.8671060112272518
9.34  0.3559601690917618  -0.8815858710109938
9.35  0.39047738829571926  -0.8958973180858972
9.36  0.42484685864491306  -0.9100375678154343
9.370000000000001  0.4590471715882022  -0.9240038676007577
9.38  0.4930570095073052  -0.9377934974018145
9.39  0.5268551586748292  -0.9514037702524438
9.4  0.5604205221510867  -0.964832032769289
9.41  0.5937321326118453  -0.9780756656544836
9.42  0.6267691650992855  -0.991132084191993
9.43  0.6595109496885055  -1.0039987387375264
9.44  0.6919369840618267  -1.0166731152019244
9.450000000000001  0.72402694598335  -1.0291527355279242
9.46  0.7557607056662377  -1.0414351581602304
9.47  0.7871183380252265  -1.05351797850879
9.48  0.8180801348069151  -1.0653988294051817
9.49  0.8486266165906062  -1.0770753815520469
9.5  0.8787385446523319  -1.088545343965458
9.51  0.9083969326849374  -1.0998064644101726
9.52  0.9375830583671809  -1.1108565298276543
9.53  0.966278474774763  -1.121693366756805
9.540000000000001  0.9944650216264413  -1.1323148417473263
9.55  1.0221248363584396  -1.1427188617656086
9.56  1.0492403650204083  -1.152903374593124
9.57  1.0757943729863961  -1.1628663692171837
9.58  1.101769955474307  -1.1726058762140317
9.59  1.1271505478674946  -1.182119968124188
9.6  1.1519199358322956  -1.1914067598199667
9.61  1.1760622652252977  -1.200464408865107
9.620000000000001  1.1995620517844219  -1.2092911158664463
9.63  1.2224041905978797  -1.2178851248175608
9.64  1.2445739653453989  -1.2262447234343365
9.65  1.266057057305951  -1.2343682434823644
9.66  1.2868395541266977  -1.2422540610961357
9.67  1.306907958347728  -1.2499005970899602
9.68  1.3262491956774736  -1.2573063172605436
9.69  1.3448506230138124  -1.2644697326811882
9.700000000000001  1.3627000362059547  -1.271389399987533
9.71  1.3797856775524138  -1.2780639216548024
9.72  1.3960962430305957  -1.2844919462664988
9.73  1.4116208892535123  -1.290672168774491
9.74  1.4263492401494755  -1.2966033307504539
9.75  1.440271393360726  -1.3022842206285998
9.76  1.4533779263570743  -1.3077136739396709
9.77  1.4656599022608692  -1.3128905735361338
9.78  1.477108875379785  -1.3178138498085459
9.790000000000001  1.4877168964440175  -1.322482480893043
9.8  1.4974765175447442  -1.3268954928699102
9.81  1.5063807967708627  -1.3310519599532085
9.82  1.514423302541136  -1.3349510046714035
9.83  1.5215981176291762  -1.3385917980389752
9.84  1.5278998428787693  -1.3419735597189726
9.85  1.5333236006072972  -1.3450955581764794
9.86  1.5378650376951968  -1.3479571108229613
9.870000000000001  1.5415203283595464  -1.3505575841514759
9.88  1.5442861766100995  -1.3528963938627028
9.89  1.5461598183862704  -1.3549730049817865
9.9  1.5471390233737463  -1.3567869319659587
9.91  1.547222096499619  -1.3583377388029219
9.92  1.5464078791051115  -1.359625039099979
9.93  1.5446957497951739  -1.3606484961638816
9.94  1.542085624964409  -1.3614078230713964
9.950000000000001  1.5385779589989936  -1.3619027827305585
9.96  1.534173744154458  -1.3621331879326148
9.97  1.5288745101093606  -1.3620989013946345
9.98  1.5226823231951256  -1.3617998357927883
9.99  1.5155997853024752  -1.36123595378628
10.0  1.5076300324650946  -1.3604072680319335
