0.0  0.8868923737451526  -1.113022217700957
0.01  0.8616205472412797  -1.12855828061099
0.02  0.8357289578166722  -1.1438923516628867
0.03  0.8092329871336528  -1.1590214852516052
0.04  0.7821483937181221  -1.173942773660222
0.05  0.7544913035020229  -1.1886533476069434
0.06  0.726278200142614  -1.2031503767849336
0.07  0.697525915124386  -1.2174310703948563
0.08  0.6682516176495822  -1.2314926776700303
0.09  0.6384728043234151  -1.245332488394102
0.1  0.6082072886401915  -1.2589478334111381
0.11  0.5774731902766829  -1.2723360851280416
0.12  0.5462889241991943  -1.2854946580091984
0.13  0.5146731895908889  -1.2984210090632649
0.14  0.482644958606048  -1.311112638321997
0.15  0.45022346495804294  -1.323567089311045
0.16  0.4174281923478901  -1.3357819495126093
0.17  0.38427886274037204  -1.3477548508198882
0.18  0.3507954244947853  -1.3594834699832195
0.19  0.31699804035746976  -1.3709655290478366
0.2  0.282907075323361  -1.3821987957831645
0.21  0.2485430843738783  -1.3931810841035612
0.22  0.21392680009854195  -1.4039102544804405
0.23  0.179079120207784  -1.4143842143456908
0.24  0.14402109494447585  -1.424600918486315
0.25  0.10877391440176958  -1.4345583694302235
0.26  0.07335889575488949  -1.4442546178230995
0.27  0.037797470414581924  -1.4536877627962776
0.28  0.002111171109962312  -1.4628559523255533
0.29  -0.03367838109144941  -1.471757383580871
0.3  -0.06954948981867728  -1.4803903032668126
0.31  -0.10548039647936433  -1.4887530079538334
0.32  -0.14144929338108125  -1.496843844400174
0.33  -0.17743433688396082  -1.504661209864399
0.34  -0.21341366057672315  -1.5122035524084925
0.35000000000000003  -0.2493653884681462  -1.5194693711914644
0.36  -0.2852676481860247  -1.5264572167534072
0.37  -0.3210985841756616  -1.5331656912899474
0.38  -0.3568363708899246  -1.5395934489170509
0.39  -0.39245922596291916  -1.5457391959261217
0.4  -0.4279454233593273  -1.5516016910293544
0.41000000000000003  -0.463273306491481  -1.557179745595287
0.42  -0.49842130129626483  -1.5624722238745217
0.43  -0.5333679292639462  -1.5674780432155586
0.44  -0.5680918204110897  -1.5721961742707136
0.45  -0.6025717261897153  -1.5766256411920714
0.46  -0.6367865323249243  -1.5807655218174486
0.47000000000000003  -0.6707152715732392  -1.5846149478463216
0.48  -0.7043371363939648  -1.5881731050056969
0.49  -0.7376314915259287  -1.5914392332058809
0.5  -0.770577886462004  -1.5944126266861347
0.51  -0.803156067813896  -1.5970926341501726
0.52  -0.8353459915597286  -1.5994786588914902
0.53  -0.8671278351670417  -1.6015701589084919
0.54  -0.8984820095838806  -1.6033666470094037
0.55  -0.9293891710907459  -1.6048676909069393
0.56  -0.9598302330062529  -1.6060729133027192
0.5700000000000001  -0.9897863772394262  -1.6069819919614112
0.58  -1.0192390656816714  -1.6075946597745905
0.59  -1.0481700514315397  -1.6079107048142993
0.6  -1.076561389845509  -1.6079299703763015
0.61  -1.1043954494081225  -1.6076523550130226
0.62  -1.1316549224149084  -1.6070778125561698
0.63  -1.1583228354616444  -1.6062063521290242
0.64  -1.18438255973363  -1.6050380381484128
0.65  -1.209817821088752  -1.6035729903163465
0.66  -1.2346127099282647  -1.6018113836013388
0.67  -1.2587516908493126  -1.5997534482094
0.68  -1.2822196120733815  -1.5973994695447196
0.6900000000000001  -1.3050017146449726  -1.5947497881600345
0.7000000000000001  -1.3270836413949507  -1.5918047996967062
0.71  -1.3484514456631564  -1.5885649548145055
0.72  -1.369091599775006  -1.5850307591111268
0.73  -1.3889910032669646  -1.5812027730314426
0.74  -1.408136990855925  -1.5770816117665167
0.75  -1.426517340147673  -1.5726679451423973
0.76  -1.4441202790797876  -1.5679624974987054
0.77  -1.460934493094474  -1.5629660475570515
0.78  -1.4769491320369974  -1.5576794282792907
0.79  -1.49215381677555  -1.5521035267156595
0.8  -1.5065386455385437  -1.5462392838428092
0.81  -1.5200941999655073  -1.5400876943917756
0.8200000000000001  -1.5328115508679185  -1.5336498066659083
0.8300000000000001  -1.5446822636964974  -1.5269267223488086
0.84  -1.555698403711645  -1.5199195963022922
0.85  -1.5658525408539066  -1.5126296363544345
0.86  -1.5751377543115082  -1.5050581030777226
0.87  -1.5835476367822028  -1.4972063095573658
0.88  -1.5910762984268456  -1.4890756211498046
0.89  -1.5977183705123037  -1.4806674552314616
0.9  -1.6034690087414916  -1.4719832809377849
0.91  -1.6083238962685156  -1.4630246188926312
0.92  -1.6122792463970954  -1.453793040928041
0.93  -1.6153318049606271  -1.4442901697944555
0.9400000000000001  -1.6174788523824362  -1.4345176788614313
0.9500000000000001  -1.618718205414975  -1.4244772918089108
0.96  -1.6190482185568953  -1.414170782309104
0.97  -1.6184677851471347  -1.4035999736990397
0.98  -1.6169763381353448  -1.3927667386438538
0.99  -1.6145738505281848  -1.3816729987908696
1.0  -1.6112608355111955  -1.3703207244145421
1.01  -1.6070383462461764  -1.3587119340523282
1.02  -1.6019079753441647  -1.3468486941315536
1.03  -1.5958718540143317  -1.3347331185873443
1.04  -1.5889326508892898  -1.3223673684716977
1.05  -1.5810935705275133  -1.309753651553761
1.06  -1.572358351593753  -1.2968942219113986
1.07  -1.5627312647185407  -1.2837913795141183
1.08  -1.552217110038053  -1.270447469797442
1.09  -1.5408212144158075  -1.2568648832287888
1.1  -1.5285494283478531  -1.2430460548649689
1.11  -1.5154081225533118  -1.2289934639013536
1.12  -1.5014041842523047  -1.2147096332128176
1.1300000000000001  -1.4865450131335045  -1.2001971288865358
1.1400000000000001  -1.470838517013724  -1.1854585597467198
1.1500000000000001  -1.4542931071921488  -1.1704965768713858
1.16  -1.4369176935020027  -1.155313873101249
1.17  -1.4187216790626076  -1.1399131825408202
1.18  -1.3997149547350032  -1.1242972800518218
1.19  -1.3799078932844417  -1.1084689807389974
1.2  -1.3593113432532706  -1.092431139428419
1.21  -1.3379366225478835  -1.0761866501383932
1.22  -1.3157955117435909  -1.059738445543061
1.23  -1.2929002471114333  -1.0430894964287891
1.24  -1.269263513371129  -1.0262428111434605
1.25  -1.2448984361745086  -1.0092014350387661
1.26  -1.2198185743239602  -0.9919684499055937
1.27  -1.1940379117305568  -0.9745469734026346
1.28  -1.1675708491167018  -0.9569401584782999
1.29  -1.1404321954682861  -0.9391511927860642
1.3  -1.1126371592414885  -0.9211832980933433
1.31  -1.0842013393295127  -0.9030397296840147
1.32  -1.055140715794691  -0.8847237757546956
1.33  -1.0254716403715292  -0.8662387568048878
1.34  -0.9952108267463996  -0.8475880250211076
1.35  -0.9643753406197372  -0.8287749636551147
1.36  -0.9329825895567022  -0.8098029863963507
1.37  -0.901050312632435  -0.7906755367387142
1.3800000000000001  -0.8685965698781073  -0.7713960873417844
1.3900000000000001  -0.8356397315341364  -0.7519681393866141
1.4000000000000001  -0.8021984671170189  -0.7323952219262109
1.41  -0.7682917343063637  -0.7126808912308326
1.42  -0.7339387676588045  -0.6928287301282144
1.43  -0.6991590671555958  -0.6728423473388538
1.44  -0.6639723865907615  -0.6527253768064774
1.45  -0.6283987218067981  -0.6324814770238105
1.46  -0.5924582987850044  -0.6121143303537848
1.47  -0.5561715615976046  -0.5916276423462998
1.48  -0.5195591602289121  -0.5710251410506744
1.49  -0.48264193827286145  -0.5503105763239113
1.5  -0.4454409205143127  -0.5294877191349101
1.51  -0.40797730040160063  -0.5085603608647487
1.52  -0.3702724274178579  -0.48753231260317464
1.53  -0.3323477943587284  -0.46640740444143225
1.54  -0.29422502452410615  -0.44518948476155634
1.55  -0.2559258588316195  -0.42388241952227135
1.56  -0.21747214285960942  -0.4024900915416204
1.57  -0.17888581382739754  -0.3810163997764663
1.58  -0.14018888752068548  -0.35946525859899553
1.59  -0.10140344516993977  -0.33784059707036085
1.6  -0.06255162028966839  -0.3161463582115954
1.61  -0.023655585486505024  -0.29438649827194335
1.62  0.015262460755964505  -0.2725649859947278
1.6300000000000001  0.05418030730768035  -0.25068580188091144
1.6400000000000001  0.09307574362992119  -0.22875293745047456
1.6500000000000001  0.13192657301251182  -0.20677039450175172
1.6600000000000001  0.17071062580242324  -0.18474218436886997
1.67  0.2094057726158421  -0.16267232717741686
1.68  0.24798993752573725  -0.14056485109848732
1.69  0.2864411112169968  -0.11842379160124868
1.7  0.3247373641012248  -0.0962531907041515
1.71  0.36285685938329026  -0.07405709622493824
1.72  0.400777866071791  -0.051839561029586645
1.73  0.4384787719255866  -0.029604642280324334
1.74  0.47593809632861694  -0.0073564006828576445
1.75  0.5131345030852639  0.01490110026704243
1.76  0.5500468131285519  0.03716379503746346
1.77  0.5866540171335501  0.0594276168146366
1.78  0.6229352880283806  0.08168849825744454
1.79  0.6588699933953116  0.10394237225201552
1.8  0.6944377077544741  0.12618517266625298
1.81  0.7296182247228172  0.14841283510417697
1.82  0.764391569040974  0.17062129765991593
1.83  0.7987380084608278  0.1928065016712242
1.84  0.832638065486606  0.2149643924723784
1.85  0.866072528962455  0.23709092014630945
1.86  0.89902246549952  0.25918204027583996
1.87  0.9314692307356596  0.28123371469387465
1.8800000000000001  0.9633944804210242  0.3032419122324117
1.8900000000000001  0.994780181322833  0.3252026094702346
1.9000000000000001  1.02560862194279  0.34711179147914073
1.9100000000000001  1.055862423040697  0.36896545256857427
1.92  1.0855245479579407  0.3907595970285196
1.93  1.1145783127346327  0.4124902398705196
1.94  1.143007396014341  0.434153407566672
1.95  1.1707958487304437  0.4557451387864865
1.96  1.1979281035682936  0.4772614851314412
1.97  1.2243889841974902  0.4986985118671171
1.98  1.2501637142687354  0.5200522986527696
1.99  1.2752379261698459  0.5413189402681978
2.0  1.29959766953567  0.5624945473377864
2.0100000000000002  1.3232294195067973  0.5835752470515709
2.02  1.3461200847320938  0.604557183883202
2.0300000000000002  1.3682570151102698  0.6254365203046786
2.04  1.3896280092658082  0.6462094374976967
2.05  1.4102213217547925  0.6668721360615102
2.06  1.4300256699962837  0.687420836717151
2.07  1.4490302409251004  0.7078517810078764
2.08  1.4672246973620056  0.7281612319957345
2.09  1.4845991840974773  0.748345474954089
2.1  1.5011443336854127  0.7684008180560041
2.11  1.5168512719432954  0.7883235930583291
2.12  1.5317116231555263  0.8081101559813902
2.13  1.5457175149767914  0.8277568877841304
2.14  1.5588615830325527  0.8472601950345987
2.15  1.571136975213872  0.8666165105756424
2.16  1.5825373556640354  0.8858222941856984
2.17  1.5930569084545587  0.9048740332345375
2.18  1.6026903409484072  0.9237682433338661
2.19  1.6114328868483936  0.9425014689826403
2.2  1.6192803089289576  0.9610702842069894
2.21  1.626228901449682  0.9794712931946172
2.22  1.6322754922491252  0.9977011309235785
2.23  1.6374174445177068  1.0157564637852912
2.24  1.6416526582486222  1.033633990201694
2.25  1.6449795713658997  1.0513304412364137
2.2600000000000002  1.6473971605289697  1.0688425811998452
2.27  1.6489049416132568  1.086167208248012
2.2800000000000002  1.6495029698665369  1.10330115497512
2.29  1.649191839740977  1.120241288999675
2.3000000000000003  1.6479726844009874  1.136984513544063
2.31  1.645847174907186  1.1535277680074838
2.32  1.6428175190770042  1.1698680285321381
2.33  1.6388864600226287  1.1860023085625486
2.34  1.6340572743671804  1.2019276593979238
2.35  1.628333770140231  1.217641170737462
2.36  1.621720284353939  1.2331399712184803
2.37  1.614221680261288  1.2484212289472885
2.38  1.6058433442981008  1.2634821520226935
2.39  1.596591182710685  1.2783199890520445
2.4  1.586471617871176  1.2929320296597195
2.41  1.5754915842827988  1.3073156049879688
2.42  1.563658524277497  1.32146808819
2.43  1.550980383408519  1.3353868949152445
2.44  1.5374656055407805  1.3490694837866846
2.45  1.523123127641965  1.3625133568701782
2.46  1.5079623742775312  1.3757160601356706
2.47  1.491993251812958  1.3886751839102347
2.48  1.4752261423267476  1.4013883633228248
2.49  1.45767189723787  1.4138532787406914
2.5  1.4393418306515167  1.426067656197354
2.5100000000000002  1.4202477124271753  1.4380292678120663
2.52  1.4004017609732566  1.449735932200686
2.5300000000000002  1.379816635772592  1.4611855148778834
2.54  1.358505429643372  1.4723759286506022
2.5500000000000003  1.3364816607401666  1.4833051340027184
2.56  1.313759264299907  1.493971139470796
2.57  1.2903525841377919  1.504372002010911
2.58  1.2662763638982784  1.5145058273564314
2.59  1.2415457380664585  1.524370770366723
2.6  1.2161762227452262  1.5339650353666998
2.61  1.190183706203854  1.5432868764771537
2.62  1.1635844392036645  1.5523345979358145
2.63  1.1363950251066586  1.561106554409069
2.64  1.1086324097730744  1.5696011512942927
2.65  1.0803138712540088  1.5778168450127248
2.66  1.0514570092852784  1.5857521432928492
2.67  1.022079734588948  1.593405605444212
2.68  0.9922002579889118  1.600775842621641
2.69  0.9618370793471783  1.6078615180798048
2.7  0.9310089763274851  1.6146613474180778
2.71  0.8997349929930836  1.6211740988156493
2.72  0.8680344282455481  1.6273985932568584
2.73  0.8359268241116158  1.6333337047466812
2.74  0.8034319538851258  1.6389783605163628
2.75  0.7705698101312279  1.6443315412191324
2.7600000000000002  0.7373605925600981  1.6493922811159825
2.77  0.7038246957775118  1.6541596682514617
2.7800000000000002  0.66998269691963  1.6586328446194676
2.79  0.6358553431795289  1.662811006318993
2.8000000000000003  0.6014635392329389  1.6666934036998102
2.81  0.5668283345708629  1.6702793414980543
2.82  0.5319709107466469  1.6735681789616927
2.83  0.4969125685452739  1.6765593299658534
2.84  0.4616747150825987  1.6792522631179847
2.85  0.4262788508422959  1.6816465018528424
2.86  0.39074655665840197  1.6837416245172712
2.87  0.3550994806512623  1.685537264444778
2.88  0.3193593251248009  1.687033110019874
2.89  0.28354783343301615  1.6882289047321861
2.9  0.24768677682363477  1.6891244472203122
2.91  0.2117979412668602  1.68971959130543
2.92  0.17590311427719635  1.6900142460146406
2.93  0.1400240717362492  1.6900083755940511
2.94  0.10418256472453613  1.6897019995115918
2.95  0.06840030637017043  1.6890951924495663
2.96  0.032698958722446006  1.688188084286941
2.97  -0.0028998803418360253  1.6869808600713743
2.98  -0.03837469017132167  1.685473759980994
2.99  -0.07370404034451136  1.6836670792759285
3.0  -0.10886660361774386  1.6815611682396034
3.0100000000000002  -0.14384116880894854  1.679156432109815
3.02  -0.17860665360938746  1.6764533309995926
3.0300000000000002  -0.21314211731566257  1.6734523798078695
3.04  -0.24742677347427555  1.6701541481199724
3.0500000000000003  -0.28144000243116074  1.6665592600979569
3.06  -0.31516136377854775  1.6626683943608056
3.0700000000000003  -0.34857060869171497  1.6584822838545126
3.08  -0.3816476921481229  1.6540017157120794
3.09  -0.4143727850216004  1.6492275311034517
3.1  -0.44672628604426734  1.6441606250754182
3.11  -0.47868883362896  1.6388019463815147
3.12  -0.5102413175450681  1.6331524973019522
3.13  -0.5413648904406856  1.627213333453614
3.14  -0.572040979204164  1.6209855635901511
3.15  -0.6022512961581934  1.6144703493922177
3.16  -0.6319778500796622  1.607668905247887
3.17  -0.6612029570386465  1.6005824980232843
3.18  -0.6899092510499956  1.5932124468234876
3.19  -0.7180796945310686  1.585560122743735
3.2  -0.7456975885593514  1.5776269486109915
3.21  -0.7727465829237162  1.569414398715919
3.22  -0.7992106859633142  1.5609239985353018
3.23  -0.8250742741881152  1.5521573244449864
3.24  -0.8503221016753418  1.5431160034233766
3.25  -0.8749393092360872  1.533801712745554
3.2600000000000002  -0.8989114333466196  1.524216179668072
3.27  -0.9222244148389698  1.5143611811044881
3.2800000000000002  -0.944864607345581  1.5042385432916927
3.29  -0.9668187854928944  1.4938501414470977
3.3000000000000003  -0.9880741528389744  1.4831978994167532
3.31  -1.0086183495503551  1.4722837893144545
3.3200000000000003  -1.028439459813497  1.4611098311519042
3.33  -1.0475260189763769  1.4496780924600141
3.34  -1.0658670204159195  1.437990687901396
3.35  -1.083451922127119  1.4260497788741326
3.36  -1.1002706530298876  1.4138575731068994
3.37  -1.11631361898983  1.401416324245501
3.38  -1.1315717085493189  1.3887283314309191
3.39  -1.1460362983654175  1.3757959388689383
3.4  -1.1596992583513652  1.3626215353914355
3.41  -1.172552956518561  1.3492075540094084
3.42  -1.1845902635160832  1.3355564714578456
3.43  -1.1958045568650661  1.321670807732497
3.44  -1.2061897248853348  1.3075531256186583
3.45  -1.2157401703119826  1.2932060302120318
3.46  -1.2244508135996803  1.278632168431785
3.47  -1.2323170959127558  1.2638342285258626
3.48  -1.239334981799236  1.2488149395686758
3.49  -1.2455009615472499  1.2335770709512446
3.5  -1.2508120532223788  1.2181234318638963
3.5100000000000002  -1.2552658043847371  1.2024568707716117
3.52  -1.2588602934847493  1.1865802748821317
3.5300000000000002  -1.2615941309367993  1.1704965696068967
3.54  -1.263466459870107  1.154208718014956
3.5500000000000003  -1.2644769565563942  1.1377197202799134
3.56  -1.2646258305140856  1.1210326131200445
3.5700000000000003  -1.2639138242890013  1.1041504692316608
3.58  -1.2623422129116757  1.0870763967158579
3.59  -1.2599128030316444  1.069813538498728
3.6  -1.256627931729233  1.052365071745157
3.61  -1.2524904650055757  1.0347342072663268
3.62  -1.2475037959517854  1.016924188921007
3.63  -1.241671842598391  0.9989382930107784
3.64  -1.2349990454463555  0.9807798276692741
3.65  -1.2274903646811708  0.9624521322455807
3.66  -1.2191512770717292  0.9439585766818815
3.67  -1.2099877725558466  0.9253025608854958
3.68  -1.2000063505145215  0.9064875140953986
3.69  -1.1892140157371798  0.8875168942433616
3.7  -1.1776182740803618  0.8683941873098192
3.71  -1.1652271278224788  0.8491229066746011
3.72  -1.1520490707174555  0.8297065924626217
3.73  -1.1380930827502647  0.8101488108846872
3.74  -1.1233686245975183  0.7904531535735029
3.75  -1.1078856317964885  0.7706232369150441
3.7600000000000002  -1.0916545086260696  0.7506627013753807
3.77  -1.0746861217034216  0.7305752108231114
3.7800000000000002  -1.0569917933001225  0.7103644518475118
3.79  -1.0385832943819442  0.6900341330725361
3.8000000000000003  -1.019472837376388  0.6695879844667931
3.81  -0.9996730686724467  0.6490297566496408
3.8200000000000003  -0.9791970608570413  0.6283632201934999
3.83  -0.9580583046929209  0.6075921649225576
3.84  -0.9362707008428152  0.5867203992079472
3.85  -0.913848551344884  0.5657517492595734
3.86  -0.8908065508446126  0.5446900584146994
3.87  -0.8671597775884627  0.5235391864234205
3.88  -0.8429236841847279  0.5023030087311778
3.89  -0.8181140881371849  0.4809854157584231
3.9  -0.7927471621572763  0.4595903121775986
3.91  -0.7668394242606648  0.43812161618752865
3.92  -0.740407727654204  0.416583258785403
3.93  -0.7134692504193558  0.3949791830364393
3.94  -0.6860414849984152  0.3733133433414134
3.95  -0.6581422274897728  0.3515897047021389
3.96  -0.6297895667588251  0.32981224198509007
3.97  -0.601001873370993  0.307984939183252
3.98  -0.5717977883536557  0.2861117886763789
3.99  -0.5421962117937229  0.26419679048976497
4.0  -0.5122162912777773  0.24224395155170123
4.01  -0.48187741018177643  0.22025728494971478
4.0200000000000005  -0.45119917581739283  0.19824080918576634
4.03  -0.42020140744218326  0.17619854743053817
4.04  -0.3889041241407884  0.15413452677691436
4.05  -0.3573275325845822  0.13205277749285227
4.0600000000000005  -0.3254920146770758  0.10995733227374255
4.07  -0.2934181150926471  0.08785222549440863
4.08  -0.2611265287160409  0.06574149246088634
4.09  -0.2286380879903205  0.0436291686621208
4.1  -0.1959737501808612  0.021519289021726618
4.11  -0.1631545845631464  -0.0005841128500588544
4.12  -0.13020175954207572  -0.022677005404072637
4.13  -0.09713652971056812  -0.0447553598994726
4.14  -0.06398022285535865  -0.06681515115034123
4.15  -0.030754226917764006  -0.0888523582715433
4.16  0.0025200230826263395  -0.11086296542369295
4.17  0.03582105815349085  -0.13284296255708455
4.18  0.06912738845652934  -0.15478834615445305
4.19  0.10241751644757821  -0.17669511997242465
4.2  0.13566995002208165  -0.1985592957815057
4.21  0.16886321565798357  -0.22037689410451688
4.22  0.2019758715480867  -0.24214394495327077
4.23  0.23498652071394782  -0.26385648856341
4.24  0.2678738240933223  -0.28551057612722786
4.25  0.3006165135933277  -0.30710227052438627
4.26  0.33319340510134154  -0.32862764705032704
4.2700000000000005  0.3655834114458226  -0.35008279414230786
4.28  0.3977655552991529  -0.3714638141028743
4.29  0.4297189820147726  -0.3927668238206726
4.3  0.4614229723907726  -0.4139879554884465
4.3100000000000005  0.4928569553522337  -0.4351233573180933
4.32  0.5240005205446625  -0.45616919425262986
4.33  0.5548334308308924  -0.47712164867497875
4.34  0.585335634683877  -0.4979769211133874
4.3500000000000005  0.6154872784678673  -0.5187312309433841
4.36  0.6452687186005666  -0.5393808170861343
4.37  0.6746605335889035  -0.5599219387030683
4.38  0.7036435359310872  -0.5803508758866328
4.39  0.7321987838778021  -0.6006639303470727
4.4  0.7603075930454004  -0.6208574260950817
4.41  0.7879515478740249  -0.6409277101202049
4.42  0.8151125129238004  -0.6608711530648932
4.43  0.8417726440021919  -0.6806841498940408
4.44  0.8679143991158049  -0.7003631205599072
4.45  0.8935205492400169  -0.7199045106623027
4.46  0.918574188899907  -0.739304792103906
4.47  0.9430587465560742  -0.7585604637405867
4.48  0.966957994789041  -0.777668052026633
4.49  0.9902560602760967  -0.7966241116547307
4.5  1.0129374335545465  -0.8154252261906236
4.51  1.0349869785653938  -0.8340680087022825
4.5200000000000005  1.0563899419717473  -0.8525491023835103
4.53  1.0771319622462465  -0.8708651811718334
4.54  1.0971990785220538  -0.8890129503606066
4.55  1.1165777392019842  -0.9069891472051641
4.5600000000000005  1.135254810320615  -0.9247905415229563
4.57  1.1532175836542715  -0.9424139362875199
4.58  1.1704537845739786  -0.9598561682162009
4.59  1.1869515796366203  -0.9771141083515076
4.6000000000000005  1.2026995839097063  -0.9941846626359838
4.61  1.2176868680252775  -1.0110647724804964
4.62  1.2319029649587139  -1.0277514153258527
4.63  1.2453378765282872  -1.044241605197607
4.64  1.2579820796115426  -1.060532393253981
4.65  1.2698265320747153  -1.0766208683267937
4.66  1.2808626784115917  -1.0925041574552836
4.67  1.291082455088394  -1.1081794264127478
4.68  1.300478295591417  -1.123643880225885
4.69  1.309043135174372  -1.1388947636867501
4.7  1.3167704153025352  -1.1539293618572206
4.71  1.3236540877910048  -1.1687450005659037
4.72  1.3296886186345322  -1.1833390468973584
4.73  1.3348689915266085  -1.1977089096735665
4.74  1.339190711065648  -1.2118520399275574
4.75  1.3426498056463174  -1.2257659313691018
4.76  1.3452428300342376  -1.2394481208423738
4.7700000000000005  1.3469668676224822  -1.2528961887755228
4.78  1.3478195323684907  -1.2661077596220418
4.79  1.3477989704102005  -1.279080502293885
4.8  1.3469038613603979  -1.2918121305862196
4.8100000000000005  1.3451334192784918  -1.3043004035937613
4.82  1.342487393319088  -1.3165431261185963
4.83  1.3389660680569617  -1.3285381490694375
4.84  1.3345702634881986  -1.3402833698522185
4.8500000000000005  1.3293013347074898  -1.351776732751961
4.86  1.3231611712617453  -1.3630162293058579
4.87  1.316152196180392  -1.3739998986674853
4.88  1.3082773646829307  -1.3847258279620869
4.89  1.29954016256449  -1.3951921526328648
4.9  1.2899446042603437  -1.4053970567782086
4.91  1.2794952305905356  -1.4153387734798013
4.92  1.2681971061859343  -1.4250155851215567
4.93  1.2560558165972702  -1.4344258236993035
4.94  1.243077465088861  -1.4435678711211801
4.95  1.2292686691189496  -1.4524401594986778
4.96  1.2146365565087403  -1.4610411714282807
4.97  1.1991887613024368  -1.4693694402636508
4.98  1.1829334193207535  -1.477423550378305
4.99  1.1658791634105659  -1.4852021374187399
5.0  1.1480351183935236  -1.4927038885479615
5.01  1.1294108957166777  -1.4999275426793695
5.0200000000000005  1.1100165878083252  -1.5068718907009497
5.03  1.0898627621424388  -1.5135357756897523
5.04  1.068960455015243  -1.5199180931165943
5.05  1.0473211650377006  -1.5260177910409638
5.0600000000000005  1.0249568463477723  -1.5318338702960885
5.07  1.0018799015465643  -1.537365384664127
5.08  0.9781031743625557  -1.5426114410414695
5.09  0.9536399420483772  -1.547571199594093
5.1000000000000005  0.9285039075146457  -1.552243873902967
5.11  0.9027091912056193  -1.556628731099466
5.12  0.8762703227215363  -1.5607250919907814
5.13  0.8492022321926862  -1.5645323311752946
5.14  0.8215202414103767  -1.5680498771478957
5.15  0.7932400547201598  -1.5712772123952432
5.16  0.7643777496827681  -1.574213873480923
5.17  0.7349497675083694  -1.5768594511205163
5.18  0.7049729032699188  -1.5792135902465478
5.19  0.6744642959014852  -1.5812759900633069
5.2  0.6434414179875626  -1.5830464040915415
5.21  0.6119220653494837  -1.584524640203005
5.22  0.5799243464352708  -1.5857105606448574
5.23  0.5474666715192261  -1.5866040820539173
5.24  0.5145677417178274  -1.587205175460765
5.25  0.4812465378284686  -1.5875138662836892
5.26  0.4475223089978524  -1.587530234312493
5.2700000000000005  0.4134145612267533  -1.5872544136821491
5.28  0.3789430457181719  -1.5866865928363212
5.29  0.3441277470757903  -1.585827014480754
5.3  0.3089888713599244  -1.5846759755265454
5.3100000000000005  0.2735468340080917  -1.5832338270233077
5.32  0.23782224762753823  -1.5815009740822394
5.33  0.20183590966698695  -1.579477875789113
5.34  0.16560878997509954  -1.5771650451072068
5.3500000000000005  0.1291620182531295  -1.5745630487701918
5.36  0.09251687140929893  -1.5716725071650024
5.37  0.05569476082251948  -1.5684940942047043
5.38  0.018717219523139816  -1.5650285371913955
5.39  -0.018394110701548394  -1.5612766166691612
5.4  -0.05561749226932723  -1.5572391662671081
5.41  -0.09293110482473904  -1.5529170725325216
5.42  -0.13031305831262477  -1.548311274754157
5.43  -0.16774140609562724  -1.5434227647757257
5.44  -0.2051941581077824  -1.5382525867995867
5.45  -0.24264929403621563  -1.5328018371807006
5.46  -0.28008477652309993  -1.5270716642108735
5.47  -0.31747856437982447  -1.5210632678933396
5.48  -0.3548086258054872  -1.5147778997077221
5.49  -0.39205295160167813  -1.5082168623654226
5.5  -0.4291895683756812  -1.5013815095554723
5.51  -0.4661965517240638  -1.4942732456809167
5.5200000000000005  -0.5030520393887312  -1.4868935255857594
5.53  -0.5397342443775367  -1.4792438542725381
5.54  -0.5762214680415422  -1.4713257866105696
5.55  -0.6124921131010295  -1.4631409270349338
5.5600000000000005  -0.6485246966124109  -1.4546909292362422
5.57  -0.6842978628682487  -1.4459774958412648
5.58  -0.7197903962226222  -1.4370023780844525
5.59  -0.7549812338340438  -1.4277673754704483
5.6000000000000005  -0.7898494783183329  -1.4182743354276215
5.61  -0.8243744103037496  -1.4085251529527179
5.62  -0.8585355008808966  -1.3985217702466655
5.63  -0.8923124239397879  -1.3882661763416348
5.64  -0.9256850683867565  -1.3777604067193965
5.65  -0.9586335502337457  -1.367006542921071
5.66  -0.9911382245527564  -1.3560067121483317
5.67  -1.0231796972882308  -1.3447630868561389
5.68  -1.0547388369202422  -1.333277884337085
5.69  -1.0857967859714523  -1.3215533662974284
5.7  -1.1163349723509268  -1.3095918384249
5.71  -1.1463351205279733  -1.2973956499483479
5.72  -1.1757792625292134  -1.2849671931893323
5.73  -1.2046497487523284  -1.2723089031057253
5.74  -1.2329292585899019  -1.259423256827427
5.75  -1.2606008108570128  -1.2463127731842667
5.76  -1.2876477740162193  -1.232980012226187
5.7700000000000005  -1.3140538761938356  -1.2194275747358037
5.78  -1.339803214981425  -1.2056581017334365
5.79  -1.3648802670166102  -1.1916742739746815
5.8  -1.3892698973374216  -1.1774788114406498
5.8100000000000005  -1.412957368504553  -1.163074472820956
5.82  -1.4359283494859885  -1.148464054989551
5.83  -1.4581689242987041  -1.133650392473493
5.84  -1.4796656004021675  -1.118636356914783
5.8500000000000005  -1.500405316838624  -1.1034248565253277
5.86  -1.52037545211521  -1.0880188355351732
5.87  -1.5395638318232006  -1.0724212736340735
5.88  -1.5579587359897415  -1.0566351854065332
5.89  -1.575548906157649  -1.040663619760411
5.9  -1.5923235521890187  -1.0245096593491974
5.91  -1.6082723587885157  -1.0081764199880803
5.92  -1.6233854917424426  -0.9916670500638921
5.93  -1.6376536038697704  -0.9749847299390717
5.94  -1.6510678406815957  -0.9581326713497378
5.95  -1.6636198457455698  -0.9411141167979987
5.96  -1.6753017657520783  -0.9239323389385863
5.97  -1.6861062552791093  -0.90659063995998
5.98  -1.696026481252935  -0.8890923509600744
5.99  -1.705056127101902  -0.8714408313165639
6.0  -1.7131893966008436  -0.8536394680521323
6.01  -1.7204210174037673  -0.8356916751945629
6.0200000000000005  -1.7267462442627006  -0.8176008931319123
6.03  -1.7321608619307327  -0.7993705879628612
6.04  -1.7366611877475202  -0.7810042508423369
6.05  -1.7402440739056655  -0.7625053973225784
6.0600000000000005  -1.7429069093966163  -0.7438775666897265
6.07  -1.7446476216348938  -0.7251243212960985
6.08  -1.7454646777596778  -0.7062492458882249
6.09  -1.7453570856129426  -0.6872559469308341
6.1000000000000005  -1.7443243943935605  -0.6681480519268606
6.11  -1.7423666949869638  -0.6489292087336465
6.12  -1.739484619970165  -0.6296030848754166
6.13  -1.7356793432921225  -0.6101733668522067
6.140000000000001  -1.7309525796296388  -0.5906437594453391
6.15  -1.7253065834191719  -0.571017985019602
6.16  -1.7187441475651355  -0.5512997828222227
6.17  -1.7112686018254641  -0.5314929082788299
6.18  -1.7028838108753988  -0.5116011322864638
6.19  -1.6935941720506664  -0.4916282405038287
6.2  -1.6834046127713946  -0.47157803263889564
6.21  -1.6723205876483116  -0.45145432173396594
6.22  -1.6603480752729625  -0.4312609334483781
6.23  -1.6474935746938841  -0.4110017053389526
6.24  -1.633764101580838  -0.3906804861383385
6.25  -1.6191671840794004  -0.37030113503135903
6.26  -1.6037108583584319  -0.3498675209295371
6.2700000000000005  -1.5874036638530615  -0.32938352174390434
6.28  -1.5702546382060782  -0.3088530236562538
6.29  -1.552273311910737  -0.28827992038893335
6.3  -1.5334697026582411  -0.26766811247336997
6.3100000000000005  -1.5138543093932577  -0.24702150651742075
6.32  -1.4934381060810709  -0.22634401447171196
6.33  -1.4722325351900998  -0.20563955289507702
6.34  -1.4502495008937215  -0.18491204221926033
6.3500000000000005  -1.4275013619954564  -0.164165406013021
6.36  -1.404000924581822  -0.1434035702457361
6.37  -1.3797614344072064  -0.12263046255069618
6.38  -1.3547965690154053  -0.10185001148820305
6.390000000000001  -1.3291204296025152  -0.08106614580858801
6.4  -1.3027475326261255  -0.06028279371534226
6.41  -1.2756928011657924  -0.0395038821284345
6.42  -1.24797155604005  -0.018733335948006025
6.43  -1.2195995066852878  0.0020249226814500476
6.44  -1.1905927418019564  0.02276697510627876
6.45  -1.16096771977377  0.043488906898072055
6.46  -1.1307412588656187  0.06418680858719727
6.47  -1.0999305272061572  0.0848567763952563
6.48  -1.068553032561019  0.10549491296638122
6.49  -1.0366266119028895  0.12609732809719534
6.5  -1.004169420784632  0.14666013946534823
6.51  -0.9711999225219327  0.1671794733564365
6.5200000000000005  -0.9377368771919171  0.18765146538921224
6.53  -0.9037993304544324  0.20807226123891576
6.54  -0.8694066022025956  0.22843801735864308
6.55  -0.8345782750495827  0.24874490169854008
6.5600000000000005  -0.7993341826585042  0.2689890944227743
6.57  -0.7636943979223654  0.2891667886240775
6.58  -0.7276792210013268  0.3092741910357605
6.59  -0.6913091672243321  0.32930752274108155
6.6000000000000005  -0.6546049548624969  0.3492630198797965
6.61  -0.6175874927815656  0.3691369343517775
6.62  -0.5802778679808487  0.38892553451759504
6.63  -0.5426973330261624  0.4086251058958804
6.640000000000001  -0.5048672933843465  0.4282319518573846
6.65  -0.4668092946669732  0.44774239431556717
6.66  -0.4285450097908849  0.4671527744136321
6.67  -0.39009622606332367  0.48645945320782935
6.68  -0.3514848321994365  0.5056588123469323
6.69  -0.3127328052799445  0.5247472547477534
6.7  -0.27386219765681197  0.5437212052665582
6.71  -0.23489512381480449  0.5625771113662906
6.72  -0.19585374719687015  0.5813114437794366
6.73  -0.1567602670012512  0.5999206971664282
6.74  -0.11763690495821472  0.618401390769482
6.75  -0.07850589209448355  0.6367500690617119
6.76  -0.03938945549318263  0.6549633023914145
6.7700000000000005  -0.00030980505738783387  0.6730376876214275
6.78  0.03871087971480818  0.690969848763391
6.79  0.07765046293578198  0.7087564376068565
6.8  0.11648686550644272  0.7263941343430688
6.8100000000000005  0.15519807825893106  0.7438796481833441
6.82  0.19376217505606522  0.761209717971902
6.83  0.2321573258396752  0.778381112793072
6.84  0.27036180961995765  0.7953906325727187
6.8500000000000005  0.30835402739801404  0.8122351086738062
6.86  0.3461125150138169  0.8289114044859694
6.87  0.3836159559119359  0.8454164160090123
6.88  0.42084319381721136  0.8617470724301851
6.890000000000001  0.4577732453129141  0.8779003366951643
6.9  0.4943853123136656  0.8938732060726082
6.91  0.5306587944257766  0.909662712712211
6.92  0.5665733011874111  0.9252659241961145
6.93  0.6021086641813744  0.9406799440836071
6.94  0.6372449490131074  0.9559019124489831
6.95  0.6719624671467548  0.9709290064124964
6.96  0.7062417875921942  0.9857584406642618
6.97  0.7400637484359828  1.0003874679810603
6.98  0.7734094682092724  1.0148133797359096
6.99  0.806260357085881  1.0290335064003173
7.0  0.8385981279038053  1.0430452180391516
7.01  0.8704048070035287  1.056845924797987
7.0200000000000005  0.9016627448766003  1.0704330773828794
7.03  0.9323546266180943  1.0838041675324506
7.04  0.9624634821767198  1.096956728482226
7.05  0.9919726963963132  1.1098883354211027
7.0600000000000005  1.0208660188428123  1.1225966059398953
7.07  1.0491275734106764  1.1350792004718502
7.08  1.0767418677031155  1.147333822725079
7.09  1.1036938021803608  1.1593582201067938
7.1000000000000005  1.1299686790706152  1.1711501841392948
7.11  1.155552211038208  1.1827075508676108
7.12  1.180430529603871  1.1940282012587489
7.13  1.2045901933119625  1.205110061592441
7.140000000000001  1.228018195639855  1.2159511038433366
7.15  1.2507019726446311  1.2265493460545809
7.16  1.2726294103426006  1.2369028527026773
7.17  1.2937888518171208  1.2470097350536058
7.18  1.3141691040505423  1.2568681515100977
7.19  1.3337594444761187  1.2664763079500223
7.2  1.3525496272459798  1.2758324580558171
7.21  1.3705298892114386  1.2849349036349054
7.22  1.3876909556119883  1.2937819949310325
7.23  1.4040240454696562  1.3023721309264764
7.24  1.419520876685416  1.3107037596350584
7.25  1.4341736708346773  1.3187753783859297
7.26  1.4479751576589222  1.3265855340980472
7.2700000000000005  1.4609185792508619  1.3341328235453163
7.28  1.4729976939305647  1.3414158936123317
7.29  1.4842067798102905  1.348433441540687
7.3  1.494540638045862  1.3551842151657956
7.3100000000000005  1.5039945957726775  1.3616670131441833
7.32  1.5125645087245867  1.3678806851712082
7.33  1.5202467635341066  1.3738241321891824
7.34  1.5270382797125854  1.3794963065858301
7.3500000000000005  1.53293651130917  1.3848962123830806
7.36  1.5379394482475908  1.3900229054161304
7.37  1.5420456173399881  1.3948754935027567
7.38  1.5452540829771901  1.3994531366028624
7.390000000000001  1.547564447495053  1.4037550469681954
7.4  1.5489768512166728  1.4077804892822434
7.41  1.5494919721704656  1.411528780790262
7.42  1.5491110254843115  1.4149992914194214
7.43  1.5478357624561538  1.4181914438890444
7.44  1.5456684693016447  1.421104713810923
7.45  1.5426119655796113  1.423738629779683
7.46  1.5386696022963215  1.4260927734532038
7.47  1.5338452596897243  1.4281667796230537
7.48  1.5281433446950097  1.4299603362749438
7.49  1.5215687880930673  1.4314731846391877
7.5  1.5141270413435652  1.4327051192311577
7.51  1.5058240731046029  1.433655987881732
7.5200000000000005  1.496666365441055  1.434325691757723
7.53  1.486660909723919  1.434714185372293
7.54  1.475815202223159  1.4348214765853524
7.55  1.4641372393967498  1.4346476265939356
7.5600000000000005  1.4516355128787708  1.434192749912569
7.57  1.4383190041695972  1.4334570143436254
7.58  1.424197179031422  1.4324406409376773
7.59  1.4092799815925188  1.4311439039438572
7.6000000000000005  1.3935778281638282  1.4295671307502333
7.61  1.3771016007716022  1.4277107018142128
7.62  1.359862640410048  1.4255750505829898
7.63  1.3418727400180783  1.4231606634040503
7.640000000000001  1.3231441371843995  1.4204680794257551
7.65  1.3036895065853962  1.4174978904880207
7.66  1.2835219521603638  1.4142507410031122
7.67  1.262654999028848  1.4107273278265833
7.68  1.2411025851550055  1.406928400118383
7.69  1.2188790527640294  1.4028547591941496
7.7  1.1959991395158165  1.398507258366737
7.71  1.1724779694412488  1.393886802777984
7.72  1.1483310436465886  1.388994349220778
7.73  1.1235742307916037  1.3838309059514347
7.74  1.0982237573471785  1.378397532492436
7.75  1.0722961976383214  1.372695339425561
7.76  1.0458084636786142  1.3667254881754531
7.7700000000000005  1.0187777948022514  1.360489190783662
7.78  0.9912217470998932  1.3539877096732056
7.79  0.9631581826648399  1.3472223574036961
7.8  0.9346052586559006  1.3401944964170756
7.8100000000000005  0.9055814161836936  1.3329055387740154
7.82  0.876105369027044  1.3253569458810264
7.83  0.8461960921863108  1.317550228208324
7.84  0.8158728102805689  1.3094869449985187
7.8500000000000005  0.7851549857956961  1.3011687039661735
7.86  0.7540623071904585  1.2925971609882931
7.87  0.7226146768677622  1.2837740197857994
7.88  0.6908321990183758  1.2747010315960554
7.890000000000001  0.6587351673444914  1.2653799948365025
7.9  0.6263440526705332  1.2558127547594755
7.91  0.5936794904486863  1.2460012030982468
7.92  0.5607622681667255  1.2359472777043925
7.930000000000001  0.5276133126657734  1.225652962176529
7.94  0.4942536773756512  1.2151202854804937
7.95  0.46070452947547946  1.2043513215610535
7.96  0.42698713698742324  1.1933481889451976
7.97  0.39312285581123174  1.1821130503371031
7.98  0.35913311670754117  1.1706481122048473
7.99  0.32503941223775407  1.1589556243589418
8.0  0.2908632836683778  1.1470378795227651
8.01  0.2566263078477593  1.1348972128949861
8.02  0.22235008406316953  1.1225360017040529
8.03  0.1880562208861732  1.109956664754833
8.040000000000001  0.15376632301416776  1.097161661967489
8.05  0.11950197811621091  1.0841534939086905
8.06  0.08528474369085592  1.0709347013152137
8.07  0.05113613394417453  1.057507864610073
8.08  0.017077606695735992  1.0438756034112298
8.09  -0.016869449679451143  1.0300405760329938
8.1  -0.050683729265226324  1.016005478980213
8.11  -0.08434402156683418  1.001773046435324
8.120000000000001  -0.11782922441396357  0.9873460497383933
8.13  -0.1511183567964937  0.972727296860228
8.14  -0.18419057162513414  0.9579196318686435
8.15  -0.21702516840930272  0.94292593438803
8.16  -0.24960160584452434  0.9277491190522655
8.17  -0.2818995143017664  0.9123921349511275
8.18  -0.313898708211212  0.896857965070276
8.19  -0.34557919833289474  0.8811496257249287
8.2  -0.37692120390683104  0.8652701659873294
8.21  -0.40790516467534954  0.8492226671081138
8.22  -0.4385117527702417  0.8330102419317055
8.23  -0.46872188445765983  0.8166360343058015
8.24  -0.4985167317336203  0.8001032184851194
8.25  -0.5278777337630838  0.7834149985294765
8.26  -0.5567866081557216  0.7665746076963316
8.27  -0.5852253620715963  0.7495853078278958
8.28  -0.6131763031499624  0.7324503887329401
8.290000000000001  -0.6406220502546379  0.7151731675633901
8.3  -0.6675455440294621  0.6977569881858708
8.31  -0.693930057257423  0.6802052205482596
8.32  -0.7197592050172381  0.6625212600414212
8.33  -0.7450169546312098  0.6447085268562225
8.34  -0.7696876353983635  0.6267704653359284
8.35  -0.7937559481070255  0.608710543324143
8.36  -0.8172069743210242  0.5905322515083812
8.370000000000001  -0.8400261854339433  0.5722391027594107
8.38  -0.862199451485971  0.5538346314665081
8.39  -0.8837130497380006  0.535322392868686
8.4  -0.904553672997771  0.5167059623821111
8.41  -0.924708437693099  0.4979889349237676
8.42  -0.9441648916872408  0.4791749242315244
8.43  -0.9629110218317044  0.46026756218072556
8.44  -0.9809352612519671  0.4412704980974335
8.45  -0.998226496361652  0.4221873980684537
8.46  -1.0147740736009507  0.40302194424827964
8.47  -1.0305678058952392  0.3837778341630699
8.48  -1.0455979788299483  0.36445878001179377
8.49  -1.0598553565379996  0.3450685079646987
8.5  -1.0733311872962108  0.32561075745919577
8.51  -1.086017208827316  0.30608928049333345
8.52  -1.0979056533044085  0.2865078409169416
8.53  -1.1089892520547504  0.26687021372063957
8.540000000000001  -1.1192612399601334  0.24718018432279207
8.55  -1.1287153595511301  0.2274415478545822
8.56  -1.1373458647927657  0.20765810844330304
8.57  -1.145147524559304  0.1878336784940239
8.58  -1.1521156257960852  0.167972077969769
8.59  -1.1582459763664756  0.14807713367033015
8.6  -1.1635349075822223  0.12815267850985135
8.61  -1.1679792764156978  0.10820255079332877
8.620000000000001  -1.171576467392675  0.08823059349214937
8.63  -1.1743243941645105  0.06824065351883687
8.64  -1.1762215007587844  0.04823658100106537
8.65  -1.1772667625076336  0.02822222855517717
8.66  -1.1774596866532316  0.0082014505592658
8.67  -1.1768003126300406  -0.011821897574007256
8.68  -1.175289212023677  -0.031843960124740306
8.69  -1.172927488206409  -0.05186088179310305
8.700000000000001  -1.1697167756495095  -0.07186880842654213
8.71  -1.165659238912892  -0.0918638877466754
8.72  -1.1607575713126224  -0.1118422700758197
8.73  -1.1550149932671325  -0.1318001090629464
8.74  -1.1484352503231294  -0.1517335624089554
8.75  -1.141022610862387  -0.1716387925911598
8.76  -1.1327818634908247  -0.19151196758679095
8.77  -1.1237183141114409  -0.21134926159542883
8.78  -1.1138377826828663  -0.23114685576020838
8.790000000000001  -1.1031465996655132  -0.25090093888767245
8.8  -1.0916516021574716  -0.2706077081661078
8.81  -1.079360129722449  -0.2902633698823039
8.82  -1.0662800199123477  -0.30986414013649977
8.83  -1.0524196034871087  -0.32940624555546316
8.84  -1.037787699334779  -0.34888592400353374
8.85  -1.0223936090948285  -0.36829942529150617
8.86  -1.0062471114879978  -0.38764301188322015
8.870000000000001  -0.9893584563560676  -0.40691295959971674
8.88  -0.9717383584152185  -0.4261055583208452
8.89  -0.9533979907266591  -0.44521711268418396
8.9  -0.9343489778885751  -0.4642439427811255
8.91  -0.9146033889534554  -0.4831823848500259
8.92  -0.8941737300750657  -0.5020287919662588
8.93  -0.8730729368895617  -0.5207795347290831
8.94  -0.8513143666353271  -0.539431001945151
8.950000000000001  -0.8289117900162579  -0.5579796013085626
8.96  -0.8058793828135199  -0.5764217600773183
8.97  -0.7822317172506941  -0.5947539257460627
8.98  -0.7579837531176895  -0.6129725667149828
8.99  -0.7331508286586763  -0.6310741729547266
9.0  -0.7077486512296164  -0.6490552566672354
9.01  -0.68179328773097  -0.6669123529423565
9.02  -0.6553011548214369  -0.6846420204101149
9.03  -0.6282890089186149  -0.7022408418885252
9.040000000000001  -0.6007739359925734  -0.7197054250268123
9.05  -0.57277334115864  -0.7370324029439388
9.06  -0.5443049380755053  -0.7542184348623082
9.07  -0.5153867381552417  -0.7712602067365188
9.08  -0.4860370395916569  -0.788154431877068
9.09  -0.4562744162135972  -0.8048978515688687
9.1  -0.4261177061700161  -0.8214872356844974
9.11  -0.39558600045360975  -0.8379193832920145
9.120000000000001  -0.3646986312699092  -0.854191123257281
9.13  -0.3334751602589706  -0.8702993148406308
9.14  -0.30193536657667874  -0.8862408482878149
9.15  -0.2700992348429122  -0.9020126454150879
9.16  -0.23798694296387568  -0.9176116601883281
9.17  -0.2056188498359495  -0.933034879296091
9.18  -0.17301548293843666  -0.9482793227164867
9.19  -0.14019752582279896  -0.9633420442777749
9.200000000000001  -0.10718580550589969  -0.978220132212575
9.21  -0.07400127977485091  -0.9929107097055672
9.22  -0.04066502441119306  -1.0074109354346414
9.23  -0.00719822034208327  -1.021718004105311
9.24  0.026377859273694  -1.0358291469783552
9.25  0.06004186201709889  -1.0497416323905648
9.26  0.09377236922980065  -1.0634527662685023
9.27  0.12754790907677424  -1.0769598926351673
9.28  0.161346969642668  -1.0902603941095041
9.290000000000001  0.19514801205407872  -1.1033516923986175
9.3  0.22892948361967752  -1.116231248782629
9.31  0.2626698309803587  -1.1288965645920945
9.32  0.29634751326140535  -1.141345181677855
9.33  0.32994101521870267  -1.1535746828732818
9.34  0.36342886037106364  -1.1655826924487878
9.35  0.396789624110773  -1.1773668765585459
9.36  0.43000194678433257  -1.1889249436793234
9.370000000000001  0.4630445467355433  -1.200254645041352
9.38  0.49589623330305943  -1.2113537750511392
9.39  0.5285359197644944  -1.2222201717061831
9.4  0.5609426362193116  -1.2328517170014597
9.41  0.593095542402641  -1.2432463373276446
9.42  0.6249739404223046  -1.253402003860983
9.43  0.6565572874113874  -1.2633167329447357
9.44  0.6878252080886075  -1.2729885864621329
9.450000000000001  0.718757507218943  -1.282415672200758
9.46  0.7493341819669872  -1.29159614420831
9.47  0.779535434135538  -1.3005282031396643
9.48  0.8093416822819719  -1.3092100965951692
9.49  0.8387335737051798  -1.3176401194501235
9.5  0.8676919962956957  -1.3258166141753618
9.51  0.8961980902418955  -1.3337379711489044
9.52  0.9242332595852262  -1.3414026289585979
9.53  0.9517791836173763  -1.3488090746956978
9.540000000000001  0.9788178281125509  -1.3559558442393438
9.55  1.0053314563880573  -1.3628415225318549
9.56  1.03130264018646  -1.3694647438448322
9.57  1.0567142703727694  -1.375824192035973
9.58  1.0815495674401379  -1.381918600796583
9.59  1.1057920918177144  -1.3877467538897281
9.6  1.1294257539744668  -1.3933074853789813
9.61  1.1524348243127638  -1.3985996798477274
9.620000000000001  1.174803942845797  -1.4036222726089815
9.63  1.1965181286529138  -1.408374249905676
9.64  1.2175627891072418  -1.4128546491014027
9.65  1.2379237288698557  -1.4170625588615442
9.66  1.2575871586451892  -1.420997119324779
9.67  1.2765397036922823  -1.4246575222649334
9.68  1.2947684120867344  -1.4280430112431286
9.69  1.312260762728393  -1.4311528817502261
9.700000000000001  1.3290046730898575  -1.4339864813395171
9.71  1.3449885067011145  -1.4365432097496464
9.72  1.3602010803658324  -1.438822519017744
9.73  1.374631671104824  -1.4408239135827499
9.74  1.3882700228225373  -1.4425469503789032
9.75  1.4011063526925271  -1.4439912389193874
9.76  1.413131357257988  -1.4451564413701112
9.77  1.424336218243665  -1.4460422726136155
9.78  1.434712608075635  -1.4466485003030947
9.790000000000001  1.4442526951055492  -1.4469749449065188
9.8  1.452949148536195  -1.447021479740852
9.81  1.4607951430453914  -1.4467880309963697
9.82  1.4677843631053498  -1.446274577751048
9.83  1.4739110069949293  -1.4454811519750488
9.84  1.4791697905022976  -1.4444078385252854
9.85  1.4835559503157452  -1.4430547751300742
9.86  1.4870652471006038  -1.441422152363875
9.870000000000001  1.4896939682603563  -1.4395102136121276
9.88  1.4914389303802547  -1.4373192550261893
9.89  1.4922974813519638  -1.434849625468384
9.9  1.4922675021778953  -1.4321017264471718
9.91  1.4913474084541312  -1.4290760120424548
9.92  1.489536151531016  -1.425772988821034
9.93  1.486833219350688  -1.4221932157422243
9.94  1.4832386369610138  -1.418337304053666
9.950000000000001  1.478752966705597  -1.414205917177325
9.96  1.4733773080897166  -1.4097997705857346
9.97  1.467113297322241  -1.4051196316684758
9.98  1.4599631065337833  -1.4001663195889356
9.99  1.451929442671533  -1.3949407051313718
10.0  1.4430155460713974  -1.3894437105383064
