0.0  0.6304335726587751  0.2579994678249674
0.001  0.6259748972334106  0.2972052942694438
0.002  0.6214711181484796  0.335424240563176
0.003  0.6169225599168652  0.3725293994127646
0.004  0.6123295502779427  0.40839756189338594
0.005  0.6076924201739661  0.44290962656816013
0.006  0.6030115037262207  0.47595099496846816
0.007  0.5982871382109507  0.5074119521220116
0.008  0.5935196640350552  0.5371880308650593
0.009000000000000001  0.5887094247115618  0.5651803587291688
0.01  0.5838567668348753  0.591295986250536
0.011  0.5789620400558042  0.6154481956118067
0.012  0.5740255970563671  0.6375567885914996
0.013000000000000001  0.5690477935243805  0.6575483528648907
0.014  0.564028988127831  0.6753565057721013
0.015  0.5589695424890311  0.690922114743946
0.016  0.5538698211585638  0.7041934936536138
0.017  0.548730191589015  0.7151265744421859
0.018000000000000002  0.543551024108498  0.7236850534481025
0.019  0.5383326918939687  0.7298405119546914
0.02  0.5330755709443383  0.7335725105554677
0.021  0.5277800400533805  0.7348686570238708
0.022  0.5224464807824385  0.7337246474620671
0.023  0.5170752774329319  0.7301442805921875
0.024  0.5116668170186665  0.7241394451425436
0.025  0.5062214892379485  0.7157300803707055
0.026000000000000002  0.5007396864455061  0.7049441098545294
0.027  0.495221803624218  0.6918173487709791
0.028  0.48966823835665385  0.6763933849706303
0.029  0.4840793907964276  0.6587234342427503
0.03  0.47845566363936415  0.638866170251551
0.031  0.47279746209448437  0.6168875297083185
0.032  0.4671051938548083  0.5928604934263516
0.033  0.4613792690679792  0.5668648439857222
0.034  0.4556201003067109  0.5389869008125423
0.035  0.44982810253906114  0.5093192335524124
0.036000000000000004  0.4440036930985312  0.47796035468980824
0.037  0.4381472916539955  0.4450143924340718
0.038  0.43225932017946317  0.41059074495819736
0.039  0.4263402029236735  0.3748037171385285
0.04  0.420390366379527  0.3377721410015813
0.041  0.4144102392533554  0.2996189811383139
0.042  0.40840025243403216  0.2604709263960758
0.043000000000000003  0.4023608389619242  0.22045796920404098
0.044  0.3962924339976917  0.17971297392898467
0.045  0.3901954747909314  0.13837123569469606
0.046  0.3840704006486727  0.09657003112998183
0.047  0.37791765290372314  0.05444816253701329
0.048  0.37173767488286935  0.012145496993625798
0.049  0.36553091187493375  -0.03019749808000574
0.05  0.35929781109868963  -0.0724402213481482
0.051000000000000004  0.35303882167063794  -0.11444240443096249
0.052000000000000005  0.3467543945726463  -0.15606457767036563
0.053  0.3404449826194551  -0.19716853324370787
0.054  0.33411104042604967  -0.23761778408748666
0.055  0.3277530243749043  -0.2772780171072183
0.056  0.321371392583098  -0.3160175391685751
0.057  0.3149666048693057  -0.35370771438885656
0.058  0.30853912272066675  -0.3902233912767529
0.059000000000000004  0.30208940925953337  -0.4254433183020707
0.06  0.2956179292101004  -0.4592505465155078
0.061  0.28912514886492124  -0.4915328178815622
0.062  0.2826115360513087  -0.5221829380351051
0.063  0.27607756009762796  -0.5510991322238668
0.064  0.2695236917994784  -0.5781853832549165
0.065  0.26295040338577175  -0.6033517503229725
0.066  0.2563581684847066  -0.6265146676618631
0.067  0.24974746208964144  -0.6475972220274578
0.068  0.24311876052486991  -0.6665294080906743
0.069  0.23647254141129948  -0.6832483608925219
0.07  0.22980928363203873  -0.6976985645893075
0.07100000000000001  0.22312946729789024  -0.7098320367948577
0.07200000000000001  0.21643357371275812  -0.7196084879076404
0.073  0.20972208533896813  -0.7269954548937393
0.074  0.20299548576250442  -0.7319684090814473
0.075  0.19625425965816584  -0.7345108376095436
0.076  0.1894988927546431  -0.7346142982588031
0.077  0.18272987179952033  -0.7322784474846686
0.078  0.17594768452420395  -0.7275110415580027
0.079  0.1691528196087786  -0.7203279108101296
0.08  0.16234576664679728  -0.7107529070676888
0.081  0.1555270161100038  -0.6988178244518445
0.082  0.14869705931299282  -0.6845622938048403
0.083  0.14185638837780878  -0.6680336510944571
0.084  0.135005496198487  -0.6492867802333443
0.085  0.12814487640553884  -0.6283839308351463
0.08600000000000001  0.12127502333038365  -0.605394511512573
0.08700000000000001  0.11439643196973115  -0.5803948594037701
0.088  0.10750959794991455  -0.5534679866922944
0.089  0.10061501749117924  -0.5247033049623697
0.09  0.09371318737192835  -0.49419632830472476
0.091  0.08680460489292813  -0.4620483561588482
0.092  0.07988976784147606  -0.42836613694480274
0.093  0.07296917445553253  -0.39326151360151385
0.094  0.06604332338782265  -0.3568510522085395
0.095  0.059112713669905004  -0.31925565492449204
0.096  0.052177844676215834  -0.2806001585273641
0.097  0.045239216088086676  -0.2410129198898193
0.098  0.03829732785774087  -0.20062538976589012
0.099  0.031352680172270664  -0.15957167630433905
0.1  0.02440577341759609  -0.1179880997380515
0.101  0.01745710814241136  -0.07601273972812925
0.10200000000000001  0.010507185022117838  -0.03378497686574114
0.10300000000000001  0.003556504822749218  0.00855497014580256
0.10400000000000001  -0.0033944316351106063  0.05086651009196122
0.105  -0.01034512351241379  0.09300914608480712
0.106  -0.01729506998773489  0.13484294208765818
0.107  -0.02424377029335767  0.1762289875773787
0.108  -0.031190723751356397  0.21702985880143416
0.109  -0.038135429809671884  0.2571100750980717
0.11  -0.04507738807817813  0.2963365487644025
0.111  -0.05201609836473642  0.3345790269785846
0.112  -0.058951060711236736  0.37171052430868734
0.113  -0.06588177542962104  0.4076077443720789
0.114  -0.07280774313788752  0.4421514892452008
0.115  -0.07972846479607326  0.47522705526427267
0.116  -0.08664344174221073  0.5067246139026557
0.117  -0.09355217572825963  0.5365395764601597
0.11800000000000001  -0.10045416895600567  0.564572941353333
0.11900000000000001  -0.10734892411293034  0.590731622853539
0.12  -0.11423594440804274  0.614928760181242
0.121  -0.12111473360767572  0.6370840059301415
0.122  -0.12798479607124108  0.657123792863428
0.123  -0.13484563678694222  0.6749815781962627
0.124  -0.14169676140744109  0.6905980645533258
0.125  -0.14853767628547832  0.7039213968677418
0.126  -0.15536788850944172  0.7149073345675679
0.127  -0.1621869059388824  0.7235193984780981
0.128  -0.16899423723997542  0.7297289919521858
0.129  -0.1757893919209212  0.7335154958263708
0.13  -0.1825718803672885  0.7348663368875034
0.131  -0.18934121387729186  0.7337770296225198
0.132  -0.19609690469700464  0.7302511911127392
0.133  -0.20283846605550343  0.7243005290232238
0.134  -0.2095654121999409  0.7159448027270843
0.135  -0.21627725843054701  0.7052117576938183
0.136  -0.2229735211355528  0.6921370333595485
0.137  -0.22965371782603622  0.6767640447850786
0.138  -0.23631736717068694  0.659143838494728
0.139  -0.2429639890304886  0.6393349229746349
0.14  -0.24959310449331398  0.6174030743933656
0.14100000000000001  -0.2562042359084324  0.5934211181899381
0.14200000000000002  -0.26279690692092617  0.5674686872545129
0.14300000000000002  -0.2693706425060132  0.5396319575047033
0.14400000000000002  -0.275924969003275  0.5100033617355568
0.145  -0.2824594141507847  0.4786812826933521
0.146  -0.288973507119136  0.4457697263923922
0.147  -0.2954667785453674  0.4113779767595436
0.148  -0.3019387605667812  0.37562023275329404
0.149  -0.30838898685465566  0.3386152291622725
0.15  -0.3148169926478447  0.30048584234240894
0.151  -0.32122231478626606  0.2613586822018624
0.152  -0.3276044917442731  0.22136367178858324
0.153  -0.3339630636639096  0.18063361587646323
0.154  -0.3402975723880445  0.1393037599826388
0.155  -0.3466075614933828  0.09751134128020353
0.156  -0.35289257632335347  0.05539513289758077
0.157  -0.35915216402086825  0.013094983117686365
0.158  -0.36538587356095176  -0.02924864899298324
0.159  -0.37159325578323965  -0.07149515998338946
0.16  -0.377773863424342  -0.1135042688964372
0.161  -0.3839272511500702  -0.15513648307658873
0.162  -0.39005297558752494  -0.1962535613599167
0.163  -0.39615059535704233  -0.23671897310851683
0.164  -0.4022196711039974  -0.27639835156508136
0.165  -0.4082597655304607  -0.31515994002221515
0.166  -0.41427044342670793  -0.3528750293250122
0.167  -0.4202512717025765  -0.38941838525411376
0.168  -0.42620181941867324  -0.42466866437014394
0.169  -0.4321216578174243  -0.4585088169386627
0.17  -0.43801036035396773  -0.49082647559774417
0.171  -0.4438675027268894  -0.5215143284775641
0.17200000000000001  -0.4496926629087931  -0.5504704755330703
0.17300000000000001  -0.455485421176711  -0.5775987669064984
0.17400000000000002  -0.4612453601423452  -0.6028091221961975
0.17500000000000002  -0.4669720647821423  -0.6260178295716321
0.176  -0.4726651224671971  -0.6471478237413167
0.177  -0.4783241229929841  -0.6661289418507106
0.178  -0.48394865860891406  -0.6828981564603204
0.179  -0.48953832404771375  -0.6973997848304352
0.18  -0.49509271655462717  -0.7095856738175272
0.181  -0.5006114359164353  -0.7194153597683837
0.182  -0.5060940844902925  -0.7268562028810219
0.183  -0.5115402672323784  -0.7318834955862498
0.184  -0.5169495917263623  -0.7344805445899751
0.185  -0.5223216682116779  -0.7346387263038513
0.186  -0.5276561096116071  -0.7323575154801906
0.187  -0.5329525315611696  -0.7276444869560668
0.188  -0.5382105524348184  -0.7205152905008143
0.189  -0.5434297933739372  -0.7109935988504448
0.19  -0.5486098783141381  -0.6991110291015318
0.191  -0.5537504340123588  -0.6849070377255831
0.192  -0.5588510900737556  -0.6684287895525001
0.193  -0.5639114789783917  -0.6497310011581813
0.194  -0.5689312361077187  -0.6288757591762923
0.195  -0.5739099997708484  -0.6059323141375208
0.196  -0.5788474112306135  -0.5809768505208603
0.197  -0.5837431147294162  -0.5540922337804975
0.198  -0.5885967575148624  -0.5253677351882857
0.199  -0.5934079898651771  -0.49489873540549767
0.2  -0.598176465114405  -0.46278640776813385
0.201  -0.6029018396773872  -0.42913738233747184
0.202  -0.607583773074519  -0.3940633918313653
0.203  -0.6122219279562823  -0.35768090061200725
0.20400000000000001  -0.6168159701275523  -0.32011071796211243
0.20500000000000002  -0.6213655685716779  -0.2814775969336324
0.20600000000000002  -0.6258703954743328  -0.24190982010107098
0.20700000000000002  -0.6303301262471346  -0.20153877359488193
0.20800000000000002  -0.634744439551034  -0.16049851082942437
0.209  -0.6391130173194672  -0.1189253073740949
0.21  -0.643435544781275  -0.07695720844573165
0.211  -0.6477117104833807  -0.03473357052483847
0.212  -0.6519412063132344  0.007605401382278998
0.213  -0.6561237275210113  0.04991911929894963
0.214  -0.6602589727415717  0.09206707910521966
0.215  -0.6643466440161736  0.13390932708650718
0.216  -0.6683864468139431  0.17530692465459657
0.217  -0.6723780900530958  0.2161224096978922
0.218  -0.6763212861219101  0.2562202530289614
0.219  -0.6802157508994512  0.29546730841375773
0.22  -0.6840612037760422  0.33373325468815346
0.221  -0.6878573676734838  0.37089102849373445
0.222  -0.6916039690650182  0.4068172461959526
0.223  -0.6953007379950378  0.4413926135836148
0.224  -0.6989474080985367  0.4745023219893223
0.225  -0.7025437166203026  0.5060364295154939
0.226  -0.7060894044338497  0.5358902261001337
0.227  -0.7095842160600899  0.5639645812100976
0.228  -0.7130278996857402  0.5901662730073606
0.229  -0.7164202071814676  0.6144082978952519
0.23  -0.7197608941197664  0.6366101594168219
0.231  -0.7230497197925718  0.6566981355460232
0.232  -0.7262864472286022  0.6746055234841761
0.233  -0.7294708432104349  0.6902728611488451
0.234  -0.7326026782913093  0.7036481246196821
0.23500000000000001  -0.7356817268116597  0.7146869008855974
0.23600000000000002  -0.7387077669153754  0.7233525353196526
0.23700000000000002  -0.7416805805657855  0.7296162533919817
0.23800000000000002  -0.7445999535613691  0.7334572562165794
0.23900000000000002  -0.7474656755511904  0.734862789614703
0.24  -0.7502775400500532  0.7338281864655487
0.241  -0.7530353444533815  0.7303568822035837
0.242  -0.7557388900518153  0.7244604034110712
0.243  -0.7583879820455298  0.7161583295436657
0.244  -0.7609824295582712  0.7054782279161759
0.245  -0.7635220456511096  0.6924555621643684
0.246  -0.7660066473359091  0.6771335744867786
0.247  -0.7684360555885119  0.6595631420575353
0.248  -0.7708100953616388  0.6398026080870024
0.249  -0.773128595597501  0.617917588091186
0.25  -0.7753913892401259  0.5939807520132175
0.251  -0.7775983132473937  0.5680715829203649
0.252  -0.7797492086027853  0.5402761130778425
0.253  -0.7818439203268406  0.5106866382757914
0.254  -0.7838822974883237  0.4794014113580055
0.255  -0.7858641932151003  0.44652431597007447
0.256  -0.7877894647047182  0.41216452161024586
0.257  -0.7896579732346978  0.37643612112845115
0.258  -0.7914695841725279  0.3394577518771621
0.259  -0.7932241669853648  0.3013522017720899
0.26  -0.79492159524944  0.2622460015707825
0.261  -0.7965617466591673  0.22226900472300865
0.262  -0.7981445030359566  0.18155395618801168
0.263  -0.7996697503367289  0.14023605165042874
0.264  -0.8011373786621327  0.09845248859847394
0.265  -0.8025472822644639  0.056342010755086325
0.266  -0.8038993595552846  0.014044447374733787
0.267  -0.8051935131127421  -0.028299751064313594
0.268  -0.8064296496885907  -0.07054997923050496
0.269  -0.8076076802149079  -0.11256594382373825
0.27  -0.8087275198105142  -0.15420812942395956
0.271  -0.8097890877870877  -0.1953382617568069
0.272  -0.8107923076549788  -0.2358197668379664
0.273  -0.811737107128721  -0.27551822447167973
0.274  -0.8126234181322398  -0.3143018145975038
0.275  -0.8134511768037573  -0.35204175500325374
0.276  -0.8142203235003943  -0.3886127289506496
0.277  -0.8149308028024669  -0.42389330129375924
0.278  -0.8155825635174805  -0.45776632170846565
0.279  -0.8161755586838182  -0.49011931369405715
0.28  -0.8167097455741243  -0.5208448480552123
0.281  -0.8171850856983829  -0.5498408996242589
0.28200000000000003  -0.8176015448066916  -0.5770111860391536
0.28300000000000003  -0.8179590928917292  -0.6022654874523031
0.28400000000000003  -0.8182577041909176  -0.6255199461085919
0.28500000000000003  -0.8184973571882787  -0.6466973447978763
0.28600000000000003  -0.8186780346159837  -0.6657273632573136
0.28700000000000003  -0.8187997234555979  -0.6825468116721595
0.28800000000000003  -0.8188624149390193  -0.6970998404996657
0.289  -0.8188661045491092  -0.709338125919363
0.29  -0.8188107920200185  -0.719221030293926
0.291  -0.8186964813372063  -0.7267157371078108
0.292  -0.8185231807371535  -0.7317973599355971
0.293  -0.8182909027067684  -0.7344490250781992
0.294  -0.8179996639824878  -0.7346619275925484
0.295  -0.8176494855490704  -0.7324353605287031
0.296  -0.8172403926380853  -0.7277767172772995
0.297  -0.816772414726094  -0.7207014670195492
0.298  -0.8162455855325257  -0.7112331033613049
0.299  -0.8156599430172485  -0.6994030663217546
0.3  -0.8150155293778345  -0.6852506379357801
0.301  -0.8143123910465184  -0.6688228118166462
0.302  -0.8135505786868524  -0.6501741371121282
0.303  -0.8127301471900557  -0.62936653737224
0.304  -0.8118511556710595  -0.6064691049300022
0.305  -0.8109136674642473  -0.5815578714780404
0.306  -0.8099177501188917  -0.5547155556027942
0.307  -0.8088634753942869  -0.5260312881146784
0.308  -0.8077509192545786  -0.49560031608622995
0.309  -0.8065801618632904  -0.46352368658101817
0.31  -0.8053512875775477  -0.4299079111234737
0.311  -0.8040643849419989  -0.39486461202380196
0.312  -0.8027195466824366  -0.358510151732348
0.313  -0.8013168696991155  -0.3209652464541898
0.314  -0.7998564550597709  -0.28235456530692304
0.315  -0.7983384079923359  -0.24280631635266586
0.316  -0.7967628378773601  -0.2024518208789017
0.317  -0.7951298582401276  -0.1614250773417288
0.318  -0.7934395867424773  -0.11986231641949646
0.319  -0.7916921451743253  -0.07790154865425625
0.32  -0.7898876594448897  -0.035682106183142714
0.321  -0.788026259573617  0.006655819918672756
0.322  -0.7861080796808158  0.048971645147145526
0.323  -0.7841332579779912  0.09112485838493004
0.324  -0.7821019367578873  0.13297548847324364
0.325  -0.7800142623842341  0.17438456899080568
0.326  -0.7778703852812012  0.2152145996964964
0.327  -0.7756704599225599  0.2553300031035308
0.328  -0.7734146448205522  0.29459757466903713
0.329  -0.7711031025144697  0.33288692510421797
0.33  -0.7687359995589425  0.37007091333636505
0.331  -0.7663135065119371  0.40602606868504265
0.332  -0.7638357979224686  0.44063300085063406
0.333  -0.7613030523180234  0.4737767963538323
0.334  -0.7587154521916947  0.5053474001097114
0.335  -0.7560731839890347  0.5352399808693165
0.336  -0.7533764380946192  0.5633552793153506
0.337  -0.7506254088183308  0.5895999376560648
0.338  -0.7478202943813582  0.613886809622944
0.339  -0.7449612969019123  0.6361352498428051
0.34  -0.7420486223806646  0.6562713816234717
0.341  -0.739082480685903  0.6742283422638055
0.342  -0.7360630855384105  0.6899465050735533
0.343  -0.7329906544960664  0.7033736773657662
0.34400000000000003  -0.7298654089381689  0.7144652737643705
0.34500000000000003  -0.7266875740494857  0.7231844642514075
0.34600000000000003  -0.7234573788040276  0.7295022964623386
0.34700000000000003  -0.7201750559485509  0.7333977918233467
0.34800000000000003  -0.7168408419857866  0.734858015211393
0.34900000000000003  -0.713454977157399  0.7338781179057282
0.35000000000000003  -0.7100177054266774  0.7304613536882302
0.35100000000000003  -0.7065292744609557  0.7246190680391146
0.352  -0.7029899356137678  0.7163706604638869
0.353  -0.6993999439067372  0.7057435200766292
0.354  -0.6957595580112009  0.6927729346535353
0.355  -0.6920690402295728  0.6775019734586601
0.356  -0.6883286564764414  0.6599813442309876
0.357  -0.684538676259412  0.6402692248076762
0.358  -0.6806993726596872  0.6184310699426062
0.359  -0.6768110223123892  0.5945393939616685
0.36  -0.6728739053866292  0.5686735299765161
0.361  -0.6688883055653186  0.5409193664562981
0.362  -0.6648545100247297  0.5113690620321265
0.363  -0.6607728094138038  0.480120739481245
0.364  -0.6566434978332071  0.447278159907049
0.365  -0.6524668728141424  0.4129503781968724
0.366  -0.6482432352969087  0.3772513809015677
0.367  -0.6439728896092193  0.3402997077393437
0.368  -0.6396561434442721  0.30221805798064544
0.369  -0.6352933078385802  0.2631328830211235
0.37  -0.6308846971495612  0.22317396649552348
0.371  -0.6264306290328854  0.18247399332677736
0.372  -0.621931424419588  0.1411681091412553
0.373  -0.6173874074929463  0.09939347151319416
0.374  -0.6127989056651184  0.057288794528361
0.375  -0.6081662495535552  0.014993888179282155
0.376  -0.6034897729571752  -0.02735080587853775
0.377  -0.5987698128323156  -0.06960468066782904
0.378  -0.5940067092684523  -0.1116274307797501
0.379  -0.589200805463695  -0.1532795182627125
0.38  -0.5843524477000595  -0.19442263596281495
0.381  -0.5794619853185163  -0.2349201667773987
0.382  -0.5745297706938188  -0.274637637296715
0.383  -0.5695561592091154  -0.31344316432740343
0.384  -0.5645415092303402  -0.35120789281504583
0.385  -0.5594861820803939  -0.3878064237117069
0.386  -0.5543905420131086  -0.4231172303676757
0.387  -0.5492549561870004  -0.4570230620647913
0.388  -0.544079794638817  -0.4894113333513739
0.389  -0.538865430256873  -0.5201744978860023
0.39  -0.5336122387541834  -0.5492104055487455
0.391  -0.5283205986413924  -0.5764226416340691
0.392  -0.5229908911994979  -0.60172084699909
0.393  -0.517623500452383  -0.6250210181041476
0.394  -0.5122188131391416  -0.6462457859493784
0.395  -0.5067772186862152  -0.6653246729810681
0.396  -0.501299109179333  -0.6821943271147388
0.397  -0.495784879335259  -0.6967987320978684
0.398  -0.4902349264733541  -0.70908939351374
0.399  -0.48464965048694497  -0.7190254998087746
0.4  -0.4790294538145128  -0.7265740578086664
0.401  -0.473374741410695  -0.731710002273326
0.402  -0.4676859207171063  -0.7344162791268498
0.403  -0.4619634016329829  -0.7346839020861506
0.404  -0.45620759648564546  -0.7325119825002141
0.405  -0.4504189200007921  -0.7279077323008919
0.406  -0.444597789272614  -0.7208864400554417
0.40700000000000003  -0.4387446237337429  -0.711471420200326
0.40800000000000003  -0.43285984512503  -0.6996939356248452
0.40900000000000003  -0.42694387746515694  -0.6855930938616606
0.41000000000000003  -0.4209971470200856  -0.6692157172289249
0.41100000000000003  -0.41502008227234266  -0.6506161873552024
0.41200000000000003  -0.4090131138901456  -0.6298562646034469
0.41300000000000003  -0.40297667469637366  -0.6070048829936404
0.41400000000000003  -0.39691119963737886  -0.5821379213050744
0.41500000000000004  -0.39081712575164884  -0.5553379511183129
0.41600000000000004  -0.3846948921383157  -0.5266939626334913
0.417  -0.3785449399255168  -0.49630106917536676
0.418  -0.3723677122386112  -0.4642601913663348
0.419  -0.36616365416824936  -0.430677722016121
0.42  -0.3599332127383054  -0.39566517284088376
0.421  -0.3536768368736649  -0.35933880418481295
0.422  -0.3473949773678792  -0.3218192389737685
0.423  -0.3410880868506847  -0.2832310621828007
0.424  -0.3347566197553884  -0.2437024071475648
0.425  -0.32840103228612527  -0.20336453009327143
0.426  -0.322021782384987  -0.1623513742940021
0.427  -0.3156193296990244  -0.12079912530956635
0.428  -0.3091941355471304  -0.0788457587767736
0.429  -0.30274666288679924  -0.036630582256717975
0.43  -0.2962773762807677  0.005706227340662978
0.431  -0.28978674186354475  0.048024089218714955
0.432  -0.28327522730782095  0.09018248549732921
0.433  -0.2767433017907751  0.13204142780726202
0.434  -0.2701914359602658  0.17346192212622205
0.435  -0.2636201019009195  0.21430643031317903
0.436  -0.25702977310011715  0.2544393268083858
0.437  -0.25042092441387576  0.2937273489825844
0.438  -0.24379403203263467  0.3320400396400449
0.439  -0.23714957344694415  0.3692501802060683
0.44  -0.23048802741305968  0.40523421316051667
0.441  -0.22380987391844737  0.4398726523147145
0.442  -0.21711559414719717  0.4730504795693419
0.443  -0.21040567044535452  0.5046575268359008
0.444  -0.20368058628616398  0.5345888418535363
0.445  -0.19694082623523224  0.5627450366865483
0.446  -0.19018687591561684  0.5890326177453628
0.447  -0.1834192219728314  0.6133642962351389
0.448  -0.17663835203978434  0.6356592780011313
0.449  -0.16984475470164206  0.6558435318083982
0.45  -0.16303891946062327  0.6738500351649974
0.451  -0.15622133670073157  0.6896189968724245
0.452  -0.14939249765241852  0.703098055564286
0.453  -0.14255289435719126  0.714242453573978
0.454  -0.1357030196321582  0.7230151855540201
0.455  -0.12884336703451893  0.7293871213535504
0.456  -0.12197443082600395  0.7333371027459705
0.457  -0.11509670593725851  0.7348520136855464
0.458  -0.10821068793218402  0.7339268238596789
0.459  -0.10131687297222963  0.7305646053922241
0.46  -0.09441575778064071  0.7247765226424047
0.461  -0.08750783960667158  0.7165817951331798
0.462  -0.08059361618975308  0.7060076337321727
0.463  -0.07367358572363181  0.6930891502970746
0.464  -0.0667482468204727  0.6778692410855426
0.465  -0.059818098474930415  0.6603984443167361
0.466  -0.05288364002819845  0.6407347723574626
0.467  -0.04594537113202646  0.6189435190901724
0.468  -0.039003791712721  0.5950970431024291
0.46900000000000003  -0.03205940193512363  0.5692745274177873
0.47000000000000003  -0.025112702166570744  0.5415617165659145
0.47100000000000003  -0.018164192940842594  0.5120506318649984
0.47200000000000003  -0.011214374922097148  0.4808392658618759
0.47300000000000003  -0.0042637488687948255  0.4480312569444859
0.47400000000000003  0.002687184402382914  0.4137355452071363
0.47500000000000003  0.009637924052615876  0.37806601071125895
0.47600000000000003  0.016587969257037483  0.3411410953428488
0.47700000000000004  0.023536819240818296  0.3030834095221986
0.47800000000000004  0.030483973315246382  0.26401932507189885
0.47900000000000004  0.03742893091380828  0.22407855559495155
0.48  0.044371191628253315  0.18339372575640742
0.481  0.05131025524465077  0.1420999308986957
0.482  0.05824562177943271  0.10033428845303713
0.483  0.06517679151541639  0.05823548263639364
0.484  0.07210326503781528  0.015943303945880727
0.485  0.07902454327022035  -0.0264018150202788
0.486  0.08594012751056229  -0.06865926587389279
0.487  0.09284951946704129  -0.11068873133167817
0.488  0.09975222129403505  -0.15235065114351515
0.489  0.10664773562796842  -0.19350668550692462
0.49  0.11353556562314804  -0.234020174429034
0.491  0.12041521498756558  -0.27375659151066295
0.492  0.1272861880186556  -0.3125839906457555
0.493  0.13414798963901076  -0.35037344415283683
0.494  0.14100012543205714  -0.38699947088371517
0.495  0.14784210167767692  -0.4223404528878394
0.496  0.1546734253877834  -0.45627903924879304
0.497  0.16149360434183974  -0.4887025357519357
0.498  0.16830214712232971  -0.519503279089333
0.499  0.17509856315016364  -0.5485789943593785
0.5  0.18188236272002406  -0.5758331346740424
0.501  0.18865305703565544  -0.6011752017460422
0.502  0.195410158245081  -0.6245210463914475
0.503  0.20215317947575223  -0.645793147949872
0.504  0.20888163486963401  -0.6649208716944184
0.505  0.21559503961821025  -0.6818407033766656
0.506  0.22229290999741386  -0.6964964601278579
0.507  0.22897476340248513  -0.7088394770160097
0.508  0.23564011838274163  -0.7188287686394397
0.509  0.24228849467627084  -0.7264311652201754
0.51  0.24891941324453096  -0.7316214227453125
0.511  0.2555323963068721  -0.7343823067906086
0.512  0.26212696737495944  -0.7347046497479639
0.513  0.26870265128710447  -0.7325873812667745
0.514  0.2752589742425052  -0.7280375318080657
0.515  0.2817954638353841  -0.7210702092996106
0.516  0.2883116490890237  -0.7117085489695495
0.517  0.29480706048970684  -0.6999836365250892
0.518  0.30128123002054363  -0.6859344049313667
0.519  0.3077336911951951  -0.6696075051332354
0.52  0.3141639790914824  -0.6510571511492366
0.521  0.32057163038489067  -0.6303449400521323
0.522  0.3269561833819502  -0.6075396474337549
0.523  0.33331717805350164  -0.5827169990333535
0.524  0.33965415606784677  -0.5559594192877321
0.525  0.3459666608237708  -0.5273557576381439
0.526  0.3522542374834394  -0.4970009935027351
0.527  0.3585164330051766  -0.46499592089420916
0.528  0.36475279617610434  -0.4314468137299209
0.529  0.3709628776446555  -0.3964650729457707
0.53  0.3771462299529488  -0.3601668565856523
0.531  0.38330240756903355  -0.3226726940947825
0.532  0.38943096691898976  -0.2841070860976293
0.533  0.395531466418887  -0.24459809098940366
0.534  0.4016034665066065  -0.2042768997138765
0.535  0.4076465296735105  -0.1632774001394384
0.536  0.4136602204959651  -0.12173573247994621
0.537  0.41964410566671717  -0.07978983723656516
0.538  0.4255977540261134  -0.03757899716172183
0.539  0.43152073659316825  0.004756625233957729
0.54  0.43741262659647073  0.04707645309596245
0.541  0.4432729995049387  0.08923996201606785
0.542  0.44910143305840594  0.13110714664833267
0.543  0.45489750729804534  0.17253898560155512
0.544  0.4606608045966324  0.21339790306447398
0.545  0.4663909096886348  0.2535482256308501
0.546  0.47208740970013174  0.2928566328075741
0.547  0.47774989417856684  0.33119259970983145
0.548  0.48337795512232035  0.36842883047337116
0.549  0.4889711870101063  0.4044416809446792
0.55  0.49452918683019376  0.4391115692455485
0.551  0.5000515541094445  0.47232337284871273
0.552  0.5055378909421683  0.5039668108460684
0.553  0.510987802018792  0.5339368101401181
0.554  0.516400894654346  0.5621338543427242
0.555  0.5217767788167569  0.5884643142226104
0.556  0.5271150671549488  0.6128407586043718
0.557  0.5324153750267572  0.6351822446866171
0.558  0.5376773205266413  0.6554145868152619
0.559  0.5429005245132009  0.6734706028194806
0.56  0.5480846106364973  0.6892903370923573
0.561  0.553229205365169  0.7028212596754968
0.562  0.5583339380133466  0.7140184406865023
0.5630000000000001  0.5633984407673605  0.7228446995101659
0.5640000000000001  0.5684223487122454  0.7292707282579458
0.5650000000000001  0.5734052998580328  0.7332751890857945
0.5660000000000001  0.5783469351658322  0.7348447850471849
0.5670000000000001  0.5832468985737033  0.7339743042460676
0.5680000000000001  0.5881048370223108  0.730666637143148
0.5690000000000001  0.592920400480362  0.7249327669580111
0.5700000000000001  0.5976932419698302  0.7167917331989764
0.5710000000000001  0.6024230175909542  0.706270568441769
0.5720000000000001  0.6071093865470181  0.6934042085669464
0.5730000000000001  0.6117520111689055  0.6782353767541343
0.5740000000000001  0.6163505569394317  0.6608144416182754
0.5750000000000001  0.6209046925174465  0.6411992499589568
0.5760000000000001  0.6254140897617059  0.6194549346781604
0.577  0.629878423754519  0.5956536985042947
0.578  0.6342973728251599  0.5698745742405916
0.579  0.6386706185730404  0.5422031623340511
0.58  0.642997845890657  0.5127313466362738
0.581  0.6472787429862931  0.48155698930005264
0.582  0.6515130014064854  0.4487836058248099
0.583  0.6557003160582473  0.41452002132991383
0.584  0.6598403852310548  0.37888000919720105
0.585  0.6639329106185846  0.34198191328267147
0.586  0.6679775973402058  0.3039482549517258
0.587  0.6719741539622308  0.26490532624286656
0.588  0.6759222925189126  0.2249827705107466
0.589  0.6798217285331916  0.18431315194106077
0.59  0.6836721810371971  0.14303151536671982
0.591  0.6874733725924888  0.10127493784695674
0.592  0.6912250293100495  0.05918207349833271
0.593  0.6949268808700167  0.016892693089121835
0.594  0.6985786605411641  -0.02545278007423482
0.595  0.7021801052001176  -0.06771373642742401
0.596  0.7057309553503144  -0.10974984704703628
0.597  0.7092309551407021  -0.15142152961746397
0.598  0.7126798523841733  -0.19259041191865806
0.599  0.7160773985757346  -0.23311979129574759
0.6  0.719423348910415  -0.2728750885847607
0.601  0.7227174623009035  -0.3117242949872745
0.602  0.7259595013949205  -0.3495384104100535
0.603  0.729149232592319  -0.38619187181418746
0.604  0.7322864260619182  -0.42156297015137456
0.605  0.7353708557580625  -0.45553425450289936
0.606  0.7384022994369079  -0.48799292207934536
0.607  0.7413805386724376  -0.5188311927860572
0.608  0.7443053588721988  -0.5479466671105372
0.609  0.7471765492927651  -0.5752426661434779
0.61  0.7499939030549216  -0.6006285526043202
0.611  0.7527572171585715  -0.6240200318053842
0.612  0.7554662924973615  -0.6453394315552079
0.613  0.7581209338730304  -0.6645159600716619
0.614  0.760720950009472  -0.6814859410484471
0.615  0.763266153566518  -0.6961930250943911
0.616  0.7657563611534357  -0.7085883768435026
0.617  0.7681913933421434  -0.7186308371144392
0.618  0.7705710746801377  -0.7262870595809507
0.619  0.772895233703135  -0.7315316214994738
0.62  0.7751637029474278  -0.734347108126205
0.621  0.7773763189619496  -0.7347241705433418
0.622  0.7795329223200524  -0.7326615567024779
0.623  0.7816333576309945  -0.7281661155820716
0.624  0.7836774735511363  -0.7212527744451835
0.625  0.7856651227948457  -0.7119444892729986
0.626  0.7875961621451095  -0.7002721685387205
0.627  0.7894704524638542  -0.6862745705749492
0.628  0.7912878587019703  -0.6699981748753395
0.629  0.793048249909043  -0.6514970277578749
0.63  0.7947514992427884  -0.6308325629022667
0.631  0.7963974839781928  -0.6080733973573534
0.632  0.7979860855163539  -0.5832951036958876
0.633  0.799517189393029  -0.5565799590732745
0.634  0.8009906852868802  -0.5280166720235162
0.635  0.8024064670274247  -0.4977000878995489
0.636  0.8037644326026838  -0.4657308739360696
0.637  0.8050644841665346  -0.4322151849805911
0.638  0.8063065280457588  -0.3972643110027323
0.639  0.8074904747467924  -0.360994307552125
0.64  0.8086162389621748  -0.3235256103920714
0.641  0.8096837395766954  -0.28498263558855186
0.642  0.8106928996732368  -0.24549336638250335
0.643  0.8116436465383187  -0.2051889282171793
0.644  0.8125359116673363  -0.16420315333169608
0.645  0.8133696307694969  -0.12267213636662258
0.646  0.8141447437724509  -0.08073378245714097
0.647  0.8148611948266218  -0.03852734931442331
0.648  0.8155189323092296  0.0038070151842705957
0.649  0.8161179088280104  0.0461287383613212
0.65  0.8166580812246311  0.08829728951504168
0.651  0.8171394105777999  0.1301726465565825
0.652  0.8175618622060694  0.17161576095799538
0.653  0.8179254056703367  0.21248901946750487
0.654  0.8182300147760357  0.2526567010589481
0.655  0.8184756675750255  0.29198542759799045
0.656  0.8186623463671713  0.3303446067286956
0.657  0.8187900377016188  0.3676068655098243
0.658  0.8188587323777656  0.4036484733609551
0.659  0.8188684254459224  0.43834975291404527
0.66  0.8188191162076697  0.47159547740611973
0.661  0.818710808215909  0.5032752532936213
0.662  0.8185435092746064  0.5332838868178713
0.663  0.8183172314382301  0.5615217333044744
0.664  0.818031991010882  0.5878950280368032
0.665  0.8176878085451227  0.6123161976048849
0.666  0.8172847088404911  0.6347041506958453
0.667  0.8168227209417173  0.6549845473603445
0.668  0.8163018781366294  0.6730900458608553
0.669  0.8157222179537557  0.6889605262821745
0.67  0.8150837821596203  0.7025432901616145
0.671  0.8143866167557332  0.7137932354760175
0.672  0.8136307719752769  0.7226730064045351
0.673  0.8128163022794858  0.7291531173698862
0.674  0.8119432663537224  0.7332120509462066
0.675  0.8110117271032493  0.734836329308379
0.676  0.8100217516486964  0.7340205589856087
0.677  0.8089734113212237  0.7307674487706208
0.678  0.807866781657383  0.7250878007250248
0.679  0.8067019423936754  0.717000474310706
0.68  0.8054789774608038  0.7065323237663501
0.681  0.8041979749776278  0.6937181089370436
0.682  0.8028590272448136  0.6786003798530358
0.683  0.801462230738183  0.6612293354409459
0.684  0.8000076861017624  0.6416626568365359
0.685  0.7984954981405313  0.6199653158525662
0.686  0.7969257758128698  0.5962093592377116
0.687  0.7952986322227089  0.5704736694429148
0.6880000000000001  0.7936141846113804  0.5428437026895653
0.6890000000000001  0.7918725543491691  0.5134112052092356
0.6900000000000001  0.790073866926568  0.48227390859726127
0.6910000000000001  0.7882182519452359  0.44953520529168667
0.6920000000000001  0.7863058431086598  0.4153038052552088
0.6930000000000001  0.7843367782125206  0.379693375000099
0.6940000000000001  0.7823111991347639  0.3428221601547354
0.6950000000000001  0.7802292518253788  0.30481259282502726
0.6960000000000001  0.7780910862958804  0.2657908850545039
0.6970000000000001  0.7758968566085008  0.2258866097329709
0.6980000000000001  0.7736467208650895  0.18523227034541123
0.6990000000000001  0.7713408411957208  0.14396286098969852
0.7000000000000001  0.7689793837470116  0.10221541812417123
0.7010000000000001  0.7665625186701502  0.0601285655334749
0.7020000000000001  0.7640904201086378  0.01784205402363459
0.7030000000000001  0.7615632661857379  -0.02450370262517998
0.704  0.7589812389916439  -0.06676809390733801
0.705  0.7563445245703593  -0.10881077949363813
0.706  0.7536533129062905  -0.15049215523607007
0.707  0.7509077979105596  -0.1916738167280871
0.708  0.7481081774070318  -0.23221901888107604
0.709  0.7452546531180619  -0.2719931299910122
0.71  0.7423474306499588  -0.3108640787875488
0.711  0.7393867194781707  -0.34870279298109724
0.712  0.7363727329321934  -0.38538362785171276
0.713  0.7333056881801968  -0.4207847834565751
0.714  0.7301858062133786  -0.45478870907080315
0.715  0.7270133118300415  -0.48728249351857633
0.716  0.7237884336193943  -0.5181582400984819
0.717  0.7205114039450818  -0.547313424858132
0.718  0.7171824589284439  -0.5746512370283869
0.719  0.7138018384314989  -0.6000809004867593
0.72  0.7103697860396634  -0.6235179751825867
0.721  0.7068865490441998  -0.6448846375230333
0.722  0.7033523784243991  -0.6641099387889546
0.723  0.6997675288294959  -0.6811300407224956
0.724  0.6961322585603199  -0.6958884275041681
0.725  0.6924468295506866  -0.7083360934155256
0.726  0.688711507348521  -0.7184317055642937
0.727  0.6849265610967258  -0.7261417411316311
0.728  0.681092263513789  -0.7314405986857666
0.729  0.6772088908741326  -0.7343106831924167
0.73  0.673276722988206  -0.7347424644396869
0.731  0.669296043182325  -0.7327345086834598
0.732  0.6652671382782587  -0.7282934834081899
0.733  0.66119029857256  -0.7214341351872986
0.734  0.6570658178156504  -0.7121792407166827
0.735  0.6528939931906557  -0.7005595311839282
0.736  0.6486751252919896  -0.6866135902243762
0.737  0.6444095181036968  -0.6703877258028638
0.738  0.6400974789775514  -0.6519358164465741
0.739  0.6357393186109077  -0.631319132339579
0.74  0.6313353510243157  -0.6086061318731377
0.741  0.6268858935388938  -0.5838722343273145
0.742  0.6223912667534665  -0.557199569438717
0.743  0.6178517945214614  -0.528676704685968
0.744  0.6132678039275762  -0.49839835119841047
0.745  0.6086396252642118  -0.4664650492646268
0.746  0.6039675920076713  -0.4329828344850378
0.747  0.599252040794133  -0.39806288567713477
0.748  0.5944933113953965  -0.36182115570248485
0.749  0.5896917466943973  -0.32437798644136984
0.75  0.5848476926605038  -0.2858577091935155
0.751  0.5799614983245871  -0.24638823183186875
0.752  0.5750335157538746  -0.20610061408019437
0.753  0.5700641000265794  -0.16512863232487074
0.754  0.5650536092063169  -0.12360833540591071
0.755  0.560002404316307  -0.08167759286222354
0.756  0.5549108493133572  -0.039475637131190844
0.757  0.5497793110616414  0.002857398777333431
0.758  0.5446081593062656  0.04518094659735297
0.759  0.539397766646625  0.08735446956839277
0.76  0.5341485085095576  0.12923792909252205
0.761  0.5288607631222956  0.17069224973721703
0.762  0.5235349114852087  0.2115797810400007
0.763  0.5181713373443552  0.25176475458142117
0.764  0.5127704271638291  0.2911137348086391
0.765  0.5073325700979175  0.32949606211267674
0.766  0.501858157963057  0.3667842866880037
0.767  0.49634758520960315  0.4028545917339123
0.768  0.49080124889341137  0.4375872045923527
0.769  0.4852195486472237  0.4708667944570627
0.77  0.4796028866518759  0.5025828553333792
0.771  0.47395166760732077  0.5326300729770973
0.772  0.46826629870346403  0.5609086745939658
0.773  0.4625471895908282  0.5873247601385759
0.774  0.4567947523510336  0.6117906141126275
0.775  0.45100940146710966  0.6342249968271796
0.776  0.445191553793626  0.6545534141617637
0.777  0.43934162852665837  0.6727083649246098
0.778  0.4334600471735862  0.6886295649926184
0.779  0.42754723352271773  0.7022641474868119
0.78  0.42160361361275644  0.7135668383185868
0.781  0.415629615702105  0.7225001065238335
0.782  0.4096256702380052  0.7290342888857684
0.783  0.40359220982552346  0.7331476884326399
0.784  0.3975296691963804  0.7348266464832495
0.785  0.3914384851776288  0.7340655880010616
0.786  0.38531909666017494  0.7308670401063003
0.787  0.37917194456715686  0.7252416236845594
0.788  0.3729974718221763  0.7172080181197977
0.789  0.36679612331738076  0.7067928992688179
0.79  0.3605683458814093  0.6940308508831875
0.791  0.35431458824719875  0.678964249772733
0.792  0.34803530101964786  0.66164312509192
0.793  0.3417309366431503  0.6421249922163711
0.794  0.3354019493689976  0.6204746617611203
0.795  0.32904879522264413  0.5967640243748068
0.796  0.32267193197085203  0.5710718120243545
0.797  0.3162718190887056  0.5434833365628371
0.798  0.3098489177265078  0.5140902064486069
0.799  0.30340369067654843  0.4829900225563367
0.8  0.29693660233976044  0.45028605409003963
0.801  0.29044811869226034  0.4160868956742181
0.802  0.2839387072517685  0.3805061067617517
0.803  0.2774088370439258  0.34366183455595023
0.804  0.2708589785684996  0.30567642169878406
0.805  0.2642896037654798  0.26667600002804137
0.806  0.25770118598107516  0.22679007175232901
0.807  0.2510941999336074  0.18615107943464387
0.808  0.2444691216793075  0.1448939662124043
0.809  0.23782642857801062  0.10315572771421488
0.81  0.23116659925876243  0.061074957161315724
0.811  0.224490113585335  0.01879138516412121
0.812  0.2177974526216459  -0.02355458425795448
0.8130000000000001  0.21108909859709873  -0.06582233989275446
0.8140000000000001  0.20436553487183834  -0.1078715302396265
0.8150000000000001  0.19762724590191932  -0.14956252955128974
0.8160000000000001  0.19087471720440147  -0.19075690146580787
0.8170000000000001  0.18410843532236598  -0.23131785868919366
0.8180000000000001  0.1773288877898604  -0.2711107172021773
0.8190000000000001  0.17053656309676674  -0.3100033434830314
0.8200000000000001  0.16373195065360502  -0.3478665932613578
0.8210000000000001  0.15691554075627273  -0.3845747403459703
0.8220000000000001  0.1500878245507128  -0.4200058941029301
0.8230000000000001  0.1432492939975264  -0.4540424041974819
0.8240000000000001  0.13640044183652839  -0.4865712512559531
0.8250000000000001  0.12954176155123898  -0.5174844221503516
0.8260000000000001  0.12267374733332942  -0.5466792686595978
0.8270000000000001  0.11579689404701254  -0.5740588483163818
0.8280000000000001  0.10891169719338878  -0.5995322463078788
0.8290000000000001  0.10201865287473921  -0.6230148773614357
0.8300000000000001  0.09511825775878213  -0.6444287666128057
0.8310000000000001  0.08821100904288837  -0.6637028085242999
0.8320000000000001  0.08129740441825212  -0.680773002993119
0.833  0.07437794203403364  -0.695582667865827
0.834  0.06745312046146501  -0.708082627153359
0.835  0.0605234386579262  -0.7182313743215301
0.836  0.0535893959309941  -0.7259952101148817
0.837  0.046651491902464204  -0.7313483544561883
0.838  0.03971022647235417  -0.7342730320500689
0.839  0.03276609978288064  -0.734759531406451
0.84  0.025819612182423346  -0.7328062370879002
0.841  0.018871264189476322  -0.7284196350737333
0.842  0.011921556456579163  -0.7216142912231069
0.843  0.004970989734245201  -0.712412802908594
0.844  -0.00197993516511652  -0.700845723980849
0.845  -0.00893071740329171  -0.6869514633135229
0.846  -0.01588085615234419  -0.670776157265308
0.847  -0.022829850630704307  -0.6523735164826158
0.848  -0.029777200139248727  -0.6318046475515616
0.849  -0.03672240409738248  -0.6091378500915109
0.85  -0.04366496207910442  -0.5844483899638923
0.851  -0.050604373849063355  -0.5578182493493811
0.852  -0.05754013939860547  -0.5293358545233187
0.853  -0.06447175898180002  -0.4990957822332984
0.854  -0.07139873315144502  -0.4671984456539061
0.855  -0.07832056279505917  -0.4337497609613891
0.856  -0.08523674917084167  -0.39886079563546306
0.857  -0.09214679394360692  -0.3626473996560041
0.858  -0.09905019922069497  -0.3252298208193074
0.859  -0.10594646758784398  -0.2867323054512454
0.86  -0.112835102145032  -0.24728268584317475
0.861  -0.11971560654227698  -0.20701195578052836
0.862  -0.12658748501540568  -0.1660538355735367
0.863  -0.13345024242177222  -0.1245443280344812
0.864  -0.1403033842759332  -0.08262126687577317
0.865  -0.14714641678528118  -0.04042385902849255
0.866  -0.15397884688562202  0.0019077775988969037
0.867  -0.16080018227669968  0.04423307938676413
0.868  -0.1676099314576726  0.08641150375052484
0.869  -0.17440760376252507  0.1283029958170043
0.87  -0.1811927093954227  0.16976845348136269
0.871  -0.18796475946600133  0.21067018930027023
0.872  -0.19472326602459739  0.2508723876877029
0.873  -0.20146774209740426  0.290241555895147
0.874  -0.20819770172155827  0.3286469672787493
0.875  -0.2149126599801584  0.3659610953815239
0.876  -0.22161213303720384  0.4020600373892266
0.877  -0.22829563817245407  0.4368239255538242
0.878  -0.23496269381621485  0.4701373252183466
0.879  -0.24161281958403402  0.5018896181215561
0.88  -0.2482455363113163  0.5319753697095904
0.881  -0.25486036608784607  0.560294679234936
0.882  -0.26145683229222644  0.5867535114802124
0.883  -0.26803445962621963  0.6112640090052652
0.884  -0.2745927741489915  0.6337447838807425
0.885  -0.2811313033112651  0.6541211879394543
0.886  -0.28764957598936713  0.6723255606481003
0.887  -0.29414712251917213  0.6882974537763519
0.888  -0.3006234747299473  0.7019838321172256
0.889  -0.3070781659780834  0.7133392495922682
0.89  -0.31351073118071937  0.7223260001567837
0.891  -0.3199207068492501  0.72891424300402
0.892  -0.32630763112272687  0.7330821016525716
0.893  -0.3326710438011337  0.7348157365879648
0.894  -0.33901048637854436  0.7341093912172341
0.895  -0.34532550207616386  0.7309654109838803
0.896  -0.3516156358752378  0.7253942355797479
0.897  -0.35788043454983764  0.7174143642796768
0.898  -0.36411944669951957  0.7070522945140406
0.899  -0.3703322227818485  0.6943424338831414
0.9  -0.3765183151447869  0.6793269859056116
0.901  -0.3826772780589535  0.6620558098802246
0.902  -0.38880866774973755  0.6425862553264141
0.903  -0.3949120424292745  0.620982971553272
0.904  -0.400986962328277  0.5973176929893487
0.905  -0.407032989727725  0.5716690009860766
0.906  -0.4130496889904029  0.54412206288576
0.907  -0.41903662659228746  0.5147683492205432
0.908  -0.4249933711537876  0.48370532998146054
0.909  -0.43091949347082575  0.4510361509660479
0.91  -0.43681456654576106  0.41686929127926386
0.911  -0.4426781656181601  0.38131820312498366
0.912  -0.4485098681953996  0.34450093508414875
0.913  -0.45430925408311  0.30653974013049384
0.914  -0.46007590541544907  0.2675606696854508
0.915  -0.46580940668521487  0.2276931550601554
0.916  -0.471509344773782  0.18706957767446555
0.917  -0.4771753089808668  0.1458248294799957
0.918  -0.4828068910541233  0.10409586504687082
0.919  -0.48840368521855737  0.062021246801481855
0.92  -0.49396528820576224  0.01974068492529968
0.921  -0.4994912992829795  -0.022605426557464003
0.922  -0.50498132028197  -0.06487647596294563
0.923  -0.5104349556277056  -0.10693210085341151
0.924  -0.5158518123668682  -0.14863265411546311
0.925  -0.5212315001961677  -0.18983966766295624
0.926  -0.5265736314904628  -0.23041631222492706
0.927  -0.5318778213306888  -0.2702278516917769
0.928  -0.5371436875315958  -0.3091420905110443
0.929  -0.5423708506692849  -0.3470298126471676
0.93  -0.5475589341085455  -0.38376521064768476
0.931  -0.5527075640299961  -0.4192263033910719
0.932  -0.5578163694570171  -0.4532953411291687
0.933  -0.5628849822824825  -0.4858591964791627
0.934  -0.5679130372952808  -0.5168097400668596
0.935  -0.5729001722066329  -0.5460441995738975
0.936  -0.5778460276761946  -0.5734655009966755
0.937  -0.5827502473379474  -0.5989825909838518
0.9380000000000001  -0.587612477825878  -0.6225107391820318
0.9390000000000001  -0.5924323687994387  -0.6439718195857635
0.9400000000000001  -0.597209572968789  -0.6632945699575552
0.9410000000000001  -0.6019437461198219  -0.6804148284565266
0.9420000000000001  -0.6066345471389644  -0.6952757466899537
0.9430000000000001  -0.6112816380377537  -0.7078279784802646
0.9440000000000001  -0.6158846839771963  -0.7180298437206757
0.9450000000000001  -0.6204433532918875  -0.7258474667753902
0.9460000000000001  -0.6249573175139119  -0.7312548889647754
0.9470000000000001  -0.6294262513965143  -0.7342341547620342
0.9480000000000001  -0.6338498329375282  -0.734775371415134
0.9490000000000001  -0.63822774340258  -0.7328767417960202
0.9500000000000001  -0.6425596673480591  -0.7285445703680415
0.9510000000000001  -0.6468452926438393  -0.7217932422517683
0.9520000000000001  -0.6510843104957728  -0.7126451754587133
0.9530000000000001  -0.6552764154679425  -0.7011307464515776
0.9540000000000001  -0.6594213055046635  -0.6872881892781842
0.9550000000000001  -0.6635186819522513  -0.6711634686140397
0.9560000000000001  -0.6675682495805421  -0.6528101271350875
0.9570000000000001  -0.6715697166041605  -0.632289107727456
0.9580000000000001  -0.675522794703547  -0.6096685511245604
0.9590000000000001  -0.6794271990457335  -0.5850235696435149
0.96  -0.6832826483048615  -0.5584359977721542
0.961  -0.6870888646824593  -0.529994120434876
0.962  -0.6908455739274516  -0.4997923798395962
0.963  -0.6945525053559265  -0.46793106187921796
0.964  -0.6982093918706338  -0.4345159631289636
0.965  -0.701815969980233  -0.39965803954529716
0.966  -0.7053719798182804  -0.36347303803294784
0.967  -0.7088771651619492  -0.32608111210343493
0.968  -0.7123312734504939  -0.28760642290128297
0.969  -0.7157340558034493  -0.248176726922803
0.97  -0.719085267038559  -0.2079229517963427
0.971  -0.7223846656894475  -0.166978761532708
0.972  -0.7256320140230127  -0.12548011268933112
0.973  -0.7288270780565584  -0.08356480292195997
0.974  -0.7319696275746559  -0.04137201342292496
0.975  -0.7350594361457263  0.0009581532347011368
0.976  -0.7380962811383593  0.04328513831236572
0.977  -0.7410799437373554  0.08546839363606448
0.978  -0.7440102089594893  0.12736784829126313
0.979  -0.7468868656690014  0.16884437373306854
0.98  -0.7497097065928127  0.20976024576722996
0.981  -0.7524785283354567  0.24997960186794618
0.982  -0.7551931313937355  0.2893688923139361
0.983  -0.7578533201710975  0.32779732364478814
0.984  -0.7604589029917261  0.3651372929650042
0.985  -0.7630096921143539  0.4012648116537151
0.986  -0.7655055037457901  0.4360599170730505
0.987  -0.7679461580541611  0.4694070709081034
0.988  -0.7703314791818701  0.5011955428157802
0.989  -0.7726612952582684  0.5313197781086171
0.99  -0.7749354384120369  0.5596797482526751
0.991  -0.7771537447832852  0.5861812830156209
0.992  -0.7793160545353552  0.6107363831621583
0.993  -0.7814222118663392  0.6332635126584361
0.994  -0.7834720650203069  0.6536878694151858
0.995  -0.7854654662982382  0.6719416336705671
0.996  -0.7874022720686658  0.6879641931879636
0.997  -0.7892823427780262  0.701702344520945
0.998  -0.7911055429607124  0.7131104696771046
0.999  -0.7928717412488355  0.7221506875941208
1.0  -0.7945808103816923  0.7287929799251044
