0.0  0.006852176948741847  -0.10296822740557805
0.01  -0.0004662239324055885  -0.10748252695193306
0.02  -0.007784205574396821  -0.11198683117125985
0.03  -0.015095187481818689  -0.11648072118623032
0.04  -0.02239259545357844  -0.1209637790879843
0.05  -0.029669867494574786  -0.1254355879749929
0.06  -0.036920459716393  -0.12989573199182824
0.07  -0.04413785222171817  -0.13434379636783597
0.08  -0.05131555496717495  -0.13877936745570663
0.09  -0.05844711359932219  -0.14320203276994298
0.1  -0.0655261152585541  -0.1476113810252188
0.11  -0.07254619434568951  -0.1520070021746266
0.12  -0.07950103824606321  -0.1563884874478097
0.13  -0.08638439300597256  -0.16075542938897577
0.14  -0.09319006895637484  -0.16510742189478833
0.15  -0.09991194627877827  -0.16944406025213202
0.16  -0.10654398050832191  -0.17376494117574917
0.17  -0.11308020796909592  -0.17806966284574302
0.18  -0.11951475113681427  -0.18235782494494504
0.19  -0.1258418239240184  -0.1866290286961423
0.2  -0.13205573688305844  -0.1908828768991619
0.21  -0.1381509023221738  -0.19511897396780828
0.22  -0.14412183933007278  -0.19933692596665098
0.23  -0.1499631787044923  -0.20353634064765858
0.24  -0.1556696677803069  -0.20771682748667547
0.25  -0.16123617515284439  -0.21187799771973914
0.26  -0.1666576952921616  -0.21601946437923275
0.27  -0.1719293530441308  -0.22014084232987144
0.28  -0.17704640801428878  -0.22424174830451782
0.29  -0.18200425883050775  -0.22832180093982385
0.3  -0.18679844728065334  -0.2323806208116959
0.31  -0.1914246623215104  -0.23641783047057885
0.32  -0.1958787439553711  -0.24043305447655738
0.33  -0.20015668697079944  -0.24442591943426983
0.34  -0.20425464454420822  -0.24839605402763187
0.35000000000000003  -0.20816893169901032  -0.25234308905436725
0.36  -0.21189602861923365  -0.2562666574603418
0.37  -0.21543258381461922  -0.26016639437369704
0.38  -0.21877541713435764  -0.2640419371387823
0.39  -0.2219215226267531  -0.2678929253498791
0.4  -0.22486807124224306  -0.2717190008847171
0.41000000000000003  -0.2276124133773444  -0.2755198079377783
0.42  -0.23015208125723666  -0.27929499305338423
0.43  -0.23248479115484152  -0.28304420515856626
0.44  -0.23460844544440201  -0.28676709559571323
0.45  -0.2365211344877152  -0.2904633181549949
0.46  -0.23822113835132236  -0.2941325291065576
0.47000000000000003  -0.23970692835311228  -0.2977743872324898
0.48  -0.24097716843694672  -0.3013885538585529
0.49  -0.2420307163740728  -0.3049746928856768
0.5  -0.24286662479024065  -0.30853247082121527
0.51  -0.24348414201760427  -0.3120615568099589
0.52  -0.24388271277063805  -0.31556162266490306
0.53  -0.24406197864546236  -0.3190323428977676
0.54  -0.24402177844212813  -0.3224733947492658
0.55  -0.24376214830957196  -0.3258844582191187
0.56  -0.2432833217131098  -0.32926521609581455
0.5700000000000001  -0.24258572922449978  -0.3326153539861068
0.58  -0.24166999813476236  -0.33593456034425156
0.59  -0.2405369518901058  -0.33922252650098006
0.6  -0.23918760935146482  -0.3424789466922026
0.61  -0.23762318387831766  -0.3457035180874436
0.62  -0.2358450822376054  -0.34889594081800324
0.63  -0.2338549033387356  -0.3520559180048435
0.64  -0.23165443679580613  -0.35518315578619647
0.65  -0.22924566131834398  -0.35827736334489213
0.66  -0.22663074293200425  -0.36133825293540256
0.67  -0.223812033030831  -0.36436553991060144
0.68  -0.2207920662628301  -0.367358942748234
0.6900000000000001  -0.21757355825075608  -0.3703181830770975
0.7000000000000001  -0.21415940315016263  -0.3732429857029286
0.71  -0.21055267104691203  -0.3761330786339945
0.72  -0.20675660519648403  -0.37898819310638726
0.73  -0.20277461910756722  -0.3818080636090172
0.74  -0.1986102934725539  -0.384592427908304
0.75  -0.1942673729477007  -0.3873410270725635
0.76  -0.18974976278584776  -0.3900536054960866
0.77  -0.18506152532472753  -0.39272991092290926
0.78  -0.1802068763340178  -0.39536969447027165
0.79  -0.17519018122442578  -0.3979727106517621
0.8  -0.1700159511222119  -0.4005387174001468
0.81  -0.16468883881268226  -0.4030674760898804
0.8200000000000001  -0.1592136345562984  -0.4055587515592971
0.8300000000000001  -0.15359526178116634  -0.40801231213247957
0.84  -0.147838772655778  -0.4104279296408034
0.85  -0.14194934354598654  -0.4128053794441559
0.86  -0.13593227036030045  -0.4151444404518264
0.87  -0.12979296378768243  -0.4174448951430664
0.88  -0.12353694443213467  -0.4197065295873179
0.89  -0.11716983784844645  -0.4219291334641082
0.9  -0.11069736948356731  -0.4241125000826082
0.91  -0.10412535952815513  -0.42625642640085387
0.92  -0.09745971768292826  -0.42836071304462797
0.93  -0.09070643784452843  -0.43042516432600103
0.9400000000000001  -0.0838715927156727  -0.43244958826152896
0.9500000000000001  -0.07696132834444101  -0.43443379659010684
0.96  -0.06998185859761034  -0.43637760479047627
0.97  -0.0629394595730039  -0.43828083209838475
0.98  -0.05584046395588205  -0.4401433015233959
0.99  -0.04869125532444733  -0.4419648398653486
1.0  -0.04149826240958604  -0.4437452777304637
1.01  -0.034267953314007164  -0.4454844495470971
1.02  -0.02700682969597755  -0.4471821935811366
1.03  -0.019721420922882957  -0.44883835195104266
1.04  -0.012418278199872535  -0.4504527706425305
1.05  -0.005103968678866238  -0.4520252995228924
1.06  0.0022149304467774184  -0.45355579235496
1.07  0.009531837856623121  -0.45504410681070273
1.08  0.01684017402123167  -0.4564901044844641
1.09  0.024133367118622382  -0.45789365090583245
1.1  0.031404858943804785  -0.4592546155521465
1.11  0.03864811080606561  -0.46057287186063256
1.12  0.045856609408708046  -0.4618482972401749
1.1300000000000001  0.05302387270595623  -0.46308077308271584
1.1400000000000001  0.06014345573175805  -0.4642701847742854
1.1500000000000001  0.06720895639524518  -0.46541642170566017
1.16  0.07421402123763851  -0.46651937728264953
1.17  0.08115235114542317  -0.46757894893600804
1.18  0.08801770701465388  -0.46859503813097386
1.19  0.09480391536129949  -0.4695675503764323
1.2  0.10150487387257996  -0.4704963952337026
1.21  0.10811455689430481  -0.4713814863249486
1.22  0.11462702084927814  -0.4722227413412113
1.23  0.12103640958189857  -0.473020082050063
1.24  0.12733695962414718  -0.47377343430288316
1.25  0.13352300537822914  -0.4744827280417528
1.26  0.13958898421120794  -0.4751478973059705
1.27  0.14552944145705152  -0.47576888023818603
1.28  0.15133903532159157  -0.47634561909015244
1.29  0.1570125416859866  -0.47687806022809714
1.3  0.16254485880436811  -0.4773661541377086
1.31  0.16793101189144657  -0.47780985542874177
1.32  0.1731661575959514  -0.4782091228392388
1.33  0.17824558835588242  -0.47856391923936586
1.34  0.1831647366316566  -0.4788742116348669
1.35  0.18791917901334373  -0.4791399711701309
1.36  0.19250464019829655  -0.47936117313087606
1.37  0.196916996835601  -0.4795377969464478
1.3800000000000001  0.2011522812338859  -0.47966982619173176
1.3900000000000001  0.20520668492916247  -0.4797572485886812
1.4000000000000001  0.2090765621094805  -0.47980005600745895
1.41  0.21275843289332622  -0.4797982444671933
1.42  0.21624898645881066  -0.47975181413634826
1.43  0.21954508402083528  -0.4796607693327079
1.44  0.22264376165355992  -0.47952511852297475
1.45  0.22554223295563133  -0.4793448743219826
1.46  0.22823789155577937  -0.47912005349152303
1.47  0.2307283134565245  -0.47885067693878725
1.48  0.23301125921389232  -0.4785367697144212
1.49  0.23508467595117158  -0.47817836101019645
1.5  0.2369466992049083  -0.47777548415629506
1.51  0.23859565460147325  -0.47732817661821064
1.52  0.24003005936269683  -0.4768364799932636
1.53  0.2412486236392172  -0.47630044000673327
1.54  0.24225025167034173  -0.4757201065076056
1.55  0.2430340427693801  -0.47509553346393707
1.56  0.2435992921335624  -0.47442677895783664
1.57  0.2439454914778135  -0.4737139051800639
1.58  0.2440723294918148  -0.47295697842424567
1.59  0.24397969211994128  -0.47215606908071117
1.6  0.24366766266382323  -0.4713112516299461
1.61  0.24313652170743927  -0.47042260463566626
1.62  0.24238674686480904  -0.46949021073751157
1.6300000000000001  0.2414190123505116  -0.4685141566433608
1.6400000000000001  0.24023418837341656  -0.46749453312126865
1.6500000000000001  0.23883334035417242  -0.4664314349910242
1.6600000000000001  0.23721772796715615  -0.46532496111533367
1.67  0.23538880400774523  -0.4641752143906263
1.68  0.23334821308593107  -0.4629823017374858
1.69  0.23109779014744863  -0.4617463340907069
1.7  0.2286395588237508  -0.46046742638897964
1.71  0.225975729612314  -0.4591456975641999
1.72  0.22310869788890758  -0.45778127053040985
1.73  0.2200410417536183  -0.45637427217236726
1.74  0.2167755197125636  -0.45492483333374634
1.75  0.2133150681973807  -0.45343308880496924
1.76  0.20966279892471978  -0.45189917731067186
1.77  0.20582199609811863  -0.4503232414968028
1.78  0.20179611345477125  -0.4487054279173581
1.79  0.19758877115984969  -0.4470458870207526
1.8  0.19320375255116837  -0.4453447731358289
1.81  0.18864500073712176  -0.4436022444575054
1.82  0.1839166150509506  -0.44181846303206523
1.83  0.17902284736452934  -0.4399935947420869
1.84  0.1739680982649853  -0.43812780929101736
1.85  0.16875691309759175  -0.43622128018739154
1.86  0.163393977878489  -0.43427418472869567
1.87  0.15788411508091343  -0.4322867039848809
1.8800000000000001  0.15223227929871863  -0.4302590227815233
1.8900000000000001  0.14644355279109336  -0.42819132968263723
1.9000000000000001  0.1405231409124772  -0.42608381697313913
1.9100000000000001  0.13447636743178892  -0.42393668064096623
1.92  0.12830866974517133  -0.4217501203588508
1.93  0.12202559398656139  -0.4195243394657512
1.94  0.1156327900404813  -0.41725954494794265
1.95  0.10913600646153254  -0.414955947419769
1.96  0.10254108530516648  -0.41261376110405573
1.97  0.09585395687437369  -0.41023320381218914
1.98  0.08908063438702246  -0.40781449692386046
1.99  0.08222720856863479  -0.40535786536647916
2.0  0.07529984217546945  -0.4028635375942553
2.0100000000000002  0.06830476445282962  -0.4003317455669549
2.02  0.06124826553358579  -0.39776272472832874
2.0300000000000002  0.054136690781943476  -0.3951567139842169
2.04  0.04697643508754933  -0.39251395568033287
2.05  0.039773937115059485  -0.38983469557972483
2.06  0.03253567351434658  -0.38711918283992264
2.07  0.025268153096549697  -0.3843676699897667
2.08  0.01797791098120189  -0.3815804129059237
2.09  0.010671502719703954  -0.3787576707890927
2.1  0.0033554984004218326  -0.3758997061398989
2.11  -0.003963523259284397  -0.37300678473448423
2.12  -0.01127898082879444  -0.37007917559979003
2.13  -0.018584296082398043  -0.3671171509885404
2.14  -0.025872899914586786  -0.36412098635392265
2.15  -0.03313823824714136  -0.3610909603239727
2.16  -0.040373777922709325  -0.3580273546756628
2.17  -0.04757301257956701  -0.35493045430869974
2.18  -0.05472946850228956  -0.35180054721902826
2.19  -0.06183671044306126  -0.3486379244720508
2.2  -0.06888834740839833  -0.3454428801755583
2.21  -0.07587803840607384  -0.3422157114523817
2.22  -0.08279949814708366  -0.3389567184127588
2.23  -0.08964650269751964  -0.33566620412642695
2.24  -0.09641289507527395  -0.3323444745944388
2.25  -0.10309259078653578  -0.32899183872070586
2.2600000000000002  -0.109679583297108  -0.3256086082832713
2.27  -0.11616794943361773  -0.3221950979053172
2.2800000000000002  -0.12255185470976997  -0.31875162502590554
2.29  -0.12882555857284872  -0.31527850987045863
2.3000000000000003  -0.1349834195657539  -0.3117760754209784
2.31  -0.1410199003999266  -0.30824464738601237
2.32  -0.14692957293460573  -0.3046845541703638
2.33  -0.15270712305793516  -0.30109612684455084
2.34  -0.1583473554655334  -0.29747969911402034
2.35  -0.16384519833223052  -0.2938356072881131
2.36  -0.1691957078727673  -0.2901641902487908
2.37  -0.17439407278736058  -0.2864657894191198
2.38  -0.17943561858813215  -0.28274074873152183
2.39  -0.18431581180251558  -0.27898941459578913
2.4  -0.18903026404985684  -0.27521213586687143
2.41  -0.19357473598754688  -0.27140926381243236
2.42  -0.19794514112313377  -0.2675811520801849
2.43  -0.2021375494889907  -0.26372815666500343
2.44  -0.20614819117623123  -0.2598506358758179
2.45  -0.20997345972469783  -0.2559489503022926
2.46  -0.21360991536597204  -0.25202346278129406
2.47  -0.2170542881164933  -0.24807453836314847
2.48  -0.22030348071800154  -0.244102544277694
2.49  -0.22335457142266316  -0.2401078499001299
2.5  -0.22620481662037206  -0.2360908267166672
2.5100000000000002  -0.2288516533058673  -0.23205184828998215
2.52  -0.2312927013834445  -0.22799129022447645
2.5300000000000002  -0.23352576580719342  -0.22390953013134818
2.54  -0.2355488385548314  -0.21980694759347577
2.5500000000000003  -0.23736010043336445  -0.21568392413011933
2.56  -0.2389579227149453  -0.21154084316144067
2.57  -0.24034086860146375  -0.20737808997284693
2.58  -0.24150769451654744  -0.20319605167916133
2.59  -0.24245735122381434  -0.19899511718862464
2.6  -0.2431889847703698  -0.19477567716672634
2.61  -0.24370193725470032  -0.19053812399987669
2.62  -0.24399574741827385  -0.18628285175891568
2.63  -0.2440701510603137  -0.18201025616246752
2.64  -0.2439250812753739  -0.17772073454013915
2.65  -0.2435606685135022  -0.1734146857955725
2.66  -0.24297724046293626  -0.16909251036934714
2.67  -0.24217532175543915  -0.16475461020174215
2.68  -0.2411556334945384  -0.16040138869535694
2.69  -0.23991909260709335  -0.15603325067759766
2.7  -0.23846681101877365  -0.1516506023630299
2.71  -0.23680009465419063  -0.1472538513156031
2.72  -0.23492044226257972  -0.14284340641074816
2.73  -0.23282954407009163  -0.13841967779735587
2.74  -0.23052928025990235  -0.13398307685963357
2.75  -0.22802171928150972  -0.1295340161788497
2.7600000000000002  -0.2253091159907363  -0.1250729094949644
2.77  -0.22239390962211245  -0.1206001716681555
2.7800000000000002  -0.21927872159546064  -0.11611621864023747
2.79  -0.2159663531586557  -0.11162146739598157
2.8000000000000003  -0.21245978286867795  -0.10711633592433753
2.81  -0.2087621639132285  -0.1026012431795639
2.82  -0.20487682127531065  -0.09807660904226682
2.83  -0.20080724874332873  -0.09354285428035275
2.84  -0.19655710576939558  -0.08900040050990021
2.85  -0.1921302141786693  -0.08444967015595113
2.86  -0.18753055473268143  -0.07989108641322767
2.87  -0.18276226354974484  -0.0753250732067764
2.88  -0.1778296283856636  -0.0707520551525468
2.89  -0.17273708477808458  -0.06617245751790332
2.9  -0.16748921205796172  -0.06158670618207801
2.91  -0.16209072923171627  -0.05699522759656518
2.92  -0.15654649073780078  -0.052398448745464704
2.93  -0.15086148208147665  -0.04779679710577396
2.94  -0.145040815351735  -0.043190700607635094
2.95  -0.1390897246243887  -0.03858058759453868
2.96  -0.1330135612554746  -0.03396688678349147
2.97  -0.12681778906919106  -0.029350027225146805
2.98  -0.12050797944470382  -0.02473043826390571
2.99  -0.11408980630623373  -0.02010854949798907
3.0  -0.10756904102093787  -0.015484790739488594
3.0100000000000002  -0.10095154720916136  -0.010859591974395455
3.02  -0.09424327547174155  -0.006233383322614389
3.0300000000000002  -0.08745025803908694  -0.001606594997963548
3.04  -0.08057860334686327  0.003020342731830758
3.0500000000000003  -0.07363449054314525  0.007646999585149833
3.06  -0.06662416393199115  0.012272945306494004
3.0700000000000003  -0.05955392735841687  0.01689774970649624
3.08  -0.052430138539840236  0.021520982701925206
3.09  -0.045259203349073185  0.026142214355683313
3.1  -0.03804757005401835  0.030761014916787455
3.11  -0.03080172351923869  0.035376954860333265
3.12  -0.02352817937461865  0.039989604927439436
3.13  -0.016233478156364216  0.044598536165166215
3.14  -0.008924179425602427  0.04920331996640662
3.15  -0.0016068558698757486  0.05380352810974349
3.16  0.0057119126071696474  0.05839873279927276
3.17  0.0130255448025802  0.06298850670438585
3.18  0.020327464132063974  0.06757242299951001
3.19  0.027611104543803836  0.07215005540379979
3.2  0.034869916422802225  0.07672097822077976
3.21  0.042097372480441236  0.08128476637793167
3.22  0.04928697362397056  0.08584099546622506
3.23  0.056432254800638654  0.09038924177958295
3.24  0.06352679081121669  0.09492908235428715
3.25  0.07056420208768124  0.09946009500830927
3.2600000000000002  0.07753816042986855  0.10398185838057356
3.27  0.08444239469593506  0.10849395197013889
3.2800000000000002  0.09127069644151241  0.11299595617530608
3.29  0.09801692550247913  0.11748745233263619
3.3000000000000003  0.10467501551633755  0.12196802275588625
3.31  0.11123897937722392  0.12643725077484932
3.3200000000000003  0.11770291461965168  0.13089472077410574
3.33  0.1240610087261403  0.13534001823167072
3.34  0.13030754435396413  0.13977272975754454
3.35  0.1364369044763182  0.14419244313215443
3.36  0.14244357743327402  0.14859874734468934
3.37  0.148322161887991  0.1529912326313226
3.38  0.15406737168372056  0.15736949051331658
3.39  0.15967404059723989  0.16173311383500993
3.4  0.16513712698443503  0.16608169680168056
3.41  0.17045171831386338  0.17041483501728355
3.42  0.17561303558421293  0.17473212552205575
3.43  0.18061643762169008  0.17903316682999165
3.44  0.18545742525346676  0.1833175589661772
3.45  0.1901316453534401  0.18758490350398743
3.46  0.19463489475666176  0.19183480360213578
3.47  0.19896312403892055  0.19606686404158102
3.48  0.20311244115807503  0.2002806912622781
3.49  0.2070791149538673  0.20447589339977956
3.5  0.21085957850306675  0.20865208032167415
3.5100000000000002  0.21445043232692926  0.2128088636638702
3.52  0.21784844744808438  0.21694585686670909
3.5300000000000002  0.22105056829410627  0.22106267521091508
3.54  0.22405391544515316  0.22515893585337024
3.5500000000000003  0.2268557882232082  0.22923425786271934
3.56  0.22945366712058912  0.23328826225479232
3.5700000000000003  0.23184521606554762  0.2373205720278499
3.58  0.2340282845229179  0.2413308121976403
3.59  0.2360009094279274  0.24531860983227355
3.6  0.23776131695142813  0.24928359408690076
3.61  0.2393079240949649  0.2532253962382008
3.62  0.24063934011424373  0.2571436497186701
3.63  0.24175436776971998  0.26103799015071116
3.64  0.2426520044031838  0.264908055380519
3.65  0.24333144283937322  0.2687534855117571
3.66  0.24379207211180443  0.2725739229390291
3.67  0.24403347801216654  0.2763690123811316
3.68  0.2440554434627874  0.28013840091409553
3.69  0.2438579487118346  0.28388173800400407
3.7  0.24344117135107676  0.2875986755395931
3.71  0.24280548615618902  0.29128886786462155
3.72  0.24195146474974635  0.2949519718100173
3.73  0.24087987508720737  0.29858764672578847
3.74  0.2395916807663512  0.3021955545127041
3.75  0.23808804016078894  0.3057753596537339
3.7600000000000002  0.23637030537832732  0.3093267292452512
3.77  0.23444002104512296  0.31284933302798923
3.7800000000000002  0.23229892291671897  0.316342843417756
3.79  0.22994893631721464  0.3198069355358959
3.8000000000000003  0.22739217440796997  0.3232412872395035
3.81  0.22463093628740316  0.32664557915137893
3.8200000000000003  0.22166770492358848  0.33001949468973113
3.83  0.21850514492151565  0.333362720097616
3.84  0.21514610012701652  0.33667494447211527
3.85  0.2115935910695131  0.33995585979324916
3.86  0.20785081224589028  0.34320516095261944
3.87  0.203921129247931  0.3464225457817849
3.88  0.19980807573589976  0.34960771508035887
3.89  0.1955153502609943  0.352760372643836
3.9  0.19104681293952544  0.3558802252911358
3.91  0.1864064819818122  0.3589669828918684
3.92  0.1815985300789159  0.3620203583933137
3.93  0.17662728065046063  0.3650400678471175
3.94  0.17149720395691764  0.3680258304356956
3.95  0.16621291307984448  0.3709773684983501
3.96  0.16077915977369778  0.3738944075570884
3.97  0.15520083019294628  0.37677667634215045
3.98  0.1494829404983318  0.37962390681723357
3.99  0.1436306323462221  0.38243583420442
4.0  0.13764916826511717  0.38521219700879833
4.01  0.1315439269234632  0.38795273704278266
4.0200000000000005  0.12532039829303174  0.39065719945012234
4.03  0.11898417871221471  0.3933253327296012
4.04  0.11254096585366673  0.39595688875842705
4.05  0.105996553600829  0.39855162281530604
4.0600000000000005  0.0993568268379378  0.4011092936031998
4.07  0.09262775615820501  0.4036296632717642
4.08  0.08581539249492193  0.40611249743947003
4.09  0.0789258616803234  0.4085575652153978
4.1  0.07196535893710043  0.41096463922071036
4.11  0.06494014330751577  0.4133334956097971
4.12  0.05785653202513158  0.4156639140910906
4.13  0.05072089483420616  0.4179556779475535
4.14  0.04353964826187755  0.4202085740568315
4.15  0.036319249848276614  0.4224223929110721
4.16  0.029066192339760984  0.42459692863640874
4.17  0.02178699785048657  0.42673197901210513
4.18  0.014488211997576838  0.42882734548936163
4.19  0.00717639801515513  0.4308828332097789
4.2  -0.00014186914746375668  0.43289825102347795
4.21  -0.007460008738120888  0.43487341150687764
4.22  -0.014771440119372509  0.43680813098012294
4.23  -0.022069588685948778  0.4387022295241668
4.24  -0.02934789177678742  0.44055553099750083
4.25  -0.03659980457633114  0.44236786305253706
4.26  -0.043818805999771906  0.444139057151634
4.2700000000000005  -0.05099840455695868  0.44586894858277076
4.28  -0.058132144189692  0.44755737647486343
4.29  -0.06521361007716167  0.4492041838127265
4.3  -0.07223643440429689  0.4508092174516731
4.3100000000000005  -0.07919430208785022  0.4523723281317583
4.32  -0.08608095645506324  0.4538933704916575
4.33  -0.09289020486981216  0.4553722030821861
4.34  -0.0996159243011645  0.4568086883794529
4.3500000000000005  -0.10625206682934764  0.4582026927976488
4.36  -0.11279266508417497  0.4595540867014699
4.37  -0.11923183761104397  0.46086274441817293
4.38  -0.12556379415967148  0.46212854424926236
4.39  -0.13178284089081757  0.4633513684818072
4.4  -0.13788338549631826  0.4645311033993882
4.41  -0.14385994222781162  0.4656676392926725
4.42  -0.14970713682965262  0.46676087046961656
4.43  -0.15541971137156144  0.4678106952652946
4.44  -0.16099252897667743  0.46881701605135295
4.45  -0.16642057844075164  0.46977973924508887
4.46  -0.17169897873834  0.47069877531815374
4.47  -0.1768229834119286  0.47157403880487825
4.48  -0.1817879848400591  0.4724054483102205
4.49  -0.1865895183806032  0.4731929265173352
4.5  -0.19122326638547452  0.4739364001947639
4.51  -0.19568506208315212  0.47463580020324525
4.5200000000000005  -0.19997089332553927  0.47529106150214395
4.53  -0.20407690619577484  0.4759021231555
4.54  -0.20799940847376655  0.47646892833769516
4.55  -0.21173487295631618  0.4769914243387371
4.5600000000000005  -0.2152799406288633  0.4774695625691615
4.57  -0.21863142368598473  0.4779032985645507
4.58  -0.2217863083979448  0.4782925919896685
4.59  -0.22474175782070688  0.478637406642211
4.6000000000000005  -0.22749511434698005  0.4789377104561736
4.61  -0.2300439020959979  0.47919347550483254
4.62  -0.23238582913988895  0.47940467800334235
4.63  -0.23451878956462846  0.47957129831094725
4.64  -0.23644086536372563  0.47969332093280836
4.65  -0.23815032816293738  0.4797707345214438
4.66  -0.2396456407744626  0.4798035318777846
4.67  -0.24092545857921596  0.4797917099518437
4.68  -0.24198863073594032  0.4797352698430001
4.69  -0.24283420121606875  0.47963421679989604
4.7  -0.24346140966340776  0.4794885602199494
4.71  -0.2438696920778665  0.4792983136484795
4.72  -0.24405868132261857  0.4790634947774476
4.73  -0.2440282074542398  0.4787841254438114
4.74  -0.24377829787552524  0.47846023162749474
4.75  -0.243309177310848  0.4780918434489712
4.76  -0.24262126760408173  0.4776789951664632
4.7700000000000005  -0.24171518733926944  0.4772217251727562
4.78  -0.24059175128437826  0.4767200759916283
4.79  -0.23925196965864198  0.4761740942738959
4.8  -0.2376970472241484  0.4755838307930749
4.8100000000000005  -0.23592838220249046  0.47494934044065995
4.82  -0.23394756501745329  0.474270682221019
4.83  -0.23175637686486908  0.4735479192459063
4.84  -0.22935678811092508  0.47278111872859374
4.8500000000000005  -0.22675095652036603  0.47197035197762
4.86  -0.22394122531618263  0.4711156943901595
4.87  -0.22093012107253246  0.4702172254450105
4.88  -0.21772035144278648  0.4692750286952043
4.89  -0.21431480272474676  0.468289191760235
4.9  -0.21071653726522005  0.46725980631791125
4.91  -0.20692879070628867  0.46618696809583143
4.92  -0.2029549690757444  0.4650707768624802
4.93  -0.1987986457243136  0.46391133641795196
4.94  -0.19446355811241667  0.46270875458429644
4.95  -0.18995360444936174  0.4614631431954935
4.96  -0.1852728401879825  0.46017461808705146
4.97  -0.1804254743778863  0.45884329908523624
4.98  -0.17541586588057803  0.45746930999592744
4.99  -0.17024851944987635  0.4560527785931056
5.0  -0.1649280816811326  0.45459383660696884
5.01  -0.15945933683291028  0.45309261971168435
5.0200000000000005  -0.15384720252486767  0.45154926751276914
5.03  -0.14809672531572673  0.4499639235341097
5.04  -0.14221307616528817  0.44833673520461315
5.05  -0.13620154578458935  0.44666785384449853
5.0600000000000005  -0.13006753987837666  0.44495743465122356
5.07  -0.12381657428417377  0.4432056366850531
5.08  -0.11745427001231212  0.4414126228542669
5.09  -0.11098634819139298  0.43957855990001
5.1000000000000005  -0.10441862492371846  0.43770361838078614
5.11  -0.09775700605532112  0.435787972656598
5.12  -0.09100748186528973  0.4338318008727312
5.13  -0.08417612167917651  0.43183528494318857
5.14  -0.07726906841132256  0.42979861053377266
5.15  -0.0702925330410063  0.4277219670448196
5.16  -0.06325278902739481  0.42560554759358715
5.17  -0.05615616666830086  0.4234495489962939
5.18  -0.04900904740784029  0.4212541717498175
5.19  -0.041817858098088204  0.4190196200130488
5.2  -0.03458906521991263  0.4167461015879075
5.21  -0.027329169068161976  0.41443382790001565
5.22  -0.020044697906457284  0.41208301397903746
5.23  -0.012742202096824931  0.40969387843868266
5.24  -0.005428248209467395  0.4072666434563762
5.25  0.0018905868820519693  0.4048015347525963
5.26  0.00920772191487792  0.4022987815698847
5.2700000000000005  0.0165165771548888  0.3997586166515273
5.28  0.0238105803133378  0.3971812762199114
5.29  0.031083172456810432  0.39456699995455696
5.3  0.03832781390516134  0.39191603096982797
5.3100000000000005  0.04553799011214761  0.3892286157923249
5.32  0.05270721752345171  0.38650500433795804
5.33  0.05982904940684683  0.38374544988870685
5.34  0.06689708164923991  0.38095020906906596
5.3500000000000005  0.07390495851540035  0.3781195418221804
5.36  0.08084637836317446  0.375253711385673
5.37  0.08771509931007529  0.3723529842671632
5.38  0.09450494484611656  0.3694176302194841
5.39  0.10120980938787405  0.3664479222155972
5.4  0.10782366376876826  0.363444136423206
5.41  0.11434056066061919  0.3604065521790754
5.42  0.12075463992163019  0.35733545196305344
5.43  0.1270601338659519  0.3542311213718027
5.44  0.13325137245012034  0.3510938490922411
5.45  0.1393227883716882  0.34792392687469625
5.46  0.14526892207546965  0.34472164950577333
5.47  0.15108442666289584  0.34148731478094124
5.48  0.15676407270007092  0.3382212234768395
5.49  0.1623027529201904  0.3349236793233085
5.5  0.16769548681612104  0.3315949889751422
5.51  0.17293742511897872  0.32823546198357245
5.5200000000000005  0.17802385415870436  0.32484541076748125
5.53  0.18295020010270285  0.3214251505843485
5.54  0.187712033068737  0.31797499950093394
5.55  0.1923050711083777  0.31449527836369817
5.5600000000000005  0.19672518405743233  0.31098631076896605
5.57  0.2009683972498762  0.3074484230328346
5.58  0.2050308950919697  0.30388194416082587
5.59  0.20890902449332172  0.3002872058172919
5.6000000000000005  0.21259929815183362  0.2966645422945713
5.61  0.2160983976895604  0.29301429048190253
5.62  0.21940317663667136  0.28933678983409444
5.63  0.2225106632608269  0.28563238233995797
5.64  0.22541806323942942  0.2819014124905038
5.65  0.2281227621723394  0.27814422724690613
5.66  0.23062232793280477  0.27436117600823784
5.67  0.23291451285448447  0.27055261057897684
5.68  0.2349972557526009  0.26671888513629033
5.69  0.2368686837774041  0.2628603561970994
5.7  0.23852711409828103  0.25897738258492387
5.71  0.23997105541699473  0.25507032539651264
5.72  0.24119920930869435  0.251139547968265
5.73  0.24221047138948723  0.24718541584244097
5.74  0.2430039323095266  0.24320829673316977
5.75  0.24357887857071972  0.23920856049225153
5.76  0.24393479316832128  0.23518657907476453
5.7700000000000005  0.24407135605583608  0.2311427265044756
5.78  0.24398844443281187  0.22707737883905743
5.79  0.2436861328552645  0.22299091413511618
5.8  0.24316469316863523  0.2188837124130352
5.8100000000000005  0.24242459426334148  0.21475615562163453
5.82  0.2414665016531396  0.2106086276026531
5.83  0.24029127687667987  0.20644151405505054
5.84  0.23889997672279145  0.20225520249914225
5.8500000000000005  0.2372938522801937  0.19805008224055906
5.86  0.23547434781248883  0.19382654433404697
5.87  0.23344309945944763  0.18958498154709796
5.88  0.23120193376575418  0.18532578832342644
5.89  0.22875286603853698  0.1810493607462876
5.9  0.2260980985351579  0.17675609650164315
5.91  0.22324001848289268  0.17244639484117988
5.92  0.2201811959322819  0.16812065654518046
5.93  0.21692438144608325  0.16377928388525215
5.94  0.21347250362590145  0.15942268058691825
5.95  0.20982866647872714  0.15505125179207502
5.96  0.20599614662573767  0.15066540402131318
5.97  0.20197839035588963  0.14626554513611498
5.98  0.19777901052693506  0.1418520843009245
5.99  0.1934017833166583  0.1374254319450988
6.0  0.18885064482725156  0.13298599972473882
6.01  0.18412968754588016  0.12853420048440717
6.0200000000000005  0.1792431566646279  0.12407044821873615
6.03  0.1741954462631244  0.11959515803392973
6.04  0.1689910953572836  0.11510874610915835
6.05  0.16363478381772348  0.11061162965785787
6.0600000000000005  0.1581313281615168  0.1061042268889298
6.07  0.1524856772210704  0.10158695696785322
6.08  0.14670290769402314  0.09706023997769955
6.09  0.14078821957816123  0.09252449688007035
6.1000000000000005  0.13474693149546552  0.08798014947594862
6.11  0.12858447590948655  0.08342762036647536
6.12  0.12230639424034331  0.07886733291364718
6.13  0.11591833188175958  0.07429971120094746
6.140000000000001  0.10942603312459402  0.06972517999390755
6.15  0.10283533599144389  0.06514416470060903
6.16  0.09615216698696331  0.060557091332117924
6.17  0.08938253576861241  0.05596438646287123
6.18  0.08253252974264146  0.05136647719100683
6.19  0.07560830859015367  0.046763791098644994
6.2  0.06861609872818085  0.042156756212127305
6.21  0.061562187710747486  0.03754580096220933
6.22  0.05445291857496029  0.03293135414422209
6.23  0.04729468413720074  0.02831384487819301
6.24  0.04009392124456869  0.02369370256894318
6.25  0.03285710498671119  0.01907135686615205
6.26  0.025590742873284153  0.014447237624403919
6.2700000000000005  0.018301368982247462  0.009821774863212673
6.28  0.01099553808427443  0.005195398727033937
6.29  0.0036798197485530424  0.0005685394452608489
6.3  -0.003639207564719111  -0.0040583727077816295
6.3100000000000005  -0.010954962419840088  -0.008684907452853496
6.32  -0.01826086632377063  -0.013310634545810107
6.33  -0.025550349641676726  -0.017935123817615584
6.34  -0.03281685750448507  -0.022557945214344705
6.3500000000000005  -0.040053855703174636  -0.027178668837176526
6.36  -0.04725483656448502  -0.031796864982371095
6.37  -0.05441332480276422  -0.036412104181232724
6.38  -0.061522883342691764  -0.04102395724004495
6.390000000000001  -0.06857711910764737  -0.045631995279986785
6.4  -0.07556968876850145  -0.05023578977701282
6.41  -0.08249430444769268  -0.05483491260170678
6.42  -0.08934473937342109  -0.059428936059093704
6.43  -0.09611483347890704  -0.06401743292841378
6.44  -0.10279849894166238  -0.06859997650285249
6.45  -0.10938972565779888  -0.07317614062921897
6.46  -0.11588258664644936  -0.07774549974758094
6.47  -0.12227124337944675  -0.08230762893083637
6.48  -0.12854995103145672  -0.08686210392423077
6.49  -0.1347130636458581  -0.09140850118480896
6.5  -0.1407550392117149  -0.09594639792080506
6.51  -0.14667044464727824  -0.1004753721309582
6.5200000000000005  -0.15245396068553704  -0.1049950026437577
6.53  -0.15810038665742387  -0.10950486915660668
6.54  -0.16360464516837406  -0.11400455227491291
6.55  -0.16896178666403686  -0.11849363355108715
6.5600000000000005  -0.17416699388102336  -0.12297169552345781
6.57  -0.17921558617870187  -0.12743832175509115
6.58  -0.18410302374813547  -0.1318930968725202
6.59  -0.18882491169438173  -0.1363356066043709
6.6000000000000005  -0.1933770039884818  -0.14076543781988823
6.61  -0.19775520728558643  -0.1451821785673521
6.62  -0.201955584605784  -0.14958541811239173
6.63  -0.20597435887432433  -0.15397474697617844
6.640000000000001  -0.20980791631804732  -0.15834975697350642
6.65  -0.21345280971497171  -0.16271004125075028
6.66  -0.21690576149411508  -0.16705519432370264
6.67  -0.22016366668276002  -0.171384812115281
6.68  -0.223223595698516  -0.17569849199310372
6.69  -0.22608279698366798  -0.17999583280693532
6.7  -0.2287386994794361  -0.18427643492598844
6.71  -0.2311889149379346  -0.1885399002760903
6.72  -0.23343124006973517  -0.19278583237669972
6.73  -0.23546365852511647  -0.19701383637777875
6.74  -0.23728434270721135  -0.2012235190965102
6.75  -0.2388916554154233  -0.20541448905386417
6.76  -0.2402841513176345  -0.20958635651100077
6.7700000000000005  -0.24146057824988187  -0.21373873350551661
6.78  -0.24241987834233003  -0.21787123388752053
6.79  -0.24316118897053351  -0.22198347335554616
6.8  -0.24368384353112707  -0.2260750694922884
6.8100000000000005  -0.2439873720412511  -0.230145641800167
6.82  -0.24407150156117077  -0.23419481173671006
6.83  -0.24393615643970976  -0.23822220274975697
6.84  -0.24358145838227735  -0.24222744031247673
6.8500000000000005  -0.24300772634142814  -0.24621015195819632
6.86  -0.24221547623005307  -0.250169967315037
6.87  -0.2412054204574581  -0.2541065181403592
6.88  -0.23997846728875022  -0.25801943835500607
6.890000000000001  -0.23853572002810453  -0.2619083640773471
6.9  -0.23687847602664805  -0.2657729336571167
6.91  -0.23500822551585224  -0.26961278770904634
6.92  -0.23292665026748308  -0.2734275691462863
6.93  -0.23063562208131275  -0.2772169232136118
6.94  -0.2281372011019563  -0.2809804975204142
6.95  -0.22543363396634156  -0.2847179420734702
6.96  -0.2225273517834827  -0.28842890930949117
6.97  -0.21942096794837201  -0.29211305412744387
6.98  -0.21611727579195364  -0.2957700339206438
6.99  -0.21261924606930113  -0.29939950860861325
7.0  -0.20893002428824312  -0.303001140668711
7.01  -0.20505292788085178  -0.30657459516751767
7.0200000000000005  -0.20099144322033438  -0.3101195397919838
7.03  -0.1967492224860057  -0.31363564488033185
7.04  -0.192330080379166  -0.31712258345271505
7.05  -0.18773799069283498  -0.320580031241624
7.0600000000000005  -0.18297708273842442  -0.32400766672204107
7.07  -0.17805163763257306  -0.3274051711413414
7.08  -0.17296608444746395  -0.33077222854893584
7.09  -0.16772499622810277  -0.33410852582565176
7.1000000000000005  -0.16233308588013462  -0.3374137527128521
7.11  -0.15679520193189  -0.34068760184128694
7.12  -0.15111632417447837  -0.3439297687596786
7.13  -0.1453015591838476  -0.3471399519630335
7.140000000000001  -0.13935613572883118  -0.35031785292067996
7.15  -0.13328540006932765  -0.35346317610403044
7.16  -0.12709481114881574  -0.3565756290140651
7.17  -0.12078993568554897  -0.35965492220853146
7.18  -0.11437644316683976  -0.36270076932886164
7.19  -0.10786010075092467  -0.36571288712680233
7.2  -0.10124676808100544  -0.36869099549075446
7.21  -0.09454239201612528  -0.37163481747182403
7.22  -0.087753001283615  -0.37454407930957484
7.23  -0.08088470105792829  -0.3774185104574887
7.24  -0.07394366747073103  -0.380257843608123
7.25  -0.06693614205717585  -0.3830618147179709
7.26  -0.05986842614338023  -0.38583016303201456
7.2700000000000005  -0.05274687518012655  -0.388562631107975
7.28  -0.045577893027897255  -0.3912589648402518
7.29  -0.03836792619837874  -0.39391891348355434
7.3  -0.03112345805760818  -0.3965422296762202
7.3100000000000005  -0.023851002995987615  -0.3991286694632183
7.32  -0.01655710057039703  -0.4016779923188343
7.33  -0.009248309623668334  -0.40418996116904005
7.34  -0.0019312023867334932  -0.4066643424135393
7.3500000000000005  0.005387641431279233  -0.4091009059474918
7.36  0.012701640559668406  -0.41149942518291094
7.37  0.020004218084186752  -0.41385967706973587
7.38  0.027288807361155354  -0.4161814421165746
7.390000000000001  0.03454885792233462  -0.41846450441111527
7.4  0.041777841365253324  -0.4207086516402036
7.41  0.04896925722370418  -0.42291367510958894
7.42  0.056116638813102304  -0.4250793697633305
7.43  0.06321355904547832  -0.42720553420286683
7.44  0.07025363620886528  -0.429291970705745
7.45  0.07723053970587002  -0.43133848524400714
7.46  0.08413799574630174  -0.4333448875022352
7.47  0.09096979298869766  -0.4353109908952485
7.48  0.09771978812570656  -0.4372366125854552
7.49  0.10438191140828958  -0.4391215734998554
7.5  0.11095017210377646  -0.4409656983466942
7.51  0.11741866388286781  -0.442768815631763
7.5200000000000005  0.1237815701307444  -0.4445307576743469
7.53  0.13003316917749105  -0.44625136062281867
7.54  0.1361678394431629  -0.4479304644698765
7.55  0.14218006449282952  -0.44956791306742316
7.5600000000000005  0.1480644379970824  -0.4511635541410874
7.57  0.1538156685935284  -0.452717239304384
7.58  0.1594285846449031  -0.4542288240725144
7.59  0.16489813888952395  -0.45569816787580164
7.6000000000000005  0.1702194129799059  -0.45712513407276295
7.61  0.17538762190544419  -0.4585095899628171
7.62  0.18039811829521343  -0.4598514067986248
7.63  0.18524639659698247  -0.4611504597980613
7.640000000000001  0.18992809712871225  -0.46240662815582073
7.65  0.19443900999888047  -0.4636197950546499
7.66  0.19877507889211174  -0.4647898476762125
7.67  0.20293240471670806  -0.46591667721157987
7.68  0.2069072491108026  -0.46700017887135026
7.69  0.21069603780397672  -0.4680402518953933
7.7  0.21429536383132716  -0.4690367995622203
7.71  0.2177019905970858  -0.46998972919797893
7.72  0.2209128547850403  -0.4708989521850715
7.73  0.22392506911313723  -0.4717643839703957
7.74  0.22673592492979222  -0.47258594407320764
7.75  0.2293428946495704  -0.47336355609260633
7.76  0.23174363402605008  -0.47409714771463846
7.7700000000000005  0.23393598425982032  -0.47478665071902326
7.78  0.23591797393972394  -0.47543200098549665
7.79  0.23768782081559475  -0.476033138499774
7.8  0.23924393340089742  -0.4765900073591313
7.8100000000000005  0.24058491240382854  -0.47710255577760374
7.82  0.24170955198559124  -0.4775707360908015
7.83  0.2426168408447131  -0.47799450476034233
7.84  0.24330596312643166  -0.4783738223779005
7.8500000000000005  0.2437762991563289  -0.47870865366887144
7.86  0.24402742599755717  -0.4789989674956522
7.87  0.24405911783115322  -0.4792447368605369
7.88  0.24387134615910006  -0.4794459389082277
7.890000000000001  0.24346427982995278  -0.47960255492795995
7.9  0.24283828488700623  -0.4797145703552423
7.91  0.24199392423914065  -0.47978197477321105
7.92  0.2409319571546407  -0.479804761913599
7.930000000000001  0.23965333857844492  -0.4797829296573183
7.94  0.23815921827343708  -0.4797164800346574
7.95  0.23645093978655327  -0.4796054192250925
7.96  0.2345300392406341  -0.47944975755671265
7.97  0.23239824395310832  -0.47924950950525935
7.98  0.23005747088274842  -0.4790046936927805
7.99  0.22750982490590074  -0.47871533288589857
8.0  0.22475759692372876  -0.47838145399369325
8.01  0.22180326180218615  -0.4780030880651994
8.02  0.2186494761465598  -0.47758027028651934
8.03  0.21529907591258854  -0.4771130399775507
8.040000000000001  0.2117550738563096  -0.4766014405883302
8.05  0.20802065682491974  -0.4760455196949928
8.06  0.20409918289108775  -0.47544532899534736
8.07  0.19999417833330138  -0.47480092430406895
8.08  0.19570933446495528  -0.4741123655475084
8.09  0.19124850431504078  -0.47337971675811974
8.1  0.1866156991634136  -0.472603046068505
8.11  0.18181508493375784  -0.47178242570507867
8.120000000000001  0.17685097844749553  -0.47091793198135057
8.13  0.17172784354200282  -0.47000964529082995
8.14  0.16645028705662315  -0.46905765009954814
8.15  0.1610230546900954  -0.4680620349382043
8.16  0.15545102673311056  -0.4670228923939326
8.17  0.1497392136798474  -0.46594031910169165
8.18  0.14389275172242041  -0.46481441573527854
8.19  0.13791689813229674  -0.4636452869979658
8.2  0.13181702653284252  -0.4624330416127658
8.21  0.12559862206723518  -0.46117779231231865
8.22  0.11926727646610145  -0.45987965582841
8.23  0.11282868301930273  -0.45853875288111445
8.24  0.10628863145639902  -0.4571552081675697
8.25  0.09965300274039662  -0.4557291503503804
8.26  0.09292776377945017  -0.4542607120456531
8.27  0.08611896206128074  -0.4527500298106634
8.28  0.07923272021514233  -0.45119724413115764
8.290000000000001  0.0722752305062104  -0.44960249940828684
8.3  0.0652527492673604  -0.4479659439451806
8.31  0.05817159127332698  -0.4462877299331524
8.32  0.05103812406231494  -0.44456801343755004
8.33  0.04385876221016835  -0.44280695438323975
8.34  0.03663996156223569  -0.44100471653973516
8.35  0.0293882134281244  -0.4391614675059673
8.36  0.02211003874457288  -0.4372773786946989
8.370000000000001  0.01481198221167168  -0.4353526253165834
8.38  0.007500606407724743  -0.4333873863638727
8.39  0.00018248588802552684  -0.4313818445937697
8.4  -0.007135798727132548  -0.4293361865114342
8.41  -0.014447666669895096  -0.42725060235263834
8.42  -0.02174654294242539  -0.425125286066076
8.43  -0.029025864229294436  -0.4229604352953264
8.44  -0.03627908479935819  -0.4207562513604742
8.45  -0.043499682391830385  -0.41851293923938754
8.46  -0.05068116408125191  -0.4162307075486559
8.47  -0.057817072116064176  -0.41390976852419264
8.48  -0.06490098972558309  -0.4115503380014935
8.49  -0.0719265468900924  -0.40915263539556773
8.5  -0.07888742606891438  -0.4067168836805337
8.51  -0.08577736788128854  -0.40424330936888264
8.52  -0.09259017673494398  -0.4017321424904145
8.53  -0.09931972639731944  -0.39918361657084633
8.540000000000001  -0.1059599655044147  -0.3965979686100949
8.55  -0.11250492300230272  -0.39397543906023924
8.56  -0.11894871351645295  -0.39131627180315653
8.57  -0.12528554264398187  -0.3886207141278444
8.58  -0.13150971216411594  -0.38588901670742387
8.59  -0.13761562516216325  -0.38312143357582806
8.6  -0.143597791062382  -0.3803182221041783
8.61  -0.14945083056523337  -0.3774796429768492
8.620000000000001  -0.15516948048457316  -0.3746059601672283
8.63  -0.16074859848041817  -0.3716974409131664
8.64  -0.16618316768306893  -0.3687543556921252
8.65  -0.1714683012043826  -0.36577697819602545
8.66  -0.17659924653217754  -0.3627655853057948
8.67  -0.18157138980380164  -0.35972045706561895
8.68  -0.1863802599550193  -0.3566418766568993
8.69  -0.1910215327404955  -0.3535301303719183
8.700000000000001  -0.19549103462225842  -0.35038550758721543
8.71  -0.19978474652263142  -0.3472083007366783
8.72  -0.20389880743828967  -0.3439988052843453
8.73  -0.20782951791215432  -0.3407573196969304
8.74  -0.2115733433600309  -0.33748414541606725
8.75  -0.21512691724898914  -0.33417958683027627
8.76  -0.2184870441246232  -0.33084395124665833
8.77  -0.22165070248447824  -0.32747754886231606
8.78  -0.2246150474950553  -0.3240806927355094
8.790000000000001  -0.2273774135499481  -0.32065369875653876
8.8  -0.22993531666681727  -0.3171968856183736
8.81  -0.23228645672104528  -0.3137105747870112
8.82  -0.23442871951405925  -0.3101950904715848
8.83  -0.23636017867446746  -0.3066507595942125
8.84  -0.2380790973902951  -0.303077911759596
8.85  -0.23958392997076572  -0.29947687922436833
8.86  -0.24087332323622193  -0.29584799686619623
8.870000000000001  -0.24194611773493452  -0.2921916021526372
8.88  -0.24280134878570778  -0.2885080351097594
8.89  -0.24343824734534367  -0.28479763829051735
8.9  -0.2438562407001821  -0.2810607567428985
8.91  -0.24405495298109842  -0.27729773797783497
8.92  -0.24403420550149332  -0.2735089319368863
8.93  -0.24379401691797206  -0.2696946909596991
8.94  -0.24333460321356784  -0.2658553697512375
8.950000000000001  -0.24265637750352495  -0.26199132534879915
8.96  -0.24175994966381653  -0.25810291708881483
8.97  -0.24064612578272965  -0.2541905065734277
8.98  -0.23931590743601303  -0.250254457636869
8.99  -0.2377704907862365  -0.24629513631162275
9.0  -0.23601126550717533  -0.24231291079438633
9.01  -0.23403981353418385  -0.23830815141183032
9.02  -0.23185790764168224  -0.2342812305861598
9.03  -0.22946750984903885  -0.23023252280048107
9.040000000000001  -0.2268707696562767  -0.22616240456397593
9.05  -0.2240700221111956  -0.2220712543768912
9.06  -0.2210677857096426  -0.21795945269533562
9.07  -0.21786676013082315  -0.21382738189590159
9.08  -0.21446982380968985  -0.20967542624010846
9.09  -0.21088003134858765  -0.2055039718386635
9.1  -0.20710061077048433  -0.2013134066155587
9.11  -0.20313496061626155  -0.1971041202719951
9.120000000000001  -0.19898664688866743  -0.1928765042501416
9.13  -0.1946593998456884  -0.18863095169673627
9.14  -0.1901571106462137  -0.18436785742652045
9.15  -0.1854838278510171  -0.18008761788552702
9.16  -0.18064375378220135  -0.17579063111421112
9.17  -0.17564124074437337  -0.17147729671043516
9.18  -0.17048078711095102  -0.16714801579230815
9.19  -0.16516703327912718  -0.16280319096088336
9.200000000000001  -0.15970475749711602  -0.1584432262627182
9.21  -0.15409887156744684  -0.1540685271523027
9.22  -0.14835441643015634  -0.1496795004543498
9.23  -0.14247655762986072  -0.14527655432596506
9.24  -0.13647058067078396  -0.1408600982186925
9.25  -0.13034188626391024  -0.13643054284043282
9.26  -0.12409598547053968  -0.131988300117253
9.27  -0.11773849474662125  -0.1275337831550784
9.28  -0.11127513089230481  -0.12306740620127606
9.290000000000001  -0.10471170591126461  -0.11858958460613088
9.3  -0.0980541217844173  -0.11410073478422364
9.31  -0.0913083651627188  -0.1096012741757014
9.32  -0.08448050198383945  -0.10509162120746113
9.33  -0.07757667201753196  -0.10057219525423731
9.34  -0.07060308334460837  -0.09604341659960222
9.35  -0.06356600677449763  -0.09150570639688169
9.36  -0.05647177020638793  -0.0869594866299899
9.370000000000001  -0.049326752939035955  -0.08240518007418633
9.38  -0.04213737993436067  -0.0778432102567623
9.39  -0.03491011603996302  -0.07327400141765339
9.4  -0.02765146017579658  -0.0686979784699856
9.41  -0.020367939490187635  -0.0641155669605631
9.42  -0.013066103490472412  -0.05952719303029373
9.43  -0.005752518153536444  -0.05493328337456012
9.44  0.001566239978464526  -0.050334265203539105
9.450000000000001  0.008883589711880737  -0.04573056620247258
9.46  0.016192951119522986  -0.041122614491898274
9.47  0.02348775145749135  -0.03651083858783173
9.48  0.030761431075527243  -0.03189566736191976
9.49  0.03800744931560346  -0.02727753000155682
9.5  0.04521929039343513  -0.022656855969972856
9.51  0.05239046925761583  -0.018034074966295152
9.52  0.05951453742112673  -0.013409616885588727
9.53  0.06658508875996084  -0.00878391177887737
9.540000000000001  0.07359576527365964  -0.0041573898131535975
9.55  0.08054026280256317  0.0004695187686263175
9.56  0.08741233669666199  0.005096383687554509
9.57  0.0942058074309235  0.009722774668782658
9.58  0.10091456616206526  0.014348261481536229
9.59  0.107532580221761  0.018972413979123803
9.6  0.1140538985413562  0.023594802138938373
9.61  0.12047265700320268  0.028214996102447445
9.620000000000001  0.12678308371381042  0.03283256621516842
9.63  0.13297950419405768  0.037447083066620826
9.64  0.13905634648181917  0.04205811753026455
9.65  0.1450081461423965  0.04666524080340292
9.66  0.1508295511822658  0.05126802444706004
9.67  0.15651532686170755  0.055866040425823424
9.68  0.16206036040200628  0.06045886114764998
9.69  0.16745966558297629  0.06504605950362644
9.700000000000001  0.17270838722668705  0.0696272089076943
9.71  0.17780180556334346  0.07420188333631342
9.72  0.18273534047541629  0.07876965736808583
9.73  0.1875045556161843  0.08333010622331447
9.74  0.19210516239900083  0.08788280580350633
9.75  0.19653302385368515  0.09242733273081148
9.76  0.20078415834658223  0.09696326438739508
9.77  0.2048547431609372  0.10149017895473861
9.78  0.20874111793437106  0.10600765545286685
9.790000000000001  0.2124397879503592  0.1105152737794978
9.8  0.2159474272807602  0.11501261474910658
9.81  0.21926088177656772  0.11949926013191269
9.82  0.22237717190419296  0.12397479269276974
9.83  0.22529349542472657  0.12843879622996807
9.84  0.2280072299137777  0.1328908556139359
9.85  0.23051593511961668  0.13733055682584924
9.86  0.23281735515750596  0.14175748699613033
9.870000000000001  0.23490942053824143  0.14617123444284402
9.88  0.23679025002908458  0.15057138870997874
9.89  0.23845815234541035  0.15495754060562172
9.9  0.23991162767154875  0.1593292822400086
9.91  0.24114936900945225  0.1636862070634559
9.92  0.24217026335397882  0.1680279099041679
9.93  0.2429733926937312  0.17235398700591575
9.94  0.243558034836554  0.17666403606558462
9.950000000000001  0.24392366405894483  0.1809576562705867
9.96  0.24406995157879688  0.18523444833613145
9.97  0.24399676585104763  0.18949401454236203
9.98  0.24370417268596675  0.19373595877133776
9.99  0.24319243518997832  0.19795988654387284
10.0  0.2424620135290692  0.20216540505621772
