0.0  0.11341131806508704  -0.20044845889933222
0.01  0.11333701375220863  -0.20441375816712892
0.02  0.1131607942206778  -0.20836004799757904
0.03  0.11288281793110239  -0.21228696140584769
0.04  0.11250333484607973  -0.21619413320900852
0.05  0.11202268620542465  -0.22008120006000378
0.06  0.1114413042193188  -0.2239478004814337
0.07  0.11075971167965763  -0.22779357489917226
0.08  0.10997852148994376  -0.2316181656758055
0.09  0.10909843611415042  -0.2354212171438901
0.1  0.10812024694504983  -0.23920237563902863
0.11  0.1070448335925748  -0.24296128953275856
0.12  0.1058731630928535  -0.2466976092652518
0.13  0.10460628903862865  -0.2504109873778222
0.14  0.1032453506318429  -0.25410107854523706
0.15  0.10179157165924256  -0.2577675396078311
0.16  0.10024625939192085  -0.26141002960341825
0.17  0.09861080340978985  -0.26502820979899944
0.18  0.09688667435203886  -0.26862174372226294
0.19  0.09507542259470197  -0.2721902971928749
0.2  0.09317867685652499  -0.2757335383535561
0.21  0.09119814273438424  -0.2792511377009431
0.22  0.08913560116957532  -0.2827427681162304
0.23  0.08699290684635004  -0.28620810489559073
0.24  0.08477198652414235  -0.28964682578037093
0.25  0.08247483730498227  -0.2930586109870604
0.26  0.08010352483765652  -0.29644314323702914
0.27  0.07766018146023017  -0.2998001077860334
0.28  0.0751470042825997  -0.3031291924534848
0.29  0.07256625321080187  -0.30643008765148205
0.3  0.06992024891485493  -0.30970248641360065
0.31  0.06721137074195932  -0.3129460844234394
0.32  0.06444205457693457  -0.31616058004292025
0.33  0.06161479065181641  -0.319345674340339
0.34  0.058732121306583396  -0.32250107111816456
0.35000000000000003  0.055796638703027146  -0.3256264769405839
0.36  0.05281098249382146  -0.3287216011607896
0.37  0.04977783744888668  -0.33178615594800914
0.38  0.04669993104118354  -0.33481985631427136
0.39  0.04358003099410746  -0.3378224201409089
0.4  0.040420942792688846  -0.34079356820479384
0.41000000000000003  0.03722550716083713  -0.34373302420430407
0.42  0.033996597506897305  -0.34664051478501784
0.43  0.030737117339815774  -0.3495157695651344
0.44  0.027449997658239175  -0.35235852116061817
0.45  0.024138194314893755  -0.35516850521006393
0.46  0.020804685358615436  -0.35794546039928127
0.47000000000000003  0.017452468356420593  -0.3606891284855953
0.48  0.014084557698025713  -0.36339925432186204
0.49  0.010703981885239546  -0.3660755858801958
0.5  0.007313780808665588  -0.36871787427540637
0.51  0.003917003014163268  -0.37132587378814413
0.52  0.0005167029615262567  -0.37389934188775087
0.53  -0.0028840617221572154  -0.37643803925481356
0.54  -0.006282232991992115  -0.3789417298034201
0.55  -0.009674755135140089  -0.38141018070311405
0.56  -0.01305857751858589  -0.3838431624005467
0.5700000000000001  -0.016430657332335917  -0.38624044864082435
0.58  -0.0197879623255821  -0.3886018164885484
0.59  -0.02312747353337084  -0.39092704634854836
0.6  -0.026446187991324744  -0.39321592198630173
0.61  -0.029741121435976584  -0.3954682305480437
0.62  -0.03300931098828676  -0.39768376258056093
0.63  -0.03624781781793146  -0.3998623120506698
0.64  -0.039453729785965806  -0.4020036763643766
0.65  -0.04262416406348521  -0.40410765638571744
0.66  -0.045756269723930716  -0.40617405645527693
0.67  -0.048847230306707005  -0.4082026844083839
0.68  -0.051894266349807705  -0.4101933515929812
0.6900000000000001  -0.05489463788917081  -0.4121458728871697
0.7000000000000001  -0.05784564692251668  -0.4140600667164236
0.71  -0.060744639835452974  -0.41593575507047587
0.72  -0.063589009787665  -0.41777276351987236
0.73  -0.06637619905704584  -0.41957092123219303
0.74  -0.06910370133965812  -0.4213300609879381
0.75  -0.07176906400345955  -0.4230500191960789
0.76  -0.07436989029376537  -0.424730635909271
0.77  -0.07690384148846462  -0.4263717548387283
0.78  -0.07936863900105219  -0.4279732233687573
0.79  -0.08176206642958564  -0.4295348925709495
0.8  -0.08408197154972426  -0.431056617218031
0.81  -0.08632626825005792  -0.4325382557973677
0.8200000000000001  -0.08849293840798607  -0.43397967052412567
0.8300000000000001  -0.0905800337044593  -0.43538072735408406
0.84  -0.09258567737595226  -0.4367412959961007
0.85  -0.09450806590209189  -0.4380612499242284
0.86  -0.0963454706274241  -0.4393404663894815
0.87  -0.09809623931585991  -0.44057882643125046
0.88  -0.09975879763640381  -0.44177621488836494
0.89  -0.10133165057882786  -0.44293252040980313
0.9  -0.10281338379801896  -0.44404763546504666
0.91  -0.10420266488579011  -0.4451214563540806
0.92  -0.10549824456901197  -0.44615388321703703
0.93  -0.10669895783298797  -0.4471448200434812
0.9400000000000001  -0.10780372496906167  -0.44809417468134044
0.9500000000000001  -0.10881155254551554  -0.44900185884547333
0.96  -0.10972153430088726  -0.4498677881258804
0.97  -0.11053285195890064  -0.4506918819955535
0.98  -0.11124477596427824  -0.45147406381796396
0.99  -0.11185666613877403  -0.4522142608541902
1.0  -0.11236797225683627  -0.45291240426968155
1.01  -0.11277823454038281  -0.45356842914065987
1.02  -0.11308708407224398  -0.4541822744601566
1.03  -0.11329424312790128  -0.45475388314368664
1.04  -0.11339952542522365  -0.4552832020345567
1.05  -0.11340283629197648  -0.4557701819088085
1.06  -0.11330417275095317  -0.45621477747979655
1.07  -0.11310362352265217  -0.45661694740239944
1.08  -0.11280136894549761  -0.45697665427686474
1.09  -0.11239768081367481  -0.45729386465228694
1.1  -0.1118929221327268  -0.45756854902971844
1.11  -0.11128754679313144  -0.45780068186491263
1.12  -0.11058209916215289  -0.4579902415706991
1.1300000000000001  -0.10977721359433412  -0.4581372105189919
1.1400000000000001  -0.10887361386107089  -0.45824157504242796
1.1500000000000001  -0.10787211249978003  -0.45830332543563873
1.16  -0.10677361008324747  -0.45832245595615245
1.17  -0.1055790944098125  -0.4582989648249284
1.18  -0.10428963961511725  -0.45823285422652166
1.19  -0.10290640520621944  -0.45812413030888116
1.2  -0.1014306350189372  -0.4579728031827768
1.21  -0.09986365609936379  -0.4577788869208599
1.22  -0.09820687751055747  -0.45754239955635406
1.23  -0.09646178906548  -0.4572633630813785
1.24  -0.09462995998732299  -0.4569418034449028
1.25  -0.09271303749842676  -0.4565777505503338
1.26  -0.09071274533906049  -0.45617123825273453
1.27  -0.08863088221739585  -0.45572230435567634
1.28  -0.08646932019206775  -0.45523099060772265
1.29  -0.08423000298877663  -0.4546973426985473
1.3  -0.08191494425244616  -0.454121410254685
1.31  -0.07952622573650797  -0.45350324683491683
1.32  -0.07706599543094157  -0.4528429099252893
1.33  -0.07453646563075304  -0.45214046093376836
1.34  -0.07193991094662903  -0.4513959651845289
1.35  -0.0692786662595551  -0.45060949191187993
1.36  -0.06655512462123792  -0.44978111425382616
1.37  -0.06377173510221822  -0.4489109092452665
1.3800000000000001  -0.06093100058961163  -0.44799895781083016
1.3900000000000001  -0.05803547553645501  -0.447045344757351
1.4000000000000001  -0.05508776366468489  -0.4460501587659814
1.41  -0.05209051562381088  -0.4450134923839448
1.42  -0.04904642660739173  -0.44393544201592927
1.43  -0.045958233929456235  -0.442816107915123
1.44  -0.04282871456304764  -0.44165559417389055
1.45  -0.03966068264310708  -0.44045400871409335
1.46  -0.03645698693593879  -0.4392114632770529
1.47  -0.033220508277535366  -0.4379280734131602
1.48  -0.02995415698306389  -0.43660395847112937
1.49  -0.0266608702298451  -0.4352392415868993
1.5  -0.023343609416176136  -0.4338340496721824
1.51  -0.020005357498374163  -0.43238851340266277
1.52  -0.016649116308434554  -0.43090276720584364
1.53  -0.013277903854714664  -0.4293769492485466
1.54  -0.009894751608072872  -0.4278112014240625
1.55  -0.006502701775900335  -0.4262056693389564
1.56  -0.0031048045664997413  -0.42456050229952674
1.57  0.0002958845537321284  -0.4228758532979207
1.58  0.0036963076078484146  -0.42115187899790646
1.59  0.007093406858155359  -0.4193887397203046
1.6  0.01048412755579873  -0.41758659942807885
1.61  0.013865420687664219  -0.41574562571108875
1.62  0.017234245718118532  -0.41386598977050404
1.6300000000000001  0.020587573323128938  -0.4119478664028841
1.6400000000000001  0.023922388114299486  -0.40999143398392324
1.6500000000000001  0.027235691350377577  -0.40799687445186167
1.6600000000000001  0.030524503633789467  -0.40596437329056717
1.67  0.03378586758978296  -0.4038941195122853
1.68  0.03701685052576571  -0.4017863056400629
1.69  0.0402145470684488  -0.39964112768984345
1.7  0.043376081776425005  -0.3974587851522399
1.71  0.04649861172583042  -0.3952394809739818
1.72  0.04957932906676688  -0.39298342153904314
1.73  0.052615463548183715  -0.39069081664944927
1.74  0.05560428500895115  -0.38836187950576656
1.75  0.05854310583288251  -0.38599682668727564
1.76  0.06142928336550057  -0.383595878131831
1.77  0.0642602222903717  -0.38115925711540755
1.78  0.06703337696287422  -0.3786871902313372
1.79  0.06974625369929903  -0.37617990736923657
1.8  0.07239641301922758  -0.3736376416936293
1.81  0.07498147183916729  -0.3710606296222618
1.82  0.07749910561547502  -0.36844911080411824
1.83  0.07994705043463904  -0.3658033280971346
1.84  0.08232310504904199  -0.36312352754561356
1.85  0.0846251328563723  -0.360409958357344
1.86  0.086851063820906  -0.35766287288042575
1.87  0.08899889633492944  -0.3548825265798028
1.8800000000000001  0.09106669901863088  -0.3520691780135059
1.8900000000000001  0.0930526124568407  -0.34922308880860853
1.9000000000000001  0.09495485087106018  -0.3463445236368966
1.9100000000000001  0.09677170372527368  -0.3434337501902552
1.92  0.09850153726410193  -0.34049103915577483
1.93  0.10014279598191178  -0.337516664190579
1.94  0.10169400402156209  -0.33451090189637506
1.95  0.10315376650152833  -0.33147403179373214
1.96  0.10452077077021142  -0.3284063362960869
1.97  0.10579378758630424  -0.3253081006834807
1.98  0.10697167222415298  -0.32217961307602955
1.99  0.10805336550312077  -0.3190211644071312
2.0  0.10903789474002672  -0.31583304839640897
2.0100000000000002  0.10992437462380501  -0.3126155615223979
2.02  0.11071200801159649  -0.3093690029949737
2.0300000000000002  0.11140008664555781  -0.30609367472752724
2.04  0.11198799178974285  -0.3027898813088892
2.05  0.11247519478648428  -0.29945792997500337
2.06  0.11286125753177444  -0.29609813058035656
2.07  0.11314583286921842  -0.29271079556916346
2.08  0.11332866490220508  -0.28929623994631004
2.09  0.11340958922401503  -0.2858547812480613
2.1  0.11338853306565887  -0.2823867395125301
2.11  0.11326551536131271  -0.2788924372499172
2.12  0.11304064673129224  -0.27537219941251745
2.13  0.11271412938258031  -0.271826353364503
2.14  0.11228625692699787  -0.26825522885147823
2.15  0.11175741411718153  -0.2646591579698165
2.16  0.11112807650060517  -0.26103847513577527
2.17  0.1103988099919571  -0.2573935170543997
2.18  0.10957027036425636  -0.2537246226882076
2.19  0.10864320265916698  -0.2500321332256702
2.2  0.10761844051703943  -0.24631639204948172
2.21  0.10649690542728243  -0.24257774470462812
2.22  0.10527960589973852  -0.23881653886625126
2.23  0.10396763655780929  -0.23503312430731862
2.24  0.10256217715414495  -0.231227852866095
2.25  0.10106449150978418  -0.22740107841342438
2.2600000000000002  0.0994759263776972  -0.22355315681982038
2.27  0.09779791023175527  -0.21968444592237346
2.2800000000000002  0.09603195198221412  -0.21579530549147322
2.29  0.09417963961886798  -0.21188609719735205
2.3000000000000003  0.09224263878309256  -0.20795718457645052
2.31  0.09022269127006305  -0.20400893299761177
2.32  0.08812161346249184  -0.20004170962810341
2.33  0.08594129469729599  -0.19605588339947244
2.34  0.08368369556666289  -0.19205182497323747
2.35  0.08135084615504064  -0.18802990670641767
2.36  0.07894484421364052  -0.18399050261690772
2.37  0.07646785327409097  -0.1799339883486932
2.38  0.07392210070294117  -0.1758607411369202
2.39  0.071309875698762  -0.1717711397728121
2.4  0.06863352723364713  -0.1676655645684466
2.41  0.06589546194096345  -0.16354439732138562
2.42  0.06309814195125212  -0.15940802127917236
2.43  0.06024408267822429  -0.1552568211036903
2.44  0.05733585055684457  -0.15109118283539177
2.45  0.054376060735533666  -0.14691149385739782
2.46  0.05136737472456822  -0.1427181428594742
2.47  0.048312498002789535  -0.13851151980188475
2.48  0.04521417758477624  -0.1342920158791274
2.49  0.04207519955066566  -0.13006002348355425
2.5  0.0388983865408479  -0.12581593616888231
2.5100000000000002  0.035686595217782766  -0.1215601486135943
2.52  0.032442713697224776  -0.11729305658423561
2.5300000000000002  0.029169658951162615  -0.1130150568986098
2.54  0.025870374184813437  -0.10872654738887719
2.5500000000000003  0.022547826190023615  -0.10442792686455812
2.56  0.019205002677464427  -0.10011959507544599
2.57  0.015844909590012578  -0.09580195267443162
2.58  0.012470568399739389  -0.09147540118024539
2.59  0.009085013390934276  -0.08714034294011896
2.6  0.005691288931606731  -0.08279718109236664
2.61  0.002292446735922241  -0.07844631952889772
2.62  -0.001108456879969266  -0.07408816285765554
2.63  -0.004508363746241561  -0.06972311636499162
2.64  -0.007904216589368724  -0.06535158597797502
2.65  -0.011292961781294191  -0.060973978226644576
2.66  -0.014671552085323293  -0.05659070020620269
2.67  -0.018036949396266953  -0.05220215953915833
2.68  -0.021386127472375734  -0.047808764337418985
2.69  -0.024716074656604473  -0.043410923164339754
2.7  -0.028023796584763165  -0.039009044996728165
2.71  -0.031306318878117  -0.03460353918681197
2.72  -0.0345606898180161  -0.030194815424170462
2.73  -0.03778398300014683  -0.025783283697636772
2.74  -0.040973299966021885  -0.021369354257170153
2.75  -0.044125772809339596  -0.01695343757570525
2.7600000000000002  -0.047238566754871265  -0.012535944310979347
2.77  -0.050308882707554334  -0.00811728526734451
2.7800000000000002  -0.053333959769502996  -0.0036978713575642197
2.79  -0.05631107772267004  0.0007218864353993049
2.8000000000000003  -0.05923755947492936  0.005141577096604899
2.81  -0.06211077346737703  0.009560789617353849
2.82  -0.06492813604068941  0.013979113033411927
2.83  -0.06768711375840883  0.01839613646322788
2.84  -0.0703852256850662  0.022811449146141777
2.85  -0.07302004561709524  0.027224640480584733
2.86  -0.07558920426452967  0.03163530006226223
2.87  -0.07809039138152295  0.03604301772232035
2.88  -0.08052135784377323  0.040447383565488576
2.89  -0.08287991767098742  0.044847988008198086
2.9  -0.08516394999256416  0.04924442181667124
2.91  -0.08737140095472945  0.05363627614497851
2.92  -0.08950028556740774  0.05802314257305821
2.93  -0.09154868948917075  0.06240461314469811
2.94  -0.09351477074865643  0.06678028040547283
2.95  -0.09539676140091204  0.07114973744063609
2.96  -0.0971929691171697  0.07551257791296015
2.97  -0.09890177870662732  0.07986839610052421
2.98  -0.10052165356886471  0.08421678693444383
2.99  -0.10205113707558996  0.08855734603654136
3.0  -0.10348885388047203  0.09288966975694948
3.0100000000000002  -0.10483351115588428  0.09721335521164975
3.02  -0.10608389975544338  0.10152800031993817
3.0300000000000002  -0.10723889530130247  0.10583320384181752
3.04  -0.10829745919521615  0.11012856541530879
3.0500000000000003  -0.10925863955247256  0.11441368559368521
3.06  -0.11012157205784878  0.11868816588261673
3.0700000000000003  -0.11088548074282373  0.12295160877722958
3.08  -0.11154967868334593  0.12720361779907008
3.09  -0.11211356861753165  0.1314437975329777
3.1  -0.11257664348273612  0.135671753663855
3.11  -0.11293848687151592  0.13988709301333707
3.12  -0.11319877340607205  0.14408942357635549
3.13  -0.1133572690308369  0.14827835455759236
3.14  -0.11341383122294245  0.15245349640782338
3.15  -0.11336840912038003  0.1566144608601423
3.16  -0.1132210435677366  0.16076086096606895
3.17  -0.1129718670794664  0.1648923111315329
3.18  -0.11262110372073085  0.1690084271527325
3.19  -0.11216906890591417  0.1731088262518628
3.2  -0.11161616911499554  0.17719312711271265
3.21  -0.11096290152803308  0.1812609499161248
3.22  -0.11020985357808823  0.18531191637531808
3.23  -0.10935770242299267  0.18934564977106405
3.24  -0.10840721433643237  0.19336177498672275
3.25  -0.10735924401889718  0.19735991854312404
3.2600000000000002  -0.10621473382911459  0.20133970863330158
3.27  -0.10497471293665935  0.20530077515706635
3.2800000000000002  -0.10364029639650059  0.20924274975542692
3.29  -0.1022126841463195  0.21316526584484266
3.3000000000000003  -0.10069315992749772  0.21706795865131598
3.31  -0.09908309013074819  0.22095046524431222
3.3200000000000003  -0.09738392256742504  0.224812424570513
3.33  -0.09559718516761948  0.22865347748739004
3.34  -0.09372448460620988  0.23247326679660527
3.35  -0.09176750485810298  0.23627143727722721
3.36  -0.08972800568396595  0.24004763571876514
3.37  -0.08760782104780927  0.24380151095401664
3.38  -0.08540885746784477  0.247532713891723
3.39  -0.08313309230210057  0.2512408975490338
3.4  -0.08078257197033673  0.2549257170837742
3.41  -0.0783594101138574  0.25858682982651426
3.42  -0.07586578569487691  0.26222389531243373
3.43  -0.07330394103714677  0.26583657531298577
3.44  -0.07067617980960815  0.2694245338673485
3.45  -0.06798486495487972  0.2729874373136693
3.46  -0.06523241656444634  0.27652495432009194
3.47  -0.06242130970245714  0.28003675591557053
3.48  -0.059554072180092454  0.28352251552046054
3.49  -0.056633282282498046  0.28698190897689074
3.5  -0.053661566450332744  0.290414614578906
3.5100000000000002  -0.050641596918012684  0.2938203131023869
3.52  -0.04757608931077836  0.2971986878347335
3.5300000000000002  -0.04446780020274206  0.3005494246043204
3.54  -0.04131952463811409  0.30387221180971025
3.5500000000000003  -0.03813409361783475  0.30716674044863407
3.56  -0.034914371553875105  0.31043270414672464
3.5700000000000003  -0.03166325369349185  0.3136697991860094
3.58  -0.028383663515755574  0.31687772453315277
3.59  -0.025078550102691152  0.32005618186745255
3.6  -0.021750885487397342  0.3232048756085818
3.61  -0.018403661981526483  0.3263235129440753
3.62  -0.015039889484529256  0.3294118038565606
3.63  -0.011662592777085869  0.33246946115072784
3.64  -0.00827480880115375  0.33549620048003775
3.65  -0.0048795839290807  0.33849174037316354
3.66  -0.001479971224236838  0.3414558022601677
3.67  0.0019209723043681574  0.344388110498406
3.68  0.005320188451017838  0.34728839239816267
3.69  0.008714620563296666  0.350156378248007
3.7  0.012101216290702144  0.35299180133987706
3.71  0.015476930329386558  0.3557943979938811
3.72  0.018838727160564197  0.35856390758281886
3.73  0.022183583780118456  0.36130007255641816
3.74  0.025508492416956626  0.36400263846528647
3.75  0.028810463237664834  0.3666713539845725
3.7600000000000002  0.032086527035034985  0.3693059709373394
3.77  0.035333737898043  0.3719062443176419
3.7800000000000002  0.0385491758608797  0.3744719323133132
3.79  0.041729949528649286  0.3770027963284499
3.8000000000000003  0.04487319867737812  0.3794986010056023
3.81  0.04797609682599277  0.3819591142476591
3.8200000000000003  0.0510358537779567  0.3843841072394337
3.83  0.05404971813027736  0.3867733544689411
3.84  0.057014979747630874  0.38912663374836987
3.85  0.059928972199377754  0.39144372623474505
3.86  0.06278907515727697  0.39372441645027834
3.87  0.06559271675174529  0.3959684923024077
3.88  0.06833737588454054  0.3981757451035195
3.89  0.07102058449579116  0.4003459695903567
3.9  0.07363992978333066  0.4024789639431062
3.91  0.07619305637234483  0.4045745298041684
3.92  0.0786776684333781  0.4066324722966015
3.93  0.08109153174679602  0.4086526000422459
3.94  0.08343247571184552  0.4106347251795205
3.95  0.08569839529850905  0.4125786633808931
3.96  0.08788725294039502  0.41448423387002153
3.97  0.08999708036696452  0.4163512594385657
3.98  0.09202598037344399  0.4181795664626662
3.99  0.09397212852683537  0.4199689849190913
4.0  0.09583377480648766  0.4217193484010472
4.01  0.0976092451777554  0.4234304941336541
4.0200000000000005  0.09929694309732867  0.42510226298908305
4.03  0.1008953509488804  0.4267344995013534
4.04  0.10240303140774243  0.4283270518807911
4.05  0.10381862873338016  0.42987977202814437
4.0600000000000005  0.10514086998850532  0.43139251554835584
4.07  0.10636856618372956  0.43286514176399016
4.08  0.1075006133467315  0.4342975137283174
4.09  0.10853599351497344  0.4356894982380475
4.1  0.10947377565107637  0.43704096584571783
4.11  0.11031311648002991  0.4383517908717313
4.12  0.11105326124748421  0.43962185141604304
4.13  0.11169354439844276  0.4408510293694978
4.14  0.11223339017574409  0.44203921042481265
4.15  0.11267231313779578  0.44318628408720717
4.16  0.11300991859509459  0.44429214368467873
4.17  0.11324590296514041  0.4453566863779229
4.18  0.11338005404542428  0.4463798131698965
4.19  0.11341225120424592  0.4473614289150243
4.2  0.11334246548918829  0.44830144232804625
4.21  0.11317075965315247  0.4491997659925075
4.22  0.1128972880979287  0.4500563163688873
4.23  0.11252229673535476  0.4508710138023676
4.24  0.11204612276618663  0.45164378253024057
4.25  0.11146919437687969  0.4523745506889543
4.26  0.11079203035455379  0.4530632503207958
4.2700000000000005  0.11001523962048816  0.45370981738021043
4.28  0.10913952068256566  0.4543141917397582
4.29  0.10816566100715823  0.45487631719570476
4.3  0.10709453631101949  0.45539614147324864
4.3100000000000005  0.10592710977382039  0.4558736162313824
4.32  0.10466443117203623  0.4563086970673877
4.33  0.1033076359349634  0.4567013435209649
4.34  0.10185794412371575  0.4570515190779958
4.3500000000000005  0.10031665933411806  0.4573591911739389
4.36  0.09868516752448324  0.4576243311968578
4.37  0.09696493576932635  0.4578469144900821
4.38  0.09515751094013838  0.45802692035450043
4.39  0.0932645183144045  0.45816433205048507
4.4  0.09128766011411674  0.45825913679944896
4.41  0.08922871397509866  0.45831132578503353
4.42  0.08708953134851315  0.45832089415392946
4.43  0.08487203583599691  0.45828784101632714
4.44  0.08257822145991293  0.45821216944599985
4.45  0.08021015087028179  0.4580938864800177
4.46  0.07776995348999798  0.4579330031180937
4.47  0.07525982360000617  0.4577295343215602
4.48  0.0726820183661524  0.4574834990119779
4.49  0.07003885580949104  0.45719492006937623
4.5  0.06733271272186553  0.45686382433012557
4.51  0.06456602252864489  0.4564902425844418
4.5200000000000005  0.06174127310053083  0.4560742095735224
4.53  0.05886100451640972  0.4556157639863165
4.54  0.05592780677925373  0.45511494845592626
4.55  0.052944317487133186  0.4545718095556429
4.5600000000000005  0.04991321946142679  0.4539863977946149
4.57  0.04683723833436979  0.4533587676131516
4.58  0.043719140098100975  0.4526889773776598
4.59  0.04056172861742188  0.45197708937521675
4.6000000000000005  0.037367843108495995  0.45122316980777716
4.61  0.03414035558576325  0.45042728878601723
4.62  0.030882168279356817  0.4495895203228143
4.63  0.027596211025354  0.4487099423263642
4.64  0.024285438631199373  0.4477886365929362
4.65  0.020952828218676105  0.4468256887992666
4.66  0.017601376546809603  0.4458211884945906
4.67  0.014234097317114103  0.4447752290923156
4.68  0.010854018463602972  0.443687907861333
4.69  0.0074641794300028  0.4425593259169739
4.7  0.004067628436615752  0.44138958821160545
4.71  0.0006674197392909768  0.4401788035248705
4.72  -0.0027333891170324654  0.4389270844535719
4.73  -0.006131740047738304  0.43763454740120167
4.74  -0.009524577178433042  0.436301312567116
4.75  -0.01290884959285727  0.4349275039353573
4.76  -0.01628151407633971  0.4335132492631239
4.7700000000000005  -0.0196395378523238  0.4320586800688901
4.78  -0.02297990130951012  0.43056393162017553
4.79  -0.026299600717159078  0.429029142920965
4.8  -0.029595650926114683  0.4274544566987826
4.8100000000000005  -0.03286508805311729  0.4258400193914188
4.82  -0.03610497214599562  0.4241859811333125
4.83  -0.03931238982733811  0.42249249574158876
4.84  -0.042484456914268984  0.420759720701755
4.8500000000000005  -0.04561832101196976  0.4189878171530559
4.86  -0.04871116407861836  0.4171769498734878
4.87  -0.05176020495943595  0.41532728726447526
4.88  -0.054762701887565275  0.4134390013352109
4.89  -0.057715954949528414  0.41151226768665894
4.9  -0.06061730851305201  0.4095472654952256
4.91  -0.06346415361507007  0.40754417749609667
4.92  -0.06625393030776519  0.4055031899662435
4.93  -0.06898412996052984  0.4034244927071012
4.94  -0.07165229751578567  0.40130827902691657
4.95  -0.07425603369662509  0.39915474572277315
4.96  -0.07679299716429795  0.3969640930622888
4.97  -0.07926090662359449  0.3947365247649921
4.98  -0.08165754287423954  0.39247224798337793
4.99  -0.08398075080644597  0.3901714732836433
5.0  -0.08622844133884049  0.38783441462610485
5.01  -0.08839859329701129  0.3854612893453031
5.0200000000000005  -0.09048925523099548  0.38305231812978985
5.03  -0.09249854717006566  0.38060772500160694
5.04  -0.09442466231324394  0.37812773729545174
5.05  -0.09626586865401753  0.3756125856375373
5.0600000000000005  -0.0980205105377985  0.3730625039241445
5.07  -0.09968701015072572  0.37047772929987177
5.08  -0.1012638689384718  0.36785850213558147
5.09  -0.10274966895377655  0.3652050660060462
5.1000000000000005  -0.10414307413149743  0.36251766766729754
5.11  -0.1054428314900295  0.3597965570336804
5.12  -0.10664777225801574  0.3570419871546105
5.13  -0.1077568129253321  0.3542542141910428
5.14  -0.10876895621740448  0.3514334973916501
5.15  -0.10968329199198121  0.3485800990687134
5.16  -0.1104989980575528  0.3456942845737302
5.17  -0.11121534091268616  0.34277632227273525
5.18  -0.11183167640560508  0.33982648352134603
5.19  -0.11234745031342651  0.3368450426395268
5.2  -0.11276219884053013  0.33383227688607997
5.21  -0.11307554903561415  0.33078846643286025
5.22  -0.11328721912706141  0.32771389433872133
5.23  -0.11339701877631492  0.3246088465231931
5.24  -0.11340484924903457  0.3214736117398922
5.25  -0.11331070350388134  0.3183084815496689
5.26  -0.11311466619884897  0.3151137502934941
5.2700000000000005  -0.1128169136151376  0.31188971506508645
5.28  -0.11241771349863779  0.3086366756832859
5.29  -0.11191742481916712  0.3053549346641696
5.3  -0.11131649744767662  0.30204479719292077
5.3100000000000005  -0.11061547175171632  0.2987065710954483
5.32  -0.10981497810952484  0.29534056680976045
5.33  -0.10891573634317848  0.2919470973570945
5.34  -0.10791855507131132  0.28852647831280864
5.3500000000000005  -0.10682433098198639  0.2850790277770343
5.36  -0.10563404802637442  0.28160506634509586
5.37  -0.10434877653396105  0.2781049170776947
5.38  -0.10296967225008363  0.27457890547086783
5.39  -0.10149797529665823  0.27102735942571843
5.4  -0.09993500905703306  0.2674506092179213
5.41  -0.09828217898597415  0.26384898746701113
5.42  -0.09654097134584576  0.2602228291054481
5.43  -0.09471295187013172  0.25657247134747263
5.44  -0.0927997643554912  0.2528982536577454
5.45  -0.09080312918361966  0.2492005177197794
5.46  -0.0887248417742425  0.24547960740416525
5.47  -0.08656677097063314  0.2417358687365915
5.48  -0.08433085735910537  0.2379696498656672
5.49  -0.08201911152399678  0.23418130103054674
5.5  -0.07963361223970211  0.23037117452835731
5.51  -0.07717650460139495  0.22653962468143846
5.5200000000000005  -0.07464999809610795  0.2226870078043911
5.53  -0.07205636461591229  0.2188136821709435
5.54  -0.06939793641498063  0.21492000798063232
5.55  -0.06667710401237142  0.21100634732530604
5.5600000000000005  -0.06389631404241836  0.20707306415545207
5.57  -0.06105806705466456  0.20312052424635285
5.58  -0.05816491526530717  0.1991490951640684
5.59  -0.05521946026219014  0.19515914623125583
5.6000000000000005  -0.052224350665395596  0.19115104849282347
5.61  -0.049182279745544843  0.187125174681427
5.62  -0.046095983001948206  0.18308189918280607
5.63  -0.04296823570278221  0.17902159800096779
5.64  -0.03980185038950397  0.17494464872322146
5.65  -0.03659967434775211  0.17085143048506415
5.66  -0.03336458704700137  0.1667423239349241
5.67  -0.030099497551278588  0.16261771119876076
5.68  -0.02680734190326621  0.15847797584452963
5.69  -0.023491080484145953  0.15432350284651344
5.7  -0.02015369535155679  0.15015467854952072
5.71  -0.016798187558061336  0.14597189063295654
5.72  -0.013427574452529593  0.14177552807477237
5.73  -0.01004488696687263  0.1375659811152911
5.74  -0.006653166890558166  0.1333436412209194
5.75  -0.0032554641353647194  0.12910890104774025
5.76  0.00014516600716836688  0.12486215440499929
5.7700000000000005  0.003545665613128522  0.12060379621848355
5.78  0.006942976875984628  0.11633422249379444
5.79  0.01033404485623575  0.11205383027952037
5.8  0.013715820228483768  0.1077630176303144
5.8100000000000005  0.01708526202345368  0.10346218356987677
5.82  0.02043934036250388  0.099151728053849
5.83  0.0237750391821615  0.0948320519326172
5.84  0.02708935894623524  0.09050355691403841
5.8500000000000005  0.030379319343066476  0.08616664552608064
5.86  0.03364196196549323  0.0818217210793929
5.87  0.03687435297111678  0.07746918762979657
5.88  0.0400735857204809  0.07310944994071189
5.89  0.04323678339078587  0.0687429134455168
5.9  0.04636110156279444  0.06436998420984297
5.91  0.04944373077859786  0.05999106889381514
5.92  0.05248189906794428  0.055606574714233165
5.93  0.0554728744408571  0.051216909406701816
5.94  0.05841396734430414  0.04682248118771454
5.95  0.061302533080701015  0.04242369871669227
5.96  0.06413597418608825  0.03802097105797822
5.97  0.066911742765826  0.033614707642798086
5.98  0.06962734278572061  0.02920531823118469
5.99  0.07228033231651491  0.024793212873873316
6.0  0.07486832572972626  0.020378801874168323
6.01  0.07738899584285903  0.015962495749786365
6.0200000000000005  0.07984007601205853  0.011544705194680843
6.03  0.08221936217032837  0.007125841040851039
6.04  0.08452471480948029  0.002706314220134093
6.05  0.08675406090402558  -0.0017134642740077033
6.0600000000000005  0.08890539577528818  -0.006133083424708585
6.07  0.09097678489405699  -0.010552132229918493
6.08  0.09296636562015835  -0.014970199740628964
6.09  0.0948723488773853  -0.019386875099086126
6.1000000000000005  0.09669302076227432  -0.0238017475769996
6.11  0.09842674408528627  -0.028214406613736503
6.12  0.10007195984300626  -0.03262444185450389
6.13  0.10162718862003275  -0.03703144318850807
6.140000000000001  0.10309103191930277  -0.04143500078709392
6.15  0.10446217341965185  -0.04583470514185392
6.16  0.10573938015947987  -0.05023014710271487
6.17  0.10692150364545873  -0.0546209179159837
6.18  0.10800748088528278  -0.05900660926236023
6.19  0.10899633534353624  -0.06338681329490925
6.2  0.1098871778198159  -0.06776112267698652
6.21  0.11067920724832028  -0.07212913062012184
6.22  0.11137171141818625  -0.07649043092184517
6.23  0.11196406761392545  -0.08084461800346442
6.24  0.11245574317538355  -0.08519128694777917
6.25  0.1128462959767212  -0.08953003353673866
6.26  0.11313537482398305  -0.09386045428903031
6.2700000000000005  0.11332271977089953  -0.09818214649760237
6.28  0.11340816235263647  -0.10249470826711188
6.29  0.11339162573728245  -0.10679773855130191
6.3  0.11327312479493788  -0.11109083719029335
6.3100000000000005  0.11305276608434328  -0.11537360494780101
6.32  0.11273074775705959  -0.11964564354825756
6.33  0.1123073593792853  -0.12390655571385366
6.34  0.11178298167147238  -0.12815594520148138
6.3500000000000005  0.11115808616597357  -0.1323934168395834
6.36  0.11043323478302988  -0.13661857656490042
6.37  0.109609079325479  -0.14083103145912002
6.38  0.10868636089263961  -0.14503038978541255
6.390000000000001  0.10766590921389742  -0.14921626102486404
6.4  0.10654864190259493  -0.15338825591278937
6.41  0.10533556363089096  -0.15754598647493429
6.42  0.10402776522633801  -0.16168906606355404
6.43  0.10262642269098467  -0.16581710939336944
6.44  0.10113279614388795  -0.1699297325773976
6.45  0.09954822868798571  -0.1740265531626483
6.46  0.09787414520234797  -0.17810719016569473
6.47  0.09611205106089267  -0.18217126410809986
6.48  0.0942635307787203  -0.1862183970517073
6.49  0.09233024658728113  -0.19024821263378608
6.5  0.09031393693965917  -0.19426033610203267
6.51  0.08821641494731557  -0.1982543943494195
6.5200000000000005  0.08603956674969765  -0.2022300159488932
6.53  0.08378534981817938  -0.20618683118791253
6.54  0.08145579119585898  -0.210124472102834
6.55  0.07905298567479453  -0.21404257251312778
6.5600000000000005  0.07657909391232101  -0.2179407680554317
6.57  0.07403634048813705  -0.22181869621743389
6.58  0.07142701190391253  -0.2256759963715864
6.59  0.06875345452721435  -0.22951230980864062
6.6000000000000005  0.06601807248159935  -0.23332727977100623
6.61  0.06322332548477184  -0.23712055148592526
6.62  0.0603717266367498  -0.24089177219846813
6.63  0.057465840160026885  -0.2446405912043354
6.640000000000001  0.054508279093767334  -0.24836665988247245
6.65  0.051501702944100405  -0.25206963172748825
6.66  0.048448815292632355  -0.2557491623818803
6.67  0.04535236136532441  -0.25940490966805746
6.68  0.042215125563923574  -0.26303653362015955
6.69  0.0390399289621634  -0.2666436965156749
6.7  0.03582962676899452  -0.27022606290684387
6.71  0.032587105761110596  -0.27378329965185644
6.72  0.02931528168709725  -0.2773150759458311
6.73  0.026017096645522767  -0.28082106335157897
6.74  0.02269551643933661  -0.28430093583014526
6.75  0.019353527908951958  -0.28775436977113156
6.76  0.015994136246411345  -0.29118104402278727
6.7700000000000005  0.012620362293047693  -0.2945806399218779
6.78  0.009235239823079484  -0.29795284132331634
6.79  0.005841812815566462  -0.3012973346295652
6.8  0.002443132717198881  -0.3046138088197981
6.8100000000000005  -0.000957744301634723  -0.30790195547882404
6.82  -0.004357760095025  -0.3111614688257674
6.83  -0.007753857291496089  -0.3143920457425047
6.84  -0.011142982043263142  -0.31759338580185326
6.8500000000000005  -0.014522086772323662  -0.32076519129550934
6.86  -0.017888132910904492  -0.3239071672617323
6.87  -0.021238093633816624  -0.3270190215127763
6.88  -0.024568956580240813  -0.3301004646620611
6.890000000000001  -0.02787772656251288  -0.33315121015108434
6.9  -0.031161428259464115  -0.3361709742760687
6.91  -0.034417108891897745  -0.33915947621434617
6.92  -0.037641840877794645  -0.34211643805047287
6.93  -0.040832724464863225  -0.3450415848020736
6.94  -0.043986890338060254  -0.347934644445414
6.95  -0.0471015021997457  -0.3507953479406964
6.96  -0.05017375932014567  -0.3536234292570807
6.97  -0.05320089905583189  -0.356418625397423
6.98  -0.056180199333955266  -0.3591806764227333
6.99  -0.05910898109999206  -0.3619093254763472
7.0  -0.0619846107268139  -0.3646043188078146
7.01  -0.06480450238290468  -0.3672654057964956
7.0200000000000005  -0.06756612035759729  -0.3698923389748674
7.03  -0.07026698134124378  -0.3724848740515371
7.04  -0.07290465665826333  -0.37504276993396
7.05  -0.07547677445106239  -0.37756578875086044
7.0600000000000005  -0.07798102181286433  -0.38005369587435117
7.07  -0.08041514686752478  -0.3825062599417537
7.08  -0.08277696079447265  -0.3849232528771138
7.09  -0.08506433979694683  -0.3873044499124111
7.1000000000000005  -0.08727522701176121  -0.3896496296084616
7.11  -0.08940763435888394  -0.39195857387550953
7.12  -0.09145964432916383  -0.39423106799351004
7.13  -0.09342941170859792  -0.3964669006320961
7.140000000000001  -0.09531516523759115  -0.3986658638702312
7.15  -0.09711520920371074  -0.40082775321554476
7.16  -0.09882792496651155  -0.40295236762335007
7.17  -0.1004517724130541  -0.405039509515339
7.18  -0.10198529134280794  -0.4070889847979565
7.19  -0.10342710278069812  -0.40910060288045025
7.2  -0.10477591021711068  -0.4110741766925942
7.21  -0.10603050077374339  -0.41300952270208596
7.22  -0.10718974629425414  -0.4149064609316132
7.23  -0.10825260435872386  -0.41676481497559226
7.24  -0.10921811922102434  -0.41858441201657104
7.25  -0.11008542266824786  -0.4203650828413017
7.26  -0.11085373480142278  -0.42210666185647605
7.2700000000000005  -0.11152236473681697  -0.4238089871041249
7.28  -0.11209071122719615  -0.4254719002766789
7.29  -0.11255826320247893  -0.4270952467316912
7.3  -0.11292460022930285  -0.42867887550621764
7.3100000000000005  -0.1131893928890874  -0.43022263933085625
7.32  -0.11335240307425469  -0.43172639464344165
7.33  -0.11341348420234146  -0.43319000160239646
7.34  -0.11337258134780907  -0.4346133240997354
7.3500000000000005  -0.11322973129143393  -0.435996229773723
7.36  -0.11298506248723342  -0.4373385900211818
7.37  -0.11263879494695701  -0.43864028000945243
7.38  -0.11219124004224677  -0.4399011786880025
7.390000000000001  -0.11164280022464482  -0.44112116879968355
7.4  -0.11099396866370011  -0.4423001368916348
7.41  -0.11024532880349847  -0.44343797332583446
7.42  -0.1093975538380171  -0.4445345722892954
7.43  -0.10845140610577303  -0.44558983180390455
7.44  -0.10740773640431049  -0.4466036537359074
7.45  -0.1062674832251457  -0.44757594380503263
7.46  -0.10503167190985228  -0.448506611593261
7.47  -0.10370141372805218  -0.4493955705532332
7.48  -0.10227790487813616  -0.450242738016298
7.49  -0.10076242541161509  -0.4510480352002005
7.5  -0.09915633808206858  -0.45181138721640807
7.51  -0.09746108711972623  -0.45253272307707537
7.5200000000000005  -0.0956781969327818  -0.45321197570164456
7.53  -0.09380927073661324  -0.4538490819230847
7.54  -0.0918559891121318  -0.4544439824937655
7.55  -0.08982010849456798  -0.4549966220909667
7.5600000000000005  -0.08770345959404394  -0.4555069493220234
7.57  -0.0855079457493575  -0.45597491672910484
7.58  -0.08323554121645675  -0.45640048079362805
7.59  -0.0808882893931444  -0.45678360194030465
7.6000000000000005  -0.07846830098160669  -0.4571242445408213
7.61  -0.07597775209042514  -0.45742237691715276
7.62  -0.07341888227776619  -0.4576779713445081
7.63  -0.07079399253752285  -0.4578910040539086
7.640000000000001  -0.06810544323020715  -0.4580614552343985
7.65  -0.0653556519604607  -0.4581893090348869
7.66  -0.06254709140308963  -0.4582745535656223
7.67  -0.05968228707957949  -0.45831718089929785
7.68  -0.05676381508708763  -0.4583171870717889
7.69  -0.05379429978196013  -0.4582745720825215
7.7  -0.050776411419849524  -0.4581893398944722
7.71  -0.04771286375456058  -0.4580614984338001
7.72  -0.04460641159778124  -0.45789105958910925
7.73  -0.04145984834189331  -0.4576780392103433
7.74  -0.03827600344809053  -0.4574224571073112
7.75  -0.035057739902063186  -0.45712433704784583
7.76  -0.03180795163953472  -0.4567837067555926
7.7700000000000005  -0.028529560943971313  -0.45640059790743204
7.78  -0.025225515818796597  -0.45597504613053397
7.79  -0.02189878733648038  -0.455507090999044
7.8  -0.018552366966882762  -0.45499677603040356
7.8100000000000005  -0.015189263887256416  -0.4544441486813029
7.82  -0.01181250227632605  -0.4538492603432681
7.83  -0.00842511859487854  -0.4532121663378818
7.84  -0.005030158855306787  -0.4525329259116383
7.8500000000000005  -0.0016306758825685454  -0.45181160223043415
7.86  0.0017702734309847684  -0.4510482623736944
7.87  0.005169630874434748  -0.45024297732813384
7.88  0.008564339668308763  -0.4493958219811562
7.890000000000001  0.011951347213305536  -0.4485068751138894
7.9  0.01532760783526181  -0.4475762193938605
7.91  0.018690085523891384  -0.4466039413673064
7.92  0.02203575666283615  -0.44559013145112664
7.930000000000001  0.025361612748568255  -0.4445348839244746
7.94  0.028664663095706446  -0.4434382969199906
7.95  0.03194193752630793  -0.442300472414675
7.96  0.0351904890407199  -0.441121516220406
7.97  0.03840739646758819  -0.43990153797409887
7.98  0.04158976709064289  -0.4386406511275107
7.99  0.044734739249890375  -0.4373389729366901
8.0  0.04783948491488828  -0.43599662445107223
8.01  0.05090121222777061  -0.4346137305022227
8.02  0.05391716801375134  -0.43319041969222816
8.03  0.056884640256842804  -0.4317268243817376
8.040000000000001  0.05980096053856022  -0.4302230806776527
8.05  0.06266350643742444  -0.42867932842047185
8.06  0.06546970388710452  -0.42709571117128453
8.07  0.06821702949107507  -0.4254723761984209
8.08  0.07090301279171336  -0.42380947446375716
8.09  0.07352523849178894  -0.42210716060867676
8.1  0.07608134862635495  -0.4203655929396893
8.11  0.07856904468308452  -0.4185849334137089
8.120000000000001  0.08098608966914395  -0.4167653476229927
8.13  0.08333031012274732  -0.41490700477974346
8.14  0.0855995980675844  -0.4130100777003707
8.15  0.08779191290835932  -0.4110747427894215
8.16  0.08990528326574153  -0.4091011800231759
8.17  0.09193780874907347  -0.4070895729329093
8.18  0.09388766166524566  -0.40504010858782524
8.19  0.0957530886622008  -0.4029529775776589
8.2  0.09753241230558612  -0.4008283739949537
8.21  0.09922403258714185  -0.3986664954170105
8.22  0.10082642836346378  -0.3964675428875158
8.23  0.10233815872385117  -0.39423172089784364
8.24  0.1037578642860062  -0.3919592373680401
8.25  0.1050842684184206  -0.38965030362748765
8.26  0.10631617838835229  -0.3873051343952525
8.27  0.10745248643435813  -0.38492394776011674
8.28  0.10849217076241739  -0.38250696516029775
8.290000000000001  0.10943429646475278  -0.3800544113628542
8.3  0.11027801636052018  -0.3775665144427866
8.31  0.1110225717576136  -0.375043505761823
8.32  0.11166729313489814  -0.37248561994690876
8.33  0.11221160074425823  -0.36989309486838345
8.34  0.1126550051319206  -0.3672661716178619
8.35  0.11299710757858247  -0.36460509448581346
8.36  0.11323760045794855  -0.36191011093884456
8.370000000000001  0.11337626751335586  -0.3591814715966847
8.38  0.11341298405223657  -0.3564194302088821
8.39  0.11334771705824448  -0.3536242436312038
8.4  0.11318052522094392  -0.3507961718017509
8.41  0.11291155888303489  -0.3479354777167849
8.42  0.11254105990516149  -0.3450424274062713
8.43  0.11206936144842508  -0.34211728990913914
8.44  0.1114968876747986  -0.33916033724826256
8.45  0.1108241533657104  -0.33617184440516346
8.46  0.11005176345914053  -0.33315208929443885
8.47  0.10918041250564815  -0.3301013527379208
8.48  0.10821088404381404  -0.3270199184385543
8.49  0.10714404989566631  -0.3239080729540192
8.5  0.10598086938271777  -0.3207661056700803
8.51  0.10472238846332177  -0.31759430877367634
8.52  0.10336973879212351  -0.314392977225748
8.53  0.10192413670245008  -0.3111624087338078
8.540000000000001  0.10038688211255498  -0.30790290372425444
8.55  0.09875935735670473  -0.30461476531443715
8.56  0.0970430259421489  -0.3012982992844636
8.57  0.09523943123310388  -0.29795381404876603
8.58  0.09335019506292379  -0.29458162062742027
8.59  0.09137701627571032  -0.2911820326172221
8.6  0.08932166919867492  -0.2877553661625243
8.61  0.08718600204662277  -0.28430193992583624
8.620000000000001  0.08497193525999472  -0.2808220750581922
8.63  0.08268145977796743  -0.2773160951692838
8.64  0.08031663524815046  -0.2737843262973658
8.65  0.07787958817450825  -0.2702270968789371
8.66  0.07537251000515813  -0.2666447377181979
8.67  0.07279765516176943  -0.2630375819562861
8.68  0.07015733901233807  -0.2594059650402972
8.69  0.06745393578915419  -0.2557502246920894
8.700000000000001  0.06468987645383684  -0.25207070087687633
8.71  0.06186764651136291  -0.24836773577161475
8.72  0.05898978377503809  -0.24464167373318002
8.73  0.056058876084442336  -0.24089286126634502
8.74  0.053077558978384065  -0.2371216469915567
8.75  0.05004851332496276  -0.2333283816125158
8.76  0.04697446291087349  -0.2295134178835633
8.77  0.04385817199211497  -0.22567711057687553
8.78  0.04070244280830664  -0.22181981644947474
8.790000000000001  0.03751011306285295  -0.21794189421004778
8.8  0.034284053371216004  -0.21404370448559337
8.81  0.031027164679590942  -0.21012560978788114
8.82  0.027742375656311182  -0.20618797447974235
8.83  0.024432640058321284  -0.20223116474118533
8.84  0.02110093407509392  -0.19825554853534286
8.85  0.017750253652371532  -0.19426149557425315
8.86  0.014383611798142602  -0.19024937728447866
8.870000000000001  0.011004035873278379  -0.18621956677256465
8.88  0.007614564869261188  -0.18217243879034503
8.89  0.00421824667545223  -0.17810836970008792
8.9  0.0008181353383621826  -0.1740277374394988
8.91  -0.002582711684618834  -0.16993092148657368
8.92  -0.0059812362745540176  -0.16581830282430862
8.93  -0.009374382400891149  -0.1616902639052733
8.94  -0.012759098869515916  -0.15754718861604053
8.950000000000001  -0.016132342066453007  -0.15338946224148875
8.96  -0.01949107869475297  -0.14921747142897496
8.97  -0.022832288502103778  -0.14503160415237396
8.98  -0.026152966996708348  -0.14083224967600155
8.99  -0.02945012814899383  -0.1366197985184146
9.0  -0.032720807076714896  -0.1323946424160943
9.01  -0.035962062711044455  -0.12815717428701714
9.02  -0.03917098044125066  -0.12390778819411513
9.03  -0.042344674735578944  -0.11964687930863038
9.040000000000001  -0.045480291735989484  -0.11537484387336491
9.05  -0.04857501182440952  -0.11109207916583577
9.06  -0.05162605215819978  -0.10679898346132513
9.07  -0.0546306691725498  -0.10249595599584518
9.08  -0.05758616104755195  -0.09818339692901373
9.09  -0.060489870137740466  -0.09386170730683643
9.1  -0.06333918536190755  -0.08953128902441479
9.11  -0.06613154455104504  -0.08519254478857144
9.120000000000001  -0.06886443675230651  -0.08084587808039914
9.13  -0.07153540448691167  -0.07649169311774293
9.14  -0.07414204595996873  -0.07213039481760436
9.15  -0.07668201722022285  -0.06776238875849039
9.16  -0.07915303426778883  -0.06338808114269487
9.17  -0.08155287510797678  -0.05900787875852462
9.18  -0.08387938174936097  -0.05462218894246976
9.19  -0.0861304621442931  -0.05023141954132368
9.200000000000001  -0.08830409207012047  -0.04583597887425439
9.21  -0.09039831694941174  -0.04143627569483618
9.22  -0.0924112536075586  -0.037032719153032995
9.23  -0.09434109196616917  -0.03262571875715167
9.24  -0.09618609667073043  -0.028215684335762548
9.25  -0.09794460865107915  -0.023803025999582256
9.26  -0.09961504661327615  -0.019388154103339023
9.27  -0.10119590846154042  -0.0149714792076108
9.28  -0.10268577264896872  -0.010553412040645388
9.290000000000001  -0.1040832994558227  -0.006134363460163883
9.3  -0.10538723219423467  -0.0017147444151562052
9.31  -0.10659639833825134  0.0027050340923397975
9.32  -0.10770971057819433  0.007124561045456279
9.33  -0.10872616779839436  0.011543425450718708
9.34  -0.10964485597741759  0.015961216376266046
9.35  -0.11046494900997364  0.02037752299006551
9.36  -0.11118570944976884  0.024791934598117654
9.370000000000001  -0.11180648917263462  0.029204040682649757
9.38  -0.11232672995933507  0.033613430940289346
9.39  -0.11274596399753113  0.03801969532022209
9.4  -0.11306381430244737  0.04242242406232591
9.41  -0.11327999505586561  0.046821207735274234
9.42  -0.11339431186313911  0.051215637274611814
9.43  -0.11340666192799663  0.055605304020795665
9.44  -0.11331703414497912  0.05998979975719809
9.450000000000001  -0.11312550910942609  0.06436871674807002
9.46  -0.1128322590450025  0.06874164777645471
9.47  -0.11243754764883113  0.07310818618206179
9.48  -0.11194172985437026  0.07746792589908155
9.49  -0.11134525151224954  0.0818204614939475
9.5  -0.11064864898935066  0.08616538820303989
9.51  -0.1098525486864944  0.09050230197032653
9.52  -0.1089576664751666  0.09483079948493792
9.53  -0.10796480705379041  0.09915047821867401
9.540000000000001  -0.10687486322412254  0.10346093646343481
9.55  -0.10568881508842685  0.1077617733685787
9.56  -0.104407729168143  0.11205258897820135
9.57  -0.10303275744484675  0.11633298426832689
9.58  -0.10156513632436127  0.12060256118401609
9.59  -0.10000618552495387  0.12486092267638339
9.6  -0.0983573068906147  0.1291076727395204
9.61  -0.09661998313048713  0.13334241644732248
9.620000000000001  -0.09479577648558096  0.13756475999021556
9.63  -0.09288632732397192  0.14177431071177532
9.64  -0.09089335266574322  0.1459706771452471
9.65  -0.08881864463900346  0.15015346904994686
9.66  -0.0866640688683631  0.15432229744755266
9.67  -0.08443156279732382  0.1584767746582774
9.68  -0.08212313394608436  0.16261651433692204
9.69  -0.07974085810633326  0.16674113150880054
9.700000000000001  -0.07728687747464834  0.17085024260554607
9.71  -0.07476339872618774  0.17494346550077458
9.72  -0.07217269103039457  0.17902041954562598
9.73  -0.06951708401050999  0.18308072560415972
9.74  -0.0667989656487214  0.187124006088613
9.75  -0.06402078013883652  0.1911498849945146
9.76  -0.06118502568840755  0.19515798793565142
9.77  -0.05829425227228674  0.1991479421788845
9.78  -0.055351059339629735  0.2031193766788112
9.790000000000001  -0.052358093476413486  0.20707192211227124
9.8  -0.04931804602556604  0.21100521091268923
9.81  -0.046233650666848425  0.21491887730426046
9.82  -0.04310768095866759  0.21881255733596364
9.83  -0.03994294784403152  0.22268588891540764
9.84  -0.036742297122883884  0.22653851184250154
9.85  -0.033508606893096884  0.23037006784295574
9.86  -0.030244784962418624  0.23418020060159656
9.870000000000001  -0.026953766233708223  0.2379685557955034
9.88  -0.02363851006580452  0.24173478112695598
9.89  -0.020301997612401743  0.2454785263562005
9.9  -0.016947229141328367  0.24919944333401742
9.91  -0.013577221336640057  0.25289718603409816
9.92  -0.010195004585947213  0.25657141058522376
9.93  -0.0068036202554223706  0.26022177530324336
9.94  -0.0034061179549330057  0.2638479407228488
9.950000000000001  -5.552795765032133e-06  0.26744956962914396
9.96  0.0033950173566026933  0.2710263270890015
9.97  0.00679253463220212  0.27457788048221365
9.98  0.010183943906282177  0.27810389953242176
9.99  0.013566195546544372  0.2816040563378315
10.0  0.01693624815544308  0.28507802540170346
