0.0  0.026324454520866652  0.19812601514256703
0.01  0.02891059548089117  0.19834547505327
0.02  0.031509245102226885  0.19856842290397042
0.03  0.034120246181678276  0.1987947036826298
0.04  0.03674344078218761  0.19902416194965722
0.05  0.03937867024148506  0.19925664185873815
0.06  0.042025775180778824  0.19949198717771102
0.07  0.04468459551348414  0.19973004130948865
0.08  0.04735497045399151  0.1999706473130216
0.09  0.050036738526473334  0.20021364792430196
0.1  0.0527297375737279  0.2004588855774033
0.11  0.05543380476606158  0.20070620242555606
0.12  0.05814877661020748  0.20095544036225424
0.13  0.06087448895828024  0.20120644104239183
0.14  0.0636107770167676  0.20145904590342545
0.15  0.06635747535555672  0.20171309618656155
0.16  0.06911441791699569  0.20196843295796496
0.17  0.07188143802498975  0.20222489712998612
0.18  0.0746583683941312  0.2024823294824049
0.19  0.07744504113886264  0.20274057068368773
0.2  0.080241287782674  0.20299946131225594
0.21  0.08304693926733053  0.20325884187776244
0.22  0.08586182596213496  0.2035185528423741
0.23  0.08868577767321886  0.2037784346420575
0.24  0.0915186236528662  0.20403832770786468
0.25  0.09436019260886774  0.20429807248721754
0.26  0.09721031271390407  0.20455750946518692
0.27  0.10006881161495929  0.20481647918576434
0.28  0.10293551644276269  0.20507482227312426
0.29  0.10581025382125964  0.2053323794528732
0.3  0.10869284987710992  0.2055889915732839
0.31  0.11158313024921349  0.20584449962651166
0.32  0.1144809200982628  0.20609874476979023
0.33  0.11738604411632242  0.20635156834660437
0.34  0.12029832653643316  0.20660281190783722
0.35000000000000003  0.12321759114224257  0.20685231723288905
0.36  0.12614366127765952  0.207099926350765
0.37  0.12907635985653343  0.20734548156113008
0.38  0.13201550937235682  0.207588825455327
0.39  0.1349609319079915  0.20782980093735628
0.4  0.1379124491454168  0.20806825124481465
0.41000000000000003  0.14086988237550102  0.20830401996978967
0.42  0.14383305250779255  0.208536951079708
0.43  0.1468017800803343  0.20876688893813483
0.44  0.14977588526949692  0.20899367832552146
0.45  0.1527551878998329  0.2092171644598989
0.46  0.15573950745394954  0.20943719301751523
0.47000000000000003  0.15872866308240158  0.209653610153413
0.48  0.1617224736136011  0.20986626252194557
0.49  0.1647207575637466  0.21007499729722898
0.5  0.1677233331467678  0.21027966219352684
0.51  0.1707300182842889  0.21048010548556623
0.52  0.17374063061560635  0.21067617602878186
0.53  0.17675498750768348  0.21086772327948533
0.54  0.17977290606515972  0.21105459731495851
0.55  0.18279420314037442  0.2112366488534671
0.56  0.18581869534340478  0.21141372927419227
0.5700000000000001  0.18884619905211722  0.21158569063707908
0.58  0.19187653042223152  0.21175238570259702
0.59  0.19490950539739765  0.21191366795141264
0.6  0.1979449397192841  0.21206939160396987
0.61  0.20098264893767742  0.21221941163997668
0.62  0.20402244842059308  0.2123635838177959
0.63  0.20706415336439565  0.21250176469373666
0.64  0.21010757880392933  0.21263381164124515
0.65  0.21315253962265696  0.21275958286999175
0.66  0.21619885056280788  0.21287893744485276
0.67  0.21924632623553397  0.21299173530478338
0.68  0.2222947811310724  0.21309783728158077
0.6900000000000001  0.2253440296289155  0.21319710511853396
0.7000000000000001  0.22839388600798785  0.2132894014889592
0.71  0.23144416445682706  0.21337459001461703
0.72  0.23449467908377225  0.2134525352840108
0.73  0.23754524392715487  0.21352310287056267
0.74  0.24059567296549533  0.21358615935066516
0.75  0.24364578012770177  0.21364157232160738
0.76  0.24669537930327284  0.2136892104193716
0.77  0.24974428435250248  0.21372894333629974
0.78  0.2527923091166863  0.21376064183862656
0.79  0.25583926742832963  0.21378417778387784
0.8  0.2588849731213563  0.21379942413813136
0.81  0.26192924004131696  0.21380625499313813
0.8200000000000001  0.26497188205559796  0.21380454558330297
0.8300000000000001  0.26801271306362906  0.21379417230252007
0.84  0.27105154700708856  0.21377501272086447
0.85  0.27408819788010824  0.21374694560113447
0.86  0.27712247973947374  0.21370985091524491
0.87  0.2801542067148239  0.21366360986046845
0.88  0.28318319301884376  0.21360810487552312
0.89  0.28620925295745614  0.2135432196565037
0.9  0.28923220094000607  0.2134688391726559
0.91  0.2922518514894411  0.21338484968199023
0.92  0.29526801925248536  0.21329113874673455
0.93  0.2982805190098067  0.21318759524862282
0.9400000000000001  0.30128916568617764  0.21307410940401839
0.9500000000000001  0.30429377436062793  0.21295057277887017
0.96  0.30729416027658935  0.21281687830349935
0.97  0.3102901388520317  0.21267292028721518
0.98  0.3132815256895894  0.2125185944327579
0.99  0.3162681365866785  0.21235379785056674
1.0  0.31924978754560324  0.21217842907287254
1.01  0.32222629478365145  0.2119923880676105
1.02  0.32519747474317906  0.21179557625215492
1.03  0.3281631441016817  0.211587896506871
1.04  0.3311231197818546  0.2113692531884839
1.05  0.3340772189616391  0.21113955214326313
1.06  0.33702525908425524  0.21089870072001987
1.07  0.3399670578682198  0.21064660778291633
1.08  0.34290243331735104  0.2103831837240856
1.09  0.3458312037307566  0.2101083404760599
1.1  0.3487531877128061  0.20982199152400605
1.11  0.3516682041830875  0.20952405191776632
1.12  0.35457607238634625  0.20921443828370395
1.1300000000000001  0.35747661190240715  0.2088930688363509
1.1400000000000001  0.3603696426560784  0.20855986338985655
1.1500000000000001  0.3632549849270361  0.2082147433692369
1.16  0.3661324593596913  0.20785763182142147
1.17  0.3690018869730357  0.20748845342609756
1.18  0.3718630891704684  0.20710713450634993
1.19  0.374715887749601  0.20671360303909497
1.2  0.3775601049120426  0.2063077886653078
1.21  0.3803955632731618  0.2058896227000409
1.22  0.38322208587182693  0.20545903814223393
1.23  0.3860394961801241  0.2050159696843115
1.24  0.3888476181130506  0.20456035372157047
1.25  0.39164627603818475  0.20409212836135332
1.26  0.39443529478533257  0.20361123343200704
1.27  0.39721449965614775  0.20311761049162733
1.28  0.39998371643372677  0.20261120283658576
1.29  0.402742771392179  0.20209195550983972
1.3  0.40549149130616846  0.20155981530902328
1.31  0.4082297034604301  0.2010147307943192
1.32  0.4109572356592571  0.2004566522961095
1.33  0.41367391623596234  0.19988553192240502
1.34  0.4163795740623083  0.19930132356605237
1.35  0.41907403855791014  0.19870398291171712
1.36  0.42175713969960815  0.19809346744264325
1.37  0.42442870803081034  0.19746973644718674
1.3800000000000001  0.4270885746708043  0.19683275102512404
1.3900000000000001  0.429736571324038  0.1961824740937329
1.4000000000000001  0.43237253028936856  0.19551887039364624
1.41  0.4349962844692795  0.19484190649447738
1.42  0.43760766737906476  0.19415155080021634
1.43  0.44020651315598003  0.19344777355439652
1.44  0.44279265656835937  0.19273054684503094
1.45  0.4453659330246992  0.19199984460931724
1.46  0.447926178582707  0.1912556426381117
1.47  0.4504732299583135  0.19049791858017015
1.48  0.45300692453465186  0.189726651946157
1.49  0.4555271003709983  0.18894182411242058
1.5  0.4580335962116776  0.18814341832453452
1.51  0.46052625149493065  0.1873314197006056
1.52  0.46300490636174474  0.18650581523434612
1.53  0.4654694016646461  0.18566659379791192
1.54  0.4679195789764531  0.18481374614450424
1.55  0.47035528059899134  0.1839472649107366
1.56  0.4727763495717679  0.183067144618765
1.57  0.4751826296806076  0.1821733816781817
1.58  0.47757396546624664  0.18126597438767258
1.59  0.4799502022328871  0.18034492293643767
1.6  0.4823111860567086  0.17941022940537418
1.61  0.4846567637943394  0.17846189776802251
1.62  0.48698678309128407  0.17749993389127455
1.6300000000000001  0.48930109239030917  0.17652434553584523
1.6400000000000001  0.49159954093978553  0.17553514235650514
1.6500000000000001  0.4938819788019866  0.17453233590207634
1.6600000000000001  0.49614825686134245  0.17351593961519046
1.67  0.49839822683264995  0.17248596883180833
1.68  0.5006317412692376  0.1714424407805027
1.69  0.5028486535710843  0.1703853745815026
1.7  0.5050488179928928  0.16931479124550064
1.71  0.5072320896521166  0.1682307136722227
1.72  0.5093983245369405  0.1671331666487597
1.73  0.5115473795142126  0.16602217684766324
1.74  0.5136791123373305  0.1648977728248036
1.75  0.5157933816540778  0.16375998501699063
1.76  0.5178900470144128  0.1626088457393592
1.77  0.5199689688782079  0.16144438918251755
1.78  0.5220300086229404  0.16026665140946017
1.79  0.5240730285513322  0.1590756703522449
1.8  0.5260978918989409  0.15787148580843513
1.81  0.5281044628416984  0.15665413943730677
1.82  0.5300926065034004  0.15542367475582147
1.83  0.5320621889631426  0.15418013713436513
1.84  0.534013077262707  0.15292357379225402
1.85  0.5359451394138934  0.1516540337930069
1.86  0.5378582444058015  0.15037156803938584
1.87  0.539752262212057  0.14907622926820413
1.8800000000000001  0.5416270637979854  0.1477680720449042
1.8900000000000001  0.5434825211277328  0.14644715275790376
1.9000000000000001  0.5453185071713305  0.14511352961271312
1.9100000000000001  0.5471348959117076  0.1437672626258223
1.92  0.5489315623516458  0.14240841361836054
1.93  0.5507083825206807  0.14103704620952712
1.94  0.5524652334819469  0.13965322580979603
1.95  0.5542019933389669  0.13825701961389364
1.96  0.5559185412423833  0.13684849659355153
1.97  0.5576147573966342  0.13542772749003423
1.98  0.5592905230665721  0.13399478480644406
1.99  0.5609457205840236  0.1325497427998022
2.0  0.5625802333542933  0.13109267747290876
2.0100000000000002  0.5641939458626072  0.1296236665659814
2.02  0.5657867436804991  0.12814278954807445
2.0300000000000002  0.5673585134721375  0.12665012760827862
2.04  0.5689091430005925  0.1251457636467034
2.05  0.5704385211340438  0.12362978226524236
2.06  0.5719465378519288  0.1221022697581224
2.07  0.5734330842510291  0.12056331410223976
2.08  0.5748980525514984  0.11901300494728027
2.09  0.5763413361028262  0.11745143360562982
2.1  0.5777628293897447  0.11587869304207189
2.11  0.5791624280380687  0.11429487786327619
2.12  0.5805400288204781  0.11270008430707809
2.13  0.5818955296622356  0.11109441023155162
2.14  0.583228829646842  0.10947795510387476
2.15  0.5845398290216298  0.10785081998899222
2.16  0.5858284292032918  0.10621310753807248
2.17  0.5870945327833474  0.1045649219767649
2.18  0.5883380435335454  0.10290636909325473
2.19  0.5895588664112008  0.10123755622611982
2.2  0.5907569075644696  0.09955859225198879
2.21  0.5919320743375567  0.09786958757300385
2.22  0.5930842752758604  0.09617065410408804
2.23  0.5942134201310508  0.09446190526001962
2.24  0.5953194198660829  0.09274345594231449
2.25  0.596402186660144  0.09101542252591868
2.2600000000000002  0.5974616339135344  0.08927792284571204
2.27  0.5984976762524825  0.08753107618282524
2.2800000000000002  0.5995102295338932  0.08577500325077081
2.29  0.6004992108500287  0.08400982618139155
2.3000000000000003  0.6014645385331228  0.08223566851062573
2.31  0.6024061321599274  0.08045265516409307
2.32  0.6033239125561928  0.07866091244250127
2.33  0.6042178018010771  0.07686056800687618
2.34  0.6050877232314906  0.07505175086361726
2.35  0.60593360144637  0.07323459134937822
2.36  0.6067553623108848  0.07140922111577856
2.37  0.6075529329605742  0.06957577311394329
2.38  0.6083262418054162  0.06773438157887618
2.39  0.6090752185338254  0.06588518201366605
2.4  0.6097997941165837  0.0640283111735307
2.41  0.610499900810699  0.06216390704969643
2.42  0.6111754721631962  0.06029210885311974
2.43  0.6118264430148356  0.05841305699804843
2.44  0.6124527495037638  0.056526893085428825
2.45  0.6130543290690913  0.05463375988615683
2.46  0.6136311204544018  0.052733801324177806
2.47  0.6141830637111885  0.05082716245943521
2.48  0.6147101002022207  0.0489139894706727
2.49  0.6152121726048386  0.04699442963808817
2.5  0.615689224914177  0.04506863132584513
2.5100000000000002  0.6161412024463165  0.04313674396444134
2.52  0.616568051841364  0.041198918032938264
2.5300000000000002  0.6169697210664602  0.039255305041052166
2.54  0.617346159418716  0.03730605751111017
2.5500000000000003  0.6176973175280751  0.035351328959872835
2.56  0.6180231473601061  0.033391273880225156
2.57  0.6183236022187204  0.03142604772273905
2.58  0.6185986367488177  0.029455806877108817
2.59  0.618848206938859  0.02748070865346261
2.6  0.6190722701233666  0.025500911263549836
2.61  0.61927078498535  0.023516573801811658
2.62  0.6194437115586597  0.021527856226329967
2.63  0.6195910112302663  0.019534919339664544
2.64  0.6197126467424674  0.01753792476957368
2.65  0.6198085821950197  0.015537034949627188
2.66  0.6198787830471976  0.013532413099707985
2.67  0.6199232161197783  0.01152422320641
2.68  0.619941849596952  0.009512630003329928
2.69  0.6199346530281593  0.00749779895125996
2.7  0.6199015973298527  0.005479896218279323
2.71  0.619842654787185  0.0034590886597511555
2.72  0.6197577990556231  0.0014355437982227909
2.73  0.6196470051624867  -0.0005905701967630628
2.74  0.619510249508413  -0.0026190845289488784
2.75  0.6193475098687464  -0.004649829795727839
2.7600000000000002  0.6191587653948536  -0.006682636008596206
2.77  0.6189439966153638  -0.008717332613684459
2.7800000000000002  0.6187031854373343  -0.010753748512371493
2.79  0.6184363151473403  -0.012791712081972821
2.8000000000000003  0.6181433704124908  -0.014831051196505879
2.81  0.6178243372813683  -0.01687159324752499
2.82  0.6174792031848949  -0.018913165165027848
2.83  0.6171079569371212  -0.02095559343842815
2.84  0.6167105887359413  -0.02299870413759205
2.85  0.6162870901637333  -0.025042322933938252
2.86  0.6158374541879221  -0.027086275121595386
2.87  0.6153616751614692  -0.029130385638618646
2.88  0.6148597488232859  -0.031174479088258017
2.89  0.6143316722985714  -0.03321837976028057
2.9  0.613777444099076  -0.035261911652340217
2.91  0.6131970641232878  -0.03730489849139543
2.92  0.6125905336565454  -0.03934716375516921
2.93  0.6119578553710734  -0.041388530693652226
2.94  0.6112990333259449  -0.04342882235064316
2.95  0.6106140729669658  -0.045467861585326765
2.96  0.609902981126486  -0.04750547109388359
2.97  0.6091657660231338  -0.04954147343113264
2.98  0.6084024372614749  -0.05157569103220067
2.99  0.6076130058315979  -0.053607946234218634
3.0  0.6067974841086218  -0.055638061298039526
3.0100000000000002  0.605955885852129  -0.05766585842997878
3.02  0.6050882262055253  -0.0596911598035701
3.0300000000000002  0.6041945216953205  -0.0617137875813389
3.04  0.6032747902303375  -0.06373356393658619
3.0500000000000003  0.6023290511008439  -0.06575031107518386
3.06  0.6013573249776104  -0.06776385125737616
3.0700000000000003  0.600359633910891  -0.06977400681958687
3.08  0.5993360013293326  -0.07178060019622734
3.09  0.598286452038805  -0.0737834539415049
3.1  0.5972110122211596  -0.07578239075122743
3.11  0.5961097094329115  -0.07777723348460158
3.12  0.5949825726038469  -0.07976780518602372
3.13  0.5938296320355565  -0.08175392910685825
3.14  0.5926509193998934  -0.08373542872720292
3.15  0.5914464677373575  -0.08571212777763727
3.16  0.5902163114554044  -0.08768385026095256
3.17  0.5889604863266806  -0.08965042047385835
3.18  0.5876790294871848  -0.09161166302866709
3.19  0.5863719794343535  -0.09356740287494912
3.2  0.5850393760250748  -0.09551746532116062
3.21  0.5836812604736261  -0.09746167605623632
3.22  0.5822976753495394  -0.09939986117115002
3.23  0.5808886645753922  -0.10133184718043603
3.24  0.5794542734245252  -0.10325746104367102
3.25  0.5779945485186861  -0.10517653018691281
3.2600000000000002  0.5765095378256004  -0.10708888252409418
3.27  0.5749992906564692  -0.1089943464783682
3.2800000000000002  0.5734638576633928  -0.11089275100340425
3.29  0.5719032908367232  -0.11278392560462867
3.3000000000000003  0.5703176435023418  -0.11466770036041227
3.31  0.5687069703188661  -0.11654390594319754
3.3200000000000003  0.5670713272747829  -0.11841237364056648
3.33  0.5654107716855101  -0.12027293537624349
3.34  0.5637253621903846  -0.12212542373103397
3.35  0.5620151587495801  -0.12396967196369331
3.36  0.5602802226409526  -0.1258055140317244
3.37  0.5585206164568128  -0.1276327846121035
3.38  0.5567364041006295  -0.12945131912192756
3.39  0.5549276507836587  -0.1312609537389847
3.4  0.5530944230215047  -0.1330615254222427
3.41  0.5512367886306073  -0.13485287193225454
3.42  0.5493548167246611  -0.1366348318514765
3.43  0.547448577710961  -0.13840724460449988
3.44  0.5455181432866809  -0.14016995047818892
3.45  0.543563586435079  -0.14192279064172783
3.46  0.5415849814216359  -0.14366560716656993
3.47  0.5395824037901202  -0.1453982430462897
3.48  0.5375559303585875  -0.14712054221633325
3.49  0.5355056392153072  -0.14883234957366576
3.5  0.533431609714623  -0.1505335109963133
3.5100000000000002  0.5313339224727419  -0.1522238733627975
3.52  0.5292126593634565  -0.1539032845714579
3.5300000000000002  0.5270679035137982  -0.15557159355966363
3.54  0.5248997392996217  -0.15722865032290873
3.5500000000000003  0.5227082523411227  -0.15887430593379087
3.56  0.5204935294982873  -0.1605084125608695
3.5700000000000003  0.5182556588662732  -0.1621308234874027
3.58  0.5159947297707256  -0.16374139312995917
3.59  0.5137108327630242  -0.16533997705690429
3.6  0.5114040596154645  -0.16692643200675683
3.61  0.5090745033163737  -0.16850061590641408
3.62  0.5067222580651571  -0.170062387889245
3.63  0.5043474192672832  -0.17161160831304645
3.64  0.5019500835291995  -0.17314813877786261
3.65  0.4995303486531844  -0.1746718421436636
3.66  0.4970883136321346  -0.17618258254788338
3.67  0.4946240786442867  -0.1776802254228117
3.68  0.4921377450478748  -0.17916463751284065
3.69  0.4896294153757237  -0.18063568689156279
3.7  0.48709919332977886  -0.18209324297871854
3.71  0.4845471837755716  -0.1835371765569903
3.72  0.48197349273662277  -0.18496735978864304
3.73  0.4793782273887808  -0.1863836662320067
3.74  0.4767614960545003  -0.18778597085780102
3.75  0.47412340819705534  -0.1891741500652986
3.7600000000000002  0.4714640744146924  -0.19054808169832624
3.77  0.4687836064347216  -0.19190764506109984
3.7800000000000002  0.4660821171075455  -0.193252720933895
3.79  0.46335972040062734  -0.194583191588546
3.8000000000000003  0.46061653139239905  -0.19589894080377734
3.81  0.45785266626610804  -0.19719985388036
3.8200000000000003  0.455068242303604  -0.19848581765609558
3.83  0.45226337787906695  -0.19975672052062288
3.84  0.4494381924526738  -0.2010124524300472
3.85  0.4465928065642084  -0.20225290492138984
3.86  0.4437273418266106  -0.20347797112685542
3.87  0.440841920919469  -0.2046875457879165
3.88  0.4379366675824534  -0.2058815252692129
3.89  0.43501170660869154  -0.20705980757226403
3.9  0.43206716383808796  -0.20822229234899303
3.91  0.4291031661505853  -0.20936888091506078
3.92  0.4261198414593699  -0.2104994762630072
3.93  0.42311731870402025  -0.21161398307520085
3.94  0.4200957278436011  -0.21271230773659142
3.95  0.4170551998497005  -0.21379435834726732
3.96  0.41399586669941285  -0.21486004473481346
3.97  0.4109178613682664  -0.21590927846647107
3.98  0.4078213178230978  -0.21694197286109465
3.99  0.4047063710148709  -0.2179580430009071
4.0  0.40157315687144407  -0.21895740574305014
4.01  0.39842181229028223  -0.21993997973092977
4.0200000000000005  0.39525247513111805  -0.22090568540535405
4.03  0.39206528420856035  -0.22185444501546187
4.04  0.3888603792846488  -0.22278618262944386
4.05  0.3856379010613598  -0.22370082414504983
4.0600000000000005  0.3823979911730595  -0.22459829729988526
4.07  0.3791407921789075  -0.22547853168149337
4.08  0.37586644755520743  -0.22634145873722217
4.09  0.37257510168771146  -0.22718701178387576
4.1  0.3692668998638728  -0.2280151260171473
4.11  0.36594198826504876  -0.22882573852083382
4.12  0.36260051395865955  -0.229618788275831
4.13  0.35924262489029135  -0.2303942161689072
4.14  0.35586846987575893  -0.23115196500125507
4.15  0.3524781985931163  -0.23189197949682028
4.16  0.3490719615746243  -0.23261420631040547
4.17  0.3456499101986665  -0.23331859403554983
4.18  0.3422121966816244  -0.23400509321218146
4.19  0.3387589740697036  -0.23467365633404308
4.2  0.3352903962307179  -0.23532423785588916
4.21  0.33180661784582377  -0.2359567942004545
4.22  0.3283077944012167  -0.23657128376519182
4.23  0.32479408217977884  -0.23716766692877972
4.24  0.321265638252687  -0.23774590605739768
4.25  0.3177226204709738  -0.2383059655107691
4.26  0.3141651874570509  -0.2388478116479714
4.2700000000000005  0.31059349859618646  -0.23937141283301125
4.28  0.30700771402794447  -0.2398767394401653
4.29  0.3034079946375789  -0.24036376385908542
4.3  0.29979450204739205  -0.24083246049966817
4.3100000000000005  0.2961673986080491  -0.24128280579668648
4.32  0.2925268473898561  -0.2417147782141847
4.33  0.28887301217399475  -0.24212835824963508
4.34  0.2852060574437231  -0.2425235284378563
4.3500000000000005  0.28152614837553536  -0.24290027335469203
4.36  0.2778334508302851  -0.24325857962045044
4.37  0.2741281313442695  -0.24359843590310318
4.38  0.2704103571202797  -0.24391983292124453
4.39  0.26668029601861304  -0.24422276344680868
4.4  0.2629381165480488  -0.24450722230754604
4.41  0.2591839878567921  -0.24477320638925773
4.42  0.25541807972337893  -0.24502071463778863
4.43  0.2516405625475495  -0.2452497480607769
4.44  0.24785160734108627  -0.24546030972916186
4.45  0.24405138571862234  -0.24565240477844838
4.46  0.24024006988840998  -0.24582604040972866
4.47  0.2364178326430652  -0.24598122589046037
4.48  0.23258484735027354  -0.24611797255500129
4.49  0.22874128794347115  -0.246236293804901
4.5  0.22488732891248753  -0.24633620510894808
4.51  0.22102314529416545  -0.2464177240029739
4.5200000000000005  0.21714891266294578  -0.24648087008941316
4.53  0.2132648071214273  -0.24652566503661952
4.54  0.20937100529089311  -0.2465521325779388
4.55  0.20546768430181367  -0.246560298510537
4.5600000000000005  0.20155502178431842  -0.246550190693986
4.57  0.1976331958586437  -0.246521839048605
4.58  0.19370238512554958  -0.24647527555355844
4.59  0.18976276865671532  -0.2464105342447111
4.6000000000000005  0.18581452598510587  -0.24632765121223996
4.61  0.1818578370953161  -0.2462266645980033
4.62  0.17789288241388634  -0.24610761459266695
4.63  0.17391984279959888  -0.24597054343258823
4.64  0.16993889953374813  -0.2458154953964585
4.65  0.16595023431038683  -0.2456425168017034
4.66  0.1619540292265543  -0.24545165600064198
4.67  0.157950466772477  -0.24524296337640472
4.68  0.15393972982175258  -0.2450164913386118
4.69  0.1499220016215094  -0.24477229431881062
4.7  0.14589746578255014  -0.24451042876567347
4.71  0.1418663062694705  -0.2442309531399575
4.72  0.13782870739076294  -0.24393392790922488
4.73  0.13378485378889848  -0.2436194155423256
4.74  0.12973493043039533  -0.24328748050364282
4.75  0.12567912259586228  -0.2429381892471015
4.76  0.1216176158700327  -0.2425716102099412
4.7700000000000005  0.11755059613177622  -0.2421878138062529
4.78  0.11347824954410098  -0.24178687242028168
4.79  0.10940076254413122  -0.24136886039949573
4.8  0.10531832183307922  -0.24093385404742124
4.8100000000000005  0.10123111436619739  -0.24048193161624523
4.82  0.09713932734271921  -0.24001317329918775
4.83  0.09304314819578412  -0.23952766122264202
4.84  0.08894276458235337  -0.23902547943808572
4.8500000000000005  0.08483836437311076  -0.2385067139137624
4.86  0.08073013564235462  -0.23797145252613647
4.87  0.07661826665787434  -0.23741978505111874
4.88  0.07250294587082212  -0.2368518031550685
4.89  0.06838436190557029  -0.23626760038556838
4.9  0.06426270354956061  -0.23566727216197664
4.91  0.0601381597431469  -0.2350509157657562
4.92  0.056010919569425596  -0.2344186303305808
4.93  0.051881172244061496  -0.2337705168322218
4.94  0.04774910710510458  -0.233106678078215
4.95  0.043614913602802924  -0.23242721869730815
4.96  0.03947878128940553  -0.23173224512869273
4.97  0.03534089980896331  -0.23102186561101823
4.98  0.031201458887122294  -0.2302961901711928
4.99  0.027060648320916134  -0.22955533061297026
5.0  0.022918657968550263  -0.22879940050532366
5.01  0.01877567773918619  -0.22802851517061037
5.0200000000000005  0.014631897582720668  -0.2272427916725253
5.03  0.010487507479567226  -0.22644234880384748
5.04  0.006342697430428423  -0.22562730707397935
5.05  0.0021976574460746967  -0.2247977886962811
5.0600000000000005  -0.0019474224628823478  -0.22395391757520017
5.07  -0.006092352296211828  -0.22309581929320071
5.08  -0.010236942074291641  -0.22222362109748867
5.09  -0.014381001848328342  -0.2213374518865412
5.1000000000000005  -0.01852434171058047  -0.22043744219643568
5.11  -0.02266677180457409  -0.21952372418698346
5.12  -0.026808102335323325  -0.21859643162766945
5.13  -0.030948143579539303  -0.21765569988339778
5.14  -0.03508670589584016  -0.21670166590004608
5.15  -0.03922359973495608  -0.21573446818983175
5.16  -0.04335863564992554  -0.21475424681648772
5.17  -0.04749162430629142  -0.21376114338025393
5.18  -0.05162237649228693  -0.2127553010026829
5.19  -0.05575070312901652  -0.2117368643112632
5.2  -0.05987641528062759  -0.21070597942386238
5.21  -0.06399932416447777  -0.2096627939329891
5.22  -0.06811924116129017  -0.20860745688987883
5.23  -0.07223597782530265  -0.20754011878840462
5.24  -0.07634934589440419  -0.20646093154881284
5.25  -0.08045915730026505  -0.20537004850128784
5.26  -0.08456522417845327  -0.20426762436934626
5.2700000000000005  -0.08866735887854248  -0.20315381525306386
5.28  -0.09276537397420445  -0.2020287786121364
5.29  -0.09685908227329365  -0.20089267324877477
5.3  -0.10094829682791576  -0.19974565929044086
5.3100000000000005  -0.10503283094448512  -0.19858789817242045
5.32  -0.10911249819376498  -0.19741955262024036
5.33  -0.1131871124208976  -0.1962407866319276
5.34  -0.11725648775541594  -0.19505176546011582
5.3500000000000005  -0.12132043862124234  -0.1938526555939996
5.36  -0.1253787797466663  -0.192643624741139
5.37  -0.12943132617431413  -0.1914248418091154
5.38  -0.13347789327109194  -0.19019647688704322
5.39  -0.13751829673811847  -0.1889587012269381
5.4  -0.14155235262063431  -0.18771168722494194
5.41  -0.145579877317895  -0.18645560840241213
5.42  -0.1496006875930449  -0.18519063938687064
5.43  -0.1536146005829711  -0.18391695589282053
5.44  -0.15762143380813462  -0.18263473470242972
5.45  -0.16162100518238243  -0.18134415364608392
5.46  -0.16561313302274072  -0.18004539158281252
5.47  -0.16959763605918016  -0.17873862838058824
5.48  -0.17357433344436388  -0.1774240448965036
5.49  -0.17754304476336755  -0.17610182295682758
5.5  -0.18150359004338318  -0.1747721453369408
5.51  -0.18545578976338983  -0.17343519574115784
5.5200000000000005  -0.18939946486380643  -0.17209115878243275
5.53  -0.19333443675611509  -0.17074021996195504
5.54  -0.1972605273324624  -0.16938256564863452
5.55  -0.20117755897523273  -0.16801838305848146
5.5600000000000005  -0.2050853545665932  -0.1666478602338798
5.57  -0.20898373749801252  -0.16527118602276186
5.58  -0.2128725316797542  -0.16388855005767888
5.59  -0.21675156155033962  -0.16250014273477859
5.6000000000000005  -0.22062065208598058  -0.16110615519268645
5.61  -0.22447962880998404  -0.15970677929129418
5.62  -0.22832831780212898  -0.15830220759045924
5.63  -0.2321665457080107  -0.15689263332861753
5.64  -0.23599413974835254  -0.15547825040131003
5.65  -0.23981092772829085  -0.15405925333962836
5.66  -0.2436167380466222  -0.15263583728858132
5.67  -0.247411399705026  -0.15120819798538132
5.68  -0.2511947423172455  -0.14977653173766003
5.69  -0.2549665961182418  -0.14834103540160892
5.7  -0.25872679197330956  -0.14690190636005196
5.71  -0.26247516138716426  -0.1454593425004511
5.72  -0.266211536512987  -0.14401354219284657
5.73  -0.2699357501614399  -0.14256470426773626
5.74  -0.273647635809641  -0.1411130279938965
5.75  -0.27734702761010943  -0.1396587130561436
5.76  -0.2810337603996651  -0.13820195953304515
5.7700000000000005  -0.28470766970829864  -0.13674296787457646
5.78  -0.28836859176799723  -0.13528193887973092
5.79  -0.29201636352153926  -0.13381907367408244
5.8  -0.29565082263124287  -0.1323545736873051
5.8100000000000005  -0.29927180748768056  -0.1308886406306516
5.82  -0.3028791572183499  -0.12942147647439492
5.83  -0.30647271169630885  -0.1279532834252315
5.84  -0.3100523115487667  -0.12648426390365444
5.8500000000000005  -0.31361779816563523  -0.12501462052129445
5.86  -0.31716901370803596  -0.12354455605823426
5.87  -0.32070580111677033  -0.12207427344029771
5.88  -0.32422800412074393  -0.12060397571631608
5.89  -0.3277354672453463  -0.11913386603537514
5.9  -0.33122803582079124  -0.11766414762404617
5.91  -0.33470555599040885  -0.1161950237636008
5.92  -0.3381678747188994  -0.1147266977672158
5.93  -0.3416148398005349  -0.11325937295716774
5.94  -0.34504629986732105  -0.11179325264202246
5.95  -0.3484621043971098  -0.11032854009382062
5.96  -0.3518621037216705  -0.10886543852526148
5.97  -0.3552461490347089  -0.1074041510668891
5.98  -0.358614092399843  -0.10594488074428393
5.99  -0.36196578675852853  -0.10448783045525949
6.0  -0.3653010859379419  -0.10303320294707043
6.01  -0.36861984465880726  -0.1015812007936322
6.0200000000000005  -0.3719219185431814  -0.10013202637275612
6.03  -0.37520716412218447  -0.09868588184340323
6.04  -0.37847543884368673  -0.09724296912295595
6.05  -0.3817266010799396  -0.09580348986451645
6.0600000000000005  -0.38496051013516014  -0.09436764543422747
6.07  -0.3881770262530613  -0.09293563688862416
6.08  -0.391376010624337  -0.09150766495201586
6.09  -0.39455732539408783  -0.09008392999390138
6.1000000000000005  -0.3977208336692005  -0.08866463200642133
6.11  -0.4008663995256716  -0.08724997058185027
6.12  -0.4039938880158807  -0.08584014489012848
6.13  -0.40710316517581047  -0.08443535365644024
6.140000000000001  -0.41019409803220924  -0.08303579513883737
6.15  -0.4132665546097033  -0.08164166710591454
6.16  -0.41632040393785497  -0.08025316681453448
6.17  -0.4193555160581643  -0.07887049098760951
6.18  -0.4223717620310147  -0.07749383579194016
6.19  -0.42536901394256604  -0.07612339681611426
6.2  -0.4283471449115879  -0.07475936904846775
6.21  -0.4313060290962419  -0.07340194685511248
6.22  -0.4342455417008011  -0.07205132395802903
6.23  -0.43716555898231807  -0.07070769341323327
6.24  -0.4400659582572297  -0.06937124758901436
6.25  -0.44294661790791195  -0.06804217814424707
6.26  -0.44580741738916807  -0.06672067600678427
6.2700000000000005  -0.4486482372346646  -0.06540693135192972
6.28  -0.45146895906330475  -0.06410113358099245
6.29  -0.45426946558554643  -0.06280347129992889
6.3  -0.4570496406096562  -0.06151413229807162
6.3100000000000005  -0.45980936904790737  -0.06023330352694946
6.32  -0.46254853692271447  -0.058961171079201805
6.33  -0.4652670313727114  -0.0576979201675859
6.34  -0.46796474065876437  -0.056443735104084916
6.3500000000000005  -0.4706415541699266  -0.05519879927911596
6.36  -0.4732973624293289  -0.05396329514083983
6.37  -0.4759320571000135  -0.052737404174578006
6.38  -0.4785455309906991  -0.05152130688233622
6.390000000000001  -0.48113767806148755  -0.05031518276243872
6.4  -0.4837083934295072  -0.049119210289276405
6.41  -0.48625757337449377  -0.04793356689316727
6.42  -0.4887851153443053  -0.0467584289403372
6.43  -0.49129091796037616  -0.045593971713018946
6.44  -0.49377488102310585  -0.04444036938967315
6.45  -0.4962369055171828  -0.04329779502533565
6.46  -0.4986768936168469  -0.04216642053208812
6.47  -0.5010947486910824  -0.04104641665966123
6.48  -0.5034903753087495  -0.03993795297616752
6.49  -0.5058636792436478  -0.03884119784896771
6.5  -0.5082145674795182  -0.03775631842567327
6.51  -0.5105429482149731  -0.03668348061528731
6.5200000000000005  -0.5128487308683654  -0.035622849069485
6.53  -0.5151318260825869  -0.03457458716403766
6.54  -0.5173921457298052  -0.03353885698037988
6.55  -0.5196296029161281  -0.03251581928732496
6.5600000000000005  -0.5218441119862038  -0.03150563352292893
6.57  -0.5240355885277523  -0.030508457776505404
6.58  -0.5262039493760318  -0.02952444877079341
6.59  -0.5283491126182323  -0.028553761844281877
6.6000000000000005  -0.5304709975978056  -0.02759655093368933
6.61  -0.5325695249187234  -0.026652968556606205
6.62  -0.5346446164496702  -0.025723165794294678
6.63  -0.5366961953281637  -0.024807292274655404
6.640000000000001  -0.5387241859646078  -0.023905496155358613
6.65  -0.5407285140462761  -0.02301792410714211
6.66  -0.5427091065412271  -0.022144721297279124
6.67  -0.5446658917021463  -0.02128603137321837
6.68  -0.5465987990701218  -0.020441996446396188
6.69  -0.5485077594783474  -0.01961275707622459
6.7  -0.5503927050557559  -0.018798452254256484
6.71  -0.552253569230583  -0.01799921938852958
6.72  -0.5540902867338585  -0.017215194288091235
6.73  -0.5559027936028272  -0.016446511147705914
6.74  -0.5576910271842992  -0.015693302532746756
6.75  -0.5594549261379287  -0.014955699364274405
6.76  -0.5611944304394202  -0.014233830904302067
6.7700000000000005  -0.5629094813836646  -0.013527824741251568
6.78  -0.5646000215878011  -0.012837806775601188
6.79  -0.566265994994211  -0.012163901205724026
6.8  -0.5679073468734345  -0.011506230513924603
6.8100000000000005  -0.5695240238270185  -0.010864915452668905
6.82  -0.5711159737902902  -0.010240075031013818
6.83  -0.57268314603506  -0.009631826501236243
6.84  -0.5742254911722484  -0.00904028534566255
6.8500000000000005  -0.5757429611544435  -0.008465565263701028
6.86  -0.5772355092783813  -0.007907778159079018
6.87  -0.5787030901873582  -0.007367034127284969
6.88  -0.5801456598735644  -0.006843441443218218
6.890000000000001  -0.5815631756803479  -0.006337106549047067
6.9  -0.5829555963044025  -0.005848134042277034
6.91  -0.5843228817978839  -0.00537662666403059
6.92  -0.5856649935704501  -0.004922685287539502
6.93  -0.5869818943912295  -0.004486408906851341
6.94  -0.5882735483907138  -0.004067894625751717
6.95  -0.5895399210625769  -0.0036672376469032847
6.96  -0.5907809792654208  -0.0032845312612020394
6.97  -0.591996691224444  -0.002919866837353985
6.98  -0.5931870265330401  -0.00257333381167138
6.99  -0.5943519561543172  -0.002245019678091653
7.0  -0.5954914524225459  -0.0019350099784178065
7.01  -0.5966054890445307  -0.001643388292784237
7.0200000000000005  -0.5976940411009082  -0.001370236230346794
7.03  -0.5987570850473686  -0.001115633420199047
7.04  -0.5997945987158043  -0.0008796575025167286
7.05  -0.6008065613153817  -0.0006623841199288882
7.0600000000000005  -0.6017929534335396  -0.00046388690911977615
7.07  -0.6027537570369106  -0.0002842374926604607
7.08  -0.6036889554721694  -0.00012350547107148335
7.09  -0.6045985334668049  1.824158488214489e-05
7.1000000000000005  -0.6054824771298167  0.000140938141662994
7.11  -0.6063407739523369  0.0002445207101988145
7.12  -0.6071734128081767  0.0003289278528863515
7.13  -0.6079803839542974  0.00039410019035901467
7.140000000000001  -0.6087616790312063  0.0004399804080177927
7.15  -0.6095172910632761  0.00046651326232607926
7.16  -0.6102472144589914  0.00047364558686560643
7.17  -0.6109514450111171  0.00046132629815459625
7.18  -0.6116299798967928  0.00042950640122643713
7.19  -0.6122828176775515  0.00037813899496824677
7.2  -0.6129099582992635  0.00030717927721940486
7.21  -0.6135114030920035  0.00021658454962864004
7.22  -0.6140871547698432  0.00010631422226964338
7.23  -0.6146372174305691  -2.367018198548565e-05
7.24  -0.6151615965553235  -0.00017340502333515473
7.25  -0.6156602990081713  -0.0003429245411609716
7.26  -0.6161333330355909  -0.0005322608503836035
7.2700000000000005  -0.6165807082658898  -0.0007414439380624416
7.28  -0.6170024357085453  -0.0009705016602402361
7.29  -0.6173985277534698  -0.0012194597390316197
7.3  -0.6177689981702005  -0.0014883417599577398
7.3100000000000005  -0.6181138621070148  -0.001777169169525361
7.32  -0.6184331360899693  -0.002085961273051995
7.33  -0.6187268380218657  -0.0024147352327369975
7.34  -0.6189949871811395  -0.002763506065978527
7.3500000000000005  -0.6192376042206754  -0.003132286643936777
7.36  -0.6194547111665476  -0.003521087690343788
7.37  -0.6196463314166833  -0.003929917780559844
7.38  -0.6198124897394557  -0.004358783340876304
7.390000000000001  -0.6199532122721979  -0.004807688648065328
7.4  -0.6200685265196446  -0.005276635829176368
7.41  -0.6201584613522997  -0.005765624861579111
7.42  -0.6202230470047267  -0.006274653573253575
7.43  -0.6202623150737697  -0.006803717643326629
7.44  -0.6202762985166946  -0.007352810602855142
7.45  -0.6202650316492604  -0.007921923835856215
7.46  -0.6202285501437146  -0.008511046580582105
7.47  -0.6201668910267152  -0.0091201659310437
7.48  -0.6200800926771787  -0.009749266838778442
7.49  -0.619968194824055  -0.010398332114863684
7.5  -0.619831238544028  -0.011067342432176996
7.51  -0.6196692662591435  -0.011756276327900717
7.5200000000000005  -0.6194823217343636  -0.012465110206272029
7.53  -0.6192704500750473  -0.013193818341576152
7.54  -0.6190336977243595  -0.013942372881386056
7.55  -0.6187721124606058  -0.014710743850044339
7.5600000000000005  -0.6184857433944957  -0.01549889915238864
7.57  -0.618174640966332  -0.016306804577720574
7.58  -0.6178388569431286  -0.017134423804016752
7.59  -0.6174784444156567  -0.017981718402381747
7.6000000000000005  -0.6170934577954174  -0.018848647841742117
7.61  -0.6166839528115429  -0.019735169493782484
7.62  -0.6162499865076271  -0.02064123863811937
7.63  -0.6157916172384829  -0.021566808467718024
7.640000000000001  -0.6153089046668292  -0.022511830094544827
7.65  -0.6148019097599067  -0.023476252555460153
7.66  -0.6142706947860216  -0.024460022818347443
7.67  -0.6137153233110193  -0.025463085788480555
7.68  -0.6131358601946884  -0.026485384315125288
7.69  -0.6125323715870917  -0.027526859198377218
7.7  -0.6119049249248296  -0.028587449196234238
7.71  -0.6112535889272317  -0.029667091031901488
7.72  -0.6105784335924794  -0.03076571940132994
7.73  -0.6098795301936581  -0.031883266980986535
7.74  -0.6091569512747412  -0.03301966443585433
7.75  -0.6084107706465036  -0.03417484042766386
7.76  -0.6076410633823675  -0.03534872162335198
7.7700000000000005  -0.606847905814178  -0.036541232703750065
7.78  -0.6060313755279114  -0.03775229637249694
7.79  -0.6051915513593147  -0.038981833365179686
7.8  -0.6043285133894772  -0.04022976245869794
7.8100000000000005  -0.6034423429403345  -0.04149600048085164
7.82  -0.6025331225701038  -0.04278046232015123
7.83  -0.6016009360686536  -0.04408306093584961
7.84  -0.6006458684528058  -0.04540370736819355
7.8500000000000005  -0.5996680059615694  -0.046742310748893456
7.86  -0.5986674360513105  -0.048098778311811516
7.87  -0.5976442473908534  -0.0494730154038656
7.88  -0.596598529856518  -0.05086492549614771
7.890000000000001  -0.5955303745270887  -0.05227441019525693
7.9  -0.594439873678721  -0.05370136925484348
7.91  -0.5933271207797806  -0.0551457005873644
7.92  -0.5921922104856183  -0.056607300276048364
7.930000000000001  -0.5910352386332804  -0.05808606258706893
7.94  -0.5898563022361556  -0.05958187998192262
7.95  -0.5886554994785554  -0.06109464313001528
7.96  -0.5874329297102334  -0.06262424092144844
7.97  -0.5861886934408402  -0.06417056048000983
7.98  -0.5849228923343148  -0.0657334871763648
7.99  -0.5836356292032132  -0.06731290464144342
8.0  -0.5823270080029755  -0.06890869478002981
8.01  -0.5809971338261296  -0.07052073778454268
8.02  -0.5796461128964328  -0.07214891214901215
8.03  -0.5782740525629543  -0.07379309468324874
8.040000000000001  -0.576881061294092  -0.0754531605272029
8.05  -0.5754672486715344  -0.07712898316551142
8.06  -0.574032725384156  -0.07882043444223652
8.07  -0.5725776032218546  -0.0805273845757837
8.08  -0.5711019950693318  -0.0822497021740076
8.09  -0.5696060148998088  -0.08398725424949849
8.1  -0.5680897777686865  -0.08573990623504935
8.11  -0.5665533998071449  -0.08750752199929956
8.120000000000001  -0.5649969982156853  -0.08928996386255673
8.13  -0.5634206912576134  -0.09108709261279235
8.14  -0.5618245982524648  -0.09289876752180953
8.15  -0.5602088395693722  -0.09472484636158177
8.16  -0.5585735366203782  -0.09656518542076117
8.17  -0.5569188118536881  -0.09841963952135134
8.18  -0.5552447887468681  -0.10028806203554695
8.19  -0.553551591799987  -0.10217030490273539
8.2  -0.551839346528703  -0.10406621864665853
8.21  -0.5501081794572926  -0.10597565239273385
8.22  -0.5483582181116305  -0.10789845388553158
8.23  -0.5465895910121076  -0.10983446950640727
8.24  -0.5448024276664991  -0.11178354429128581
8.25  -0.5429968585627799  -0.11374552194859561
8.26  -0.5411730151618838  -0.11572024487735263
8.27  -0.5393310298904112  -0.11770755418538731
8.28  -0.5374710361332844  -0.11970728970771867
8.290000000000001  -0.5355931682263486  -0.12171929002506855
8.3  -0.5336975614489275  -0.1237433924825135
8.31  -0.5317843520163184  -0.12577943320827764
8.32  -0.5298536770722424  -0.12782724713265803
8.33  -0.5279056746812445  -0.12988666800708282
8.34  -0.5259404838210406  -0.13195752842329994
8.35  -0.5239582443748163  -0.13403965983269617
8.36  -0.5219590971234767  -0.13613289256573768
8.370000000000001  -0.5199431837378449  -0.13823705585153898
8.38  -0.5179106467708192  -0.14035197783754905
8.39  -0.5158616296494722  -0.14247748560935952
8.4  -0.5137962766671096  -0.14461340521062793
8.41  -0.51171473297528  -0.146759561663114
8.42  -0.5096171445757378  -0.1489157789868312
8.43  -0.5075036583123597  -0.15108188022030344
8.44  -0.5053744218630154  -0.15325768744093166
8.45  -0.5032295837313945  -0.15544302178546512
8.46  -0.5010692932387838  -0.15763770347057285
8.47  -0.4988937005158097  -0.1598415518135148
8.48  -0.49670295649412366  -0.16205438525291452
8.49  -0.4944972128980554  -0.16427602136962055
8.5  -0.49227662223621704  -0.16650627690766423
8.51  -0.49004133779306613  -0.16874496779530618
8.52  -0.48779151362042683  -0.17099190916616946
8.53  -0.48552730452896925  -0.17324691538045833
8.540000000000001  -0.48324886607964535  -0.17550980004626016
8.55  -0.48095635457509045  -0.1777803760409232
8.56  -0.47864992705097575  -0.18005845553251776
8.57  -0.4763297412673264  -0.18234385000136671
8.58  -0.4739959556998009  -0.1846363702616512
8.59  -0.4716487295309281  -0.18693582648308404
8.6  -0.46928822264130843  -0.1892420282126508
8.61  -0.46691459560077603  -0.1915547843964169
8.620000000000001  -0.46452800965952257  -0.19387390340139393
8.63  -0.4621286267391891  -0.19619919303746536
8.64  -0.45971660942391335  -0.19853046057937268
8.65  -0.45729212095134664  -0.2008675127887506
8.66  -0.4548553252036355  -0.20321015593621605
8.67  -0.45240638669836497  -0.20555819582350734
8.68  -0.4499454705794702  -0.20791143780566612
8.69  -0.447472742608113  -0.2102696868132654
8.700000000000001  -0.4449883691535239  -0.21263274737467922
8.71  -0.44249251718381416  -0.21500042363838587
8.72  -0.4399853542567517  -0.2173725193953137
8.73  -0.43746704851050633  -0.2197488381012143
8.74  -0.43493776865436584  -0.22212918289906908
8.75  -0.43239768395941724  -0.22451335664152136
8.76  -0.4298469642492003  -0.2269011619133351
8.77  -0.4272857798903298  -0.22929240105387666
8.78  -0.4247143017830889  -0.23168687617961312
8.790000000000001  -0.42213270135199155  -0.23408438920663147
8.8  -0.41954115053632335  -0.23648474187316904
8.81  -0.41693982178064226  -0.2388877357621583
8.82  -0.41432888802526446  -0.24129317232377814
8.83  -0.411708522696716  -0.24370085289801452
8.84  -0.4090788996981597  -0.24611057873722106
8.85  -0.40644019339979737  -0.24852215102868383
8.86  -0.40379257862924545  -0.25093537091718454
8.870000000000001  -0.40113623066188453  -0.2533500395275566
8.88  -0.3984713252111912  -0.2557659579872354
8.89  -0.3957980384190359  -0.25818292744880217
8.9  -0.393116546845965  -0.26060074911251163
8.91  -0.3904270274614594  -0.2630192242488051
8.92  -0.38772965763416833  -0.2654381542208079
8.93  -0.3850246151221233  -0.26785734050680565
8.94  -0.3823120780629312  -0.27027658472269667
8.950000000000001  -0.37959222496394396  -0.2726956886444201
8.96  -0.3768652346924155  -0.2751144542303552
8.97  -0.3741312864656291  -0.2775326836436901
8.98  -0.37139055984101244  -0.2799501792747563
8.99  -0.36864323470623495  -0.28236674376332893
9.0  -0.3658894912692826  -0.28478218002088473
9.01  -0.36312951004851945  -0.28719629125282264
9.02  -0.3603634718627303  -0.28960888098063786
9.03  -0.35759155782114804  -0.2920197530640494
9.040000000000001  -0.3548139493134631  -0.29442871172308005
9.05  -0.3520308279998252  -0.296835561560081
9.06  -0.3492423758008176  -0.29924010758170794
9.07  -0.3464487748874298  -0.3016421552208335
9.08  -0.34365020767101034  -0.3040415103584037
9.09  -0.34084685679320753  -0.30643797934523354
9.1  -0.3380389051158986  -0.3088313690237327
9.11  -0.3352265357111073  -0.31122148674956923
9.120000000000001  -0.332409931850906  -0.31360814041326135
9.13  -0.32958927699731766  -0.31599113846169447
9.14  -0.3267647547921934  -0.31837028991956784
9.15  -0.3239365490470903  -0.3207454044107608
9.16  -0.3211048437331383  -0.3231162921796186
9.17  -0.31826982297089657  -0.32548276411215715
9.18  -0.315431671020203  -0.32784463175718304
9.19  -0.3125905722700165  -0.3302017073473243
9.200000000000001  -0.30974671122825037  -0.3325538038199729
9.21  -0.3069002725116057  -0.3349007348381327
9.22  -0.3040514408353894  -0.3372423148111771
9.23  -0.30120040100333323  -0.33957835891550314
9.24  -0.2983473378974092  -0.3419086831150903
9.25  -0.2954924364676367  -0.3442331041819566
9.26  -0.29263588172188815  -0.3465514397165076
9.27  -0.2897778587156928  -0.3488635081677813
9.28  -0.28691855254203413  -0.3511691288535831
9.290000000000001  -0.2840581483211507  -0.35346812198050803
9.3  -0.2811968311903342  -0.35576030866384817
9.31  -0.2783347862937202  -0.358045510947388
9.32  -0.27547219877208945  -0.36032355182307624
9.33  -0.2726092537526619  -0.3625942552505783
9.34  -0.2697461363388938  -0.36485744617670707
9.35  -0.26688303160027743  -0.36711295055472526
9.36  -0.2640201245621411  -0.3693605953635222
9.370000000000001  -0.2611576001954502  -0.3716002086266609
9.38  -0.25829564340662053  -0.37383161943128795
9.39  -0.2554344390273191  -0.3760546579469174
9.4  -0.2525741718042854  -0.37826915544406975
9.41  -0.24971502638914783  -0.38047494431277706
9.42  -0.2468571873282483  -0.3826718580809444
9.43  -0.24400083905247344  -0.38485973143256924
9.44  -0.24114616586709067  -0.3870384002258159
9.450000000000001  -0.2382933519415912  -0.38920770151094164
9.46  -0.2354425812995456  -0.3913674735480718
9.47  -0.2325940378084585  -0.39351755582482845
9.48  -0.22974790516963833  -0.3956577890737988
9.49  -0.22690436690807692  -0.39778801528985197
9.5  -0.22406360636233458  -0.399908077747298
9.51  -0.22122580667443853  -0.40201782101688455
9.52  -0.21839115077979226  -0.40411709098263393
9.53  -0.21555982139709268  -0.40620573485851724
9.540000000000001  -0.21273200101826523  -0.40828360120496004
9.55  -0.20990787189840926  -0.41035053994518167
9.56  -0.2070876160457501  -0.41240640238136717
9.57  -0.20427141521161618  -0.41445104121066567
9.58  -0.20145945088042114  -0.41648431054101515
9.59  -0.19865190425966572  -0.41850606590679373
9.6  -0.19584895626995205  -0.4205161642842936
9.61  -0.19305078753501584  -0.42251446410701626
9.620000000000001  -0.19025757837177176  -0.4245008252807865
9.63  -0.1874695087803833  -0.42647510919868536
9.64  -0.1846867584343376  -0.42843717875579934
9.65  -0.1819095066705509  -0.4303868983637825
9.66  -0.17913793247948506  -0.43232413396523306
9.67  -0.17637221449528506  -0.4342487530478792
9.68  -0.17361253098593632  -0.43616062465857586
9.69  -0.17085905984344285  -0.4380596194171089
9.700000000000001  -0.1681119785740226  -0.43994560952980477
9.71  -0.16537146428833227  -0.44181846880294423
9.72  -0.16263769369170117  -0.4436780726559821
9.73  -0.1599108430743998  -0.44552429813456573
9.74  -0.15719108830192396  -0.447357023923354
9.75  -0.15447860480530418  -0.44917613035863513
9.76  -0.15177356757143956  -0.4509814994407431
9.77  -0.14907615113345518  -0.4527730148462664
9.78  -0.14638652956108414  -0.45455056194005417
9.790000000000001  -0.1437048764510761  -0.4563140277870148
9.8  -0.14103136491763368  -0.4580633011637033
9.81  -0.13836616758286802  -0.4597982725697029
9.82  -0.13570945656729044  -0.46151883423879325
9.83  -0.13306140348032633  -0.4632248801499065
9.84  -0.13042217941085785  -0.4649163060378697
9.85  -0.12779195491779663  -0.46659300940393345
9.86  -0.12517090002068296  -0.468254889526083
9.870000000000001  -0.12255918419031742  -0.4699018474691337
9.88  -0.11995697633942365  -0.47153378609460594
9.89  -0.11736444481333358  -0.47315061007038406
9.9  -0.11478175738071522  -0.4747522258801512
9.91  -0.11220908122432394  -0.4763385418326044
9.92  -0.10964658293178914  -0.47790946807044704
9.93  -0.10709442848643322  -0.47946491657915646
9.94  -0.10455278325812264  -0.4810048011955283
9.950000000000001  -0.10202181199415294  -0.48252903761599497
9.96  -0.09950167881017169  -0.4840375434047156
9.97  -0.09699254718112738  -0.48553023800144246
9.98  -0.09449457993226318  -0.4870070427291553
9.99  -0.09200793923013936  -0.4884678808014682
10.0  -0.08953278657369601  -0.4899126773298064
