0.0  2.935479853891464  6.0986970550751645
0.005  3.0099499918839863  6.337715250783046
0.01  3.0835489294648166  6.56585422745718
0.015  3.1562534816781485  6.782741985397475
0.02  3.2280404760812256  6.988026219371425
0.025  3.2988867793180487  7.181374916206608
0.03  3.368769324379199  7.362476916587668
0.035  3.43766513848749  7.531042440091276
0.04  3.505551371547507  7.686803572557629
0.045  3.5724053250955587  7.8295147149636515
0.05  3.6382044816851553  7.958952993031222
0.055  3.7029265346418843  8.074918626873043
0.06  3.7665494181204693  8.17723526004941
0.065  3.8290513373958137  8.265750247480808
0.07  3.890410799319046  8.340334901733819
0.075  3.9506066428689603  8.400884697271247
0.08  4.0096180697287  8.447319432331494
0.085  4.067424674817256  8.479583348176847
0.09  4.124006476705135  8.497645205525359
0.095  4.179343947843541  8.501498318056498
0.1  4.23341804453657  8.49116054295607
0.105  4.286210236586196  8.466674228541635
0.11  4.337702536540268  8.428106119084948
0.115  4.387877528474396  8.375547217023165
0.12  4.436718396239294  8.309112602825415
0.125  4.484208951106147  8.228941212855531
0.13  4.530333658743573  8.135195575645527
0.135  4.575077665460995  8.028061507067186
0.14  4.618426823654628  7.9077477649611865
0.145  4.660367716393743  7.774485663854154
0.15  4.700887681086563  7.628528650463852
0.155  4.739974832166919  7.470151840761296
0.16  4.777618082744707  7.299651519425719
0.165  4.813807165165257  7.117344602594017
0.17  4.848532650424893  6.923568064870313
0.17500000000000002  4.881785966392217  6.71867833162362
0.18  4.913559414787161  6.503050637662002
0.185  4.943846186872256  6.277078353430192
0.19  4.972640377813298  6.041172279934081
0.195  4.99993699966923  5.795759913649786
0.2  5.02573199297394  5.541284682727124
0.20500000000000002  5.050022236875583  5.278205155847
0.21  5.072805557801963  5.006994225139621
0.215  5.094080736623652  4.7281382646151595
0.22  5.113847514289614  4.442136265600834
0.225  5.132106595913326  4.149498950717895
0.23  5.148859653290567  3.850747867968859
0.23500000000000001  5.164109325833478  3.546414466539496
0.24  5.177859219908691  3.237039155951193
0.245  5.190113906570792  2.9231703502277666
0.25  5.200878917685774  2.605363498766108
0.255  5.2101607404424914  2.284180105622528
0.26  5.217966810253671  1.9601867389459602
0.265  5.224305502051332  1.6339540323055646
0.27  5.229186119985068  1.3060556796735554
0.275  5.232618885534883  0.9770674258340515
0.28  5.234614924053852  0.6475660539959116
0.28500000000000003  5.235186249759136  0.3181283723913537
0.29  5.234345749193295  -0.010669798357203275
0.295  5.232107163181132  -0.338254635321938
0.3  5.228485067310563  -0.6640553190314206
0.305  5.223494850969225  -0.9875050331436379
0.31  5.217152694971699  -1.308041956275976
0.315  5.2094755478152575  -1.6251102442528835
0.32  5.200481100605116  -1.9381610010498291
0.325  5.190187760693071  -2.246653236733018
0.33  5.178614624076221  -2.5500548107182954
0.335  5.165781446605273  -2.8478433586994365
0.34  5.151708614054527  -3.1395072016258103
0.34500000000000003  5.136417111108222  -3.4245462351419333
0.35000000000000003  5.119928489320337  -3.7024727979367307
0.355  5.102264834107272  -3.97281251748844
0.36  5.083448730834993  -4.235105131731747
0.365  5.063503230064381  -4.488905285216939
0.37  5.0424518120203645  -4.733783298376775
0.375  5.020318350352312  -4.969325908564769
0.38  4.9971270752547445  -5.195136981579161
0.385  4.972902536019052  -5.410838192439549
0.39  4.9476695630881755  -5.616069674238047
0.395  4.921453229687543  -5.810490633943678
0.4  4.894278813106538  -5.993779934097604
0.405  4.866171755705769  -6.165636639397508
0.41000000000000003  4.837157625726187  -6.325780527231726
0.41500000000000004  4.807262077976618  -6.473952561287933
0.42  4.776510814476834  -6.609915327426569
0.425  4.744929545133519  -6.733453431076175
0.43  4.712543948526624  -6.8443738554759985
0.435  4.67937963288358  -6.9425062801605595
0.44  4.645462097318632  -7.027703359151184
0.445  4.610816693414192  -7.099840958390868
0.45  4.5754685872206275  -7.1588183520307584
0.455  4.539442721750141  -7.204558377249322
0.46  4.502763780039665  -7.237007547358401
0.465  4.465456148856586  -7.256136123023983
0.47000000000000003  4.427543883120035  -7.2619381415033954
0.47500000000000003  4.389050671109135  -7.254431403874511
0.48  4.349999800528145  -7.233657420306696
0.485  4.3104141254968305  -7.199681313496911
0.49  4.2703160345326365  -7.1525916804681255
0.495  4.22972741958934  -7.092500413000273
0.5  4.188669646214799  -7.019542477036775
0.505  4.147163524888337  -6.933875651481621
0.51  4.105229283595848  -6.835680226873276
0.515  4.062886541698438  -6.725158664492098
0.52  4.020154285147793  -6.602535216527233
0.525  3.9770508430987968  -6.468055507997199
0.53  3.9335938659672074  -6.32198608118534
0.535  3.8898003049772787  -6.164613903416824
0.54  3.8456863932412713  -5.996245839067992
0.545  3.801267628409719  -5.817208086761344
0.55  3.7565587569281846  -5.627845582760145
0.555  3.7115737599329863  -5.428521371635613
0.56  3.666325840815125  -5.219615945336676
0.5650000000000001  3.6208274144781982  -5.0015265518472365
0.5700000000000001  3.575090098312752  -4.774666474668774
0.5750000000000001  3.5291247049059917  -4.539464284416802
0.58  3.482941236502235  -4.296363063868057
0.585  3.4365488812260105  -4.045819607841215
0.59  3.389956011076049  -3.7883035993376866
0.595  3.3431701816947847  -3.5242967634096556
0.6  3.2961981339144897  -3.2542920002613327
0.605  3.249045797077348  -2.9787924991248045
0.61  3.201718294123309  -2.6983108344850173
0.615  3.1542199484358138  -2.4133680462585287
0.62  3.1065542924319867  -2.124492705558131
0.625  3.05872407788018  -1.8322199676997637
0.63  3.0107312879243233  -1.5370906141298304
0.635  2.962577150790916  -1.2396500849695096
0.64  2.9142621551510937  -0.9404475038882799
0.645  2.8657860671067406  -0.6400346970314167
0.65  2.8171479487662583  -0.33896520773572664
0.655  2.768346178372358  -0.03779330877435136
0.66  2.7193784719409475  0.26292698612533694
0.665  2.6702419063670972  0.5626429097461715
0.67  2.6209329439510034  0.8608039260862661
0.675  2.571447458293885  1.1568627105687785
0.68  2.521780761510941  1.450276124029321
0.685  2.471927632705653  1.7405061787657226
0.6900000000000001  2.421882347647189  2.027020994949975
0.6950000000000001  2.3716387095900293  2.309295745719824
0.7000000000000001  2.3211900811725723  2.5868135892884556
0.705  2.2705294173292763  2.859066586434382
0.71  2.2196492991485575  3.1255566017603478
0.715  2.168541968606888  3.385796187139205
0.72  2.117199364107505  3.6393094457973576
0.725  2.065613156750456  3.8856328755208267
0.73  2.0137747872591976  4.124316189506756
0.735  1.961675503487454  4.354923113423244
0.74  1.909306398428833  4.577032157283007
0.745  1.8566584486505824  4.790237360781367
0.75  1.8037225530718777  4.994149010796549
0.755  1.7504895720063338  5.188394329799861
0.76  1.696950366387711  5.372618133975155
0.765  1.6430958370974005  5.546483459900912
0.77  1.5889169643119865  5.709672158704173
0.775  1.5344048467889888  5.861885456653313
0.78  1.4795507410090503  6.002844481216262
0.785  1.4243461000929372  6.1322907516719365
0.79  1.368782612412164  6.249986633425601
0.795  1.3128522398126299  6.355715755242976
0.8  1.2565472553712573  6.4492833886837015
0.805  1.199860280606666  6.5305167890814895
0.81  1.1427843220657752  6.599265497486281
0.8150000000000001  1.0853128072096188  6.655401603052763
0.8200000000000001  1.0274396195228495  6.698819965429259
0.8250000000000001  0.9691591327730334  6.729438396771733
0.8300000000000001  0.9104662443475018  6.747197803078697
0.835  0.851356407597254  6.752062284614598
0.84  0.7918256631195055  6.74401919526125
0.845  0.7318706689124781  6.723079160709175
0.85  0.6714887293382972  6.689276055473178
0.855  0.6106778228322943  6.642666938788828
0.86  0.5494366282994336  6.5833319495188025
0.865  0.48776455014126513  6.511374160270045
0.87  0.4256617418595554  6.426919390994313
0.875  0.36312912818555376  6.330115982415771
0.88  0.30016842568689617  6.221134529699716
0.885  0.2367821618071254  6.100167576846247
0.89  0.1729736922960331  5.967429272361478
0.895  0.10874721699225673  5.823154986826688
0.9  0.044107793922852745  5.667600893052434
0.905  -0.020938648311958546  5.50104350957022
0.91  -0.08638529989728773  5.323779208278174
0.915  -0.15222446093015027  5.1361236871200315
0.92  -0.21844753433537592  4.938411408737566
0.925  -0.28504502058853126  4.73099500609611
0.93  -0.3520065142597876  4.514244656140242
0.935  -0.41932070238909297  4.288547422592583
0.9400000000000001  -0.48697536469913383  4.054306569062117
0.9450000000000001  -0.5549573756489992  3.811940843680312
0.9500000000000001  -0.6232527083276281  3.56188373653264
0.9550000000000001  -0.6918464401823597  3.30458271120036
0.96  -0.7607227605743041  3.040498411772327
0.965  -0.8298649801483671  2.7701038467290995
0.97  -0.899255542002207  2.493883551141493
0.975  -0.9688760346346867  2.2123327286633896
0.98  -1.0387072066507383  1.9259563748332935
0.985  -1.1087289831960419  1.6352683832312402
0.99  -1.1789204840913527  1.3407906360674406
0.995  -1.2492600436328534  1.0430520808051482
1.0  -1.3197252320215467  0.7425877944447451
1.0050000000000001  -1.3902928783813409  0.4399380371163045
1.01  -1.460939095322272  0.13564729664671937
1.0150000000000001  -1.5316393050021695  -0.16973667421816452
1.02  -1.6023682666369456  -0.4756638262429304
1.025  -1.6731001054068795  -0.7815827860816262
1.03  -1.7438083427032356  -1.0869418308976178
1.035  -1.814465927656968  -1.3911898635126003
1.04  -1.8850452698886508  -1.6937773863730086
1.045  -1.955518273416103  -1.9941574726240288
1.05  -2.0258563716541165  -2.291786732588423
1.055  -2.096030563438162  -2.5861262739547475
1.06  -2.166011450002111  -2.8766426539924344
1.065  -2.235769272837876  -3.1628088221248434
1.07  -2.3052739523632435  -3.444105051209817
1.075  -2.374495127322387  -3.7200198558968887
1.08  -2.4434021948421543  -3.9900508964543477
1.085  -2.51196435106583  -4.253705866484683
1.09  -2.580150632284971  -4.5105033629764995
1.095  -2.647929956488781  -4.759973737171786
1.1  -2.715271165249842  -5.001659924762438
1.105  -2.782143065864072  -5.235118253965676
1.11  -2.8485144736625965  -5.459919230068439
1.115  -2.914354254412526  -5.675648295071506
1.12  -2.979631366723789  -5.881906561108993
1.125  -3.044314904378919  -6.078311516364727
1.1300000000000001  -3.108374138503016  -6.2644977022560555
1.135  -3.1717785594913583  -6.44011736070597
1.1400000000000001  -3.2344979186127096  -6.604841050377654
1.145  -3.2965022692069614  -6.758358230799799
1.1500000000000001  -3.3577620073967243  -6.900377813368092
1.155  -3.418247912233298  -7.030628678266163
1.16  -3.4779311851988566  -7.148860156409597
1.165  -3.5367834889877896  -7.254842475577874
1.17  -3.594776985491764  -7.348367169962072
1.175  -3.651884372914732  -7.42924745242062
1.18  -3.708078921945754  -7.497318548800508
1.185  -3.7633345109196585  -7.552437993748199
1.19  -3.8176256598974465  -7.594485887501825
1.195  -3.8709275636007305  -7.623365113224744
1.2  -3.9232161231367386  -7.639001514509559
1.205  -3.974467976453023  -7.64134403275147
1.21  -4.024660527463484  -7.630364804160061
1.215  -4.073771973790198  -7.6060592162491485
1.22  -4.121781333068274  -7.568445923715255
1.225  -4.168668467764014  -7.517566823686095
1.23  -4.214414108459572  -7.453486990391557
1.235  -4.258999875560665  -7.376294569380358
1.24  -4.302408299386895  -7.286100631476241
1.245  -4.344622838607758  -7.183038986737706
1.25  -4.38562789699069  -7.06726595875502
1.2550000000000001  -4.425408838431051  -6.938960119687346
1.26  -4.463952000237386  -6.798321986511177
1.2650000000000001  -4.501244704648984  -6.645573679018727
1.27  -4.537275268566294  -6.480958540171603
1.2750000000000001  -4.572033011478496  -6.304740719480259
1.28  -4.60550826157613  -6.117204720144331
1.285  -4.637692360040552  -5.9186549107515
1.29  -4.668577663505561  -5.709415002394295
1.295  -4.698157544690369  -5.489827492124266
1.3  -4.726426391206887  -5.260253073720865
1.305  -4.753379602547887  -5.021070016809679
1.31  -4.77901358526648  -4.772673515418696
1.315  -4.803325746360942  -4.515475007114829
1.32  -4.826314484882654  -4.249901463913072
1.325  -4.847979181788496  -3.976394656200138
1.33  -4.868320188062713  -3.695410390960163
1.335  -4.887338811136681  -3.407417725635162
1.34  -4.905037299638592  -3.1128981589940627
1.345  -4.921418826508415  -2.8123448004244156
1.35  -4.936487470516822  -2.506261519097109
1.355  -4.9502481962300715  -2.195162074489872
1.36  -4.962706832465953  -1.8795692297860822
1.365  -4.9738700492889585  -1.560013849695788
1.37  -4.983745333595885  -1.237033984271349
1.375  -4.992340963345846  -0.9111739403147245
1.3800000000000001  -4.99966598049146  -0.5829833419935925
1.385  -5.0057301626706385  -0.2530161823024728
1.3900000000000001  -5.0105439937208445  0.07817013298058695
1.395  -5.0141186330800815  0.41001574717787925
1.4000000000000001  -5.016465884141197  0.7419593187640099
1.405  -5.017598161628029  1.073438989905995
1.41  -5.017528458064062  1.4038933558088063
1.415  -5.016270309405927  1.732762433182169
1.42  -5.0138377599158295  2.0594886261469245
1.425  -5.010245326348476  2.383517687904825
1.43  -5.005507961529406  2.7042996765027434
1.435  -4.999641017402835  3.021289903034276
1.44  -4.992660207628176  3.3339498706346102
1.445  -4.9845815698051945  3.6417482026420545
1.45  -4.975421427408564  3.9441615583183336
1.455  -4.965196351512997  4.240675534542818
1.46  -4.95392312239058  4.5307855519201405
1.465  -4.941618691062084  4.813997723769139
1.47  -4.928300140884104  5.08982970649071
1.475  -4.913984649253602  5.357811529845935
1.48  -4.898689449511338  5.6174864057104505
1.485  -4.882431793124888  5.868411513910089
1.49  -4.865228912231631  6.110158763782196
1.495  -4.847097982620955  6.342315530150605
1.5  -4.828056087234176  6.564485362446614
1.5050000000000001  -4.808120180259398  6.77628866575608
1.51  -4.787307051897281  6.977363352621394
1.5150000000000001  -4.765633293872206  7.167365464479073
1.52  -4.743115265761692  7.345969761666244
1.5250000000000001  -4.71976906221523  7.512870280984931
1.53  -4.695610481131641  7.667780859869323
1.5350000000000001  -4.670654992862147  7.810435626259985
1.54  -4.644917710504076  7.940589453348632
1.545  -4.618413361347786  8.058018378418556
1.55  -4.591156259536951  8.162519985068426
1.555  -4.563160279999775  8.253913748171037
1.56  -4.534438833705954  8.332041340983576
1.565  -4.50500484430145  8.396766903891804
1.57  -4.474870726170125  8.447977274337493
1.575  -4.444048363968389  8.485582177545929
1.58  -4.412549093675718  8.50951437773841
1.585  -4.3803836852008935  8.519729789583515
1.59  -4.347562326580294  8.51620754970981
1.595  -4.314094609801435  8.498950048172185
1.6  -4.279989518281328  8.467982919833359
1.605  -4.245255416025844  8.423354995691739
1.61  -4.209900038492656  8.36513821425618
1.615  -4.1739304851768075  8.293427493137486
1.62  -4.137353213934236  8.20834056109528
1.625  -4.100174037054973  8.110017750847494
1.6300000000000001  -4.062398119094033  7.998621753017335
1.635  -4.024029976464311  7.874337331660131
1.6400000000000001  -3.9850734787920405  7.737371001878402
1.645  -3.945531852031766  7.587950670099421
1.6500000000000001  -3.905407683333926  7.426325237653552
1.655  -3.8647029276545846  7.252764168355302
1.6600000000000001  -3.823418916093066  7.067557020850686
1.665  -3.781556365939726  6.871012946555585
1.67  -3.7391153924123772  6.663460154068615
1.675  -3.696095522056385  6.445245340999958
1.68  -3.6524957077799822  6.216733094213425
1.685  -3.6083143454927744  5.978305259533212
1.69  -3.5635492923122305  5.730360282019463
1.695  -3.5181978862994017  5.473312517966695
1.7  -3.472256967682166  5.207591519828091
1.705  -3.4257229015208575  4.933641295314378
1.71  -3.3785916017683992  4.651919541960677
1.715  -3.330858556673827  4.362896858495934
1.72  -3.2825188554755083  4.067055934389658
1.725  -3.2335672163274403  3.764890718987019
1.73  -3.183998015399533  3.4569055716789694
1.735  -3.133805317090183  3.143614394584863
1.74  -3.082982905287224  2.8255397492558965
1.745  -3.0315243156109877  2.5032119589333544
1.75  -2.9794228685711888  2.1771681979208903
1.7550000000000001  -2.9266717035673713  1.8479515696505613
1.76  -2.873263813660913  1.5161101750420385
1.7650000000000001  -2.819192081044808  1.182196172769415
1.77  -2.764449313136112  0.8467648330640666
1.7750000000000001  -2.7090282792144595  0.5103735866914588
1.78  -2.652921747528943  0.17358107074812945
1.7850000000000001  -2.596122522794565  -0.1630538270712102
1.79  -2.5386234839987263  -0.49897292408395316
1.795  -2.4804176224373755  -0.8336196964564737
1.8  -2.4214980798999823  -1.1664402296205103
1.805  -2.3618581869221944  -1.4968841636288228
1.81  -2.301491501024663  -1.8244056318198139
1.815  -2.2403918448567492  -2.1484641911727627
1.82  -2.1785533441636495  -2.4685257427513907
1.825  -2.1159704654961606  -2.7840634406506393
1.83  -2.052638053582354  -3.0945585878832627
1.835  -1.9885513682814726  -3.3995015176654495
1.84  -1.923706121040853  -3.698392458587652
1.845  -1.858098510777839  -3.99074238218481
1.85  -1.7917252591096924  -4.276073831452242
1.855  -1.7245836448558052  -4.553921728886374
1.86  -1.6566715377379382  -4.823834162666851
1.865  -1.587987431205871  -5.085373149634062
1.87  -1.5185304743175114  -5.338115373758069
1.875  -1.4483005026044453  -5.581652898837246
1.8800000000000001  -1.3772980678558784  -5.8155938542110714
1.885  -1.3055244667562134  -6.039563092318187
1.8900000000000001  -1.232981768313607  -6.25320281698096
1.895  -1.159672840019473  -6.45617318134846
1.9000000000000001  -1.0856013726813063  -6.6481528544835236
1.905  -1.010771903873946  -6.828839555633885
1.9100000000000001  -0.9351898399570739  -6.997950555284385
1.915  -0.8588614766097882  -7.1552231421448536
1.92  -0.7817940178358882  -7.300415055288063
1.925  -0.7039955933967069  -7.433304880712742
1.93  -0.6254752746314534  -7.553692411668787
1.935  -0.5462430886281968  -7.661398972144886
1.94  -0.4663100307121223  -7.756267702982754
1.945  -0.3856880752207772  -7.838163810147596
1.95  -0.3043901845398642  -7.906974774749667
1.955  -0.22243031637615251  -7.962610524478792
1.96  -0.13982342924809477  -8.005003566180331
1.965  -0.056585486177921474  -8.034109079368701
1.97  0.027266543427135415  -8.049904970542277
1.975  0.11171468371337578  -8.05239188823144
1.98  0.1967399541440591  -8.041593198779584
1.985  0.2823223730893277  -8.017554922924827
1.99  0.3684409632404101  -7.980345633318136
1.995  0.4550737588424233  -7.930056313180953
2.0  0.5421978147362841  -7.866800176372722
2.005  0.6297892171968608  -7.790712449205317
2.0100000000000002  0.7178230965506328  -7.701950114407402
2.015  0.8062736415528081  -7.600691617707161
2.02  0.8951141155003308  -7.487136537565956
2.025  0.9843168740536007  -7.361505218659585
2.0300000000000002  1.0738533847365603  -7.224038369765417
2.035  1.1636942480812762  -7.0749966267758575
2.04  1.253809220380198  -6.914660081617496
2.045  1.3441672380056335  -6.74332777791506
2.05  1.4347364432534233  -6.561317174295202
2.055  1.5254842116644585  -6.368963576281717
2.06  1.6163771807748697  -6.166619537786748
2.065  1.707381280243088  -5.954654233255213
2.07  1.7984617632990396  -5.733452801569504
2.075  1.8895832394583558  -5.503415662870012
2.08  1.9807097084420136  -5.2649578094932785
2.085  2.0718045952395205  -5.018508072272958
2.09  2.1628307862514315  -4.764508363492286
2.095  2.253750666445146  -4.503412897814452
2.1  2.3445261574558303  -4.235687392556589
2.105  2.4351187565627637  -3.9618082487060784
2.11  2.5254895764694663  -3.6822617141125558
2.115  2.6155993858148436  -3.3975430303168856
2.12  2.705408650340961  -3.1081555645078565
2.125  2.7948775746421495  -2.814609928120178
2.13  2.883966144418899  -2.517423083611771
2.1350000000000002  2.9726341691593237  -2.2171174409762275
2.14  3.060841325170167  -1.914219945563816
2.145  3.148547198878947  -1.6092611587988177
2.15  3.235711330328237  -1.3027743333917214
2.1550000000000002  3.322293256783108  -0.9952944846542261
2.16  3.408252556372522  -0.6873574595297918
2.165  3.4935488916858626  -0.3794990049565057
2.17  3.5781420532456325  -0.07225383717842537
2.1750000000000003  3.6619920027782973  0.23384528638017388
2.18  3.745058916205458  0.5382684910696625
2.185  3.8273032262786293  0.8404897031981375
2.19  3.9086856647814683  1.139987560853587
2.195  3.9891673042247606  1.4362463157890195
2.2  4.068709598960368  1.728756724811297
2.205  4.147274425641975  2.0170169291334696
2.21  4.224824122961885  2.3005333201717564
2.215  4.30132153059474  2.578821390293246
2.22  4.376730027281003  2.8514065670466144
2.225  4.451013567984802  3.117825029438561
2.23  4.52413672006307  3.3776245048496447
2.235  4.5960646983847795  3.6303650452183236
2.24  4.666763399341736  3.8756197811579884
2.245  4.736199433694605  4.112975652711644
2.25  4.804340158200559  4.342034115489303
2.255  4.871153705971462  4.562411820977145
2.2600000000000002  4.9366090155143665  4.773741269852466
2.265  5.000675858408912  4.9756714371861825
2.27  5.0633248655792205  5.167868368464379
2.275  5.124527552120789  5.350015745410363
2.2800000000000002  5.184256340646108  5.5218154206432635
2.285  5.242484583115822  5.682987920262184
2.29  5.299186581125583  5.833272913502583
2.295  5.354337604621834  5.972429648667489
2.3000000000000003  5.4079139090233665  6.100237354596684
2.305  5.4598927507286135  6.216495606995795
2.31  5.510252400992274  6.321024659009707
2.315  5.558972158158067  6.41366573548597
2.32  5.606032358238091  6.494281290438128
2.325  5.651414383832553  6.562755227282302
2.33  5.695100671387221  6.618993081485473
2.335  5.737074716789347  6.6629221653293875
2.34  5.777321079306261  6.6944916745595435
2.345  5.81582538387433  6.7136727567553764
2.35  5.852574321749304  6.720458541323948
2.355  5.88755564953254  6.714864131086287
2.36  5.920758186590815  6.696926555492059
2.365  5.952171810890848  6.66670468556489
2.37  5.9817874532727835  6.624279110747042
2.375  6.009597090190151  6.5697519778780284
2.38  6.035593734946839  6.503246792607654
2.3850000000000002  6.059771427464698  6.424908183608648
2.39  6.082125222618326  6.334901630018799
2.395  6.102651177176503  6.233413152605871
2.4  6.121346335392361  6.120648969211378
2.4050000000000002  6.138208713287259  5.996835115091214
2.41  6.153237281675693  5.862217028831443
2.415  6.166431947981224  5.7170591045773405
2.42  6.177793536895528  5.561644211371636
2.4250000000000003  6.187323769935114  5.396273180454993
2.43  6.195025243952179  5.221264261436516
2.435  6.200901408658164  5.03695254829624
2.44  6.2049565432203  4.843689376233026
2.445  6.2071957319931945  4.6418416904219475
2.45  6.207624839449091  4.431791387793176
2.455  6.20625048437174  4.2139346329908305
2.46  6.203080013380216  3.9886811497148256
2.465  6.1981214738500165  3.756453488690592
2.47  6.191383586299836  3.517686273552246
2.475  6.182875716313161  3.2728254259616847
2.48  6.172607846064494  3.0223273713226106
2.485  6.160590545520555  2.7666582264807826
2.49  6.146834943387107  2.506292970833394
2.495  6.131352697872255  2.2417146022977
2.5  6.114155967337078  1.9734132796157824
2.505  6.095257380904385  1.7018854524947031
2.5100000000000002  6.07467000909598  1.4276329811024762
2.515  6.052407334568512  1.1511622464579594
2.52  6.028483223017245  0.872983253267402
2.525  6.002911894316463  0.5936087267746606
2.5300000000000002  5.975707893964204  0.3135532051996194
2.535  5.946886064898036  0.03333212934886379
2.54  5.916461519747291  -0.24653906901541373
2.545  5.88444961358595  -0.5255458784580715
2.5500000000000003  5.850865917248745  -0.8031756172187643
2.555  5.815726191271494  -1.0789183390397161
2.56  5.779046360514859  -1.3522677338975755
2.565  5.740842489528885  -1.6227220220700955
2.57  5.701130758713552  -1.8897848399829684
2.575  5.659927441328536  -2.152966116294964
2.58  5.617248881403007  -2.411782936697792
2.585  5.573111472593932  -2.6657603959276925
2.59  5.527531638038924  -2.9144324355065923
2.595  5.480525811247  -3.157342665758174
2.6  5.432110418068001  -3.39404517066971
2.605  5.3823018597785275  -3.6241052942027743
2.61  5.331116497319554  -3.847100406686339
2.615  5.278570636717809  -4.062620649962851
2.62  5.224680515720011  -4.270269659993149
2.625  5.16946229166604  -4.469665265667413
2.63  5.112932030623892  -4.660440162609107
2.6350000000000002  5.055105697806193  -4.842242560803948
2.64  4.995999149284753  -5.014736804931185
2.645  4.935628125016209  -5.17760396632178
2.65  4.874008243188943  -5.330542405518179
2.6550000000000002  4.811154995897599  -5.473268304460965
2.66  4.747083746148656  -5.605516167381261
2.665  4.681809726196798  -5.727039289531652
2.67  4.615348037208742  -5.837610192944855
2.6750000000000003  4.547713650247735  -5.937021028466278
2.68  4.478921408568577  -6.025083943365812
2.685  4.408986031209729  -6.101631413893527
2.69  4.337922117865976  -6.1665165422052866
2.695  4.26574415502148  -6.219613317145902
2.7  4.19246652332035  -6.260816838440448
2.705  4.1181035061482625  -6.290043503907844
2.71  4.042669299395858  -6.307231159374961
2.715  3.9661780223716  -6.312339211034324
2.72  3.8886437298285634  -6.305348700053592
2.725  3.8100804250671985  -6.286262339310601
2.73  3.73050207407281  -6.255104512193298
2.735  3.6499226206441886  -6.211921233469841
2.74  3.5683560024670866  -6.1567800722997905
2.745  3.485816168083601  -6.089770037523026
2.75  3.4023170947063455  -6.011001425428345
2.755  3.3178728068238335  -5.92060563026876
2.7600000000000002  3.2324973955414436  -5.818734917855065
2.765  3.1462050386003018  -5.705562162623259
2.77  3.0590100210141933  -5.5812805486343535
2.775  2.9709267562634682  -5.446103235028229
2.7800000000000002  2.8819698079825002  -5.300262986513891
2.785  2.792153912076431  -5.144011769539962
2.79  2.7014939992009888  -4.977620314847532
2.795  2.610005217538389  -4.801377647167027
2.8000000000000003  2.5177029558011013  -4.615590582876218
2.805  2.424602866394198  -4.420583196493252
2.81  2.330720888666451  -4.2166962569311615
2.815  2.2360732721797816  -4.004286634494125
2.82  2.1406765999258277  -3.7837266796448628
2.825  2.044547811418703  -3.555403574622568
2.83  1.9477042255923045  -3.31971865903721
2.835  1.8501635634309395  -3.0770867306105822
2.84  1.7519439702622108  -2.8279353222788703
2.845  1.6530640376411196  -2.572703956910498
2.85  1.553542824755426  -2.311843380933653
2.855  1.4533998792823741  -2.045814778202317
2.86  1.3526552576281694  -1.7750889654660416
2.865  1.2513295444824568  -1.500145570838223
2.87  1.1494438716210498  -1.2214721966891726
2.875  1.047019935891674  -0.9395635684150108
2.88  0.944080016318784  -0.6549206705602122
2.8850000000000002  0.8406469902652425  -0.3680498717910988
2.89  0.7367443485903448  -0.07946204023892967
2.895  0.6323962097452883  0.21032834925371813
2.9  0.5276273327498879  0.5008041144346733
2.9050000000000002  0.42246312899563404  0.791446269932071
2.91  0.3169296728232518  1.0817349349646341
2.915  0.21105371082472618  1.3711502428976614
2.92  0.10486266982267872  1.6591732510676507
2.9250000000000003  -0.0016153365174592094  1.9452868492971895
2.93  -0.10835150248445313  2.228976665525013
2.935  -0.21531632656640515  2.509731966980052
2.94  -0.322479609179899  2.787046555336826
2.945  -0.42981045191642364  3.060419654299179
2.95  -0.5372772583355974  3.329356788072943
2.955  -0.6448477363320986  3.5933706492037714
2.96  -0.75248890209954  3.85198195427428
2.965  -0.8601670857111892  4.104720285976206
2.97  -0.9678479383343691  4.351124920096012
2.975  -1.0754964410913677  4.590745635979386
2.98  -1.183076915576755  4.823143509067499
2.985  -1.2905530360370228  5.047891684129729
2.99  -1.3978878432150434  5.264576127849938
2.995  -1.5050437598583741  5.472796359460052
3.0  -1.6119826078866186  5.672166158151468
3.005  -1.7186656272095755  5.86231424603573
3.0100000000000002  -1.8250534961842102  6.042884945467437
3.015  -1.931106353694847  6.213538809586831
3.02  -2.0367838228377413  6.373953224986123
3.025  -2.142045036186881  6.523822985450432
3.0300000000000002  -2.2468486626152084  6.662860835775733
3.035  -2.351152935641196  6.7907979847161934
3.04  -2.454915683267832  6.907384586168019
3.045  -2.5580943592773115  7.0123901877501975
3.0500000000000003  -2.6606460759414334  7.10560414600014
3.055  -2.762527638104657  7.18683600745857
3.06  -2.863695578593368  7.2559158549779275
3.065  -2.964106194901691  7.3126946186474235
3.0700000000000003  -3.0637155871015738  7.35704435078989
3.075  -3.162479696921377  7.388858464546737
3.08  -3.260354347934902  7.4080519356306045
3.085  -3.357295286799699  7.414561466888597
3.09  -3.453258225480942  7.408345615383054
3.095  -3.548198884394971  7.3893848817616385
3.1  -3.642073036403674  7.357681761753377
3.105  -3.7348365515892428  7.313260759692641
3.11  -3.8264454427363135  7.256168364038568
3.115  -3.9168559114466373  7.1864729849229185
3.12  -4.006024394809761  7.104264853824888
3.125  -4.0939076125513205  7.0096558855365805
3.13  -4.180462614579169  6.902779502648097
3.1350000000000002  -4.265646828846065  6.78379042284566
3.14  -4.349418109446517  6.652864409380342
3.145  -4.4317347848645126  6.5101979851286105
3.15  -4.5125557062874515  6.356008110728523
3.1550000000000002  -4.591840295901561  6.190531827337654
3.16  -4.6695485950829205  6.014025864619497
3.165  -4.745641312398295  5.826766214625397
3.17  -4.820079871329497  5.629047672297712
3.1750000000000003  -4.892826457634976  5.421183343377777
3.18  -4.963844066262661  5.203504120557998
3.185  -5.0330965477281975  4.976358128772807
3.19  -5.100548653873161  4.740110140575974
3.1950000000000003  -5.166166082918787  4.495140962603841
3.2  -5.229915523731101  4.241846794173824
3.205  -5.291764699214807  3.9806385591150675
3.21  -5.351682408754108  3.71194121197583
3.215  -5.409638569620025  3.4361930197946684
3.22  -5.465604257265449  3.1538448206662557
3.225  -5.5195517444304825  2.865359260371677
3.23  -5.571454538982765  2.5712100083817253
3.235  -5.621287420419203  2.2718809545769023
3.24  -5.669026474957636  1.9678653880617922
3.245  -5.71464912914944  1.6596651594816323
3.25  -5.758134181946194  1.3477898282783878
3.255  -5.799461835156241  1.0327557963491047
3.2600000000000002  -5.838613722229586  0.7150854295933647
3.265  -5.87557293531231  0.3953061688576278
3.27  -5.91032405051482  0.07394963180185621
3.275  -5.942853151340912  -0.24844929276831496
3.2800000000000002  -5.973147850228162  -0.5713533565500812
3.285  -6.001197308153127  -0.8942238678056569
3.29  -6.026992252258333  -1.2165216102660796
3.295  -6.050524991461449  -1.5377077632965381
3.3000000000000003  -6.0717894300104795  -1.857244821743572
3.305  -6.090781078952555  -2.1745975138822904
3.31  -6.107497065487496  -2.4892337158872118
3.315  -6.121936140180994  -2.8006253612535357
3.3200000000000003  -6.1340986820162895  -3.1082493436066057
3.325  -6.143986701266748  -3.4115884113463473
3.33  -6.15160384017592  -3.7101320525889117
3.335  -6.156955371435416  -4.003377368883244
3.34  -6.16004819445492  -4.2908299361994295
3.345  -6.160890829422683  -4.572004651708242
3.35  -6.159493409158743  -4.846426564893925
3.355  -6.155867668767141  -5.11363169157108
3.36  -6.150026933097412  -5.373167809403288
3.365  -6.14198610202948  -5.624595233555054
3.37  -6.131761633600205  -5.8674875711406
3.375  -6.119371524993525  -6.1014324531711415
3.38  -6.104835291420276  -6.3260322427388305
3.3850000000000002  -6.088173942917347  -6.540904718218123
3.39  -6.069409959099785  -6.745683730306504
3.395  -6.048567261903157  -6.940019831772458
3.4  -6.025671186357053  -7.123580878824669
3.4050000000000002  -6.000748449434287  -7.296052603065065
3.41  -5.973827117023879  -7.457139153039231
3.415  -5.9449365690791  -7.606563604449208
3.42  -5.914107462995569  -7.744068438147887
3.4250000000000003  -5.881371695277197  -7.8694159850889855
3.43  -5.846762361551132  -7.982388837463866
3.435  -5.8103137149958615  -8.08279022531382
3.44  -5.7720611232493  -8.170444357966128
3.4450000000000003  -5.732041023866738  -8.24519672970224
3.45  -5.69029087840087  -8.306914389127988
3.455  -5.646849125178764  -8.355486171778077
3.46  -5.601755130852959  -8.390822895549853
3.465  -5.555049140806049  -8.412857518625616
3.47  -5.506772228490117  -8.421545259606807
3.475  -5.456966243784394  -8.416863679648388
3.48  -5.405673760456112  -8.398812726447051
3.485  -5.352938022811199  -8.36741474000225
3.49  -5.298802891622871  -8.322714420134838
3.495  -5.243312789427278  -8.264778755813738
3.5  -5.186512645276629  -8.193696916406646
3.505  -5.128447839041017  -8.109580105036216
3.5100000000000002  -5.069164145350846  -8.01256137428833
3.515  -5.008707677272479  -7.90279540458375
3.52  -4.947124829809834  -7.7804582455883535
3.525  -4.884462223325201  -7.645747021101306
3.5300000000000002  -4.820766646972216  -7.498879597922479
3.535  -4.7560850022341095  -7.34009421926327
3.54  -4.690464246659683  -7.169649103324884
3.545  -4.6239513378892685  -6.987822007729299
3.5500000000000003  -4.55659317806205  -6.794909760545516
3.555  -4.488436558695307  -6.591227758712532
3.56  -4.41952810612516  -6.377109434715086
3.565  -4.349914227597185  -6.152905692424434
3.5700000000000003  -4.279641058093848  -5.918984313068014
3.575  -4.208754407984318  -5.675729332344442
3.58  -4.137299711580298  -5.423540389749082
3.585  -4.065321976679943  -5.162832051223782
3.59  -3.9928657351797843  -4.894033106290388
3.595  -3.9199749948323386  -4.6175858408708645
3.6  -3.8466931922250804  -4.333945287040027
3.605  -3.773063147053686  -4.043578450994854
3.61  -3.6991270177601177  -3.746963520564104
3.615  -3.6249262586033915  -3.444589053614913
3.62  -3.550501578227891  -3.136953148748235
3.625  -3.4758928997913694  -2.8245625997032615
3.63  -3.401139322711535  -2.507932034921403
3.6350000000000002  -3.3262790860871068  -2.187583043744307
3.64  -3.2513495338458984  -1.8640432907440752
3.645  -3.176387081668971  -1.5378456197046662
3.65  -3.1014271857368847  -1.209527148790851
3.6550000000000002  -3.0265043133399914  -0.8796283584569713
3.66  -2.9516519153916763  -0.5486921736595899
3.665  -2.8769024008792687  -0.21726304194879786
3.67  -2.8022871132840463  0.11411399098039188
3.6750000000000003  -2.7278363089977935  0.44489420669004937
3.68  -2.653579137759516  0.7745341387673544
3.685  -2.579543625132154  1.1024924953711541
3.69  -2.505756657035323  1.428231077974244
3.6950000000000003  -2.4322439663459825  1.7512156947241246
3.7  -2.359030121575317  2.070917066854556
3.705  -2.286138517625923  2.3868117265926823
3.71  -2.213591368629674  2.6983829050191224
3.715  -2.14140970286276  3.005121408358033
3.72  -2.0696133597302087  3.3065264811917316
3.725  -1.9982209888088507  3.6021066551184844
3.73  -1.927250050933364  3.8913805813959153
3.735  -1.856716821306565  4.173877846140571
3.74  -1.7866363946113832  4.449139766683508
3.745  -1.7170226920980527  4.716720167714876
3.75  -1.6478884706167207  4.976186135884264
3.755  -1.5792453335619483  5.227118751561271
3.7600000000000002  -1.5111037436922476  5.469113796499407
3.765  -1.443473037784396  5.701782436188082
3.77  -1.3763614430787663  5.924751875721356
3.775  -1.30977609546927  6.137665988056295
3.7800000000000002  -1.2437230593877322  6.3401859135829675
3.785  -1.1782073493302037  6.5319906299757315
3.79  -1.113232952969363  6.712777491348131
3.795  -1.0488028557946998  6.882262735784929
3.8000000000000003  -0.9849190672195876  7.04018196038057
3.805  -0.9215826480916489  7.18629056296821
3.81  -0.8587937395406896  7.3203641497815655
3.815  -0.7965515930963123  7.442198908349621
3.8200000000000003  -0.7348546020049637  7.55161194498491
3.825  -0.6737003336747163  7.648441586286238
3.83  -0.6130855631739263  7.732547644139325
3.835  -0.5530063077085218  7.803811643761177
3.84  -0.4934578620013125  7.862137014397855
3.845  -0.4344348344951209  7.907449242349724
3.85  -0.3759311843008488  7.93969598606283
3.855  -0.31794025881024623  7.958847153090776
3.86  -0.26045483189258145  7.964894938796807
3.865  -0.20346714259386245  7.957853826732024
3.87  -0.14696893425652302  7.9377605506915065
3.875  -0.09095149397753677  7.9046740185163
3.88  -0.03540569232252688  7.858675197775051
3.8850000000000002  0.019677976786231843  7.799866963524856
3.89  0.07430935608998601  7.72837390841652
3.895  0.12849858500364864  7.644342115473642
3.9  0.18225605969665004  7.547938893940451
3.9050000000000002  0.23559239332517745  7.439352478655935
3.91  0.2885183764950285  7.3187916934754185
3.915  0.34104493803366237  7.1864855793226265
3.92  0.3931831061486305  7.042682987516272
3.9250000000000003  0.44494397004817404  6.887652139074985
3.93  0.49633864209849793  6.721680150764112
3.935  0.5473782205904132  6.545072528703245
3.94  0.5980737531861051  6.358152630412391
3.9450000000000003  0.648436201115336  6.161261096226282
3.95  0.6984764041876945  5.954755251061224
3.955  0.7482050466858146  5.739008477569419
3.96  0.7976326242019608  5.514409561764946
3.9650000000000003  0.8467694114778099  5.281362012254131
3.97  0.8956254313050088  5.040283354247338
3.975  0.9442104245411719  4.791604399574144
3.98  0.9925338212932354  4.535768493964632
3.985  1.0406047133174758  4.273230742899313
3.99  1.0884318276820977  4.004457217366692
3.995  1.1360235017357498  3.7299241409040125
4.0  1.1833876594218113  3.4501170593258106
4.005  1.2305317889754062  3.1655299945796536
4.01  1.2774629220366058  2.876664584191396
4.015  1.324187614210139  2.5840292077901887
4.0200000000000005  1.370711927098644  2.2881381022255285
4.025  1.4170414118327226  1.9895104668073915
4.03  1.4631810941182088  1.6886695602185346
4.035  1.509135460817125  1.3861417906628826
4.04  1.554908448075397  1.0824558008254854
4.045  1.6005034310073165  0.7781415492278313
4.05  1.6459232149426022  0.47372938957022626
4.055  1.6911700282390232  0.1697491496552168
4.0600000000000005  1.7362455166596151  -0.1332707885116864
4.065  1.781150739310398  -0.43480440585109126
4.07  1.82588616613087  -0.7343289589795539
4.075  1.8704516769261428  -1.031325887038073
4.08  1.914846561926337  -1.3252817110076691
4.085  1.95906952385556  -1.6156889239539791
4.09  2.003118681489244  -1.9020468706572273
4.095  2.046991574675856  -2.1838626151020746
4.1  2.0906851707954126  -2.460651794324151
4.105  2.1341958726246206  -2.731939457131659
4.11  2.177519527574948  -2.9972608862476755
4.115  2.2206514382676485  -3.2561624024467686
4.12  2.2635863744064872  -3.5082021492907307
4.125  2.3063185859062787  -3.752950857101535
4.13  2.34884181723314  -3.9899925848457003
4.135  2.3911493229093015  -4.218925438641494
4.14  2.433233884133325  -4.439362265642124
4.1450000000000005  2.475087826464356  -4.650931322089349
4.15  2.5167030385164733  -4.85327691437653
4.155  2.5580709916078446  -5.046060012008274
4.16  2.5991827603069684  -5.228958831390072
4.165  2.6400290438167424  -5.401669389433801
4.17  2.680600188135747  -5.563906026015595
4.175  2.7208862089341967  -5.71540189437776
4.18  2.7608768150812053  -5.8559094186206995
4.1850000000000005  2.8005614327584483  -5.98520071748865
4.19  2.8399292300946106  -6.103067993710464
4.195  2.8789691422539807  -6.209323888217572
4.2  2.9176698969118626  -6.30380179862063
4.205  2.956020040048985  -6.386356161389255
4.21  2.9940079619967923  -6.456862697241899
4.215  3.0316219236649538  -6.515218619316504
4.22  3.068850082882797  -6.56134280375727
4.225  3.1056805207860068  -6.5951759224179485
4.23  3.1421012681806166  -6.616680537447866
4.235  3.1781003318162098  -6.6258411575930145
4.24  3.2136657205013552  -6.6226642561108475
4.245  3.2487854709945476  -6.607178250264321
4.25  3.2834476736049196  -6.579433442427198
4.255  3.3176404974382074  -6.539501922899442
4.26  3.3513522152242228  -6.487477434598146
4.265  3.3845712276636575  -6.42347519985549
4.2700000000000005  3.4172860872334474  -6.347631709621323
4.275  3.4494855213912574  -6.2601044754332955
4.28  3.4811584551217436  -6.1610717445822525
4.285  3.5122940327687533  -6.05073217896462
4.29  3.5428816390996265  -5.929304498176923
4.295  3.5729109195500985  -5.79702708746954
4.3  3.6023717996001143  -5.654157571238676
4.305  3.631254503233506  -5.500972352794747
4.3100000000000005  3.65954957043665  -5.337766121204997
4.315  3.6872478736938987  -5.164851326065187
4.32  3.7143406334401066  -4.982557621111468
4.325  3.740819432433249  -4.791231277637712
4.33  3.76667622901295  -4.591234568736466
4.335  3.791903369213618  -4.382945125433263
4.34  3.816493597703679  -4.166755265832059
4.345  3.8404400675255586  -3.9430712984381513
4.3500000000000005  3.8637363486139282  -3.7123128008690247
4.355  3.8863764350729757  -3.4749118752083867
4.36  3.9083547511965047  -3.2313123812971387
4.365  3.9296661562177997  -2.981969149296782
4.37  3.95030594777956  -2.7273471728947705
4.375  3.9702698641171628  -2.4679207845574624
4.38  3.989554084952049  -2.2041728142661263
4.385  4.008155231094976  -1.936593733202021
4.39  4.02607036276233  -1.665680783873427
4.3950000000000005  4.0432969766118285  -1.3919370981999357
4.4  4.059833001507136  -1.1158708050931692
4.405  4.075676793024217  -0.8379941290891846
4.41  4.090827126715283  -0.5588224816073811
4.415  4.10528319014938  -0.27887354642036155
4.42  4.119044573751792  0.0013336390671507131
4.425  4.1321112604673775  0.2812796051262314
4.43  4.144483614275984  0.5604453719876208
4.4350000000000005  4.156162367591001  0.8383133714905328
4.44  4.1671486075749264  1.1143683664834279
4.445  4.177443761408626  1.3880983663696762
4.45  4.18704958055358  1.6589955371939322
4.455  4.195968124049077  1.9265571046774714
4.46  4.204201740888778  2.1902862486198322
4.465  4.211753051523451  2.449692987099
4.47  4.218624928539003  2.7042950489206605
4.4750000000000005  4.224820476561102  2.953618732785451
4.48  4.2303430114397145  3.197199751666456
4.485  4.2351960387689065  3.4345840609140366
4.49  4.239383231798933  3.665328668633001
4.495  4.2429084087994955  3.88900242690718
4.5  4.24577550993447  4.105186802479539
4.505  4.2479885737098595  4.313476625530433
4.51  4.2495517130580405  4.513480815235407
4.515  4.250469091122463  4.7048230808227345
4.5200000000000005  4.250744896807907  4.887142596893173
4.525  4.250383320162387  5.0600946518093295
4.53  4.249388527657273  5.223351268008078
4.535  4.247764637432894  5.376601793137472
4.54  4.2455156945771995  5.5195534609703465
4.545  4.242645646505287  5.65193192109936
4.55  4.239158318507664  5.7734817364713455
4.555  4.23505738953506  5.8839668478751355
4.5600000000000005  4.230346368287315  5.983171004553685
4.565  4.225028569673478  6.070898160170509
4.57  4.219107091709764  6.146972833420188
4.575  4.212584792921169  6.2112404326338115
4.58  4.205464270311865  6.26356754379297
4.585  4.197747837968249  6.303842181429444
4.59  4.18943750635764  6.331974001951948
4.595  4.1805349623840184  6.347894479006607
4.6000000000000005  4.17104155026099  6.351557040544144
4.605  4.160958253260374  6.342937167332914
4.61  4.150285676393194  6.322032452724391
4.615  4.139024030077999  6.288862623544933
4.62  4.127173114849226  6.243469522055543
4.625  4.114732307156574  6.185917048989085
4.63  4.101700546303659  6.116291067742312
4.635  4.088076322572224  6.034699269868036
4.64  4.073857666575496  5.941271002080017
4.6450000000000005  4.059042139881682  5.836157055050524
4.65  4.043626826946095  5.719529414347718
4.655  4.027608328387337  5.59158097392526
4.66  4.010982755640269  5.452525212643238
4.665  3.993745727015602  5.302595834363297
4.67  3.975892365192577  5.142046372225514
4.675  3.9574172961684724  4.971149757776521
4.68  3.9383146496852333  4.790197855680856
4.6850000000000005  3.9185780611503884  4.599500964807307
4.69  3.898200675066073  4.399387286542145
4.695  3.8771751499766767  4.190202361237017
4.7  3.8554936649422755  3.972308473757366
4.705  3.833147927541545  3.746084029150758
4.71  3.8101291834043947  3.5119228995067115
4.715  3.786428227271305  3.2702337431317456
4.72  3.7620354155726115  3.021439297211092
4.7250000000000005  3.7369406805177947  2.765975645176858
4.73  3.711133545681171  2.504291460045722
4.735  3.684603143067064  2.236847225032927
4.74  3.6573382316341623  1.9641144327897428
4.745  3.629327217255132  1.6865747646497298
4.75  3.6005581740846457  1.4047192513038957
4.755  3.5710188673051113  1.1190474163596602
4.76  3.540696777216689  0.8300664042678686
4.765  3.5095791246346075  0.5382900941318929
4.7700000000000005  3.4776528975537024  0.24423820093640936
4.775  3.444904879037332  -0.05156463424167901
4.78  3.41132167628434  -0.3485897634586316
4.785  3.37688975082526  -0.6463054589661832
4.79  3.3415954497960314  -0.9441778464966559
4.795  3.305425038234546  -1.2416718431452218
4.8  3.2683647323431453  -1.5382520982134578
4.805  3.230400733657273  -1.8333839353739505
4.8100000000000005  3.1915192640584658  -2.1265342945104617
4.815  3.151706601567264  -2.417172671588759
4.82  3.1109491168497314  -2.704772054915093
4.825  3.0692333103691523  -2.988809856144642
4.83  3.0265458501126448  -3.2687688344105457
4.835  2.98287360982052  -3.544138011953947
4.84  2.938203707644963  -3.814413579651082
4.845  2.8925235451627485  -4.079099790847995
4.8500000000000005  2.8458208466657973  -4.337709841934337
4.855  2.7980836986518987  -4.589766738107943
4.86  2.749300589437117  -4.834804142809407
4.865  2.6994604488106653  -5.07236720932993
4.87  2.648552687651965  -5.302013393128646
4.875  2.596567237429686  -5.523313243426052
4.88  2.543494589501569  -5.73585117267714
4.885  2.4893258341342435  -5.939226202564088
4.89  2.4340526991618767  -6.133052685188426
4.8950000000000005  2.377667588202636  -6.3169609981860315
4.9  2.320163618352673  -6.490598212531182
4.905  2.26153465727718  -6.653628731844422
4.91  2.201775359619304  -6.805734902065676
4.915  2.140881202648317  -6.94661759040719
4.92  2.078848521069175  -7.0759967325518165
4.925  2.0156745409172645  -7.193611847117818
4.93  1.9513574124628736  -7.299222516466833
4.9350000000000005  1.8858962420519005  -7.392608832990751
4.94  1.81929112281055  -7.473571810071489
4.945  1.7515431641436505  -7.541933756969819
4.95  1.682654519958367  -7.597538616960495
4.955  1.6126284155468218  -7.640252268095679
4.96  1.5414691730634469  -7.669962786042355
4.965  1.4691822355354818  -7.686580668505516
4.97  1.3957741893470486  -7.69003902081543
4.9750000000000005  1.3212527851403753  -7.680293702324552
4.98  1.245626957080007  -7.65732343332761
4.985  1.1689068404288923  -7.621129862287011
4.99  1.0911037873884168  -7.571737593214654
4.995  1.012230381156973  -7.509194173130471
5.0  0.932300448165487  -7.433570039587444
