0.0  3.009938337881739  5.684243614252099
0.005  3.102537212402094  5.924261390375651
0.01  3.1941775140223587  6.153643083932577
0.015  3.284819032555153  6.372015964428318
0.02  3.374421668843936  6.579026853286362
0.025  3.462945477310081  6.774342721954318
0.03  3.5503507090780113  6.9576512542980025
0.035  3.636597855603159  7.128661372316684
0.04  3.7216476927259388  7.28710372427764
0.045  3.805461325073532  7.432731134434732
0.05  3.888000230730033  7.565319013563858
0.055  3.9692263060943827  7.684665729617298
0.06  4.0491019108446284  7.790592937869685
0.065  4.127589912926258  7.882945869999828
0.07  4.204653733481739  7.961593581625212
0.075  4.280257391638003  8.02642915787936
0.08  4.354365549068294  8.07736987669628
0.085  4.426943554244748  8.114357329540837
0.09  4.497957486298112  8.137357499398897
0.095  4.567374198401268  8.146360795916435
0.1  4.635161360593631  8.14138204765222
0.105  4.701287501964085  8.122460451484256
0.11  4.765722052110854  8.08965947928545
0.115  4.828435381797612  8.043066742059205
0.12  4.889398842726281  7.982793811800356
0.125  4.948584806348114  7.908976001421108
0.13  5.005966701636167  7.821772103155319
0.135  5.061519051743756  7.721364085927272
0.14  5.115217509475268  7.607956752243035
0.145  5.167038891497563  7.481777355233502
0.15  5.216961211222199  7.343075176547933
0.155  5.264963710290938  7.192121065865385
0.16  5.311026888599259  7.029206942858523
0.165  5.355132532795085  6.854645262509958
0.17  5.39726374319252  6.668768444745252
0.17500000000000002  5.437404959043056  6.471928269409001
0.18  5.47554198210962  6.264495237670866
0.185  5.511661998491706  6.046857901006857
0.19  5.545753598652985  5.8194221589576705
0.195  5.577806795605846  5.58261052692013
0.2  5.607813041210687  5.336861375279838
0.20500000000000002  5.6357652405510885  5.082628141242845
0.21  5.661657764349443  4.820378514771487
0.215  5.685486459391143  4.550593600074242
0.22  5.707248656929027  4.273767054141792
0.225  5.726943179043484  3.9904042038609147
0.23  5.744570342937222  3.701021143274752
0.23500000000000001  5.760131963147618  3.406143812592063
0.24  5.773631351663272  3.106307060579204
0.245  5.785073315935261  2.8020536919970103
0.25  5.794464154777512  2.4939335017700355
0.255  5.801811652154511  2.182502297598078
0.26  5.807125068858557  1.868320912739191
0.265  5.810415132082643  1.5519542107097597
0.27  5.811694022898932  1.2339700836604757
0.275  5.81097536165672  0.9149384461970196
0.28  5.80827419131766  0.5954302264214
0.28500000000000003  5.803606958749816  0.27601635597373975
0.29  5.796991494005978  -0.042733239145083646
0.295  5.78844698761543  -0.36025064519183236
0.3  5.777993965922058  -0.6759709629677385
0.305  5.765654264505358  -0.9893333040100392
0.31  5.751450999724534  -1.2997817789360018
0.315  5.735408538429328  -1.606766476202203
0.32  5.717552465884739  -1.9097444295597303
0.325  5.697909551960115  -2.208180572506826
0.33  5.676507715636356  -2.501548678064443
0.335  5.653375987888168  -2.7893322822269715
0.34  5.628544473001326  -3.071025589470157
0.34500000000000003  5.602044308387862  -3.346134358730781
0.35000000000000003  5.5739076229649855  -3.61417676830794
0.355  5.544167494166125  -3.8746842581738976
0.36  5.512857903655163  -4.127202348223116
0.365  5.4800136918173505  -4.3712914310312545
0.37  5.445670511102647  -4.606527537741848
0.375  5.409864778299455  -4.8325030757463425
0.38  5.3726336258186524  -5.0488275368737225
0.385  5.334014852069779  -5.2551281748587
0.39  5.294046871012821  -5.451050650912236
0.395  5.252768660970684  -5.636259646275054
0.4  5.210219712788733  -5.810439440693673
0.405  5.166439977429052  -5.973294455819124
0.41000000000000003  5.121469813088109  -6.124549762590861
0.41500000000000004  5.075349931927346  -6.263951551732526
0.42  5.028121346506963  -6.391267566551539
0.425  4.979825316013665  -6.506287497301543
0.43  4.9305032923735155  -6.608823336434818
0.435  4.880196866341189  -6.6987096941411135
0.44  4.828947713656955  -6.775804073639659
0.445  4.776797541362516  -6.839987105762396
0.45  4.723788034366505  -6.891162742438407
0.455  4.669960802349892  -6.929258408762267
0.46  4.615357327100922  -6.954225113402114
0.465  4.560018910368228  -6.966037517176878
0.47000000000000003  4.50398662231983  -6.964693959705905
0.47500000000000003  4.447301250694478  -6.950216444108118
0.48  4.390003250730416  -6.922650579801889
0.485  4.33213269595514  -6.882065483530545
0.49  4.273729229917984  -6.828553638812027
0.495  4.21483201894561  -6.762230714084342
0.5  4.155479705998301  -6.68323533989119
0.505  4.095710365703041  -6.591728845524019
0.51  4.0355614606368295  -6.487894955608095
0.515  3.9750697989314325  -6.371939447190457
0.52  3.9142714932680835  -6.244089767956939
0.525  3.853201921327989  -6.104594616273604
0.53  3.791895687761703  -5.953723483814883
0.535  3.730386587737406  -5.791766161606136
0.54  3.6687075721251663  -5.6190322103725086
0.545  3.6068907143710316  -5.435850396148282
0.55  3.54496717911158  -5.242568092161689
0.555  3.482967192576167  -5.039550648069019
0.56  3.420920014820718  -4.827180727668836
0.5650000000000001  3.3588539138333275  -4.6058576162820595
0.5700000000000001  3.2967961415484153  -4.375996499036497
0.5750000000000001  3.2347729118024624  -4.138027711345018
0.58  3.1728093802606505  -3.892395962914935
0.585  3.1109296263400203  -3.639559536671985
0.59  3.049156637150876  -3.3799894640260217
0.595  2.9875122934743414  -3.1141686779461177
0.6  2.9260173577901742  -2.8425911453514745
0.605  2.8646914643649293  -2.565760980359983
0.61  2.803553111406781  -2.28419153996932
0.615  2.742619655289305  -1.9984045037755285
0.62  2.6819073068427333  -1.7089289393614746
0.625  2.621431129707162  -1.4163003550118
0.63  2.5612050407384617  -1.1210597414326773
0.635  2.501241812453695  -0.8237526041730583
0.64  2.4415530774990923  -0.5249279884597254
0.645  2.3821493351198466  -0.22513749817091763
0.65  2.3230399596072524  0.07506568931722832
0.655  2.2642332106951235  0.37512781067066703
0.66  2.20573624587374  0.6744955047799669
0.665  2.1475551345860975  0.9726167998409662
0.67  2.0896948742678165  1.2689420975920966
0.675  2.032159408188614  1.5629251529726964
0.68  1.9749516450500975  1.8540240474755996
0.685  1.9180734802913384  2.1417021544790757
0.6900000000000001  1.8615258190507533  2.4254290948583774
0.6950000000000001  1.8053086007297363  2.704681681194821
0.7000000000000001  1.749420825100725  2.9789448489213837
0.705  1.693860579899701  3.247712572767474
0.71  1.6386250698403826  3.51048876689231
0.715  1.5837106469851068  3.766788167125537
0.72  1.5291128424049454  4.016137193766362
0.725  1.4748263990594277  4.258074793427045
0.73  1.4208453058242956  4.492153258444335
0.735  1.3671628325937286  4.7179390224226125
0.74  1.3137715663818033  4.935013430515121
0.745  1.2606634483463766  5.142973483094708
0.75  1.207829811657113  5.341432551513073
0.755  1.155261420128201  5.530021064697072
0.76  1.1029485075351255  5.708387165382599
0.765  1.050880817533987  5.87619733484044
0.77  0.9990476441011128  6.033136985004517
0.775  0.9474378724100272  6.178911016970688
0.78  0.8960400200625512  6.31324434489394
0.785  0.8448422785904184  6.435882384373016
0.79  0.7938325551437916  6.546591504474495
0.795  0.742998514283151  6.645159442612506
0.8  0.6923276197911855  6.7313956815660445
0.805  0.6418071764218901  6.805131787982673
0.81  0.5914243715044804  6.866221711785357
0.8150000000000001  0.5411663163206722  6.914542045968287
0.8200000000000001  0.4910200871746244  6.949992246337241
0.8250000000000001  0.4409727660760162  6.972494810820759
0.8300000000000001  0.39101148095796756  6.981995418049523
0.835  0.3411234453528027  6.9784630249731485
0.84  0.2912959974503319  6.961889923355573
0.845  0.24151663846490568  6.93229175506263
0.85  0.19177307023936713  6.889707486127798
0.855  0.1420532320160366  6.834199339654544
0.86  0.0923453363068974  6.765852687686011
0.865  0.04263790379745297  6.6847759022447235
0.87  -0.00708020277892385  6.591100165816765
0.875  -0.05681974585687999  6.484979241625861
0.88  -0.10659108140326032  6.366589204113342
0.885  -0.1564041284850084  6.236128130109657
0.89  -0.20626834009332876  6.093815751251949
0.895  -0.2561926752737691  5.93989306826996
0.9  -0.3061855726089022  5.774621927829288
0.905  -0.3562549250971326  5.598284562686464
0.91  -0.40640805646805733  5.411183095974319
0.915  -0.45665169897153207  5.213639010498879
0.92  -0.5069919726742784  5.005992583989945
0.925  -0.5574343662945703  4.788602291306977
0.93  -0.6079837196020323  4.561844174659388
0.935  -0.6586442074062584  4.326111182956201
0.9400000000000001  -0.7094193251543106  4.081812481453516
0.9450000000000001  -0.7603118761538085  3.829372732920098
0.9500000000000001  -0.8113239604346754  3.5692313515907186
0.9550000000000001  -0.862456965259057  3.301841731224182
0.96  -0.9137115572854846  3.0276704486278145
0.965  -0.9650876763896428  2.74719644405277
0.97  -1.0165845311406936  2.4609101799043316
0.975  -1.0682005959285275  2.169312779249086
0.98  -1.1199336097337906  1.8729151456354978
0.985  -1.1717805765291274  1.5722370657765377
0.99  -1.223737767296599  1.2678062966728052
0.995  -1.2758007236428703  0.9601576387806521
1.0  -1.327964262990447  0.6498319968543486
1.0050000000000001  -1.3802224853199438  0.3373754301115627
1.01  -1.4325687814351893  0.023338193390270323
1.0150000000000001  -1.4849958427198402  -0.2917262290204763
1.02  -1.5374956723510955  -0.6072620951804268
1.025  -1.5900595979332361  -0.9227123812248369
1.03  -1.6426782855106996  -1.2375197593071727
1.035  -1.6953417549177652  -1.5511275760442156
1.04  -1.7480393964192347  -1.862980829749867
1.045  -1.80075998859381  -2.1725271447459273
1.05  -1.8534917174096734  -2.4792177410451712
1.055  -1.9062221964391846  -2.782508397709395
1.06  -1.9589384881576417  -3.0818604081980676
1.065  -2.011627126268827  -3.376741526036823
1.07  -2.064274138998232  -3.6666268991535276
1.075  -2.1168650732930043  -3.950999991249266
1.08  -2.1693850198660085  -4.229353488595672
1.085  -2.2218186390199137  -4.501190190675395
1.09  -2.2741501871858363  -4.766023883112057
1.095  -2.32636354410982  -5.023380191366905
1.1  -2.3784422406194854  -5.272797413714387
1.105  -2.4303694869020713  -5.513827332044648
1.11  -2.4821282012246115  -5.746035999081463
1.115  -2.5337010390260986  -5.969004500644724
1.12  -2.585070422311302  -6.182329691631654
1.125  -2.6362185692754574  -6.385624904436688
1.1300000000000001  -2.6871275240890116  -6.578520628579156
1.135  -2.737779186771595  -6.760665160358166
1.1400000000000001  -2.788155343084645  -6.931725221407426
1.145  -2.8382376943723693  -7.0913865450769675
1.1500000000000001  -2.888007887281374  -7.239354429625858
1.155  -2.9374475432897658  -7.375354257267904
1.16  -2.986538287977582  -7.49913197817267
1.165  -3.0352617799711443  -7.610454558585524
1.17  -3.083599739495183  -7.709110392293312
1.175  -3.131533976467857  -7.794909674726871
1.18  -3.179046418075062  -7.867684739056664
1.185  -3.226119135762145  -7.927290353704775
1.19  -3.272734371582649  -7.973603980763809
1.195  -3.3188745638456885  -8.006525994881848
1.2  -3.364522372005337  -8.025979862241627
1.205  -3.4096607007376356  -8.031912279331952
1.21  -3.4542727231528483  -8.024293271279628
1.215  -3.4983419030930234  -8.003116249580765
1.22  -3.5418520164672396  -7.968398029141259
1.225  -3.5847871715794897  -7.9201788046071995
1.23  -3.6271318284066365  -7.858522086037007
1.235  -3.668870816786779  -7.783514594037923
1.24  -3.7099893534809  -7.695266114560165
1.245  -3.750473058073749  -7.593909313612229
1.25  -3.7903079676826743  -7.479599512230689
1.2550000000000001  -3.8294805504462497  -7.352514422106875
1.26  -3.867977717767493  -7.2128538423413255
1.2650000000000001  -3.90578683528966  -7.060839317864326
1.27  -3.9428957325857006  -6.896713760127641
1.2750000000000001  -3.979292711545713  -6.720741030737724
1.28  -4.014966553449858  -6.533205488765351
1.285  -4.049906524717594  -6.334411502529243
1.29  -4.0841023813272175  -6.1246829267130325
1.295  -4.117544371903014  -5.904362545734988
1.3  -4.1502232394706695  -5.67381148434791
1.305  -4.1821302218847665  -5.433408586503925
1.31  -4.213257050935492  -5.183549763573011
1.315  -4.24359595014494  -4.924647313057679
1.32  -4.273139631266577  -4.657129208996436
1.325  -4.301881289504617  -4.381438365298169
1.33  -4.329814597473239  -4.098031873295388
1.335  -4.356933697918585  -3.807380214849408
1.34  -4.3832331952296  -3.5099664523817307
1.345  -4.4087081457666795  -3.206285397246234
1.35  -4.433354047040046  -2.8968427578930256
1.355  -4.457166825772564  -2.5821542693103328
1.36  -4.480142824884499  -2.2627448052615913
1.365  -4.50227878944032  -1.9391474748653135
1.37  -4.523571851600298  -1.611902705090879
1.375  -4.544019514622057  -1.281557310768048
1.3800000000000001  -4.5636196359596015  -0.9486635537282048
1.385  -4.582370409509668  -0.6137781927143715
1.3900000000000001  -4.600270347057299  -0.277461525711462
1.395  -4.617318258974596  0.059723573638380545
1.4000000000000001  -4.633513234228551  0.3972126238619221
1.405  -4.648854619755519  0.7344405060414149
1.41  -4.663341999261652  1.0708424350778654
1.415  -4.676975171509998  1.4058549301456589
1.42  -4.689754128156405  1.7389167826556897
1.425  -4.701679031197599  2.0694700200496516
1.43  -4.71275019009575  2.396960863755228
1.435  -4.7229680386449555  2.720840679643864
1.44  -4.7323331116456675  3.0405669193456624
1.445  -4.740846021453814  3.355604050793461
1.45  -4.748507434471797  3.6654244763867547
1.455  -4.755318047648861  3.969509437189225
1.46  -4.761278565058479  4.267349901597848
1.465  -4.766389674620423  4.558447436950013
1.47  -4.770652025035011  4.842315062564685
1.475  -4.774066202996688  5.118478082747435
1.48  -4.776632710753709  5.3864748983236606
1.485  -4.7783519440799385  5.645857795303427
1.49  -4.779224170724153  5.896193709320649
1.495  -4.779249509401185  6.1370649645329145
1.5  -4.778427909388207  6.368069985712561
1.5050000000000001  -4.776759130788251  6.588823982307388
1.51  -4.77424272552165  6.798959603297994
1.5150000000000001  -4.770878019104581  6.99812756173066
1.52  -4.766664093272221  7.185997227857265
1.5250000000000001  -4.761599769502288  7.36225718986927
1.53  -4.755683593492707  7.5266157812691095
1.5350000000000001  -4.7489138206452015  7.678801573981063
1.54  -4.741288402604351  7.81856383636329
1.545  -4.732804974899405  7.945672955344268
1.55  -4.723460845733678  8.059920821969339
1.555  -4.713252985963881  8.161121179707035
1.56  -4.702178020309091  8.249109934929765
1.565  -4.690232219826324  8.323745429049278
1.57  -4.677411495686848  8.384908671854273
1.575  -4.663711394284543  8.432503535664889
1.58  -4.6491270937044735  8.466456909987112
1.585  -4.63365340157697  8.486718816418712
1.59  -4.617284754339164  8.493262483627454
1.595  -4.600015217922964  8.486084382291677
1.6  -4.581838489885  8.465204219962759
1.605  -4.5627479029909175  8.430664895878602
1.61  -4.542736430262961  8.382532415826635
1.615  -4.521796691496521  8.320895767224123
1.62  -4.4999209612478355  8.245866754652358
1.625  -4.477101178291639  8.157579796149927
1.6300000000000001  -4.453328956544185  8.056191680637891
1.635  -4.428595597443583  7.941881286917176
1.6400000000000001  -4.4028921037759225  7.814849264744554
1.645  -4.376209194932399  7.6753176785593835
1.6500000000000001  -4.348537323579064  7.523529614497404
1.655  -4.319866693717591  7.35974875139147
1.6600000000000001  -4.290187280112031  7.184258896520861
1.665  -4.2594888490532945  6.997363486931781
1.67  -4.2277609804298  6.799385057210647
1.675  -4.1949930910695175  6.590664674649577
1.68  -4.161174459315596  6.371561342799439
1.685  -4.1262942507945475  6.142451374459933
1.69  -4.09034154533314  5.903727735208922
1.695  -4.053305364977056  5.655799358623122
1.7  -4.015174703061771  5.399090434391299
1.705  -3.975938554283121  5.134039670566782
1.71  -3.935585945712683  4.861099531250832
1.715  -3.8941059687002966  4.580735451039668
1.72  -3.851487811603888  4.293425027608022
1.725  -3.8077207932843047  3.999657193838543
1.73  -3.762794397300784  3.6999313709418926
1.735  -3.7166983067405783  3.394756604043333
1.74  -3.6694224396144475  3.0846506817423713
1.745  -3.620956984747865  2.7701392411778034
1.75  -3.5712924380961955  2.4517548601557104
1.7550000000000001  -3.520419639410612  2.130036137918518
1.76  -3.4683298091802253  1.8055267661529482
1.7650000000000001  -3.4150145857746046  1.4787745918497333
1.77  -3.3604660627099903  1.1503306736420083
1.7750000000000001  -3.3046768259615034  0.8207483332588041
1.78  -3.247639991243004  0.49058220373839134
1.7850000000000001  -3.1893492411756545  0.16038727605002168
1.79  -3.1297988622659396  -0.16928205422483816
1.795  -3.068983781613574  -0.49787293850233194
1.8  -3.006899603269704  -0.8248350234513211
1.805  -2.94354264416598  -1.1496213942548172
1.81  -2.878909969535189  -1.47168951124865
1.815  -2.812999427744809  -1.790502138320224
1.82  -2.745809684465157  -2.1055282614662203
1.825  -2.6773402560949267  -2.4162439959252464
1.83  -2.6075915423674334  -2.722133480323089
1.835  -2.5365648580623814  -3.0226897562908244
1.84  -2.4642624637488852  -3.3174156320429273
1.845  -2.390687595487132  -3.6058245284305213
1.85  -2.3158444934174915  -3.887441306016914
1.855  -2.239738429167671  -4.161803071755458
1.86  -2.1623757320103154  -4.428459963887064
1.865  -2.083763813705571  -4.686975913712162
1.87  -2.0039111919651846  -4.9369293829338154
1.875  -1.9228275124770637  -5.17791407531093
1.8800000000000001  -1.8405235694315925  -5.409539621406665
1.885  -1.757011324493689  -5.631432235263663
1.8900000000000001  -1.672303924167049  -5.843235341887917
1.895  -1.5864157155000758  -6.044610174473608
1.9000000000000001  -1.4993622600856946  -6.2352363403550415
1.905  -1.4111603463104248  -6.414812354726014
1.9100000000000001  -1.321827999811061  -6.583056141223956
1.915  -1.2313844921007164  -6.739705498533719
1.92  -1.1398503473291053  -6.884518532225639
1.925  -1.0472473471454495  -7.017274051103015
1.93  -0.9535985336358411  -7.13777192739631
1.935  -0.8589282103103453  -7.245833420204322
1.94  -0.7632619411189152  -7.341301461646582
1.945  -0.6666265474785541  -7.424040905256554
1.95  -0.569050103298251  -7.4939387362104535
1.955  -0.4705619279914849  -7.5509042430534
1.96  -0.3711925774703472  -7.594869150651245
1.965  -0.2709738331187147  -7.625787714163945
1.97  -0.16993868874605356  -7.643636773904035
1.975  -0.06812133552699995  -7.648415771011669
1.98  0.03444285506408751  -7.640146723945632
1.985  0.1377173503108241  -7.618874165857716
1.99  0.24166447728788565  -7.584665042985608
1.995  0.3462454458490941  -7.537608574266969
2.0  0.4514203735461281  -7.477816072444462
2.005  0.5571483124500173  -7.40542072699815
2.0100000000000002  0.6633872778435989  -7.320577349307653
2.015  0.7700942787497148  -7.223462080511747
2.02  0.8772253502563543  -7.114272062597276
2.025  0.9847355875962481  -6.993225073313206
2.0300000000000002  1.0925791819352313  -6.860559125567269
2.035  1.200709457820136  -6.716532032024768
2.04  1.309078912234018  -6.561420935687958
2.045  1.4176392552028494  -6.3955218072941475
2.05  1.5263414518953167  -6.219148910426537
2.055  1.635135766154003  -6.032634235288317
2.06  1.7439718053935067  -5.836326902143488
2.065  1.8527985667984477  -5.630592535480485
2.07  1.9615644847514568  -5.415812610004472
2.075  2.070217479418963  -5.192383769612631
2.08  2.178705006420182  -4.960717120552973
2.085  2.2869741075026218  -4.721237500010565
2.09  2.394971462145082  -4.474382721408514
2.095  2.502643440007568  -4.220602797748715
2.1  2.6099361541454975  -3.960359144356685
2.105  2.7167955149042506  -3.694123762427701
2.11  2.8231672844083406  -3.42237840480616
2.115  2.9289971315585555  -3.145613725457891
2.12  3.03423068744901  -2.864328414124629
2.125  3.13881360111539  -2.579028317672642
2.13  3.242691595524591  -2.2902255496718826
2.1350000000000002  3.3458105237156106  -1.9984375897598925
2.14  3.448116425000937  -1.7041863743621621
2.145  3.5495555811376276  -1.4079973803550287
2.15  3.6500745723769086  -1.110398703267895
2.1550000000000002  3.749620333301475  -0.8119201316309774
2.16  3.848140208359761  -0.5130922190795253
2.165  3.9455820070071184  -0.21444535582948143
2.17  4.041894058364051  0.08349115886109015
2.1750000000000003  4.137025265302931  0.3801900416322328
2.18  4.230925157875157  0.6751269457578777
2.185  4.32354394599221  0.9677813760781555
2.19  4.414832571274942  1.257637596541043
2.195  4.504742757987319  1.5441855287791375
2.2  4.593227062972111  1.826921640164251
2.205  4.680238924507999  2.1053498198015785
2.21  4.765732710009496  2.3789822409465597
2.215  4.849663762492973  2.6473402083525035
2.22  4.931988445734572  2.9099549890832614
2.225  5.012664188047919  3.16636862535567
2.23  5.091649524612307  3.4161347280074494
2.235  5.168904138284374  3.6588192492214144
2.24  5.244388898829328  3.8940012331727925
2.245  5.318065900510487  4.12127354330637
2.25  5.389898497979048  4.340243564990552
2.255  5.459851340408961  4.550533882339466
2.2600000000000002  5.527890403825152  4.751782928039146
2.265  5.59398302157654  4.943645605061667
2.27  5.65809791290884  5.125793879200695
2.275  5.7202052095954645  5.297917341412058
2.2800000000000002  5.780276480588551  5.459723738997334
2.285  5.8382847546557  5.610939474721576
2.29  5.894204540971825  5.7513100730138405
2.295  5.948011847639044  5.880600612455192
2.3000000000000003  5.999684198111652  5.998596123819322
2.305  6.049200645506805  6.105101952989741
2.31  6.096541784785619  6.19994408813997
2.315  6.1416897627930895  6.2829694506244005
2.32  6.18462828614939  6.354046149091717
2.325  6.225342626988833  6.413063696396211
2.33  6.263819626546848  6.459933188947364
2.335  6.300047696599216  6.494587448203577
2.34  6.33401681876164  6.516981124081412
2.345  6.365718541661757  6.527090760118401
2.35  6.395145975999436  6.524914820293566
2.355  6.422293787515102  6.510473677476705
2.36  6.4471581878895625  6.4838095635439466
2.365  6.4697369236025635  6.444986481263726
2.37  6.490029262780931  6.394090078123676
2.375  6.508035980070823  6.331227482334796
2.38  6.523759339572043  6.256527101315144
2.3850000000000002  6.537203075875874  6.170138383019918
2.39  6.54837237325123  6.072231540549563
2.395  6.557273843027189  5.962997240530814
2.4  6.563915499223084  5.842646255828426
2.4050000000000002  6.5683067324804325  5.711409083207169
2.41  6.5704582823538935  5.569535526623966
2.415  6.570382208021278  5.417294246889833
2.42  6.568091857475274  5.254972278499059
2.4250000000000003  6.563601835262202  5.082874514480135
2.43  6.556927968835445  4.9013231601776885
2.435  6.548087273593579  4.7106571569287485
2.44  6.537097916675278  4.511231576648159
2.445  6.523979179585149  4.3034169883885385
2.45  6.508751419726442  4.087598797988116
2.455  6.491436030918278  3.864176561966118
2.46  6.472055402976588  3.6335632768699733
2.465  6.4506328804392865  3.396184645320414
2.47  6.427192720517455  3.1524783200411255
2.475  6.4017600503553105  2.9028931271965512
2.48  6.374360823682597  2.64788827039789
2.485  6.345021776943781  2.38793251676959
2.49  6.313770384988943  2.1235033665001968
2.495  6.280634816411581  1.8550862073286036
2.5  6.245643888618764  1.583173455443446
2.505  6.208827022719109  1.308263684295745
2.5100000000000002  6.1702141983138405  1.0308607428459795
2.515  6.12983590827591  0.7514728647844497
2.52  6.08772311360161  0.47061177027833595
2.525  6.0439071984185215  0.1887917618131194
2.5300000000000002  5.998419925232729  -0.0934711842965154
2.535  5.951293390497295  -0.37566032914169256
2.54  5.902559980582726  -0.657259083613807
2.545  5.85225232822903  -0.9377519203677716
2.5500000000000003  5.800403269557256  -1.216625283767181
2.555  5.747045801716982  -1.493368496225978
2.56  5.692213041244248  -1.7674746593703747
2.565  5.635938183202707  -2.03844154845152
2.57  5.578254461178489  -2.3057724984540373
2.575  5.519195108197262  -2.5689772803584257
2.58  5.458793318629462  -2.827572966033652
2.585  5.397082211147323  -3.0810847802568677
2.59  5.334094792794685  -3.3290469383780907
2.595  5.26986392422791  -3.5710034681752507
2.6  5.204422286183358  -3.806509014470531
2.605  5.137802347223952  -4.035129625111277
2.61  5.070036332814456  -4.256443516949163
2.615  5.001156195771858  -4.4700418204884595
2.62  4.931193588134082  -4.67552930190956
2.625  4.860179834487034  -4.872525061215288
2.63  4.788145906786566  -5.06066320528735
2.6350000000000002  4.715122400708641  -5.2395934946853915
2.64  4.641139513557446  -5.4089819630664495
2.645  4.566227023757528  -5.5685115081499035
2.65  4.490414271952931  -5.7178824532032255
2.6550000000000002  4.413730143732135  -5.856813078074416
2.66  4.336203053994494  -5.985040118850723
2.665  4.257860932969819  -6.1023192352770845
2.67  4.178731213899415  -6.208425445124331
2.6750000000000003  4.098840822383075  -6.303153524754099
2.68  4.018216167392874  -6.386318375186656
2.685  3.9368831339509702  -6.457755353037224
2.69  3.8548670774651757  -6.517320565747752
2.695  3.772192819712082  -6.564891130602786
2.7  3.688884646454457  -6.600365397081059
2.705  3.6049663066756117  -6.623663132158027
2.71  3.520461013410335  -6.634725668238696
2.715  3.4353914461484703  -6.633516013464996
2.72  3.3497797547836528  -6.6200189242071055
2.725  3.263647565076873  -6.594240939613714
2.73  3.1770159856008062  -6.5562103781618735
2.735  3.0899056161281493  -6.505977296213027
2.74  3.002336557423998  -6.44361340864749
2.745  2.9143284223992714  -6.369211971715427
2.75  2.8259003485795495  -6.282887628307707
2.755  2.737071011840776  -6.184776215915137
2.7600000000000002  2.6478586413608225  -6.075034537609121
2.765  2.5582810357333594  -5.953840096440901
2.77  2.46835558018785  -5.821390793719447
2.775  2.378099264857855  -5.67790459169128
2.7800000000000002  2.2875287040369585  -5.523619141206207
2.785  2.196660156360352  -5.358791375014457
2.79  2.1055095458476862  -5.183697067399041
2.795  2.014092483741559  -4.998630360906703
2.8000000000000003  1.922424291074298  -4.803903260996335
2.805  1.8305200218941813  -4.599845099480515
2.81  1.73839448708119  -4.38680196768839
2.815  1.6460622786813655  -4.16513612033204
2.82  1.55353779468754  -3.9352253511074915
2.825  1.4608352641940316  -3.697462341111709
2.83  1.3679687728517114  -3.4522539812032167
2.835  1.2749522885498061  -3.200020669478671
2.84  1.1817996872505008  -2.9411955850820655
2.845  1.0885247789019419  -2.676223939602254
2.85  0.995141333355893  -2.405562207355157
2.855  0.9016631062158904  -2.1296773358814383
2.86  0.8081038645425695  -1.84904593802688
2.865  0.7144774123432576  -1.5641534670021862
2.87  0.6207976157734802  -1.275493375850546
2.875  0.5270784279791105  -0.9835662627759616
2.88  0.43333391350874373  -0.6888790038122203
2.8850000000000002  0.3395782722271899  -0.39194387433182765
2.89  0.24582586266226214  -0.09327766091559342
2.895  0.15209122471822545  0.20659923488141174
2.9  0.05838910169156525  0.5071636993168478
2.9050000000000002  -0.035265538474331115  0.8078908142390894
2.91  -0.12885748275637732  1.1082547682863508
2.915  -0.2223712535001695  1.4077297699302227
2.92  -0.31579108980637666  1.7057909607844994
2.9250000000000003  -0.40910092990968494  2.0019153275988795
2.93  -0.502284394602706  2.2955826113603957
2.935  -0.5953247717544992  2.586276211929359
2.94  -0.68820500197066  2.8734840866451212
2.945  -0.7809076654396454  3.1566996413466484
2.95  -0.8734149700065497  3.435422612266448
2.955  -0.9657087405132376  3.7091599372720796
2.96  -1.0577704094403677  3.977426614947416
2.965  -1.1495810088837883  4.239746550027332
2.97  -1.2411211638949724  4.495653383722304
2.975  -1.3323710872114036  4.744691307496376
2.98  -1.423310575400155  4.986415858889458
2.985  -1.513919006434153  5.220394698006664
2.99  -1.6041753387173705  5.446208363329914
2.995  -1.6940581115720017  5.663451005543634
3.0  -1.7835454471969592  5.871731098103206
3.005  -1.87261505410383  6.0706721233157355
3.0100000000000002  -1.961244232032779  6.259913232744296
3.015  -2.049409878347527  6.439109880791261
3.02  -2.1370884959053185  6.6079344303630005
3.025  -2.2242562023936614  6.766076729565067
3.0300000000000002  -2.310888741123086  6.913244658428496
3.035  -2.3969614932609558  7.049164644717938
3.04  -2.4824494914886  7.1735821479270125
3.045  -2.5673274350603283  7.286262110619662
3.0500000000000003  -2.651569706239666  7.386989376333836
3.055  -2.7351503880851156  7.475569073320317
3.06  -2.818043283554341  7.551826963449344
3.065  -2.900221935892551  7.615609755676677
3.0700000000000003  -2.9816596502681607  7.666785383522732
3.075  -3.0623295166153106  7.705243246079649
3.08  -3.142204433640514  7.730894412124455
3.085  -3.2212571339475455  7.743671786979818
3.09  -3.299460210232068  7.743530241827995
3.095  -3.376786142495191  7.73044670524845
3.1  -3.453207326222221  7.704420216814486
3.105  -3.528696101471015  7.665471942649664
3.11  -3.6032247828117714  7.613645152910303
3.115  -3.676765690058068  7.5490051612258835
3.12  -3.749291179727159  7.471639226194812
3.125  -3.8207736771654495  7.381656415098122
3.13  -3.891185709273578  7.279187430059075
3.1350000000000002  -3.960499937763827  7.164384396941093
3.14  -4.028689192881197  7.037420617340641
3.145  -4.095726507518481  6.898490284095366
3.15  -4.161585151653977  6.74780816079051
3.1550000000000002  -4.226238667040213  6.585609225808839
3.16  -4.289660902070653  6.412148281530075
3.165  -4.351826046751155  6.2276995293462045
3.17  -4.412708667702205  6.032556111217647
3.1750000000000003  -4.472283743117612  5.827029618553283
3.18  -4.530526697605427  5.611449569253061
3.185  -4.587413436836575  5.3861628538074235
3.19  -4.6429203819269045  5.1515331514005425
3.1950000000000003  -4.697024503478865  4.907940317016529
3.2  -4.74970335520916  4.655779740597557
3.205  -4.80093510708971  4.395461679350485
3.21  -4.850698577929812  4.127410564346263
3.215  -4.898973267328348  3.8520642825989415
3.22  -4.945739386926213  3.5698734358549764
3.225  -4.990977890890042  3.2813005773625092
3.23  -5.03467050556006  2.9868194279290776
3.235  -5.076799758196226  2.6869140726114282
3.24  -5.117349004758514  2.3820781394151136
3.245  -5.156302456659222  2.0728139614117693
3.25  -5.193645206426903  1.7596317237114918
3.255  -5.229363252223842  1.443048596753258
3.2600000000000002  -5.263443521161044  1.1235878574004325
3.265  -5.295873891357152  0.8017779993494051
3.27  -5.3266432126902705  0.4781518343770752
3.275  -5.355741326193982  0.1532455859708075
3.2800000000000002  -5.383159082051829  -0.17240202310494834
3.285  -5.408888356147139  -0.49825068773791914
3.29  -5.4329220651279995  -0.823759440320577
3.295  -5.455254179950262  -1.1483875719453627
3.3000000000000003  -5.475879737864295  -1.4715955533623077
3.305  -5.494794852814591  -1.7928459541165451
3.31  -5.511996724224384  -2.1116043582886186
3.315  -5.527483644140683  -2.427340275263645
3.3200000000000003  -5.541255002718636  -2.739528043966304
3.325  -5.553311292027242  -3.0476477290076014
3.33  -5.563654108162117  -3.3511860072047446
3.335  -5.5722861516542554  -3.649637042950927
3.34  -5.579211226167351  -3.9425033509309064
3.345  -5.584434235479663  -4.229296644700781
3.35  -5.587961178749971  -4.509538669672923
3.355  -5.589799144070629  -4.78276201907588
3.36  -5.5899563003143395  -5.048510931485674
3.365  -5.58844188728463  -5.3063420685589655
3.37  -5.585266204183682  -5.555825271630315
3.375  -5.580440596414434  -5.796544295873991
3.38  -5.573977440737534  -6.028097520767132
3.3850000000000002  -5.5658901288068945  -6.25009863563373
3.39  -5.556193049111088  -6.462177299089972
3.395  -5.544901567351131  -6.663979771257413
3.4  -5.532032005288311  -6.855169517656515
3.4050000000000002  -5.517601618099009  -7.035427783741693
3.41  -5.5016285702765595  -7.204454139089856
3.415  -5.484131910123036  -7.36196699030593
3.42  -5.465131542877083  -7.507704061762959
3.4250000000000003  -5.444648202526433  -7.641422843349195
3.43  -5.422703422356668  -7.762901004451762
3.435  -5.399319504290452  -7.87193677346385
3.44  -5.374519487073745  -7.968349282162056
3.4450000000000003  -5.348327113368246  -8.051978874360477
3.45  -5.320766795811321  -8.12268737830972
3.455  -5.29186358210693  -8.180358342371282
3.46  -5.261643119213165  -8.224897233560498
3.465  -5.230131616693798  -8.256231598615521
3.47  -5.197355809303005  -8.27431118731375
3.475  -5.163342918874127  -8.279108037822235
3.48  -5.128120615584693  -8.270616523933741
3.485  -5.091716978671294  -8.24885336410557
3.49  -5.05416045666911  -8.213857592284029
3.495  -5.015479827251739  -8.165690490562975
3.5  -4.97570415674804  -8.104435483790512
3.505  -4.93486275941324  -8.030197996303327
3.5100000000000002  -4.892985156532131  -7.94310527103322
3.515  -4.8501010354326315  -7.843306151295204
3.52  -4.806240208487995  -7.730970825630323
3.525  -4.761432572186267  -7.606290536140527
3.5300000000000002  -4.715708066345226  -7.469477250814886
3.535  -4.669096633550953  -7.32076330040928
3.54  -4.621628178897554  -7.1604009805015725
3.545  -4.573332530105129  -6.9886621194054435
3.5500000000000003  -4.524239398092233  -6.80583761268344
3.555  -4.474378338078066  -6.612236925058629
3.56  -4.42377871128874  -6.408187560578851
3.565  -4.3724696473405995  -6.194034501943792
3.5700000000000003  -4.320480007372158  -5.970139619956656
3.575  -4.267838347994846  -5.736881054114861
3.58  -4.214572886130834  -5.494652565402932
3.585  -4.160711464804622  -5.243862862399176
3.59  -4.106281519952972  -4.984934901853685
3.595  -4.05131004831558  -4.718305164938483
3.6  -3.995823576466976  -4.444422910413817
3.605  -3.939848131047367  -4.163749405992527
3.61  -3.8834092102479394  -3.8767571392242592
3.615  -3.8265317566035515  -3.583929009254171
3.62  -3.769240131142774  -3.285757500846051
3.625  -3.7115580889427866  -2.9827438420880257
3.63  -3.6535087561334056  -2.6753971472294893
3.6350000000000002  -3.5951146083917855  -2.364233546121803
3.64  -3.5363974509660823  -2.049775301759034
3.645  -3.4773784002631167  -1.7325499174358185
3.65  -3.418077867032204  -1.4130892350568616
3.6550000000000002  -3.3585155411734906  -1.0919285261484526
3.66  -3.29871037819628  -0.7696055771342962
3.665  -3.238680587348932  -0.44665977044859195
3.67  -3.1784436214388516  -0.12363116306602845
3.6750000000000003  -3.1180161683573635  0.19894043596653993
3.68  -3.0574141443207012  0.5205163874111011
3.685  -2.9966526888349234  0.8405601415463606
3.69  -2.9357461613889244  1.1585381541213646
3.6950000000000003  -2.8747081398760157  1.4739207969792503
3.7  -2.813551420741194  1.7861832617850704
3.705  -2.7522880208473683  2.0948064553040235
3.71  -2.6909291810504246  2.3992778846890475
3.715  -2.629485371469492  2.699092531256284
3.72  -2.567966298434973  2.9937537112444934
3.725  -2.5063809130938566  3.282773922078454
3.73  -2.444737421647955  3.565675672680221
3.735  -2.3830432971975886  3.8419922964001407
3.74  -2.3213052931599045  4.111268745168845
3.745  -2.259529458227532  4.373062363504446
3.75  -2.1977211528303515  4.626943641043024
3.755  -2.1358850670598315  4.872496942298019
3.7600000000000002  -2.074025240012492  5.109321212392862
3.765  -2.0121450805060856  5.337030657552693
3.77  -1.950247389119014  5.5552553991849845
3.775  -1.888334381501286  5.763642100422912
3.7800000000000002  -1.8264077129020184  5.961854564054568
3.785  -1.764468503856594  6.149574300808581
3.79  -1.70251736697371  6.326501067019427
3.795  -1.640554434760531  6.4923533707468035
3.8000000000000003  -1.578579388422058  6.646868945479211
3.805  -1.5165914875685722  6.789805190606647
3.81  -1.4545896007633563  6.920939577905417
3.815  -1.392572236841202  7.040070023335789
3.8200000000000003  -1.3305375769263175  7.147015223513846
3.825  -1.2684835070772895  7.241614956279017
3.83  -1.2064076514850353  7.323730344841296
3.835  -1.144307406148792  7.393244085054475
3.84  -1.0821799729542914  7.450060635425507
3.845  -1.0200223940771438  7.494106369534485
3.85  -0.9578315866342464  7.525329690604245
3.855  -0.8956043775051452  7.5437011080242655
3.86  -0.8333375382451922  7.549213275698834
3.865  -0.7710278200122406  7.541880992155616
3.87  -0.7086719884283526  7.5217411624165464
3.875  -0.6462668582984954  7.488852721699127
3.88  -0.5838093281082836  7.443296521081965
3.8850000000000002  -0.5212964142235621  7.385175175334118
3.89  -0.45872528471515406  7.314612873173431
3.895  -0.39609329273276406  7.2317551502831385
3.9  -0.3333980093535678  7.136768625481599
3.9050000000000002  -0.2706372558314529  7.029840700502408
3.91  -0.20780913517480848  6.911179223905915
3.915  -0.1449120629817663  6.78101211970481
3.92  -0.08194479746364147  6.639586981347527
3.9250000000000003  -0.01890646858911449  6.487170631762878
3.93  0.04420339371665116  6.324048650229015
3.935  0.10738483238154395  6.1505248668851005
3.94  0.170637437065975  5.966920825763056
3.9450000000000003  0.2339603191717392  5.773575217268306
3.95  0.297352088036672  5.570843281093323
3.955  0.3608108283695082  5.359096180598176
3.96  0.4243340789763932  5.138720349741602
3.9650000000000003  0.4879188128276923  4.910116813694521
3.97  0.5515614185111345  4.67370048431225
3.975  0.615257683114108  4.429899431686486
3.98  0.6790027765748713  4.179154133038917
3.985  0.742791237539568  3.9219167002579924
3.99  0.8066169607582716  3.658650087416924
3.995  0.8704731860504173  3.3898272796473528
4.0  0.9343524888662913  3.1159304647723007
4.005  0.9982467724680812  2.837450189136602
4.01  1.0621472617502636  2.5548844990960395
4.015  1.1260444987157805  2.268738069654181
4.0200000000000005  1.1899283396209857  1.9795213217579763
4.025  1.253787953798296  1.6877495297818756
4.03  1.317611824162627  1.3939419207482455
4.035  1.3813877494033835  1.0986207668466106
4.04  1.4451028478604493  0.8023104728258496
4.045  1.508743563079227  0.5055366598416781
4.05  1.572295671035639  0.20882524734966168
4.055  1.635744289018982  -0.08729846536374242
4.0600000000000005  1.6990738861564714  -0.3823107164174211
4.065  1.762268295560154  -0.6756901957477682
4.07  1.8253107280732026  -0.9669189551093169
4.075  1.888183787589072  -1.2554833120833973
4.08  1.9508694879137818  -1.5408747465248953
4.085  2.0133492711382637  -1.8225907878907153
4.09  2.075604027484186  -2.1001358919080477
4.095  2.137614116583855  -2.373022305058664
4.1  2.199359390151315  -2.640770915377812
4.105  2.26081921599917  -2.902912088087918
4.11  2.321972503352148  -3.1589864846145046
4.115  2.382797729406344  -3.408545863559788
4.12  2.443272967079692  -3.6511538622406468
4.125  2.5033759138969085  -3.8863867574308992
4.13  2.563083921949858  -4.113834203984013
4.135  2.622374028871473  -4.333099950049586
4.14  2.681222989759503  -4.543802527638669
4.1450000000000005  2.739607309984229  -4.745575917334326
4.15  2.7975032788119685  -4.938070185988425
4.155  2.8548870037749965  -5.120952096293776
4.16  2.9117344457162444  -5.293905687166999
4.165  2.9680214544358536  -5.4566328239300566
4.17  3.0237238048655  -5.608853717328873
4.175  3.078817233694749  -5.750307410482825
4.18  3.133277476373068  -5.880752232913059
4.1850000000000005  3.1870803044098905  -5.999966220855463
4.19  3.2402015628946703  -6.107747503121612
4.195  3.2926172081581413  -6.203914651831808
4.2  3.3443033454955557  -6.28830699740384
4.205  3.3952362668725486  -6.360784907243846
4.21  3.4453924885342753  -6.421230027648443
4.215  3.494748788438228  -6.4695454884907635
4.22  3.543282243431868  -6.5056560703278254
4.225  3.590970266096212  -6.529508333631656
4.23  3.637790641177488  -6.541070709912455
4.235  3.683721561529318  -6.540333554568131
4.24  3.728741663489309  -6.527309161360904
4.245  3.7728300616145853  -6.502031738488524
4.25  3.81596638270218  -6.464557346284166
4.255  3.858130799021827  -6.414963796645759
4.26  3.89930406068987  -6.353350514362287
4.265  3.9394675271149873  -6.27983836057044
4.2700000000000005  3.9786031974482703  -6.19456941864123
4.275  4.016693739971927  -6.097706742861446
4.28  4.053722520363464  -5.9894340703395486
4.285  4.089673628774067  -5.869955496629717
4.29  4.12453190566244  -5.739495115631038
4.295  4.158282966328067  -5.5982966243808345
4.3  4.190913224090181  -5.446622893422978
4.305  4.222409912061778  -5.284755503491223
4.3100000000000005  4.252761103470703  -5.112994249307163
4.315  4.281955730482898  -4.931656611349492
4.32  4.309983601485972  -4.741077196507406
4.325  4.336835416794329  -4.541607148585162
4.33  4.362502782740443  -4.333613529677704
4.335  4.386978224120172  -4.117478673488745
4.34  4.410255194963302  -3.8935995117107294
4.345  4.432328087604114  -3.6623868746346866
4.3500000000000005  4.4531922400301465  -3.424264767201977
4.355  4.4728439414909875  -3.179669621754798
4.36  4.491280436352499  -2.929049528780681
4.365  4.5084999261854435  -2.6728634469880284
4.37  4.524501570081329  -2.4115803940836145
4.375  4.539285483191708  -2.1456786196591744
4.38  4.552852733491166  -1.875644761623892
4.385  4.56520533676764  -1.6019729876501807
4.39  4.576346249847611  -1.325164123126956
4.3950000000000005  4.586279362067303  -1.0457247671369634
4.4  4.595009485004683  -0.764166397998594
4.405  4.602542340490738  -0.4810044699286294
4.41  4.608884546922059  -0.196757502401898
4.415  4.614043603900306  0.08805383620659646
4.42  4.618027875227741  0.37290764909788243
4.425  4.620846570291315  0.657281734038448
4.43  4.6225097238713015  0.9406545072509825
4.4350000000000005  4.623028174413732  1.2225059265945077
4.44  4.622413540809125  1.5023184124199995
4.445  4.620678197723188  1.779577764493592
4.45  4.617835249528161  2.053774073382348
4.455  4.6138985028865385  2.324402624710109
4.46  4.608882438041651  2.5909647947000347
4.465  4.602802178872413  2.8529689354353995
4.47  4.595673461772158  3.109931248288556
4.4750000000000005  4.587512603413957  3.361376643986411
4.48  4.578336467467267  3.606839587804133
4.485  4.568162430332926  3.845864928403709
4.49  4.557008345965705  4.078008708861917
4.495  4.544892509855525  4.302838958462391
4.5  4.531833622240374  4.519936463859598
4.505  4.5178507506255015  4.728895518257026
4.51  4.502963291685133  4.929324647280752
4.515  4.487190932624245  5.1208473102684255
4.5200000000000005  4.470553612079116  5.30310257573596
4.525  4.453071480636565  5.475745769829299
4.53  4.434764861052455  5.638449096614598
4.535  4.415654208250979  5.790902229108343
4.54  4.395760069186677  5.932812869999604
4.545  4.3751030426515  6.0639072810693335
4.55  4.353703739109554  6.183930780364707
4.555  4.331582740642119  6.292648206242906
4.5600000000000005  4.3087605610854185  6.389844347455411
4.565  4.285257606443376  6.475324338503152
4.57  4.261094135657057  6.548914019552595
4.575  4.23629022181193  6.6104602602640945
4.58  4.210865713863251  6.659831246946521
4.585  4.184840198958834  6.696916732515861
4.59  4.158232965437554  6.7216282487996875
4.595  4.131062966580339  6.733899280794773
4.6000000000000005  4.103348785189235  6.733685402551472
4.605  4.075108599068343  6.720964374424726
4.61  4.046360147478694  6.695736201499006
4.615  4.017120698637371  6.658023153061824
4.62  3.987407018328808  6.607869743068385
4.625  3.9572353396944373  6.545342671607662
4.63  3.9266213342640617  6.4705307274482475
4.635  3.895580084290232  6.383544651810215
4.64  3.864126056444145  6.284516963576609
4.6450000000000005  3.832273076928781  6.173601746225585
4.65  3.8000343080624814  6.050974396831416
4.655  3.767422226382787  5.916831337547915
4.66  3.7344486023176753  5.771389690054577
4.665  3.701124481468107  5.614886913509493
4.67  3.667460167542307  5.447580406617883
4.675  3.6334652069792948  5.269747074487025
4.68  3.5991483752954063  5.081682861000917
4.6850000000000005  3.5645176651843293  4.883702247507764
4.69  3.529580276397484  4.676137718673683
4.695  3.494342607428037  4.459339196411743
4.7  3.4588102490182493  4.233673442853757
4.705  3.422987979506093  3.9995234333857086
4.71  3.3868797620233  3.7572877008199312
4.715  3.350488743553474  3.507379651829365
4.72  3.3138172558548407  3.2502268568169406
4.7250000000000005  3.2768668182486915  2.9862703144414944
4.73  3.239638142270577  2.7159636920650323
4.735  3.2021311381776405  2.439772543429719
4.74  3.1643449233017873  2.1581735049135577
4.745  3.1262778322343348  1.8716534717518332
4.75  3.087927428824525  1.580708755646169
4.755  3.0492905199700417  1.285844225217922
4.76  3.0103631711745713  0.9875724307920107
4.765  2.971140723843443  0.6864127150270185
4.7700000000000005  2.931617814284954  0.3828903109310605
4.775  2.8917883943817455  0.07753542882777864
4.78  2.8516457538927074  -0.22911766614412044
4.785  2.8111825443429974  -0.5365315843964373
4.79  2.770390804456404  -0.8441667485060951
4.795  2.729261987080866  -1.151482334451216
4.8  2.6877869875553495  -1.4579372158308121
4.805  2.6459561734629022  -1.762990909425852
4.8100000000000005  2.6037594157122412  -2.066104520454249
4.815  2.5611861208871596  -2.3667416858728236
4.82  2.5182252648006855  -2.6643695140812493
4.825  2.4748654271883637  -2.9584595193882497
4.83  2.4310948274727076  -3.248488549608626
4.835  2.3869013615285  -3.533939705169529
4.84  2.3422726393769127  -3.81430324811994
4.845  2.2971960237340525  -4.089077499451901
4.8500000000000005  2.251658669338193  -4.357769723162903
4.855  2.205647562977968  -4.619896995509087
4.86  2.159149564142554  -4.874987057926394
4.865  2.112151446213627  -5.122579152120919
4.87  2.0646399381173777  -5.362224835862622
4.875  2.0166017663544515  -5.593488778046957
4.88  1.9680236973242258  -5.815949531626004
4.885  1.918892579859789  -6.029200283046908
4.89  1.8691953878891332  -6.232849576875521
4.8950000000000005  1.8189192631377782  -6.426522014326601
4.9  1.7680515577882732  -6.60985892446474
4.905  1.7165798770114873  -6.782519006888841
4.91  1.6644921212852923  -6.944178944759548
4.915  1.611776528416485  -7.094533987082251
4.92  1.5584217151820732  -7.233298499209218
4.925  1.504416718507247  -7.360206480580112
4.93  1.449751036097743  -7.475012048775559
4.9350000000000005  1.3944146664457755  -7.5774898890176665
4.94  1.3383981481296068  -7.667435668309541
4.945  1.2816925983282927  -7.744666413468125
4.95  1.2242897504748185  -7.809020852365722
4.955  1.1661819909723017  -7.860359717760405
4.96  1.1073623948997493  -7.898566013159179
4.965  1.047824760636179  -7.923545240223917
4.97  0.9875636433334856  -7.935225587296606
4.9750000000000005  0.9265743871712631  -7.93355807868775
4.98  0.8648531563287247  -7.918516684439764
4.985  0.8023969646115325  -7.8900983903458215
4.99  0.7392037036742656  -7.848323228073603
4.995  0.6752721697813941  -7.7932342653126625
5.0  0.6106020890532389  -7.724897555933566
