0.0  0.6492258957726521  0.10759535917551813
0.001  0.6585263410454741  0.1103495293437117
0.002  0.667677884561337  0.11266956332454667
0.003  0.6766784570318561  0.11454633365990907
0.004  0.6855260233052524  0.11597245677577925
0.005  0.6942185828265278  0.11694232203062654
0.006  0.7027541700898181  0.11745211378874774
0.007  0.7111308550828201  0.11749982643170906
0.008  0.7193467437231936  0.11708527224883304
0.009000000000000001  0.7273999782868401  0.11621008217568854
0.01  0.735288737827958  0.11487769937767758
0.011  0.7430112385907846  0.11309336570396317
0.012  0.7505657344129264  0.1108641010650306
0.013000000000000001  0.757950517120191  0.10819867581501472
0.014  0.7651639169128281  0.10510757624744672
0.015  0.7722043027430938  0.1016029633401667
0.016  0.7790700826840533  0.09769862491170711
0.017  0.785759704289536  0.09340992137737349
0.018000000000000002  0.792271654945166  0.08875372531842812
0.019  0.7986044622103845  0.0837483551021232
0.02  0.8047566941513876  0.07841350281373488
0.021  0.8107269596649072  0.07277015678412771
0.022  0.8165139087927574  0.0668405190176401
0.023  0.8221162330270798  0.060647917845146435
0.024  0.8275326656062132  0.054216716145934415
0.025  0.8327619818011267  0.04757221549947102
0.026000000000000002  0.8378029991923475  0.040740556644141945
0.027  0.8426545779373215  0.03374861663457918
0.028  0.8473156210281477  0.026623903102179484
0.029  0.8517850745396265  0.01939444603481294
0.03  0.8560619278675663  0.012088687501481302
0.031  0.8601452139572949  0.004735369755769929
0.032  0.864034009522324  -0.0026365778416837307
0.033  0.8677274352531168  -0.009998152636836663
0.034  0.8712246560159111  -0.017320392784237124
0.035  0.8745248810415553  -0.024574491188472734
0.036000000000000004  0.8776273641043117  -0.03173190883680211
0.037  0.8805314036905881  -0.03876448707709822
0.038  0.88323634315756  -0.045644558399379864
0.039  0.8857415708816461  -0.05234505528509591
0.04  0.8880465203968047  -0.05883961669592866
0.041  0.8901506705226196  -0.0651026917831682
0.042  0.8920535454821461  -0.07110964040964607
0.043000000000000003  0.8937547150094902  -0.07683683008875472
0.044  0.895253794447098  -0.08226172895917715
0.045  0.8965504448327322  -0.0873629944295456
0.046  0.897644372976115  -0.09212055714428435
0.047  0.8985353315252238  -0.09651569994029922
0.048  0.8992231190222202  -0.1005311314838826
0.049  0.8997075799490016  -0.10415105429813266
0.05  0.8999886047623677  -0.10736122691325382
0.051000000000000004  0.9000661299187883  -0.11014901989522685
0.052000000000000005  0.8999401378887715  -0.11250346553242191
0.053  0.899610657160828  -0.11441530098467684
0.054  0.8990777622350288  -0.11587700472508498
0.055  0.8983415736061604  -0.11688282613112276
0.056  0.8974022577364786  -0.11742880810870035
0.057  0.8962600270180694  -0.11751280266012785
0.058  0.8949151397248246  -0.11713447933474967
0.059000000000000004  0.893367899954042  -0.11629532652900071
0.06  0.8916186575576652  -0.1149986456307697
0.061  0.889667808063177  -0.11324953803110673
0.062  0.8875157925841661  -0.11105488505437368
0.063  0.8851630977205838  -0.10842332088579604
0.064  0.8826102554487191  -0.10536519860292409
0.065  0.8798578430009096  -0.1018925494446427
0.066  0.8769064827350231  -0.09801903547797264
0.067  0.8737568419937333  -0.09375989584888192
0.068  0.8704096329536242  -0.0891318868285663
0.069  0.8668656124641577  -0.08415321589106836
0.07  0.8631255818765402  -0.07884347008158687
0.07100000000000001  0.8591903868625248  -0.07322353895728881
0.07200000000000001  0.8550609172231951  -0.0673155324037898
0.073  0.8507381066877675  -0.061142693650628493
0.074  0.8462229327024635  -0.054729307827949124
0.075  0.8415164162094952  -0.04810060642414756
0.076  0.8366196214162167  -0.04128266802036232
0.077  0.8315336555544919  -0.034302315692340685
0.078  0.8262596686303354  -0.02718701148332045
0.079  0.8207988531638789  -0.019964748363091093
0.08  0.8151524439197273  -0.012663940098288175
0.081  0.8093217176277616  -0.005313309467192384
0.082  0.803307992694453  0.002058224741182363
0.083  0.7971126289047521  0.009421661499145056
0.084  0.7907370271146243  0.01674803163592551
0.085  0.7841826289342974  0.024008511807941967
0.08600000000000001  0.7774509164022925  0.031174537895356125
0.08700000000000001  0.7705434116503165  0.038217917378792474
0.088  0.7634616765590864  0.04511094025411004
0.089  0.7562073124051673  0.05182648804886726
0.09  0.7487819594989017  0.058338140511586964
0.091  0.7411872968135137  0.06462027955408714
0.092  0.7334250416054692  0.0706481900379472
0.093  0.7254969490261824  0.07639815700859734
0.094  0.7174048117251504  0.08184755899449231
0.095  0.7091504594446123  0.0869749570043141
0.096  0.7007357586058189  0.09176017887207083
0.097  0.6921626118870097  0.09618439861826175
0.098  0.6834329577931912  0.10023021051488726
0.099  0.6745487702178149  0.1038816975629169
0.1  0.6655120579964531  0.10712449411281283
0.101  0.6563248644525734  0.10994584238174689
0.10200000000000001  0.6469892669355166  0.11233464264516238
0.10300000000000001  0.6375073763507785  0.1142814969052165
0.10400000000000001  0.6278813366827061  0.11577874586430437
0.105  0.618113324509714  0.11682049905820295
0.106  0.6082055485121292  0.11740265803028582
0.107  0.5981602489727799  0.11752293245563647
0.108  0.587979697270436  0.1171808491516254
0.109  0.5776661953662204  0.11637775393950123
0.11  0.5672220752831031  0.115116806349672
0.111  0.5566496985786007  0.11340296719150741
0.112  0.5459514558107944  0.11124297903656435
0.113  0.5351297659977939  0.10864533969201884
0.114  0.5241870760707633  0.10562026876866468
0.115  0.5131258603206377  0.10217966747500692
0.116  0.5019486198386511  0.09833707179562783
0.117  0.4906578819508076  0.09410759923803033
0.11800000000000001  0.47925619964641675  0.08950788935746778
0.11900000000000001  0.46774615100082867  0.08455603829374594
0.12  0.45613033859249696  0.07927152757754252
0.121  0.44441138891449866  0.07367514748633332
0.122  0.43259195178064996  0.06778891525145812
0.123  0.42067469972634686  0.06163598843811512
0.124  0.40866232740426794  0.05524057383906298
0.125  0.3965575509750779  0.04862783224046113
0.126  0.38436310749326563  0.041823779434517094
0.127  0.3720817542882594  0.03485518386837629
0.128  0.35971626834095793  0.027749461331923225
0.129  0.3472694456558155  0.020534567098811664
0.13  0.33474410062862947  0.013238885945064068
0.131  0.3221430654101652  0.005891120477923645
0.132  0.30946918926577005  -0.0014798217856992132
0.133  0.29672533793111366  -0.008844942146937804
0.134  0.2839143929642086  -0.016175264811403793
0.135  0.27103925109384924  -0.023441950885514526
0.136  0.2581028235646218  -0.03061641183422431
0.137  0.24510803547863358  -0.037670421953797044
0.138  0.23205782513410744  -0.044576229417133226
0.139  0.21895514336099192  -0.05130666545477244
0.14  0.20580295285373784  -0.05783525124203842
0.14100000000000001  0.19260422750139533  -0.06413630207180623
0.14200000000000002  0.1793619517151745  -0.0701850284030618
0.14300000000000002  0.16607911975363143  -0.07595763338770362
0.14400000000000002  0.15275873504562326  -0.081431406491903
0.145  0.13940380951119546  -0.08658481284369397
0.146  0.12601736288054177  -0.09139757795528504
0.147  0.11260242201120624  -0.09585076748677812
0.148  0.09916202020366599  -0.09992686173748842
0.149  0.08569919651546337  -0.10360982457180375
0.15  0.07221699507403234  -0.10688516650841318
0.151  0.0587184643883808  -0.10974000172470294
0.152  0.04520665665977941  -0.11216309875205037
0.153  0.03168462709162001  -0.11414492466257348
0.154  0.018155433198590865  -0.11567768257349509
0.155  0.004622134115331911  -0.1167553423215735
0.156  -0.008912210095278983  -0.11737366418691976
0.157  -0.022444539134044983  -0.11753021557286773
0.158  -0.035971793157427434  -0.11722438057627564
0.159  -0.049490913469417586  -0.11645736241060682
0.16  -0.06299884321315014  -0.11523217867225757
0.161  -0.0764925280620985  -0.1135536494687548
0.162  -0.08996891691070064  -0.11142837845552961
0.163  -0.10342496256425493  -0.10886472685587212
0.164  -0.11685762242793418  -0.10587278056627687
0.165  -0.13026385919475442  -0.10246431047659416
0.166  -0.14364064153235323  -0.09865272616109477
0.167  -0.15698494476841662  -0.09445302312263534
0.168  -0.17029375157459525  -0.08988172379747841
0.169  -0.18356405264876563  -0.0849568125528621
0.17  -0.19679284739547348  -0.07969766493305526
0.171  -0.2099771446044102  -0.0741249714322536
0.17200000000000001  -0.22311396312676418  -0.0682606560942132
0.17300000000000001  -0.2362003325493009  -0.06212779025886135
0.17400000000000002  -0.24923329386601256  -0.0557505017952262
0.17500000000000002  -0.262209900147191  -0.049153880177778476
0.176  -0.2751272172057662  -0.042363877779631694
0.177  -0.28798232426076903  -0.035407207770935444
0.178  -0.30077231459775605  -0.02831123902414644
0.179  -0.3134942962260603  -0.021103888439642154
0.18  -0.3261453925327072  -0.01381351111528551
0.181  -0.33872274293285753  -0.006468788792039722
0.182  -0.35122350351662357  0.0009013829854967251
0.183  -0.3636448476921168  0.008268008549696108
0.184  -0.3759839668245774  0.01560210618441396
0.185  -0.3882380708714459  0.02287482214461152
0.186  -0.4004043890132287  0.030057544172515466
0.187  -0.41248017028001965  0.03712201406372246
0.188  -0.42446268417352984  0.044040438840386914
0.189  -0.43634922128449116  0.0507856000941215
0.19  -0.448137093905291  0.05733096106842829
0.191  -0.45982363663769954  0.06365077105938373
0.192  -0.4714062069955511  0.06972016672383938
0.193  -0.48288218600224764  0.07551526989657796
0.194  -0.4942489787829445  0.08101328153158895
0.195  -0.5055040151512872  0.08619257139788267
0.196  -0.5166447501905644  0.09103276317696347
0.197  -0.52766866482915  0.0955148146271691
0.198  -0.5385732664100968  0.09962109249949809
0.199  -0.549356089254764  0.10333544191018831
0.2  -0.5600146952203363  0.1066432498971253
0.201  -0.5705466742511244  0.1095315029100336
0.202  -0.5809496449235092  0.11198883800827726
0.203  -0.5912212549844168  0.11400558756484461
0.20400000000000001  -0.6013591818831912  0.11557381730064475
0.20500000000000002  -0.6113611332967573  0.11668735749948193
0.20600000000000002  -0.6212248476479458  0.11734182728090038
0.20700000000000002  -0.6309480946168659  0.11753465183540765
0.20800000000000002  -0.6405286756452111  0.11726507255426818
0.209  -0.6499644244333834  0.11653415001401549
0.21  -0.6592532074303231  0.1153447598039409
0.211  -0.668392924315934  0.11370158121297425
0.212  -0.6773815084759934  0.11161107882046525
0.213  -0.6862169274694416  0.10908147706328955
0.214  -0.6948971834879466  0.10612272787933863
0.215  -0.7034203138076326  0.1027464715546901
0.216  -0.7117843912328808  0.09896599092849177
0.217  -0.7199875245320936  0.09479615913572866
0.218  -0.7280278588653284  0.09025338109346
0.219  -0.7359035762037013  0.08535552896073394
0.22  -0.7436128957404686  0.08012187182608907
0.221  -0.7511540742936911  0.07457299989927
0.222  -0.7585254067003925  0.068730743505397
0.223  -0.7657252262021179  0.06261808720028528
0.224  -0.7727519048218119  0.05625907934480013
0.225  -0.7796038537319256  0.04967873749399724
0.226  -0.7862795236136737  0.04290294997327006
0.227  -0.7927774050073543  0.035958374028716995
0.228  -0.7990960286536594  0.028872330952430223
0.229  -0.8052339658258941  0.021672698595297274
0.23  -0.8111898286530326  0.014387801690196884
0.231  -0.8169622704335321  0.0070463004170724305
0.232  -0.8225499859398419  -0.00032292235170557765
0.233  -0.8279517117135331  -0.007690874682091703
0.234  -0.8331662263509838  -0.01502856963818932
0.23500000000000001  -0.8381923507795541  -0.022307139322407646
0.23600000000000002  -0.8430289485241914  -0.029497948447302483
0.23700000000000002  -0.8476749259644023  -0.036572706992281
0.23800000000000002  -0.8521292325815358  -0.04350358150196349
0.23900000000000002  -0.8563908611963189  -0.05026330458832724
0.24  -0.8604588481965942  -0.05682528220583584
0.241  -0.8643322737552053  -0.06316369827750785
0.242  -0.8680102620379825  -0.06925361626030944
0.243  -0.871491981401781  -0.07507107725029158
0.244  -0.8747766445825258  -0.08059319424150735
0.245  -0.8778635088732241  -0.08579824216787858
0.246  -0.8807518762919003  -0.09066574337376652
0.247  -0.8834410937394199  -0.09517654817699281
0.248  -0.885930553147164  -0.09931291020735669
0.249  -0.8882196916145215  -0.10305855622425569
0.25  -0.8903079915361691  -0.10639875013873086
0.251  -0.8921949807191089  -0.10932035098806415
0.252  -0.8938802324894366  -0.11181186463484286
0.253  -0.8953633657888196  -0.1138634889870978
0.254  -0.8966440452606591  -0.1154671525616114
0.255  -0.8977219813259184  -0.11661654623867834
0.256  -0.8985969302486009  -0.11730714808339145
0.257  -0.8992686941908621  -0.11753624113579962
0.258  -0.8997371212577435  -0.11730292409994886
0.259  -0.900002105531518  -0.11660811488975319
0.26  -0.9000635870956394  -0.11545454701774552
0.261  -0.8999215520482904  -0.1138467588409155
0.262  -0.8995760325055258  -0.11179107570594404
0.263  -0.8990271065940109  -0.1092955850640777
0.264  -0.8982748984333557  -0.10637010465354577
0.265  -0.8973195781080499  -0.10302614387469808
0.266  -0.8961613616290047  -0.0992768585098188
0.267  -0.8948005108847095  -0.09513699896575908
0.268  -0.8932373335820152  -0.09062285224301
0.269  -0.8914721831765582  -0.08575217785952391
0.27  -0.8895054587928386  -0.08054413798136825
0.271  -0.8873376051339729  -0.07501922203509238
0.272  -0.8849691123811405  -0.06919916609840043
0.273  -0.8824005160827475  -0.06310686738625647
0.274  -0.8796323970333315  -0.056766294168855314
0.275  -0.8766653811422362  -0.050202391475854646
0.276  -0.8735001392920849  -0.043440982957851995
0.277  -0.8701373871870846  -0.03650866929119492
0.278  -0.8665778851911956  -0.029432723525825377
0.279  -0.8628224381562026  -0.022240983787875066
0.28  -0.8588718952397275  -0.014961743759146919
0.281  -0.8547271497132233  -0.007623641364349627
0.28200000000000003  -0.850389138759992  -0.00025554610401464645
0.28300000000000003  -0.8458588432632762  0.00711355452364678
0.28400000000000003  -0.8411372875844674  0.014454669065116173
0.28500000000000003  -0.8362255393314841  0.02173891616949883
0.28600000000000003  -0.8311247091173706  0.028937638213292483
0.28700000000000003  -0.8258359503091732  0.03602251404496545
0.28800000000000003  -0.820360458767148  0.04296567040579332
0.289  -0.8146994725743602  0.04973979158859903
0.29  -0.8088542717567362  0.056318226902976776
0.291  -0.8028261779936345  0.06267509552421256
0.292  -0.7966165543189936  0.06878538831340739
0.293  -0.7902268048131331  0.07462506620822135
0.294  -0.7836583742852713  0.08017115479714794
0.295  -0.7769127479468335  0.08540183470525123
0.296  -0.7699914510756274  0.09029652743576617
0.297  -0.7628960486709561  0.09483597632984794
0.298  -0.7556281450997497  0.09900232232595514
0.299  -0.7481893837337972  0.10277917422081982
0.3  -0.7405814465781574  0.10615167315558183
0.301  -0.7328060538908352  0.10910655107338453
0.302  -0.724864963793806  0.11163218291845312
0.303  -0.7167599718754835  0.11371863237129061
0.304  -0.70849291078471  0.11535769094006261
0.305  -0.7000656498163711  0.11654291025437598
0.306  -0.6914800944887224  0.11726962743440367
0.307  -0.6827381861125255  0.11753498343554714
0.308  -0.6738419013520917  0.11733793429646537
0.309  -0.6647932517783318  0.11667925524621896
0.31  -0.6555942834139102  0.11556153765437033
0.311  -0.6462470762706148  0.11398917883603939
0.312  -0.636753743879036  0.11196836475202374
0.313  -0.627116432810669  0.10950704567204371
0.314  -0.6173373221925444  0.10661490489685856
0.315  -0.6074186232144996  0.10330332066230555
0.316  -0.5973625786291965  0.09958532137514162
0.317  -0.5871714622450067  0.09547553435679465
0.318  -0.57684757841187  0.09099012829667952
0.319  -0.5663932615002525  0.0861467496414754
0.32  -0.555810875373312  0.0809644531706257
0.321  -0.5451028128523965  0.07546362703118492
0.322  -0.5342714951759948  0.06966591252694143
0.323  -0.5233193714522625  0.06359411897738455
0.324  -0.5122489181052436  0.057272133981471095
0.325  -0.50106263831492  0.050724829439235695
0.326  -0.489763061451204  0.04397796370097005
0.327  -0.47835274250201876  0.03705808022894075
0.328  -0.4668342614955773  0.02999240317032291
0.329  -0.45521022291700425  0.022808730252188783
0.33  -0.443483255119426  0.015535323419926802
0.331  -0.4316560097296645  0.008200797649332951
0.332  -0.4197311610486691  0.0008340083698151549
0.333  -0.4077114054468177  -0.0065360620583953186
0.334  -0.39559946075423535  -0.01388041836639841
0.335  -0.3833980656462528  -0.021170166449569303
0.336  -0.37110997902415577  -0.028376627042500137
0.337  -0.35873797939135965  -0.03547144854872577
0.338  -0.3462848642251521  -0.04242671858133281
0.339  -0.3337534493441454  -0.04921507377563812
0.34  -0.3211465682715827  -0.05580980744190832
0.341  -0.3084670715946362  -0.062184974634590925
0.342  -0.2957178263198561  -0.06831549422470187
0.343  -0.28290171522489743  -0.07417724757379071
0.34400000000000003  -0.2700216362066862  -0.07974717342128594
0.34500000000000003  -0.25708050162616536  -0.08500335861190982
0.34600000000000003  -0.24408123764977047  -0.08992512430622994
0.34700000000000003  -0.23102678358778372  -0.09449310733517571
0.34800000000000003  -0.2179200912297164  -0.09868933637845304
0.34900000000000003  -0.2047641241768664  -0.10249730266716217
0.35000000000000003  -0.19156185717221225  -0.10590202493245655
0.35100000000000003  -0.17831627542778028  -0.10889010834472504
0.352  -0.16503037394964865  -0.11144979721141633
0.353  -0.15170715686073333  -0.11357102122618665
0.354  -0.13834963672151945  -0.11524543508741301
0.355  -0.12496083384887696  -0.11646645133020925
0.356  -0.11154377563312845  -0.11722926624277424
0.357  -0.0981014958535108  -0.11753087876511456
0.358  -0.0846370339922019  -0.11737010229578948
0.359  -0.07115343454704909  -0.11674756936022816
0.36  -0.05765374634316722  -0.11566572912225358
0.361  -0.0441410218435585  -0.11412883774860291
0.362  -0.030618316458908723  -0.11214294166435192
0.363  -0.01708868785671752  -0.10971585376512091
0.364  -0.0035551952699187095  -0.10685712267964646
0.365  0.009979101194856732  -0.10357799520364702
0.366  0.0235111412492075  -0.09989137205277324
0.367  0.03703786511493845  -0.09581175710872258
0.368  0.05055621421591683  -0.0913552003581897
0.369  0.06406313186965806  -0.08653923474914343
0.37  0.07755556397848301  -0.08138280721285229
0.371  0.09103045972009144  -0.07590620412302634
0.372  0.10448477223739322  -0.07013097148533749
0.373  0.11791545932744707  -0.06407983017130438
0.374  0.13131948412934003  -0.05777658653003337
0.375  0.1446938158108655  -0.05124603872947976
0.376  0.15803543025383499  -0.04451387919570352
0.377  0.17134131073787234  -0.037606593533945604
0.378  0.1846084486225355  -0.03055135632918183
0.379  0.19783384402760945  -0.023375924236100697
0.38  0.21101450651142406  -0.016108526779105063
0.381  0.22414745574702832  -0.00877775529195781
0.382  0.23722972219608568  -0.0014124504339962027
0.383  0.2502583477803267  0.005958411274546008
0.384  0.2632303865504108  0.01330583145172163
0.385  0.27614290535204505  0.020600903939057127
0.386  0.2889929844892105  0.027814928523918765
0.387  0.30177771838434436  0.03491952385164808
0.388  0.3144942162353333  0.04188673908324565
0.389  0.3271396026691592  0.04868916385932761
0.39  0.33971101839206247  0.055300036137729505
0.391  0.3522056208360669  0.061693347480508295
0.392  0.36462058480172255  0.06784394537611728
0.393  0.37695310309692204  0.0737276321942063
0.394  0.389200387171645  0.07932126038373419
0.395  0.4013596677484856  0.08460282353987005
0.396  0.41342819544882786  0.08955154298140364
0.397  0.4254032414145123  0.09414794949805867
0.398  0.43728209792487094  0.09837395994609635
0.399  0.44906207900897943  0.10221294839086528
0.4  0.46074052105299124  0.10564981151641444
0.401  0.47231478340241656  0.10867102804483088
0.402  0.4837822489592114  0.11126471193153796
0.403  0.495140324773537  0.11342065912727049
0.404  0.5063864426300644  0.11513038772276009
0.405  0.5175180596286789  0.11638717131819094
0.406  0.5285326587594668  0.11718606548614495
0.40700000000000003  0.5394277494718446  0.1175239272239266
0.40800000000000003  0.5502008682377071  0.11739942731873751
0.40900000000000003  0.560849579108464  0.11681305557705429
0.41000000000000003  0.5713714742658402  0.11576711889763608
0.41100000000000003  0.5817641745663198  0.11426573219574276
0.41200000000000003  0.5920253300790974  0.11231480221427032
0.41300000000000003  0.6021526206174336  0.10992200428549223
0.41400000000000003  0.6121437562632785  0.10709675213483266
0.41500000000000004  0.621996477885055  0.10385016084546718
0.41600000000000004  0.6317085576484778  0.10019500312945549
0.417  0.6412777995202967  0.09614565907744693
0.418  0.6507020397648526  0.09171805958464735
0.419  0.6599791474333229  0.08692962367562751
0.42  0.6691070248455623  0.08179918997454155
0.421  0.6780836080644137  0.07634694259037264
0.422  0.6869068673623937  0.07059433170878061
0.423  0.6955748076806421  0.06456398920296318
0.424  0.7040854690800309  0.05827963959552985
0.425  0.7124369271843334  0.05176600672168738
0.426  0.7206272936153517  0.04504871646093489
0.427  0.7286547164199064  0.038154195919943734
0.428  0.7365173804885852  0.03110956946325969
0.429  0.7442135079661661  0.02394255200085527
0.43  0.7517413586536146  0.01668133995236553
0.431  0.7590992304015648  0.009354500316970174
0.432  0.7662854594952003  0.0019908582853488607
0.433  0.7732984210304417  -0.0053806161641419825
0.434  0.7801365292813591  -0.0127309222389149
0.435  0.7867982380587288  -0.02003114242682239
0.436  0.7932820410596442  -0.02725255626319094
0.437  0.7995864722081132  -0.034366753322629985
0.438  0.8057101059865579  -0.041345744991089374
0.439  0.8116515577581437  -0.0481620745784263
0.44  0.8174094840798634  -0.05478892533828557
0.441  0.8229825830063093  -0.061200225970316074
0.442  0.8283695943840595  -0.06737075318966226
0.443  0.8335693001366173  -0.07327623096019623
0.444  0.8385805245398329  -0.07889342600109556
0.445  0.8434021344877519  -0.08420023919102154
0.446  0.8480330397488256  -0.08917579251029402
0.447  0.8524721932124273  -0.09380051117902155
0.448  0.8567185911256183  -0.09805620066803472
0.449  0.8607712733201094  -0.10192611827965033
0.45  0.8646293234293692  -0.10539503901664977
0.451  0.8682918690958262  -0.10844931548033583
0.452  0.8717580821681208  -0.1110769315620129
0.453  0.8750271788883612  -0.11326754971666116
0.454  0.8780984200693432  -0.11501255163281801
0.455  0.8809711112616886  -0.11630507213866688
0.456  0.8836446029108707  -0.11714002621093841
0.457  0.8861182905040872  -0.11751412898036566
0.458  0.8883916147069489  -0.11742590865498932
0.459  0.8904640614899528  -0.11687571231046925
0.46  0.8923351622447104  -0.11586570452462217
0.461  0.8940044938899079  -0.11439985886155803
0.462  0.895471678966969  -0.1124839422389177
0.463  0.8967363857254047  -0.11012549223971371
0.464  0.8977983281978259  -0.10733378745803554
0.465  0.8986572662646046  -0.10411981099528249
0.466  0.8993130057081689  -0.1004962072505392
0.467  0.8997653982569169  -0.09647723217508658
0.468  0.9000143416187443  -0.09207869718675982
0.46900000000000003  0.9000597795041728  -0.08731790696480088
0.47000000000000003  0.8999017016390791  -0.08221359136993595
0.47100000000000003  0.8995401437670172  -0.07678583175751419
0.47200000000000003  0.8989751876411365  -0.07105598197361072
0.47300000000000003  0.8982069610056965  -0.06504658434490476
0.47400000000000003  0.8972356375671818  -0.058781280992846976
0.47500000000000003  0.896061436955025  -0.052284720821026934
0.47600000000000003  0.8946846246719451  -0.045582462541663094
0.47700000000000004  0.8931055120339142  -0.03870087412273362
0.47800000000000004  0.8913244560997644  -0.0316670290513376
0.47900000000000004  0.8893418595904521  -0.024508599821412905
0.48  0.8871581707979971  -0.01725374906484282
0.481  0.8847738834841179  -0.009931018754266475
0.482  0.8821895367685855  -0.0025692179134916768
0.483  0.8794057150073207  0.004802690722722679
0.484  0.8764230476602641  0.012155704653614118
0.485  0.8732422091490456  0.019460895713811717
0.486  0.8698639187044894  0.026689523882277702
0.487  0.8662889402039855  0.03381315035105742
0.488  0.8625180819987669  0.04080374940899689
0.489  0.8585521967311309  0.0476338187002607
0.49  0.8543921811416438  0.05427648742386598
0.491  0.8500389758663769  0.06070562204856216
0.492  0.8454935652242155  0.06689592912715014
0.493  0.8407569769942908  0.07282305480574669
0.494  0.8358302821835853  0.07846368063651243
0.495  0.8307145947847636  0.08379561531689193
0.496  0.8254110715242834  0.08879788199445014
0.497  0.819920911600844  0.09345080079382655
0.498  0.8142453564142306  0.09773606624113584
0.499  0.808385689284618  0.10163681928120852
0.5  0.8023432351623938  0.10513771360434424
0.501  0.7961193603285692  0.10822497602163267
0.502  0.7897154720858444  0.11088646065131784
0.503  0.783133018440398  0.11311169670302414
0.504  0.7763734877744741  0.11489192967185038
0.505  0.7694384085098367  0.1162201557802699
0.506  0.7623293487621753  0.11709114953233277
0.507  0.7550479159865313  0.11750148427176801
0.508  0.7475957566138308  0.11744954566310555
0.509  0.7399745556786039  0.1169355380427814
0.51  0.7321860364379761  0.11596148361523897
0.511  0.7242319599820155  0.11453121449718932
0.512  0.716114124835528  0.11265035764132977
0.513  0.7078343665513839  0.11032631269883453
0.514  0.699394557295477  0.10756822290770907
0.515  0.6907966054234014  0.1043869391215405
0.516  0.6820424550489458  0.10079497712016079
0.517  0.6731340856045037  0.09680646837017155
0.518  0.6640735113934967  0.09243710442904711
0.519  0.6548627811349129  0.0877040752115422
0.52  0.6455039775000644  0.08262600136127216
0.521  0.6359992166416647  0.07722286099353703
0.522  0.6263506477153413  0.07151591109758693
0.523  0.6165604523936798  0.06552760390755469
0.524  0.6066308443729193  0.05928149857106582
0.525  0.5965640688724047  0.052802168463038646
0.526  0.5863624021269129  0.04611510450932079
0.527  0.576028150871965  0.03924661490050072
0.528  0.565563651822242  0.032223721590450866
0.529  0.5549712711432203  0.025074053986781596
0.53  0.5442534039161525  0.017825740251459703
0.531  0.5334124735965052  0.010507296639230862
0.532  0.5224509314659828  0.003147515309210827
0.533  0.5113712560782594  -0.004224648948983251
0.534  0.5001759526985445  -0.01158019262892513
0.535  0.4888675527371085  -0.018890177612724865
0.536  0.4774486131768962  -0.026125845019131302
0.537  0.4659217159953577  -0.0332587283464793
0.538  0.4542894675806292  -0.04026076546536034
0.539  0.4425544981421943  -0.04710440902041539
0.54  0.43071946111615167  -0.053762734806907166
0.541  0.4187870325652463  -0.06020954769570221
0.542  0.40675991057376903  -0.06641948468992245
0.543  0.3946408146374853  -0.07236811470783663
0.544  0.3824324850487191  -0.078032034699415
0.545  0.3701376822767364  -0.08338896171841145
0.546  0.3577591863435656  -0.08841782058774267
0.547  0.34529979619539586  -0.09309882681327186
0.548  0.33276232906969866  -0.09741356441979829
0.549  0.3201496198582107  -0.10134505840303348
0.55  0.30746452046592754  -0.10487784151251689
0.551  0.29470989916624835  -0.10799801510274422
0.552  0.28188863995242064  -0.11069330381310075
0.553  0.26900364188542997  -0.11295310386148151
0.554  0.2560578184384833  -0.11476852476160142
0.555  0.24305409683823387  -0.11613242429987126
0.556  0.22999541740289037  -0.11703943663423468
0.557  0.21688473287737925  -0.11748599340441782
0.558  0.20372500776568314  -0.11747033777054289
0.559  0.19051921766052798  -0.11699253132487261
0.56  0.17727034857056095  -0.11605445384949443
0.561  0.163981396245173  -0.11465979592089773
0.562  0.15065536549711972  -0.11281404439053908
0.5630000000000001  0.13729526952309212  -0.11052446079851676
0.5640000000000001  0.12390412922239136  -0.10780005280528221
0.5650000000000001  0.11048497251386341  -0.10465153875377735
0.5660000000000001  0.0970408336512446  -0.10109130550142062
0.5670000000000001  0.08357475253707586  -0.09713335968783676
0.5680000000000001  0.07008977403533945  -0.09279327263005369
0.5690000000000001  0.05658894728297409  -0.0880881190619586
0.5700000000000001  0.04307532500042455  -0.08303640995902212
0.5710000000000001  0.029551962801374454  -0.0776580197125778
0.5720000000000001  0.01602191850183965  -0.07197410794015735
0.5730000000000001  0.0024882514287479784  -0.0660070362395024
0.5740000000000001  -0.011045978271814083  -0.05978028021375528
0.5750000000000001  -0.024577710326542546  -0.053318337113939254
0.5760000000000001  -0.03810388502688511  -0.04664662946208093
0.577  -0.05162144392088125  -0.03979140503413637
0.578  -0.06512733050472586  -0.03277963359621372
0.579  -0.07861849091387751  -0.025638900800348644
0.58  -0.0920918746135842  -0.018397299657262445
0.581  -0.10554443508864986  -0.011083320013077075
0.582  -0.11897313053229247  -0.0037257364648028563
0.583  -0.132374924533938  0.003646504844438292
0.584  -0.14574678676579406  0.011004400105084078
0.585  -0.15908569366804837  0.01831900194767804
0.586  -0.17238862913253666  0.025561533327361302
0.587  -0.18565258518472377  0.03270350073828294
0.588  -0.19887456266385478  0.039716806312509526
0.589  -0.21205157190109586  0.046573858362420034
0.59  -0.22518063339554495  0.053247679931690606
0.591  -0.23825877848793708  0.059712014927807686
0.592  -0.2512830500318976  0.06594143141856862
0.593  -0.26425050306259334  0.07191142168617046
0.594  -0.2771582054626297  0.07759849864526934
0.595  -0.2900032386250413  0.08298028824567294
0.596  -0.3027826981132297  0.08803561749613989
0.597  -0.3154936943176953  0.09274459776298324
0.598  -0.32813335310941766  0.09708870301576496
0.599  -0.340698816489735  0.10105084271225044
0.6  -0.35318724323657646  0.1046154290358726
0.601  -0.3655958095469014  0.10776843822119042
0.602  -0.3779217096751979  0.11049746572606796
0.603  -0.39016215656790565  0.11279177503351952
0.604  -0.4023143824935982  0.11464233989122412
0.605  -0.4143756396688105  0.11604187982253121
0.606  -0.4263432008793484  0.11698488876925048
0.607  -0.4382143600969487  0.11746765675353983
0.608  -0.4499864330911497  0.1174882844736683
0.609  -0.4616567580362314  0.1170466907762334
0.61  -0.4732226961130906  0.11614461297543398
0.611  -0.4846816321059142  0.11478560001814338
0.612  -0.49603097499351445  0.11297499852167261
0.613  -0.5072681585351947  0.11071993173915386
0.614  -0.5183906418510109  0.1080292715352971
0.615  -0.529395909996299  0.10491360348277626
0.616  -0.5402814745303386  0.10138518521655768
0.617  -0.5510448740790225  0.09745789821001609
0.618  -0.5616836748914062  0.0931471931625593
0.619  -0.5721954713900171  0.08847002921361691
0.62  -0.5825778867147805  0.08344480722213764
0.621  -0.5928285732604643  0.07809129737408295
0.622  -0.602945213207505  0.07243056140273166
0.623  -0.6129255190460965  0.06648486972778438
0.624  -0.6227672340934278  0.060277613839266664
0.625  -0.6324681330039498  0.05383321427092641
0.626  -0.642026022272556  0.04717702452517593
0.627  -0.6514387407305638  0.04033523132755751
0.628  -0.6607041600343843  0.033334751603145515
0.629  -0.6698201851467692  0.02620312658021159
0.63  -0.6787847548105282  0.018968413437753618
0.631  -0.6875958420146062  0.011659074923179566
0.632  -0.6962514544524183  0.004303867374406807
0.633  -0.7047496349723371  -0.0030682724130799213
0.634  -0.7130884620202345  -0.010428341029125196
0.635  -0.7212660500739656  -0.017747382553873592
0.636  -0.7292805500697148  -0.024996602475908646
0.637  -0.7371301498200931  -0.03214748097537171
0.638  -0.7448130744238984  -0.03917188512639999
0.639  -0.752327586667445  -0.04604217957744528
0.64  -0.7596719874173713  -0.052731335274040836
0.641  -0.7668446160048361  -0.05921303579627952
0.642  -0.7738438506010192  -0.06546178089265015
0.643  -0.7806681085838394  -0.07145298680291479
0.644  -0.7873158468958051  -0.0771630829753265
0.645  -0.7937855623929226  -0.08256960479769816
0.646  -0.8000757921845761  -0.08765128197748936
0.647  -0.8061851139643075  -0.09238812222321194
0.648  -0.8121121463314193  -0.09676148989793446
0.649  -0.8178555491033274  -0.10075417933544735
0.65  -0.8234140236185972  -0.10435048253065157
0.651  -0.8287863130305846  -0.10753625093785699
0.652  -0.833971202591629  -0.11029895113387334
0.653  -0.838967519927723  -0.11262771412689751
0.654  -0.8437741353036028  -0.11451337811720942
0.655  -0.8483899618781965  -0.11594852454144715
0.656  -0.8528139559503729  -0.11692750725865628
0.657  -0.8570451171949381  -0.11744647476329037
0.658  -0.8610824888888211  -0.1175033853377709
0.659  -0.8649251581274022  -0.11709801508499593
0.66  -0.8685722560309339  -0.11623195880919389
0.661  -0.8720229579410059  -0.1149086237416584
0.662  -0.875276483607011  -0.11313321613604761
0.663  -0.8783320973625722  -0.1109127207859852
0.664  -0.881189108291884  -0.10825587354554324
0.665  -0.8838468703859412  -0.10517312696072029
0.666  -0.8863047826886075  -0.10167660914712215
0.667  -0.8885622894325009  -0.09778007607563205
0.668  -0.8906188801646611  -0.09349885745378594
0.669  -0.8924740898619683  -0.0888497964157666
0.67  -0.8941274990362924  -0.08385118325828705
0.671  -0.8955787338293448  -0.07852268348306032
0.672  -0.8968274660972121  -0.07288526042894594
0.673  -0.8978734134845548  -0.06696109279816277
0.674  -0.8987163394884512  -0.06077348740102346
0.675  -0.8993560535118742  -0.05434678746247847
0.676  -0.8997924109067874  -0.04770627685120592
0.677  -0.9000253130068525  -0.0408780806080287
0.678  -0.9000547071497389  -0.03388906216500012
0.679  -0.8998805866890314  -0.026766717659512912
0.68  -0.8995029909957328  -0.019539067759232316
0.681  -0.8989220054493621  -0.012234547423418514
0.682  -0.8981377614186484  -0.004881894034350659
0.683  -0.8971504362318276  0.0024899656610400805
0.684  -0.8959602531365444  0.009852029354534247
0.685  -0.8945674812493749  0.017175333277259543
0.686  -0.8929724354949746  0.02443106614870936
0.687  -0.8911754765348698  0.031590682525834385
0.6880000000000001  -0.8891770106859072  0.038626015106287256
0.6890000000000001  -0.8869774898283797  0.04550938554398491
0.6900000000000001  -0.8845774113038514  0.05221371334102428
0.6910000000000001  -0.8819773178027004  0.0587126223875486
0.6920000000000001  -0.8791777972414099  0.06498054473041569
0.6930000000000001  -0.8761794826296325  0.07099282116242618
0.6940000000000001  -0.8729830519270574  0.0767257982363643
0.6950000000000001  -0.8695892278901156  0.08215692132219314
0.6960000000000001  -0.8659987779085526  0.08726482334128918
0.6970000000000001  -0.8622125138319141  0.09202940882862269
0.6980000000000001  -0.8582312917859741  0.09643193299216676
0.6990000000000001  -0.8540560119791533  0.10045507545849997
0.7000000000000001  -0.8496876184989698  0.10408300841447286
0.7010000000000001  -0.8451270990985684  0.10730145887685867
0.7020000000000001  -0.8403754849733762  0.11009776484500092
0.7030000000000001  -0.8354338505279346  0.11246092511555132
0.704  -0.8303033131329636  0.11438164256331056
0.705  -0.8249850328727052  0.1158523607179006
0.706  -0.8194802122826177  0.11686729349236542
0.707  -0.8137900960774624  0.11742244794674633
0.708  -0.8079159708698586  0.11751563999707276
0.709  -0.8018591648793615  0.1171465030079664
0.71  -0.7956210476321348  0.11631648923505553
0.711  -0.7892030296512822  0.11502886411152295
0.712  -0.7826065621379088  0.11328869340126638
0.713  -0.7758331366429827  0.11110282326921278
0.714  -0.7688842847300792  0.10847985334719452
0.715  -0.7617615776290705  0.10543010290134898
0.716  -0.7544666258808501  0.10196557023415066
0.717  -0.7470010789731674  0.09809988548078967
0.718  -0.7393666249676563  0.09384825698560904
0.719  -0.7315649901181412  0.08922741146956485
0.72  -0.7235979384803083  0.08425552822410164
0.721  -0.7154672715128277  0.07895216759033744
0.722  -0.7071748276700197  0.0733381940049354
0.723  -0.6987224819861553  0.06743569391541056
0.724  -0.6901121456514847  0.06126788888781817
0.725  -0.6813457655800924  0.05485904424866187
0.726  -0.6724253239696725  0.048234373620451555
0.727  -0.6633528378533285  0.041419939726482405
0.728  -0.6541303586434901  0.034442551855088765
0.729  -0.6447599716680674  0.02732966038676898
0.73  -0.635243795698926  0.02010924879912681
0.731  -0.6255839824728042  0.012809723574514723
0.732  -0.6157827162047769  0.005459802443487531
0.733  -0.6058422130943745  -0.00191159859625014
0.734  -0.5957647208244697  -0.009275479040918029
0.735  -0.585552518053047  -0.01660286797419752
0.736  -0.5752079138979659  -0.023864938044365465
0.737  -0.5647332474148382  -0.03103311887662131
0.738  -0.5541308870681363  -0.038079209474409736
0.739  -0.5434032301956513  -0.044975489167546664
0.74  -0.532552702466421  -0.05169482667064514
0.741  -0.5215817573322548  -0.058210786822789504
0.742  -0.5104928754729738  -0.06449773458852237
0.743  -0.49928856423549756  -0.07053093591098415
0.744  -0.48797135706689226  -0.0762866550204337
0.745  -0.47654381294153336  -0.08174224781530917
0.746  -0.4650085157824805  -0.08687625094846414
0.747  -0.45336807387721884  -0.0916684662680862
0.748  -0.44162511928788983  -0.09610004028109528
0.749  -0.4297823072561465  -0.10015353832639733
0.75  -0.41784231560276675  -0.1038130131661802
0.751  -0.4058078441221618  -0.10706406772540397
0.752  -0.39368161397191626  -0.10989391173264941
0.753  -0.38146636705749704  -0.11229141203949779
0.754  -0.36916486541227156  -0.11424713642046888
0.755  -0.3567798905729742  -0.1157533906812029
0.756  -0.3443142429507632  -0.11680424892889509
0.757  -0.33177074119800976  -0.11739557688589315
0.758  -0.3191522215709633  -0.11752504815473752
0.759  -0.3064615372884304  -0.11719215337065465
0.76  -0.29370155788663127  -0.11639820220549554
0.761  -0.2808751685703532  -0.11514631821523577
0.762  -0.26798526956056773  -0.11344142655130811
0.763  -0.2550347754386514  -0.1112902345841131
0.764  -0.24202661448735924  -0.10870120551493916
0.765  -0.22896372802870024  -0.10568452508010771
0.766  -0.21584906975886475  -0.10225206147833399
0.767  -0.20268560508035316  -0.09841731867896175
0.768  -0.18947631043145802  -0.09419538329475974
0.769  -0.17622417261325157  -0.08960286522829727
0.77  -0.16293218811422872  -0.08465783232540579
0.771  -0.14960336243276062  -0.07937973929281206
0.772  -0.1362407093975107  -0.07378935115959594
0.773  -0.12284725048596667  -0.06790866158358543
0.774  -0.1094260141412452  -0.06176080632409749
0.775  -0.09598003508731362  -0.05536997222142645
0.776  -0.08251235364280674  -0.04876130204118148
0.777  -0.06902601503356315  -0.041960795557830374
0.778  -0.05552406870406035  -0.034995207266606126
0.779  -0.042009567627893374  -0.027891941126198326
0.78  -0.02848556761745591  -0.020678942746326867
0.781  -0.014955126632980209  -0.013384589444364756
0.782  -0.0014213040910900365  -0.006037578603532344
0.783  0.012112839826974642  0.001333185228104869
0.784  0.025644244867306598  0.008698704053665358
0.785  0.03916985139529561  0.016030000511126227
0.786  0.05268660108745438  0.02329823187581649
0.787  0.06619143762294621  0.030474803533220178
0.788  0.07968130737466128  0.037531481475670946
0.789  0.09315316009968139  0.04444050338034182
0.79  0.10660394962898784  0.05117468783154478
0.791  0.12003063455623175  0.05770754125762616
0.792  0.13343017892544423  0.06401336216175274
0.793  0.14679955291750552  0.07006734223652386
0.794  0.16013573353522803  0.07584566396460424
0.795  0.1734357052868974  0.08132559432140254
0.796  0.1866964608681161  0.08648557421114092
0.797  0.19991500184179584  0.0913053032844703
0.798  0.21308833931614474  0.09576581980393299
0.799  0.22621349462049678  0.09984957524307016
0.8  0.2392874999788292  0.10354050332568653
0.801  0.2523073991808178  0.1068240832336584
0.802  0.26527024825027523  0.1096873967346151
0.803  0.2781731161108249  0.11211917900473767
0.804  0.2910130852486568  0.11410986294673522
0.805  0.3037872523722159  0.11565161682863796
0.806  0.31649272906868087  0.116738375095331
0.807  0.3291266424570655  0.11736586223161014
0.808  0.34168613583782226  0.1175316095828778
0.809  0.35416836933877793  0.11723496506730299
0.81  0.366570520557269  0.11647709574123612
0.811  0.3788897851983246  0.11526098320778594
0.812  0.3911233777087554  0.11359141188662154
0.8130000000000001  0.4032685319070053  0.111474950191149
0.8140000000000001  0.41532250160862294  0.10891992468711469
0.8150000000000001  0.42728256124721087  0.10593638733430064
0.8160000000000001  0.43914600649071367  0.10253607594018946
0.8170000000000001  0.4509101548529038  0.09873236798117971
0.8180000000000001  0.46257234629992805  0.09454022797303338
0.8190000000000001  0.4741299438517781  0.0899761485976027
0.8200000000000001  0.4855803341785454  0.08505808581746072
0.8210000000000001  0.49692092819133615  0.0798053882337049
0.8220000000000001  0.508149161627692  0.07423872096485384
0.8230000000000001  0.519262495631409  0.06837998434631302
0.8240000000000001  0.5302584173266074  0.06225222777025745
0.8250000000000001  0.5411344403859257  0.05587955900491123
0.8260000000000001  0.5518881055927143  0.04928704934996674
0.8270000000000001  0.562516981397097  0.04250063500128946
0.8280000000000001  0.5730186644657774  0.035547015012955034
0.8290000000000001  0.5833907802254662  0.028453546258056003
0.8300000000000001  0.5936309833998036  0.021248135801523262
0.8310000000000001  0.6037369585396579  0.013959131108383427
0.8320000000000001  0.6137064205466815  0.006615208519405925
0.833  0.6235371151899998  -0.000754739567117288
0.834  0.6332268196159291  -0.00812171836360389
0.835  0.642773342850587  -0.015456744764224858
0.836  0.6521745262953057  -0.022730961369998276
0.837  0.6614282442147181  -0.029915750019324047
0.838  0.6705324042174208  -0.03698284437731311
0.839  0.6794849477290843  -0.04390444114096675
0.84  0.6882838504579304  -0.05065330942269201
0.841  0.6969271228524495  -0.05720289788183308
0.842  0.7054128105512669  -0.06352743918273092
0.843  0.7137389948250491  -0.06960205136835773
0.844  0.7219037930103552  -0.0754028357507025
0.845  0.7299053589353328  -0.08090697093278704
0.846  0.7377418833371618  -0.08609280259241596
0.847  0.7454115942711548  -0.09093992867442459
0.848  0.7529127575114158  -0.09542927965627482
0.849  0.7602436769429746  -0.09954319357120915
0.85  0.767402694945299  -0.10326548549381129
0.851  0.7743881927671078  -0.10658151121460317
0.852  0.7811985908923897  -0.10947822485317005
0.853  0.7878323493975574  -0.11194423018315444
0.854  0.7942879682996404  -0.11396982546719168
0.855  0.8005639878954547  -0.11554704162540468
0.856  0.8066589890916608  -0.11666967358729023
0.857  0.8125715937256396  -0.11733330470365524
0.858  0.8183004648771144  -0.11753532412256056
0.859  0.8238443071704461  -0.11727493706091272
0.86  0.8292018670675356  -0.11655316793129282
0.861  0.8343719331512656  -0.11537285631172127
0.862  0.8393533363994188  -0.11373864577421385
0.863  0.8441449504490091  -0.11165696561607988
0.864  0.8487456918509684  -0.10913600556583497
0.865  0.8531545203151285  -0.10618568356324029
0.866  0.8573704389454448  -0.1028176067402278
0.867  0.8613924944654093  -0.09904502575621846
0.868  0.8652197774335968  -0.09488278266749174
0.869  0.8688514224493055  -0.09034725253569177
0.87  0.8722866083482324  -0.08545627900519817
0.871  0.8755245583881521  -0.08022910410281098
0.872  0.8785645404245475  -0.07468629253593104
0.873  0.881405867076158  -0.06884965078706179
0.874  0.8840478958804059  -0.06274214132293036
0.875  0.8864900294386661  -0.05638779225574194
0.876  0.8887317155513454  -0.04981160281198763
0.877  0.8907724473427427  -0.043039444980695764
0.878  0.8926117633756611  -0.03609796172807154
0.879  0.8942492477557433  -0.02901446217896426
0.88  0.8956845302255134  -0.021816814177538703
0.881  0.8969172862480952  -0.014533334649838518
0.882  0.8979472370805954  -0.0071926781995714575
0.883  0.8987741498371309  0.00017627562458594204
0.884  0.899397837541487  0.007544535946668263
0.885  0.8998181591693966  0.014883114619080158
0.886  0.9000350196804257  0.02216314026752198
0.887  0.9000483700394655  0.029355971876506987
0.888  0.8998582072278178  0.03643331146860207
0.889  0.8994645742438796  0.043367315434094944
0.89  0.8988675600934191  0.05013070407308386
0.891  0.8980672997694508  0.05669686891904595
0.892  0.8970639742217117  0.06303997742164097
0.893  0.8958578103157462  0.0691350745769129
0.894  0.8944490807816087  0.07495818110505593
0.895  0.8928381041521956  0.08048638778949423
0.896  0.8910252446912202  0.08569794560613091
0.897  0.8890109123108492  0.09057235128817147
0.898  0.8867955624790136  0.09509042798990548
0.899  0.8843796961164241  0.09923440073209064
0.9  0.8817638594833029  0.10298796633212605
0.901  0.87894864405587  0.1063363575438958
0.902  0.8759346863926001  0.10926640115494383
0.903  0.8727226679902892  0.11176656981241523
0.904  0.8693133151299586  0.1138270273738715
0.905  0.8657073987126328  0.11543966760455751
0.906  0.8619057340850282  0.11659814606888305
0.907  0.8579091808551931  0.11729790509064746
0.908  0.8537186426981369  0.11753619168381102
0.909  0.8493350671514983  0.11731206838326923
0.91  0.8447594454012939  0.11662641693302035
0.911  0.8399928120577966  0.11548193481721512
0.912  0.8350362449215982  0.11388312464773799
0.913  0.8298908647399016  0.11183627645006901
0.914  0.824557834953107  0.10934944291711883
0.915  0.8190383614317391  0.1064324077283921
0.916  0.813333692203787  0.10309664705911822
0.917  0.8074451171725059  0.09935528443077984
0.918  0.8013739678247527  0.09522303908066382
0.919  0.7951216169299192  0.09071616805356447
0.92  0.7886894782295303  0.0858524022434535
0.921  0.7820790061175767  0.08065087663674696
0.922  0.7752916953116585  0.07513205503160306
0.923  0.7683290805150077  0.0693176495294201
0.924  0.7611927360694715  0.06323053511527114
0.925  0.7538842755995324  0.056894659663327816
0.926  0.7464053516474454  0.05033494972133996
0.927  0.7387576552995757  0.04357721244481907
0.928  0.730942915804022  0.036648034066745466
0.929  0.7229629001796085  0.02957467530223479
0.93  0.7148194128163402  0.02238496409966261
0.931  0.7065142950674008  0.015107186160184666
0.932  0.6980494248328051  0.007769973656370895
0.933  0.6894267161347744  0.0004021925877503024
0.934  0.6806481186849525  -0.006967170783555833
0.935  0.6717156174435492  -0.014309123970345214
0.936  0.6626312321705132  -0.02159478232233219
0.937  0.6533970169688373  -0.028795482663895255
0.9380000000000001  0.644015059820098  -0.03588289606050075
0.9390000000000001  0.6344874821123343  -0.04282913927015733
0.9400000000000001  0.6248164381603725  -0.049606884441434476
0.9410000000000001  0.6150041147187074  -0.05618946662646032
0.9420000000000001  0.6050527304870466  -0.06255098868593781
0.9430000000000001  0.5949645356086324  -0.06866642317345073
0.9440000000000001  0.5847418111614543  -0.07451171079823242
0.9450000000000001  0.5743868686424668  -0.08006385507902432
0.9460000000000001  0.5639020494449243  -0.08530101281663816
0.9470000000000001  0.5532897243289672  -0.0902025800292881
0.9480000000000001  0.5425522928855557  -0.09474927301259854
0.9490000000000001  0.5316921829938915  -0.09892320420539363
0.9500000000000001  0.5207118502724412  -0.10270795256278886
0.9510000000000001  0.5096137775236869  -0.10608862815972732
0.9520000000000001  0.4984004741727314  -0.10905193077079726
0.9530000000000001  0.48707447569988327  -0.11158620219586647
0.9540000000000001  0.47563834306734987  -0.11368147212567586
0.9550000000000001  0.4640946621401688  -0.11532949736694442
0.9560000000000001  0.4524460431015095  -0.11652379427267184
0.9570000000000001  0.44069511986247434  -0.11725966425004757
0.9580000000000001  0.42884454946653605  -0.11753421224561486
0.9590000000000001  0.4168970114887445  -0.11734635813496587
0.96  0.4048552074298386  -0.11669684097215793
0.961  0.392721860105396  -0.1155882160821332
0.962  0.3804997130301761  -0.11402484500758064
0.963  0.36819152979776376  -0.11201287834979223
0.964  0.3558000934556922  -0.10956023157101866
0.965  0.34332820587615365  -0.10667655385352473
0.966  0.3307786871224581  -0.10337319013785792
0.967  0.3181543748113796  -0.09966313648967892
0.968  0.30545812347153195  -0.09556098897075029
0.969  0.2926928038979214  -0.09108288621523149
0.97  0.27986130250282043  -0.08624644593720333
0.971  0.2669665206631112  -0.08107069561920408
0.972  0.2540113740642446  -0.07557599765446855
0.973  0.24099879204096408  -0.06978396923737253
0.974  0.22793171691494285  -0.06371739731724896
0.975  0.21481310332948583  -0.057400148950164896
0.976  0.2016459175814439  -0.050857077401348004
0.977  0.18843313695049602  -0.04411392436768442
0.978  0.17517774902593902  -0.037197218704949256
0.979  0.16188275103116262  -0.030134172058206714
0.98  0.14855114914593037  -0.022952571805985613
0.981  0.13518595782664283  -0.015680671739409274
0.982  0.12179019912472844  -0.008347080906369639
0.983  0.10836690200331622  -0.000980651058049134
0.984  0.09491910165234613  0.006389636859390507
0.985  0.08144983880227152  0.013734786721405358
0.986  0.06796215903650826  0.02102590130137707
0.987  0.05445911210278759  0.02823429595783805
0.988  0.04094375122356608  0.03533161148534587
0.989  0.027419132405650637  0.04228992568503007
0.99  0.013888313749194192  0.04908186321587075
0.991  0.00035435475621725665  0.05568070329453706
0.992  -0.013179684361186716  0.06206048482006318
0.993  -0.026710743372805545  0.06819610850979564
0.994  -0.040235762722274415  0.0740634356447787
0.995  -0.05375168421887305  0.07963938303609874
0.996  -0.06725545172903119  0.08490201383857143
0.997  -0.08074401186736035  0.08983062385449234
0.998  -0.09421431468706509  0.09440582298791915
0.999  -0.10766331436957832  0.0986096115290201
1.0  -0.12108796991326143  0.10242545096838288
