0.0  4.3314520103167045  10.0
0.005  4.1346311159431455  10.0
0.01  3.9347664041462216  10.0
0.015  3.7320114070537285  10.0
0.02  3.5265217911969096  10.0
0.025  3.3184552381220773  10.0
0.03  3.1079713235096054  10.0
0.035  2.8952313948929103  10.0
0.04  2.6803984480710916  10.0
0.045  2.463637002309826  10.0
0.05  2.2451129744260805  10.0
0.055  2.0249935518529543  10.0
0.06  1.8034470647817566  10.0
0.065  1.5806428574790938  10.0
0.07  1.3567511588773313  10.0
0.075  1.1319429525373195  10.0
0.08  0.9063898460827288  10.0
0.085  0.6802639402057208  10.0
0.09  0.4537376973439599  10.0
0.095  0.22698381012918745  10.0
0.1  0.00017506970777114716  10.0
0.105  -0.2265157659663526  10.0
0.11  -0.4529161037659042  10.0
0.115  -0.678853646851277  10.0
0.12  -0.90415652585819  10.0
0.125  -1.1286534297119974  10.0
0.13  -1.3521737359690282  10.0
0.135  -1.5745476405857168  10.0
0.14  -1.795606287016741  10.0
0.145  -2.015181894543912  10.0
0.15  -2.2331078857382347  10.0
0.155  -2.449219012958168  10.0
0.16  -2.6633514837879337  10.0
0.165  -2.875343085320564  10.0
0.17  -3.0850333071912326  10.0
0.17500000000000002  -3.292263463267468  10.0
0.18  -3.49687681190385  10.0
0.185  -3.698718674669923  10.0
0.19  -3.8976365534612816  10.0
0.195  -4.0934802459050035  10.0
0.2  -4.286101958971949  10.0
0.20500000000000002  -4.475356420709881  10.0
0.21  -4.661100990012727  10.0
0.215  -4.843195764342938  10.0
0.22  -5.021503685325409  10.0
0.225  -5.195890642133086  10.0
0.23  -5.366225572586164  10.0
0.23500000000000001  -5.532380561888419  10.0
0.24  -5.694230938926182  10.0
0.245  -5.851655370057252  10.0
0.25  -6.0045359503190125  10.0
0.255  -6.152758291987039  10.0
0.26  -6.296211610417458  10.0
0.265  -6.434788807108485  10.0
0.27  -6.568386549918667  10.0
0.275  -6.6969053503815585  10.0
0.28  -6.820249638058798  10.0
0.28500000000000003  -6.938327831875819  10.0
0.29  -7.05105240838678  10.0
0.295  -7.158339966917593  10.0
0.3  -7.2601112915384425  10.0
0.305  -7.356291409819484  10.0
0.31  -7.446809648325991  10.0
0.315  -7.531599684811691  10.0
0.32  -7.610599597071524  10.0
0.325  -7.683751908417688  10.0
0.33  -7.751003629745354  10.0
0.335  -7.812306298157142  9.985631817075186
0.34  -7.867616012117967  9.923959851616805
0.34500000000000003  -7.916893463114618  9.861321327570083
0.35000000000000003  -7.960103963797096  9.797722484299447
0.355  -7.997217472581369  9.733169954522904
0.36  -8.028208614695998  9.667670761836558
0.365  -8.05305669965774  9.601232318001701
0.37  -8.071745735163999  9.53386241999592
0.375  -8.084264437392752  9.465569246829874
0.38  -8.090606237703277  9.396361356131523
0.385  -8.090769285733783  9.326247680499751
0.39  -8.084756448894856  9.255237523629397
0.395  -8.072575308260246  9.183340556210002
0.4  -8.054238150859446  9.110566811600549
0.405  -8.029761958379098  9.036926681282761
0.41000000000000003  -7.999168392283166  8.962430910095518
0.41500000000000004  -7.962483775364357  8.887090591253267
0.42  -7.919739069742196  8.81091716115126
0.425  -7.870969851325711  8.73392239396067
0.43  -7.816216280761484  8.656118396016863
0.435  -7.755523070890422  8.577517600003961
0.44  -7.6889394507393405  8.49813275893932
0.445  -7.616519126076023  8.41797693996134
0.45  -7.538320236559103  8.3370635179244
0.455  -7.454405309516627  8.255406168804658
0.46  -7.364841210389812  8.173018862920685
0.465  -7.2696990898809775  8.08991585797298
0.47000000000000003  -7.169054327847169  8.0061116919065
0.47500000000000003  -7.06298647398348  7.921621175600514
0.48  -6.951579185342461  7.836459385390141
0.485  -6.834920160738495  7.750641655424076
0.49  -6.713101072088307  7.664183569863106
0.495  -6.586217492741122  7.577100954924088
0.5  -6.454368822854307  7.489409870774209
0.505  -6.317658211872524  7.401126603280414
0.51  -6.176192478170647  7.312267655618968
0.515  -6.03008202592284  7.222849739750252
0.52  -5.879440759262257  7.132889767763946
0.525  -5.724385993797987  7.042404843099805
0.53  -5.565038365557679  6.951412251649411
0.535  -5.401521737426439  6.859929452744266
0.54  -5.233963103154329  6.767974070035678
0.545  -5.062492489006692  6.675563882272047
0.55  -4.887242853133317  6.582716813979077
0.555  -4.708349982734166  6.489450926048667
0.56  -4.525952389100995  6.395784406242147
0.5650000000000001  -4.340191200615929  6.301735559613699
0.5700000000000001  -4.151210053789431  6.207322798859748
0.5750000000000001  -3.959154982421696  6.112564634600284
0.58  -3.7641743049728573  6.017479665597968
0.585  -3.5664185102287282  5.922086568921058
0.59  -3.3660401413501355  5.8264040900561636
0.595  -3.163193678395034  5.730451032976818
0.6  -2.9580354194037595  5.634246250174038
0.605  -2.7507233601389016  5.537808632654896
0.61  -2.5414170725721927  5.441157099915273
0.615  -2.330277582211785  5.3443105898929275
0.62  -2.1174672443641467  5.247288048907044
0.625  -1.903149619425592  5.150108421590438
0.63  -1.6874893472991177  5.052790640820579
0.635  -1.4706520210329805  4.955353617655647
0.64  -1.2528040597778711  4.8578162312817685
0.645  -1.0341125811601408  4.760197318977654
0.65  -0.8147452731688836  4.662515666102766
0.655  -0.5948702656550804  4.564789996115208
0.66  -0.3746560015411824  4.467038960625473
0.665  -0.15427110783983322  4.369281129492168
0.67  0.06611573341957999  4.271534980965805
0.675  0.28633591425774074  4.173818891886793
0.68  0.5062210297068557  4.076151127943577
0.685  0.7256030065680742  3.978549833997041
0.6900000000000001  0.9443142318664957  3.8810330244770483
0.6950000000000001  1.1621876809055047  3.7836185738571277
0.7000000000000001  1.379057044822636  3.686324207213145
0.705  1.5947568575495232  3.5891674908717874
0.71  1.8091226220789962  3.4921658231546897
0.715  2.0219909359428994  3.395336425223873
0.72  2.2331996158049385  3.298696332034188
0.725  2.442587821073462  3.2022623833983714
0.73  2.6499961764399704  3.1060512151702104
0.735  2.855266893249844  3.010079250551332
0.74  3.058243889612915  2.914362691526948
0.745  3.2587729091623405  2.8189175104359196
0.75  3.45670163837128  2.7237594416803312
0.755  3.6518798223382283  2.628903973579729
0.76  3.8441593789527357  2.534366340375112
0.765  4.033394511354843  2.44016151438759
0.77  4.2194418186025935  2.346304198336628
0.775  4.402160404463632  2.2528088178226384
0.78  4.581411984248233  2.159689513978585
0.785  4.757060989602555  2.0669601362952
0.79  4.9289746711827735  1.9746342356242597
0.795  5.0970231991320265  1.8827250573642957
0.8  5.261079761284185  1.7912455348329808
0.805  5.421020659019882  1.7002082828303244
0.81  5.576725400702341  1.6096255913967288
0.8150000000000001  5.728076792622264  1.519509419769737
0.8200000000000001  5.874961027382936  1.429871390543326
0.8250000000000001  6.0172677696588766  1.3407227840333749
0.8300000000000001  6.1548902392631515  1.2520745328527911
0.835  6.287725291460754  1.1639372166997808
0.84  6.415673494467497  1.0763210573624624
0.845  6.538639204075931  0.9892359139429919
0.85  6.65653063535231  0.9026912783042107
0.855  6.769259931350563  0.8166962707416416
0.86  6.876743228791724  0.7312596358836151
0.865  6.978900720659605  0.6463897388220925
0.87  7.075656715665753  0.5620945614765911
0.875  7.166939694539299  0.4783816991935905
0.88  7.252682363099666  0.3952583575835301
0.885  7.332821702072542  0.31273134959739857
0.89  7.407299013612181  0.23080709284481926
0.895  7.476059964495425  0.1494916071553405
0.9  7.53905462595562  0.068790512384445
0.905  7.596237510126967  -0.011290973534229365
0.91  7.647567603072636  -0.09074803628923978
0.915  7.693008394372507  -0.16957626664316017
0.92  7.732527903249003  -0.2477716616348674
0.925  7.766098701212297  -0.3253306255315289
0.93  7.793697931208647  -0.40224997052964895
0.935  7.8153073232584624  -0.47852691720463514
0.9400000000000001  7.830913206573305  -0.5541590947085893
0.9450000000000001  7.840506518143767  -0.629144540716111
0.9500000000000001  7.844082807792861  -0.7034817011181247
0.9550000000000001  7.84164223969228  -0.7771694294638046
0.96  7.83318959034157  -0.8502069861509217
0.965  7.818734243013028  -0.9225940373650635
0.97  7.798290178667746  -0.9943306537682524
0.975  7.77187596335105  -1.065417308937816
0.98  7.739514732078142  -1.135854877556331
0.985  7.701234169223576  -1.2056446333537256
0.99  7.65706648543076  -1.2747882468027885
0.995  7.607048391060411  -1.3432877825693987
1.0  7.551221066199492  -1.41114569671901
1.0050000000000001  7.489630127254843  -1.4783648336811037
1.01  7.42232559015825  -1.5449484229733565
1.0150000000000001  7.349361830212357  -1.6109000756875609
1.02  7.270797538609375  -1.6762237807393516
1.025  7.186695675657029  -1.7409239008840878
1.03  7.097123420748791  -1.8050051685011936
1.035  7.002152119117849  -1.8684726811495969
1.04  6.9018572254167285  -1.9313318968969408
1.045  6.796318244167008  -1.9935886294253664
1.05  6.685618667125716  -2.0552490429169175
1.055  6.569845907617688  -2.1163196467215757
1.06  6.449091231885099  -2.1768072898113027
1.065  6.323449687508006  -2.2367191550233514
1.07  6.193020028951656  -2.2960627530964497
1.075  6.057904640298778  -2.354845916503447
1.08  5.918209455226956  -2.4130767930842145
1.085  5.77404387429354  -2.470763839482685
1.09  5.625520679592308  -2.5279158143920775
1.095  5.4727559468484  -2.5845417716123853
1.1  5.315868955019657  -2.640651052924474
1.105  5.154982093474762  -2.696253280785033
1.11  4.990220766819955  -2.7513583508470085
1.115  4.821713297448424  -2.8059764243099723
1.12  4.649590825887646  -2.860117920105238
1.125  4.473987209022085  -2.9137935069204373
1.1300000000000001  4.295038916269874  -2.967014095068534
1.135  4.112884923794004  -3.0197908282061956
1.1400000000000001  3.927666606829681  -3.072135074906706
1.145  3.739527630211276  -3.124058420092534
1.1500000000000001  3.5486138371832965  -3.17557265633288
1.155  3.3550731365814546  -3.226689775011521
1.16  3.1590553884707835  -3.2774219573704557
1.165  2.9607122883292027  -3.327781565434788
1.17  2.7601972498658967  -3.3777811328245226
1.175  2.557665286564675  -3.427433355458906
1.18  2.3532728920440844  -3.4767510821590393
1.185  2.147177919325942  -3.525747305154604
1.19  1.9395394591058077  -3.5744351505004994
1.195  1.7305177171187864  -3.6228278684093853
1.2  1.5202738906953415  -3.670938823506047
1.205  1.3089700446019228  -3.718781485009639
1.21  1.096768986262148  -3.7663694168498547
1.215  0.8838341404543095  -3.813716267723174
1.22  0.6703294235817604  -3.8608357610952777
1.225  0.4564191176126301  -3.90774168515589
1.23  0.2422677437859767  -3.9544478827322074
1.235  0.028039936181049163  -4.000968241167223
1.24  -0.1860996847527463  -4.047316682169126
1.245  -0.39998663860865136  -4.093507151638182
1.25  -0.613456711280605  -4.139553609477287
1.2550000000000001  -0.8263460809700329  -4.185470019392619
1.26  -1.0384914438444555  -4.231270338690622
1.2650000000000001  -1.2497301392518052  -4.2769685080777196
1.27  -1.4599002743942333  -4.322578441469058
1.2750000000000001  -1.6688408483661004  -4.368114015812604
1.28  -1.876391875460913  -4.413589060934948
1.285  -2.082394507652979  -4.459017349415095
1.29  -2.286691156159871  -4.504412586492546
1.295  -2.4891256119926988  -4.549788400015924
1.3  -2.6895431654020805  -4.5951583304384584
1.305  -2.8877907241282252  -4.640535820866473
1.31  -3.0837169303650818  -4.685934207167141
1.315  -3.277172276348695  -4.731366708141609
1.32  -3.468009218482001  -4.776846415769662
1.325  -3.656082289908433  -4.822386285531975
1.33  -3.8412482114487547  -4.8679991268160006
1.335  -4.0233660008162335  -4.913697593411465
1.34  -4.2022970800270345  -4.959494174101424
1.345  -4.377905380923795  -5.005401183354717
1.35  -4.550057448732095  -5.0514307521256825
1.355  -4.718622543570827  -5.0975948187668125
1.36  -4.883472739839303  -5.143905120060118
1.365  -5.044483023405306  -5.190373182372711
1.37  -5.201531386520427  -5.237010312942246
1.375  -5.354498920390181  -5.283827591297565
1.3800000000000001  -5.503269905328975  -5.330835860820027
1.385  -5.647731898431122  -5.378045720450722
1.3900000000000001  -5.787775818691663  -5.425467516548839
1.395  -5.923296029512241  -5.473111334906246
1.4000000000000001  -6.054190418529703  -5.520986992923338
1.405  -6.1803604747068  -5.5691040319510225
1.41  -6.301711362626892  -5.617471709803716
1.415  -6.418151993936291  -5.666098993448012
1.42  -6.5295950958804525  -5.714994551871654
1.425  -6.63595727688229  -5.764166749137315
1.43  -6.737159089113154  -5.8136236376255095
1.435  -6.8331250880094965  -5.863372951471009
1.44  -6.92378388869039  -5.913422100196799
1.445  -7.009068219233727  -5.96377816254969
1.45  -7.088914970771022  -6.014447880541431
1.455  -7.1632652443635845  -6.065437653699176
1.46  -7.232064394624906  -6.116753533528839
1.465  -7.295262070057007  -6.168401218195015
1.47  -7.352812250070679  -6.220386047420712
1.475  -7.4046732786624  -6.272712997610256
1.48  -7.450807894723046  -6.32538667719841
1.485  -7.491183258956313  -6.378411322228773
1.49  -7.525770977387204  -6.431790792164189
1.495  -7.554547121443728  -6.485528565931985
1.5  -7.577492244597434  -6.539627738206488
1.5050000000000001  -7.594591395551182  -6.594091015931332
1.51  -7.605834127965144  -6.648920715083689
1.5150000000000001  -7.611214506714707  -6.704118757682686
1.52  -7.6107311106766025  -6.759686669043848
1.5250000000000001  -7.604387032042315  -6.815625575281471
1.53  -7.592189872160395  -6.871936201060489
1.5350000000000001  -7.574151733912048  -6.928618867599493
1.54  -7.5502892106270325  -6.9856734909260565
1.545  -7.520623371549483  -7.043099580385769
1.55  -7.485179743866008  -7.1008962374058795
1.555  -7.44398829131104  -7.159062154514485
1.56  -7.3970833893669585  -7.217595614616018
1.565  -7.344503797079241  -7.276494490523568
1.57  -7.286292625509404  -7.335756244748465
1.575  -7.222497302851095  -7.3953779295473865
1.58  -7.153169536237303  -7.455356187227095
1.585  -7.078365270269134  -7.515687250706703
1.59  -6.998144642299065  -7.57636694433732
1.595  -6.912571934504261  -7.637390684978627
1.6  -6.82171552278776  -7.6987534833319
1.605  -6.725647822547959  -7.76044994552876
1.61  -6.62444523135904  -7.822474274974819
1.615  -6.5181880686075955  -7.884820274447172
1.62  -6.40696051213271  -7.94748134844466
1.625  -6.290850531919348  -8.01045050578948
1.6300000000000001  -6.169949820896999  -8.07372036247873
1.635  -6.044353722897742  -8.137283144784254
1.6400000000000001  -5.914161157830033  -8.201130692598994
1.645  -5.779474544126844  -8.265254463027906
1.6500000000000001  -5.640399718528554  -8.329645534221408
1.655  -5.497045853263309  -8.394294609449044
1.6600000000000001  -5.349525370689255  -8.459192021411063
1.665  -5.197953855465421  -8.524327736785313
1.67  -5.042449964319319  -8.589691361006846
1.675  -4.883135333481699  -8.655272143277365
1.68  -4.72013448386049  -8.721058981801537
1.685  -4.553574724027317  -8.787040429247211
1.69  -4.383586051092397  -8.853204698426037
1.695  -4.2103010495444035  -8.919539668191426
1.7  -4.033854788134067  -8.986032889550087
1.705  -3.8543847148813857  -9.052671591983659
1.71  -3.672030550287948  -9.119442689976555
1.715  -3.486934178836978  -9.18633278974627
1.72  -3.299239538865388  -9.253328196171902
1.725  -3.1090925108929746  -9.320414919917003
1.73  -2.9166408044953185  -9.387578684742284
1.735  -2.7220338438077647  -9.454804935003896
1.74  -2.5254226517493747  -9.522078843332768
1.745  -2.3269597330560123  -9.589385318490377
1.75  -2.126798956213308  -9.656709013396224
1.7550000000000001  -1.9250954343805773  -9.724034333322262
1.76  -1.7220054053977953  -9.791345444249197
1.7650000000000001  -1.517686110968125  -9.858626281379813
1.77  -1.3122956751095542  -9.925860557804032
1.7750000000000001  -1.1059929819692318  -9.993031773310596
1.78  -0.8989375530949569  -10.0
1.7850000000000001  -0.6912894242582701  -10.0
1.79  -0.48320902192450177  -10.0
1.795  -0.27485703946452356  -10.0
1.8  -0.06639431320415723  -10.0
1.805  0.1420183015936588  -10.0
1.81  0.3502200547183564  -10.0
1.815  0.558050424877124  -10.0
1.82  0.765349243341251  -10.0
1.825  0.9719568172778927  -10.0
1.83  1.1777140526726138  -10.0
1.835  1.3824625767479866  -10.0
1.84  1.586044859784332  -10.0
1.845  1.7883043362486872  -10.0
1.85  1.9890855251391226  -10.0
1.855  2.1882341494517963  -10.0
1.86  2.3855972546792215  -10.0
1.865  2.5810233262483946  -10.0
1.87  2.774362405809139  -10.0
1.875  2.9654662062828265  -10.0
1.8800000000000001  3.1541882255838902  -10.0
1.885  3.3403838589263444  -10.0
1.8900000000000001  3.5239105096296472  -10.0
1.895  3.7046276983387365  -10.0
1.9000000000000001  3.882397170574704  -10.0
1.905  4.057083002533676  -10.0
1.9100000000000001  4.228551705053082  -10.0
1.915  4.396672325665523  -10.0
1.92  4.561316548662385  -10.0
1.925  4.722358793090638  -10.0
1.93  4.879676308607884  -10.0
1.935  5.033149269122598  -10.0
1.94  5.182660864147851  -10.0
1.945  5.328097387799071  -10.0
1.95  5.469348325367735  -10.0
1.955  5.606306437405186  -10.0
1.96  5.738867841252412  -10.0
1.965  5.866932089953849  -10.0
1.97  5.99040224849505  -10.0
1.975  6.109184967306366  -10.0
1.98  6.223190552976751  -10.0
1.985  6.332333036124127  -10.0
1.99  6.436530236370724  -10.0
1.995  6.5357038243742975  -10.0
2.0  6.629779380868205  -10.0
2.005  6.718686452665852  -10.0
2.0100000000000002  6.802358605587117  -10.0
2.015  6.880733474266945  -10.0
2.02  6.953752808808693  -10.0
2.025  7.021362518247125  -10.0
2.0300000000000002  7.083512710788556  -10.0
2.035  7.140157730798059  -10.0
2.04  7.191256192506263  -10.0
2.045  7.2367710104106315  -10.0
2.05  7.276669426348847  -10.0
2.055  7.310923033224391  -10.0
2.06  7.339507795367039  -10.0
2.065  7.362404065513575  -10.0
2.07  7.379596598396617  -10.0
2.075  7.3910745609321  -10.0
2.08  7.39683153899859  -10.0
2.085  7.396865540804189  -10.0
2.09  7.391178996839446  -10.0
2.095  7.379778756417357  -10.0
2.1  7.362676080804089  -10.0
2.105  7.339886632946779  -10.0
2.11  7.3114304638072944  -10.0
2.115  7.277331995313542  -10.0
2.12  7.2376199999424555  -10.0
2.125  7.192327576951377  -10.0
2.13  7.141492125277217  -10.0
2.1350000000000002  7.08515531312522  -10.0
2.14  7.023363044271804  -10.0
2.145  6.956165421108408  -10.0
2.15  6.883616704455851  -10.0
2.1550000000000002  6.805775270181114  -10.0
2.16  6.722703562650991  -10.0
2.165  6.634468045059393  -10.0
2.17  6.541139146667592  -10.0
2.1750000000000003  6.4427912069989866  -10.0
2.18  6.339502417032421  -10.0
2.185  6.2313547574400525  -10.0
2.19  6.118433933918677  -10.0
2.195  6.000829309664926  -10.0
2.2  5.878633835047395  -10.0
2.205  5.751943974530903  -10.0
2.21  5.620859630909761  -10.0
2.215  5.485484066909693  -10.0
2.22  5.345923824219331  -10.0
2.225  5.202288640014862  -10.0
2.23  5.05469136104252  -10.0
2.235  4.903247855326415  -10.0
2.24  4.7480769215702345  -10.0
2.245  4.589300196323537  -10.0
2.25  4.427042058984827  -10.0
2.255  4.261429534715515  -10.0
2.2600000000000002  4.092592195340177  -10.0
2.265  3.9206620583102896  -10.0
2.27  3.745773483809851  -10.0
2.275  3.5680630700830562  -10.0
2.2800000000000002  3.3876695470651574  -10.0
2.285  3.2047336683992778  -10.0
2.29  3.019398101922813  -10.0
2.295  2.831807318708632  -10.0
2.3000000000000003  2.642107480746995  -10.0
2.305  2.450446327355441  -10.0
2.31  2.2569730604045124  -10.0
2.315  2.0618382284485253  -10.0
2.32  1.865193609851011  -10.0
2.325  1.6671920949953805  -10.0
2.33  1.4679875676722185  -10.0
2.335  1.2677347857346284  -10.0
2.34  1.0665892611144796  -10.0
2.345  0.8647071392921788  -10.0
2.35  0.6622450783132394  -10.0
2.355  0.4593601274450455  -10.0
2.36  0.2562096055680399  -10.0
2.365  0.05295097939499849  -10.0
2.37  -0.15025825838730067  -10.0
2.375  -0.35326071096003286  -10.0
2.38  -0.555899199103549  -10.0
2.3850000000000002  -0.7580168827240585  -10.0
2.39  -0.9594573820817814  -10.0
2.395  -1.1600648986271898  -10.0
2.4  -1.3596843353518344  -10.0
2.4050000000000002  -1.5581614165611093  -10.0
2.41  -1.7553428069764103  -10.0
2.415  -1.9510762300750275  -10.0
2.42  -2.1452105855763146  -10.0
2.4250000000000003  -2.3375960659837505  -10.0
2.43  -2.528084272092954  -10.0
2.435  -2.716528327376857  -10.0
2.44  -2.9027829911597056  -10.0
2.445  -3.0867047704929167  -10.0
2.45  -3.268152030646635  -10.0
2.455  -3.44698510413182  -10.0
2.46  -3.623066398169411  -10.0
2.465  -3.7962605005232763  -10.0
2.47  -3.9664342836161683  -10.0
2.475  -4.133457006848255  -10.0
2.48  -4.297200417039965  -10.0
2.485  -4.4575388469216195  -10.0
2.49  -4.6143493115945065  -10.0
2.495  -4.767511602889204  -10.0
2.5  -4.9169083815489145  -10.0
2.505  -5.062425267166904  -10.0
2.5100000000000002  -5.20395092580926  -10.0
2.515  -5.341377155255728  -10.0
2.52  -5.474598967793432  -10.0
2.525  -5.603514670499998  -10.0
2.5300000000000002  -5.728025942954686  -10.0
2.535  -5.8480379123181  -10.0
2.54  -5.963459225723164  -10.0
2.545  -6.074202119921935  -10.0
2.5500000000000003  -6.180182488135205  -10.0
2.555  -6.281319944053839  -10.0
2.56  -6.377537882943173  -10.0
2.565  -6.468763539803798  -10.0
2.57  -6.554928044544645  -10.0
2.575  -6.635966474126334  -10.0
2.58  -6.7118179016352775  -10.0
2.585  -6.78242544225137  -10.0
2.59  -6.847736296074403  -10.0
2.595  -6.907701787776935  -10.0
2.6  -6.96227740305368  -10.0
2.605  -7.011422821840099  -10.0
2.61  -7.055101948275147  -10.0
2.615  -7.093282937385963  -10.0
2.62  -7.125938218474502  -10.0
2.625  -7.153044515189004  -10.0
2.63  -7.174582862265392  -10.0
2.6350000000000002  -7.190538618926605  -10.0
2.64  -7.200901478930213  -9.99369819027688
2.645  -7.205665477257412  -9.92834175541195
2.65  -7.204828993438998  -9.862959505486684
2.6550000000000002  -7.198394751516568  -9.797567157982872
2.66  -7.186369816639768  -9.732180192179763
2.665  -7.168765588303068  -9.666813840834932
2.67  -7.145597790228017  -9.601483082027357
2.6750000000000003  -7.116886456899697  -9.536202631167505
2.68  -7.082655916768516  -9.470986933179317
2.685  -7.042934772131162  -9.405850154858653
2.69  -6.9977558757070355  -9.340806177412938
2.695  -6.947156303929119  -9.275868589186393
2.7  -6.891177326970636  -9.21105067857519
2.705  -6.829864375531573  -9.146365427136832
2.71  -6.763267004411374  -9.081825502897816
2.715  -6.691438852896884  -9.017443253863624
2.72  -6.614437601996853  -8.953230701734853
2.725  -6.532324928556878  -8.889199535833326
2.73  -6.445166456290917  -8.825361107241637
2.735  -6.353031703768092  -8.761726423159756
2.74  -6.255994029395718  -8.698306141481991
2.745  -6.154130573441784  -8.635110565597484
2.75  -6.04752219714238  -8.572149639417317
2.755  -5.9362534189420355  -8.509432942631205
2.7600000000000002  -5.820412347916817  -8.446969686196521
2.765  -5.700090614432438  -8.384768708062317
2.77  -5.575383298091593  -8.322838469130792
2.775  -5.446388853027034  -8.261187049458634
2.7800000000000002  -5.313209030598661  -8.199822144700404
2.785  -5.175948799555211  -8.138751062796
2.79  -5.034716263722727  -8.077980720904101
2.795  -4.889622577284257  -8.01751764258338
2.8000000000000003  -4.740781857716794  -7.957367955223083
2.805  -4.588311096453446  -7.897537387724369
2.81  -4.432330067340407  -7.838031268433724
2.815  -4.272961232960197  -7.778854523329622
2.82  -4.110329648894121  -7.720011674463361
2.825  -3.944562865998473  -7.661506838654898
2.83  -3.7757908307707297  -7.60334372644442
2.835  -3.6041457838830477  -7.545525641300009
2.84  -3.4297621569623047  -7.488055479081936
2.845  -3.252776467696786  -7.430935727763597
2.85  -3.0733272133512926  -7.374168467409289
2.855  -2.891554762773082  -7.317755370408532
2.86  -2.7076012469732005  -7.261697701966804
2.865  -2.521610448367662  -7.20599632085215
2.87  -2.3337276887649705  -7.150651680397132
2.875  -2.1440997161865534  -7.0956638297552725
2.88  -1.9528745906085176  -7.041032415411202
2.8850000000000002  -1.7602015687130315  -6.9867566829433505
2.89  -1.5662309877390515  -6.932835479037994
2.895  -1.371114148522327  -6.87926725375326
2.9  -1.1750031978156932  -6.8260500630315795
2.9050000000000002  -0.9780510099806412  -6.773181571458921
2.91  -0.7804110681424825  -6.720659055268915
2.915  -0.582237344900311  -6.668479405589923
2.92  -0.38368418268536464  -6.616639131932906
2.9250000000000003  -0.18490617385986674  -6.565134365917826
2.93  0.013941959350681155  -6.513960865236126
2.935  0.21270548499843833  -6.4631140178467295
2.94  0.4112297815346597  -6.412588846402829
2.945  0.6093604578180427  -6.362380012906662
2.95  0.8069434729178058  -6.312481823589157
2.955  1.0038252556178637  -6.262888234011504
2.96  1.1998528235302715  -6.213592854385121
2.965  1.394873901725461  -6.164588955106898
2.97  1.588737040787184  -6.115869472505948
2.975  1.7812917342013392  -6.067427014798348
2.98  1.9723885349875379  -6.01925386824599
2.985  2.161879171483018  -5.971342003515672
2.99  2.3496166621899155  -5.923683082234406
2.995  2.535455429596371  -5.876268463736711
3.0  2.7192514128840917  -5.82908921199969
3.005  2.900862179434958  -5.782136102761461
3.0100000000000002  3.0801470350503246  -5.7353996308184785
3.015  3.256967132798261  -5.68887001749709
3.02  3.431185580404403  -5.642537218294613
3.025  3.6026675461032633  -5.596390930685179
3.0300000000000002  3.7712803628688274  -5.550420602085341
3.035  3.9368936309432465  -5.504615437974482
3.04  4.099379318585079  -5.458964410164906
3.045  4.258611860959093  -5.413456265216387
3.0500000000000003  4.414468257091107  -5.368079532989916
3.055  4.566828164813536  -5.322822535335282
3.06  4.71557399362803  -5.2776733949069925
3.065  4.860590995413853  -5.232620044103014
3.0700000000000003  5.001767352911914  -5.18765023412082
3.075  5.13899426591621  -5.142751544124912
3.08  5.272166035106779  -5.097911390520192
3.085  5.401180143458771  -5.053117036325356
3.09  5.5259373351657795  -5.008355600640428
3.095  5.646341692016054  -4.963614068202515
3.1  5.762300707163292  -4.918879299023848
3.105  5.873725356235063  -4.874138038106008
3.11  5.980530165724108  -4.829376925224389
3.115  6.082633278610304  -4.784582504776641
3.12  6.179956517162473  -4.73974123568915
3.125  6.272425442872188  -4.694839501375108
3.13  6.35996941347345  -4.649863619738252
3.1350000000000002  6.44252163700443  -4.60479985321583
3.14  6.520019222870065  -4.559634418854634
3.145  6.592403229866328  -4.514353498413774
3.15  6.659618711129341  -4.46894324848799
3.1550000000000002  6.721614755975231  -4.423389810645072
3.16  6.778344528598544  -4.37767932157124
3.165  6.829765303599938  -4.331797923218046
3.17  6.875838498316046  -4.285731772944503
3.1750000000000003  6.916529701926887  -4.239467053648291
3.18  6.951808701318945  -4.192989983879512
3.185  6.981649503684268  -4.146286827930897
3.19  7.0060303558386  -4.099343905898169
3.1950000000000003  7.024933760244149  -4.052147603704206
3.2  7.038346487725034  -4.0046843830809795
3.205  7.046259586866118  -3.956940791502879
3.21  7.048668390088433  -3.9089034720654716
3.215  7.045572516397023  -3.8605591733033195
3.22  7.036975870799606  -3.8118947589411043
3.225  7.022886640397016  -3.762897217571688
3.23  7.003317287148938  -3.7135536722553315
3.235  6.978284537321154  -3.6638513900341345
3.24  6.947809367622861  -3.6137777913556106
3.245  6.911916988045471  -3.5633204593998786
3.25  6.870636821416573  -3.5124671493044426
3.255  6.824002479685468  -3.4612057972809476
3.2600000000000002  6.772051736959209  -3.4095245296183685
3.265  6.714826499310452  -3.3574116715669784
3.27  6.652372771381064  -3.3048557560976244
3.275  6.584740619807944  -3.2518455325308784
3.2800000000000002  6.511984133499702  -3.198369975030934
3.285  6.4341613807957225  -3.1444182909587157
3.29  6.351334363541102  -3.089979929079267
3.295  6.263568968113552  -3.0350445876183842
3.3000000000000003  6.170934913440892  -2.9796022221632996
3.305  6.073505696049638  -2.9236430534029134
3.31  5.971358532187826  -2.867157574702421
3.315  5.864574297067587  -2.810136559508077
3.3200000000000003  5.753237461274575  -2.752571068577168
3.325  5.6374360243945985  -2.6944524570290995
3.33  5.517261445908559  -2.6357723812130267
3.335  5.392808573410573  -2.576522805387885
3.34  5.264175568204516  -2.5166960082108703
3.345  5.1314638283376635  -2.4562845890301204
3.35  4.994777909131359  -2.3952814739780477
3.355  4.854225441270275  -2.3336799218613797
3.36  4.709917046514987  -2.271473529844369
3.365  4.561966251102689  -2.208656238921775
3.37  4.4104893969043255  -2.14522233917824
3.375  4.255605550406826  -2.081166474830791
3.38  4.097436409591525  -2.0164836490514464
3.3850000000000002  3.936106208781583  -1.9511692285671043
3.39  3.7717416215320436  -1.8852189480337247
3.395  3.6044716616384034  -1.8186289141822596
3.4  3.434427582340919  -1.7513956097339107
3.4050000000000002  3.261742773802605  -1.683515897082115
3.41  3.0865526589413363  -1.6149870217393212
3.415  2.9089945876965824  -1.5458066155462558
3.42  2.7292077298132145  -1.4759726996418494
3.4250000000000003  2.5473329662260227  -1.4054836871920666
3.43  2.3635127791290205  -1.334338385876021
3.435  2.1778911408151362  -1.2625360001277999
3.44  1.9906134013731147  -1.190076133132742
3.4450000000000003  1.80182617532815  -1.1169587885771042
3.45  1.6116772273153888  -1.043184372149884
3.455  1.4203153568739624  -0.9687536927960659
3.46  1.2278902824522318  -0.8936679637206576
3.465  1.0345525247137322  -0.8179288031427221
3.47  0.8404532892343829  -0.7415382347992642
3.475  0.6457443486828377  -0.6644986881985964
3.48  0.4505779245743244  -0.5868129986230828
3.485  0.2551065686911789  -0.5084844068813333
3.49  0.059483044260909584  -0.42951655881021444
3.495  -0.13613979301490864  -0.3499135045268126
3.5  -0.3316091139892472  -0.26967969743101927
3.505  -0.526772235063083  -0.1888199929595129
3.5100000000000002  -0.721476737051012  -0.10733964709170174
3.515  -0.9155705838272996  -0.02524431460896226
3.52  -1.108902240659952  0.05745995289197692
3.525  -1.301320792140768  0.14076670923005807
3.5300000000000002  -1.492676059620444  0.2246691161138874
3.535  -1.6828187180568548  0.3091599458570865
3.54  -1.871600412186453  0.39423158433336214
3.545  -2.05887387192842  0.4798760341693189
3.5500000000000003  -2.244493026931776  0.566084918172881
3.555  -2.4283131201770414  0.6528494829953513
3.56  -2.610190820544128  0.7401606030246457
3.565  -2.7899843342588344  0.8280087845071519
3.5700000000000003  -2.9675535151322125  0.916384169895857
3.575  -3.1427599735063705  1.0052765424216465
3.58  -3.315467183823323  1.0946753308852664
3.585  -3.4855405907324215  1.1845696146665392
3.59  -3.6528477136546944  1.2749481289480307
3.595  -3.8172582497230905  1.3657992701495822
3.6  -3.9786441750181947  1.457111101570484
3.605  -4.136879844021936  1.5488713592357193
3.61  -4.291842087211041  1.6410674579424382
3.615  -4.4434103067156645  1.7336864975031576
3.62  -4.591466569968194  1.8267152691814645
3.625  -4.735895701270278  1.9201402623164445
3.63  -4.87658537120686  2.0139476711315707
3.6350000000000002  -5.0134261838378  2.108123401723763
3.64  -5.146311761599879  2.2026530792282903
3.645  -5.275138827853222  2.297522055155105
3.65  -5.399807287008046  2.3927154148919465
3.6550000000000002  -5.520220302170112  2.4882179853694857
3.66  -5.636284370244244  2.5840143428838624
3.665  -5.747909394438155  2.6800888210717106
3.67  -5.855008754110326  2.7764255190325215
3.6750000000000003  -5.95749937190769  2.873008309593607
3.68  -6.055301778141453  2.9698208477122083
3.685  -6.148340172351101  3.066846579009716
3.69  -6.236542482008806  3.1640687484326846
3.6950000000000003  -6.319840418319174  3.2614704090351316
3.7  -6.398169529070774  3.3590344308767595
3.705  -6.471469248498909  3.4567435100316257
3.71  -6.539682944120935  3.5545801777016046
3.715  -6.602757960507853  3.6525268094288745
3.72  -6.660645659958609  3.750565634402047
3.725  -6.713301460045342  3.8486787448497393
3.73  -6.76068486800099  3.9468481055161604
3.735  -6.80275951192237  4.045055563212628
3.74  -6.839493168764867  4.143282856439126
3.745  -6.870857789107126  4.241511625069983
3.75  -6.896829518666663  4.339723420097734
3.755  -6.917388716549873  4.437899713429067
3.7600000000000002  -6.932519970222386  4.5360219077267745
3.765  -6.942212107188379  4.634071346291733
3.77  -6.946458203369875  4.732029322978806
3.775  -6.945255588179708  4.829877092140366
3.7800000000000002  -6.9386058462843625  4.927595878591647
3.785  -6.926514816055488  5.025166887591375
3.79  -6.908992584711432  5.122571314831905
3.795  -6.886053480152699  5.21979035643249
3.8000000000000003  -6.857716059497885  5.316805218929552
3.805  -6.824003094329052  5.413597129257892
3.81  -6.7849415526581955  5.510147344716618
3.815  -6.740562577628979  5.6064371629137995
3.8200000000000003  -6.690901462970313  5.702447931683501
3.825  -6.6359976252210995  5.798161058969347
3.83  -6.57589457274776  5.893558022668485
3.835  -6.51063987157873  5.988620380429768
3.84  -6.4402851080827  6.083329779400388
3.845  -6.364885848519501  6.177667965914826
3.85  -6.284501595495476  6.27161679512017
3.855  -6.19919574135684  6.365158240532084
3.86  -6.109035518557813  6.458274403515441
3.865  -6.014091947041878  6.550947522683777
3.87  -5.914439778677187  6.643159983212029
3.875  -5.810157438789473  6.734894326056737
3.88  -5.701326964837815  6.826133257078014
3.8850000000000002  -5.588033942281251  6.9168596560579845
3.89  -5.470367437685823  7.007056585609854
3.895  -5.348419929124286  7.0967072999725325
3.9  -5.222287233922715  7.185795253685239
3.9050000000000002  -5.092068433809903  7.274304110136899
3.91  -4.957865797528177  7.362217749985094
3.915  -4.819784700965476  7.449520279439588
3.92  -4.677933544870913  7.536196038405301
3.9250000000000003  -4.532423670217992  7.622229608479753
3.93  -4.383369271281008  7.7076058208003415
3.935  -4.23088730649229  7.792309763736547
3.94  -4.0750974071498876  7.876326790422432
3.9450000000000003  -3.9161217840460973  7.959642526125057
3.95  -3.754085132090095  8.042242875444133
3.955  -3.5891145329982583  8.124114029338836
3.96  -3.4213393561280427  8.205242471977423
3.9650000000000003  -3.250891157532693  8.285614987405552
3.97  -3.0779035773148813  8.365218666029367
3.975  -2.902512235359219  8.444040910909468
3.98  -2.72485462552495  8.522069443862048
3.985  -2.545070008380453  8.599292311363426
3.99  -2.363299302563658  8.67569789025472
3.995  -2.1796849748521856  8.751274893243005
4.0  -1.9943709290290625  8.826012374195976
4.005  -1.8075023936300898  8.899899733226794
4.01  -1.6192258086603992  8.972926721566251
4.015  -1.429688711368124  9.0450834462193
4.0200000000000005  -1.2390396211636237  9.116360374403424
4.025  -1.0474279237745454  9.186748337765957
4.03  -0.85500375472568  9.25623853637836
4.035  -0.6619178822349573  9.324822542504624
4.04  -0.4683215896165403  9.39249230414217
4.045  -0.27436655728180404  9.459240148332814
4.05  -0.08020474443079012  9.525058784242207
4.055  0.11401172947479378  9.589941306005908
4.0600000000000005  0.30813070336407006  9.653881195340507
4.065  0.502000093243496  9.7168723239184
4.07  0.6954680108245668  9.778908955505049
4.075  0.8883828820009639  9.839985747857343
4.08  1.080593565082499  9.900097754382264
4.085  1.2719494686946888  9.959240425555086
4.09  1.462300669251487  10.0
4.095  1.6514980279106624  10.0
4.1  1.8393933069201112  10.0
4.105  2.025839285265509  10.0
4.11  2.2106898735283744  10.0
4.115  2.3938002278663486  10.0
4.12  2.5750268630262516  10.0
4.125  2.7542277643023065  10.0
4.13  2.9312624983524684  10.0
4.135  3.105992322786933  10.0
4.14  3.27828029444299  10.0
4.1450000000000005  3.447991376262836  10.0
4.15  3.614992542690249  10.0
4.155  3.779152883505185  10.0
4.16  3.940343706014779  10.0
4.165  4.098438635521335  10.0
4.17  4.253313713989658  10.0
4.175  4.404847496836222  10.0
4.18  4.552921147765568  10.0
4.1850000000000005  4.6974185315794905  10.0
4.19  4.8382263048873355  10.0
4.195  4.9752340046463654  10.0
4.2  5.10833413446365  10.0
4.205  5.237422248591834  10.0
4.21  5.362397033553937  10.0
4.215  5.483160387333035  10.0
4.22  5.599617496065689  10.0
4.225  5.7116769081788625  10.0
4.23  5.819250605913091  10.0
4.235  5.922254074175551  10.0
4.24  6.020606366670019  10.0
4.245  6.114230169251675  10.0
4.25  6.203051860457485  10.0
4.255  6.287001569164969  10.0
4.26  6.366013229334468  10.0
4.265  6.440024631791863  10.0
4.2700000000000005  6.508977473011732  10.0
4.275  6.572817400862356  10.0
4.28  6.631494057277294  10.0
4.285  6.684961117819824  10.0
4.29  6.733176328109327  10.0
4.295  6.776101537081286  10.0
4.3  6.813702727054542  10.0
4.305  6.845950040582451  10.0
4.3100000000000005  6.87281780406666  10.0
4.315  6.894284548115027  10.0
4.32  6.910333024627542  10.0
4.325  6.920950220596775  10.0
4.33  6.926127368611805  10.0
4.335  6.925859954057267  10.0
4.34  6.920147719001649  10.0
4.345  6.9089946627714856  10.0
4.3500000000000005  6.892409039210822  10.0
4.355  6.870403350627749  10.0
4.36  6.84299433843242  10.0
4.365  6.8102029704735765  10.0
4.37  6.77205442508317  10.0
4.375  6.728578071841063  10.0
4.38  6.6798074490746515  10.0
4.385  6.625780238110418  10.0
4.39  6.566538234297293  10.0
4.3950000000000005  6.502127314823885  10.0
4.4  6.4325974033545  10.0
4.405  6.358002431510889  10.0
4.41  6.278400297229514  10.0
4.415  6.193852820026452  10.0
4.42  6.104425693204144  10.0
4.425  6.010188433037182  10.0
4.43  5.91121432497596  10.0
4.4350000000000005  5.807580366909961  10.0
4.44  5.69936720953446  10.0
4.445  5.586659093866413  10.0
4.45  5.469543785958108  10.0
4.455  5.348112508858972  10.0
4.46  5.222459871877835  10.0
4.465  5.092683797200792  10.0
4.47  4.958885443920882  10.0
4.4750000000000005  4.821169129538853  10.0
4.48  4.67964224899538  10.0
4.485  4.53441519129734  10.0
4.49  4.385601253803056  10.0
4.495  4.233316554232528  10.0
4.5  4.077679940470661  10.0
4.505  3.918812898233809  10.0
4.51  3.7568394566704764  10.0
4.515  3.5918860919700015  10.0
4.5200000000000005  3.4240816290531164  10.0
4.525  3.253557141421428  10.0
4.53  3.0804458492424724  10.0
4.535  2.904883015749993  10.0
4.54  2.727005842039686  10.0
4.545  2.5469533603414347  10.0
4.55  2.3648663258515366  10.0
4.555  2.1808871072080382  10.0
4.5600000000000005  1.9951595756946665  10.0
4.565  1.8078289932591711  10.0
4.57  1.61904189943253  10.0
4.575  1.428945997237225  10.0
4.58  1.2376900381730982  10.0
4.585  1.0454237063694745  10.0
4.59  0.8522975019942656  10.0
4.595  0.658462624009706  10.0
4.6000000000000005  0.46407085236653056  10.0
4.605  0.2692744297273435  10.0
4.61  0.0742259428115471  10.0
4.615  -0.12092179654647434  10.0
4.62  -0.3160158705329935  10.0
4.625  -0.5109033745925912  10.0
4.63  -0.7054315366743666  10.0
4.635  -0.8994478363949213  10.0
4.64  -1.0928001240246332  10.0
4.6450000000000005  -1.2853367392056887  10.0
4.65  -1.4769066293085347  10.0
4.655  -1.667359467335858  10.0
4.66  -1.8565457692816487  10.0
4.665  -2.0443170108541078  10.0
4.67  -2.230525743472238  10.0
4.675  -2.4150257094451777  10.0
4.68  -2.597671956244945  10.0
4.6850000000000005  -2.7783209497840127  10.0
4.69  -2.9568306866087237  10.0
4.695  -3.1330608049222017  10.0
4.7  -3.3068726943496185  10.0
4.705  -3.4781296043604097  10.0
4.71  -3.646696751263481  10.0
4.715  -3.812441423691336  10.0
4.72  -3.9752330864916487  10.0
4.7250000000000005  -4.134943482944626  10.0
4.73  -4.291446735227087  10.0
4.735  -4.44461944304442  10.0
4.74  -4.594340780353932  10.0
4.745  -4.740492590103584  10.0
4.75  -4.882959476912855  10.0
4.755  -5.021628897622639  10.0
4.76  -5.15639124964422  10.0
4.765  -5.287139957037543  10.0
4.7700000000000005  -5.4137715542523  10.0
4.775  -5.536185767465518  10.0
4.78  -5.654285593452883  10.0
4.785  -5.767977375931532  10.0
4.79  -5.877170879314541  10.0
4.795  -5.981779359819821  10.0
4.8  -6.081719633877167  10.0
4.805  -6.176912143780062  10.0
4.8100000000000005  -6.267281020530876  10.0
4.815  -6.352754143829691  10.0
4.82  -6.433263199160116  10.0
4.825  -6.508743731926859  10.0
4.83  -6.579135198602455  10.0
4.835  -6.644381014843113  10.0
4.84  -6.704428600535348  10.0
4.845  -6.759229421738155  10.0
4.8500000000000005  -6.808739029487251  10.0
4.855  -6.852917095430856  10.0
4.86  -6.891727444268521  10.0
4.865  -6.925138082967302  10.0
4.87  -6.953121226731826  10.0
4.875  -6.975653321707505  10.0
4.88  -6.992715064398528  10.0
4.885  -7.004291417784941  10.0
4.89  -7.010371624125529  10.0
4.8950000000000005  -7.010949214435945  10.0
4.9  -7.006022014633946  10.0
4.905  -6.995592148346338  10.0
4.91  -6.979666036374663  10.0
4.915  -6.958254392819363  10.0
4.92  -6.93137221786472  10.0
4.925  -6.899038787229402  10.0
4.93  -6.861277638290118  10.0
4.9350000000000005  -6.818116552888386  10.0
4.94  -6.769587536833111  10.0
4.945  -6.715726796113992  10.0
4.95  -6.656574709843643  10.0
4.955  -6.592175799948659  10.0
4.96  -6.522578697632313  10.0
4.965  -6.447836106634382  10.0
4.97  -6.368004763315638  10.0
4.9750000000000005  -6.283145393597535  10.0
4.98  -6.193322666789542  10.0
4.985  -6.098605146339379  10.0
4.99  -5.9990652375435936  10.0
4.995  -5.89477913225848  10.0
5.0  -5.785826750653274  10.0
