0.0  0.27228782526971906  -0.03937246306282194
0.01  0.272440919698437  -0.044398050154449434
0.02  0.27253196988734585  -0.04932058559270919
0.03  0.272560955101162  -0.05412864375386527
0.04  0.27252786873894774  -0.0588110647256857
0.05  0.27243271833561433  -0.0633569802105486
0.06  0.2722755255602065  -0.067755838751686
0.07  0.27205632621096726  -0.07199743022401323
0.08  0.2717751702071855  -0.07607190953269805
0.09  0.2714321215778278  -0.07996981946446399
0.1  0.2710272584469566  -0.08368211263858713
0.11  0.27056067301593856  -0.08720017250663686
0.12  0.27003247154244775  -0.09051583335221827
0.13  0.26944277431626623  -0.09362139924429484
0.14  0.26879171563189036  -0.0965096619000995
0.15  0.2680794437579474  -0.09917391741617237
0.16  0.26730612090342937  -0.10160798182869141
0.17  0.2664719231807523  -0.10380620546697872
0.18  0.2655770405656497  -0.10576348606686706
0.19  0.26462167685390836  -0.1074752806134893
0.2  0.263606049614957  -0.10893761588600262
0.21  0.26253039014231794  -0.1101470976797722
0.22  0.2613949434009339  -0.11110091868460914
0.23  0.2601999679713807  -0.11179686500077632
0.24  0.2589457359909798  -0.11223332127763815
0.25  0.2576325330918229  -0.11240927446302687
0.26  0.25626065833572376  -0.11232431615462285
0.27  0.25483042414611146  -0.11197864354789118
0.28  0.2533421562368808  -0.11137305897837413
0.29  0.25179619353821575  -0.11050896805940216
0.3  0.25019288811940366  -0.10938837641954569
0.31  0.2485326051086565  -0.10801388504738044
0.32  0.2468157226099587  -0.10638868425437165
0.33  0.24504263161695988  -0.10451654626988953
0.34  0.24321373592393172  -0.10240181648554396
0.35000000000000003  0.2413294520338104  -0.10004940336916049
0.36  0.23939020906334402  -0.09746476707180897
0.37  0.23739644864536835  -0.09465390675432792
0.38  0.23534862482823124  -0.09162334666276184
0.39  0.23324720397239038  -0.08838012098503066
0.4  0.2310926646442067  -0.08493175752398102
0.41000000000000003  0.22888549750695839  -0.08128626022471488
0.42  0.22662620520909962  -0.07745209059675198
0.43  0.22431530226979035  -0.07343814807414584
0.44  0.22195331496172233  -0.0692537493591398
0.45  0.21954078119126846  -0.06490860679730834
0.46  0.2170782503759831  -0.06041280583437616
0.47000000000000003  0.21456628331948058  -0.055776781607040346
0.48  0.21200545208372057  -0.05101129472212967
0.49  0.2093963398587301  -0.04612740628032046
0.5  0.2067395408297907  -0.041136452202380484
0.51  0.2040356600421219  -0.036050016917531846
0.52  0.2012853132630916  -0.03087990647500482
0.53  0.19848912684198416  -0.025638121141192752
0.54  0.19564773756735934  -0.020336827546012154
0.55  0.19276179252203327  -0.014988330443119376
0.56  0.18983194893571528  -0.009605044149529889
0.5700000000000001  0.186858874035334  -0.004199463730931906
0.58  0.18384324489308657  0.0012158640004247406
0.59  0.18078574827224575  0.00662836960794767
0.6  0.1776870804707605  0.012025490205433947
0.61  0.17454794716268432  0.017394698616598658
0.62  0.17136906323746912  0.02272353245171695
0.63  0.16815115263716002  0.027999623033891502
0.64  0.16489494819152864  0.03321072410780431
0.65  0.16160119145118249  0.03834474026431779
0.66  0.15827063251868795  0.04338975501494864
0.67  0.1549040298777461  0.048334058451052
0.68  0.15150215022045982  0.053166174423516135
0.6900000000000001  0.14806576827273096  0.057874887179881374
0.7000000000000001  0.1445956666178289  0.062449267397056044
0.71  0.1410926355181691  0.06687869754920565
0.72  0.1375574727353426  0.07115289655193434
0.73  0.13399098334843862  0.0752619436255564
0.74  0.13039397957069962  0.07919630132207064
0.75  0.12676728056455258  0.08294683766238885
0.76  0.12311171225505715  0.08650484733243671
0.77  0.11942810714181397  0.08986207188892847
0.78  0.11571730410937554  0.09301071892791687
0.79  0.11198014823620314  0.09594348017162599
0.8  0.10821749060221338  0.09865354843158589
0.81  0.10443018809495754  0.10113463340869663
0.8200000000000001  0.10061910321447884  0.10338097629354771
0.8300000000000001  0.09678510387689096  0.10538736313310491
0.84  0.09292906321672378  0.10714913693273914
0.85  0.08905185938808013  0.10866220846550731
0.86  0.08515437536464995  0.10992306576359616
0.87  0.08123749873862628  0.11092878226989838
0.88  0.07730212151857002  0.11167702363080084
0.89  0.07334913992626833  0.11216605311441805
0.9  0.06937945419263424  0.1123947356416945
0.91  0.06539396835269265  0.11236254042102002
0.92  0.06139359003970027  0.1120695421802421
0.93  0.05737923027844616  0.11151642099321625
0.9400000000000001  0.053351803277779525  0.1107044607012967
0.9500000000000001  0.04931222622241305  0.10963554593343136
0.96  0.045261419064047986  0.10831215773177762
0.97  0.04120030431186907  0.1067373677929922
0.98  0.03712980682245765  0.10491483133856198
0.99  0.033050853589169274  0.10284877863072371
1.0  0.02896437353102562  0.1005440051536652
1.01  0.024871297281167208  0.09800586048279852
1.02  0.020772556974916014  0.09524023586794005
1.03  0.016669086037496016  0.09225355055921818
1.04  0.012561818971459698  0.08905273690744747
1.05  0.008451691143869771  0.08564522427355241
1.06  0.004339638573283448  0.08203892178438803
1.07  0.000226597716588681  0.07824219997498377
1.08  -0.0038864947442597483  0.07426387135981884
1.09  -0.007998702115554833  0.07011316997822621
1.1  -0.012109087905155184  0.06579972996140132
1.11  -0.016216716035756706  0.061333563170763536
1.12  -0.020320651058069773  0.056725035959573615
1.1300000000000001  -0.02441995836385368  0.05198484511174564
1.1400000000000001  -0.028513704398759006  0.04712399301370062
1.1500000000000001  -0.0326009568749305  0.04215376211689173
1.16  -0.03668078498332119  0.037085688750273946
1.17  -0.040752259605670284  0.0319315363435022
1.18  -0.044814453526094984  0.026703268123010673
1.19  -0.04886644164224997  0.02141301934434551
1.2  -0.0529073011760055  0.016073069125203614
1.21  -0.056936111883595555  0.010695811944555877
1.22  -0.06095195626518944  0.0052937288740061775
1.23  -0.06495391977383831  -0.00012064139183812911
1.24  -0.06894109102374928  -0.005534731638743538
1.25  -0.07291256199783933  -0.01093597530242433
1.26  -0.07686742825452242  -0.016311835636607937
1.27  -0.08080478913368215  -0.021649834811890013
1.28  -0.08472374796178331  -0.026937582877838546
1.29  -0.08862341225607556  -0.03216280652112368
1.3  -0.09250289392784256  -0.03731337755292209
1.31  -0.09636130948465062  -0.042377341059475895
1.32  -0.10019778023155049  -0.047342943150464924
1.33  -0.10401143247118694  -0.05219865824078663
1.34  -0.10780139770276942  -0.056933215802420084
1.35  -0.11156681281986007  -0.06153562652428081
1.36  -0.11530682030693333  -0.06599520781934712
1.37  -0.11902056843466124  -0.07030160861985413
1.3800000000000001  -0.12270721145388219  -0.0744448334030026
1.3900000000000001  -0.12636590978820716  -0.07841526539141852
1.4000000000000001  -0.12999583022522046  -0.08220368887451168
1.41  -0.13359614610623083  -0.08580131059892447
1.42  -0.13716603751453088  -0.08919978017842149
1.43  -0.1407046914621197  -0.09239120947584656
1.44  -0.144211302074849  -0.09536819091216041
1.45  -0.1476850707759484  -0.09812381466006227
1.46  -0.15112520646788896  -0.1006516846822872
1.47  -0.15453092571254387  -0.10294593357735282
1.48  -0.1579014529096039  -0.10500123619829772
1.49  -0.1612360204732089  -0.10681282201280069
1.5  -0.16453386900675346  -0.10837648617599237
1.51  -0.16779424747582802  -0.10968859929025805
1.52  -0.1710164133792554  -0.11074611582937847
1.53  -0.17419963291818388  -0.1115465812074553
1.54  -0.1773431811631989  -0.1120881374762141
1.55  -0.18044634221941425  -0.11236952763746028
1.56  -0.18350840938950674  -0.1123900985606789
1.57  -0.18652868533465497  -0.11214980249900632
1.58  -0.18950648223334804  -0.11164919720005456
1.59  -0.1924411219380261  -0.11088944461133175
1.6  -0.19533193612951819  -0.10987230818326296
1.61  -0.1981782664692416  -0.10860014877607177
1.62  -0.20097946474912848  -0.10707591918002263
1.6300000000000001  -0.20373489303924516  -0.10530315726174345
1.6400000000000001  -0.2064439238330709  -0.10328597775253597
1.6500000000000001  -0.20910594019040307  -0.10102906269773414
1.6600000000000001  -0.2117203358778557  -0.09853765058927849
1.67  -0.21428651550691946  -0.09581752420673037
1.68  -0.21680389466955313  -0.09287499719494836
1.69  -0.21927190007127273  -0.0897168994095814
1.7  -0.2216899696617109  -0.08635056106439198
1.71  -0.22405755276261516  -0.08278379571720672
1.72  -0.22637411019325668  -0.07902488213398322
1.73  -0.22863911439322002  -0.0750825450730897
1.74  -0.23085204954254723  -0.07096593503439821
1.75  -0.23301241167920775  -0.06668460702019562
1.76  -0.23511970881386812  -0.062248498357209955
1.77  -0.23717346104193518  -0.05766790563122934
1.78  -0.2391732006528465  -0.05295346078784988
1.79  -0.24111847223658475  -0.048116106454825086
1.8  -0.24300883278739008  -0.04316707054329543
1.81  -0.244843851804648  -0.03811784018685088
1.82  -0.24662311139092932  -0.0329801350789162
1.83  -0.24834620634715973  -0.027765880270344878
1.84  -0.25001274426489783  -0.022487178490361158
1.85  -0.25162234561570007  -0.017156282055095395
1.86  -0.2531746438375525  -0.011785564428915568
1.87  -0.2546692854183496  -0.006387491504562623
1.8800000000000001  -0.25610592997640147  -0.0009745926687534795
1.8900000000000001  -0.2574842503379503  0.004440568279592716
1.9000000000000001  -0.25880393261167917  0.009845422291001087
1.9100000000000001  -0.26006467626019625  0.015227424239274659
1.92  -0.2612661941684772  0.020574082039799886
1.93  -0.2624082127092515  0.025872985644739027
1.94  -0.2634904718053168  0.031111835847806357
1.95  -0.2645127249887675  0.036278472831773566
1.96  -0.2654747394571238  0.0413609043924403
1.97  -0.26637629612634944  0.0463473337735609
1.98  -0.2672171896807442  0.0512261870481197
1.99  -0.2679972286197016  0.055986139982400734
2.0  -0.26871623530132027  0.06061614432049807
2.0100000000000002  -0.2693740459828592  0.06510545342825834
2.02  -0.26997051085802726  0.06944364723713245
2.0300000000000002  -0.2705054940911  0.07362065643004326
2.04  -0.2709788738478534  0.07762678581312588
2.05  -0.2713905423233103  0.08145273681909862
2.06  -0.271740405766291  0.0850896290900296
2.07  -0.27202838450076383  0.08852902108940171
2.08  -0.2722544129439899  0.09176292969563964
2.09  -0.272418439621459  0.09478384873161227
2.1  -0.2725204271786118  0.09758476638711065
2.11  -0.27256035238934667  0.10015918149385492
2.12  -0.27253820616130947  0.10250111861525986
2.13  -0.27245399353796385  0.1046051419159317
2.14  -0.2723077336974429  0.10646636777870475
2.15  -0.27209945994818124  0.1080804761399324
2.16  -0.27182921972133023  0.10944372051672285
2.17  -0.2714970745599556  0.11055293670284427
2.18  -0.2711031001050222  0.11140555011311741
2.19  -0.2706473860781681  0.11199958175924632
2.2  -0.27013003626127136  0.11233365284321918
2.21  -0.26955116847281607  0.11240698795761546
2.22  -0.2689109145410603  0.11221941688539265
2.23  -0.2682094202740145  0.11177137499497464
2.24  -0.26744684542623604  0.11106390222972427
2.25  -0.2666233636624475  0.1100986406941467
2.2600000000000002  -0.265739162517987  0.1088778308424245
2.27  -0.2647944433561004  0.10740430627813335
2.2800000000000002  -0.26378942132208333  0.10568148717720664
2.29  -0.2627243252942855  0.10371337234941612
2.3000000000000003  -0.261599397831987  0.101504529956794
2.31  -0.2604148951201594  0.09906008691054019
2.32  -0.2591710869111233  0.09638571697102494
2.33  -0.25786825646311623  0.09348762757850783
2.34  -0.25650670047578555  0.09037254544514112
2.35  -0.255086729022619  0.08704770094169792
2.36  -0.2536086654803304  0.08352081131526629
2.37  -0.252072846455216  0.07980006277686191
2.38  -0.250479621706497  0.07589409150053572
2.39  -0.24882935406666729  0.07181196357807806
2.4  -0.24712241935886445  0.06756315397584958
2.41  -0.24535920631128105  0.06315752454257578
2.42  -0.2435401164686386  0.05860530111915896
2.43  -0.2416655641007409  0.053917049803628644
2.44  -0.23973597610813155  0.049103652426331426
2.45  -0.23775179192487295  0.0441762812922737
2.46  -0.23571346341847255  0.03914637324925369
2.47  -0.23362145478697655  0.03402560314196128
2.48  -0.23147624245325635  0.028825856713672805
2.49  -0.22927831495651005  0.02355920301842644
2.5  -0.22702817284100577  0.018237866407722556
2.5100000000000002  -0.22472632854208943  0.012874198156762454
2.52  -0.22237330626948668  0.00748064779608755
2.5300000000000002  -0.219969641887921  0.0020697342151593523
2.54  -0.21751588279507955  -0.0033459833950485462
2.5500000000000003  -0.2150125877969514  -0.008753934693001716
2.56  -0.21246032698056808  -0.014141567363437288
2.57  -0.20985968158417503  -0.019496376252356895
2.58  -0.20721124386486328  -0.024805932392552285
2.59  -0.20451561696369266  -0.030057911852296886
2.6  -0.20177341476833474  -0.035240124340240125
2.61  -0.19898526177327025  -0.04034054150011105
2.62  -0.19615179293756907  -0.04534732482955794
2.63  -0.19327365354028922  -0.050248853158317876
2.64  -0.1903514990335232  -0.05503374962194483
2.65  -0.1873859948931297  -0.05969090806847749
2.66  -0.18437781646718146  -0.06420951883676607
2.67  -0.18132764882216526  -0.0685790938466132
2.68  -0.17823618658696758  -0.07278949094250341
2.69  -0.17510413379468545  -0.07683093743440673
2.7  -0.17193220372229143  -0.0806940527810266
2.71  -0.1687211187281975  -0.0843698703628322
2.72  -0.16547161008774824  -0.08784985829434777
2.73  -0.16218441782668414  -0.09112593922738345
2.74  -0.15886029055261222  -0.09419050909924861
2.75  -0.15549998528452208  -0.09703645478242848
2.7600000000000002  -0.15210426728038634  -0.09965717059475847
2.77  -0.14867390986288506  -0.10204657363177483
2.7800000000000002  -0.14520969424329327  -0.10419911788565354
2.79  -0.14171240934357204  -0.1061098071179666
2.8000000000000003  -0.13818285161670374  -0.10777420645637678
2.81  -0.13462182486531207  -0.10918845268835341
2.82  -0.13103014005860786  -0.11034926322801801
2.83  -0.12740861514770413  -0.11125394373530509
2.84  -0.12375807487933975  -0.11190039436975491
2.85  -0.12007935060805607  -0.11228711466442208
2.86  -0.11637328010686872  -0.11241320700858674
2.87  -0.1126407073764777  -0.11227837873118571
2.88  -0.10888248245305904  -0.11188294278012682
2.89  -0.10509946121468229  -0.11122781699591011
2.9  -0.10129250518639725  -0.11031452198124217
2.91  -0.09746248134403494  -0.1091451775715874
2.92  -0.09361026191676741  -0.10772249791485004
2.93  -0.08973672418846966  -0.10604978517160518
2.94  -0.0858427502979344  -0.10413092185050378
2.95  -0.08192922703797482  -0.10197036179663882
2.96  -0.07799704565347505  -0.09957311985379237
2.97  -0.07404710163841889  -0.09694476022455609
2.98  -0.07008029453195862  -0.09409138355534338
2.99  -0.06609752771355529  -0.0910196127762699
3.0  -0.06209970819725039  -0.08773657772876906
3.0100000000000002  -0.05808774642510624  -0.08424989861662273
3.02  -0.0540625560598669  -0.0805676683188209
3.0300000000000002  -0.05002505377688564  -0.07669843360529884
3.04  -0.04597615905536603  -0.0726511752991588
3.0500000000000003  -0.04191679396896478  -0.06843528743141288
3.06  -0.03784788297580359  -0.06406055543663985
3.0700000000000003  -0.03377035270793795  -0.059537133440156154
3.08  -0.029685131760330934  -0.05487552068942933
3.09  -0.025593150479380183  -0.05008653718442863
3.1  -0.021495340751044825  -0.04518129856348524
3.11  -0.01739263578862418  -0.04017119030295059
3.12  -0.013285969920231792  -0.03506784129053414
3.13  -0.009176278376016775  -0.029883096833668285
3.14  -0.005064497075179494  -0.024628991165538364
3.15  -0.0009515624128303198  -0.019317719512606378
3.16  0.0031615889532599813  -0.013961609788449174
3.17  0.007274020315969692  -0.008573093979624927
3.18  0.011384795132146824  -0.0031646792899711618
3.19  0.015492977235892439  0.0022510808896776813
3.2  0.019597631051758088  0.007661616118979846
3.21  0.0236978218078085  0.01305436808514809
3.22  0.027792615748502805  0.018416819751862518
3.23  0.03188108034734031  0.023736524412377093
3.24  0.03596228451923278  0.029001134579386377
3.25  0.04003529883254088  0.0341984306445924
3.2600000000000002  0.044099195720741884  0.039316349241458486
3.27  0.0481530496936648  0.044343011245306686
3.2800000000000002  0.052195937548260234  0.049266749345780306
3.29  0.056226938578843005  0.05407613512766131
3.3000000000000003  0.06024513478677  0.05876000559719771
3.31  0.06424961108950004  0.06330748909235938
3.3200000000000003  0.06823945552898986  0.06770803051689367
3.33  0.0722137594793785  0.0719514158395996
3.34  0.07617161785391287  0.0760277958019661
3.35  0.08011212931106833  0.07992770877913749
3.36  0.08403439645981292  0.08364210274115097
3.37  0.08793752606397794  0.08716235626346844
3.38  0.09182062924567497  0.09048029853803652
3.39  0.09568282168772767  0.0935882283384285
3.4  0.09952322383505897  0.09647893189504399
3.41  0.10334096109499737  0.09914569963888545
3.42  0.1071351640364517  0.10158234177503553
3.43  0.11090496858791081  0.10378320264970112
3.44  0.11464951623422259  0.10574317387746422
3.45  0.1183679542121075  0.10745770619828202
3.46  0.12205943570436259  0.10892282003670416
3.47  0.1257231200327108  0.11013511473880835
3.48  0.12935817284925277  0.11109177646540566
3.49  0.13296376632647666  0.11179058472320222
3.5  0.13653907934578333  0.11222991751875219
3.5100000000000002  0.14008329768448322  0.11240875512324314
3.52  0.14359561420122313  0.11232668243937322
3.5300000000000002  0.14707522901980122  0.1119838899648273
3.54  0.1505213497113242  0.11138117335011577
3.5500000000000003  0.15393319147467413  0.11051993155180184
3.56  0.15730997731523125  0.10940216358540435
3.5700000000000003  0.16065093822182602  0.10803046388551266
3.58  0.16395531334186714  0.106408016283883
3.59  0.167222350154615  0.10453858661949407
3.6  0.1704513046425568  0.10242651399771426
3.61  0.1736414414608449  0.10007670071886887
3.62  0.17679203410476044  0.09749460089958292
3.63  0.17990236507516336  0.09468620781331429
3.64  0.18297172604189285  0.09165803997945295
3.65  0.18599941800507663  0.08841712603328604
3.66  0.18898475145432014  0.08497098841193343
3.67  0.19192704652572912  0.08132762589413477
3.68  0.19482563315674087  0.07749549503439922
3.69  0.19767985123871826  0.07348349053462679
3.7  0.20048905076728163  0.06930092459874378
3.71  0.20325259199033544  0.06495750531828953
3.72  0.20596984555376302  0.06046331413910504
3.73  0.20864019264475206  0.05582878246144254
3.74  0.21126302513271975  0.05106466742779603
3.75  0.2138377457078051  0.04618202695465834
3.7600000000000002  0.21636376801689716  0.04119219406615569
3.77  0.2188405167971681  0.03610675058913407
3.7800000000000002  0.2212674280070802  0.03093750027075335
3.79  0.2236439489548379  0.025696441380985487
3.8000000000000003  0.2259695384242547  0.02039573886360864
3.81  0.22824366679800687  0.015047696100337196
3.8200000000000003  0.23046581617824619  0.009664726353625717
3.83  0.2326354805045419  0.004259323954430107
3.84  0.23475216566913001  -0.0011559646981975438
3.85  0.2368153896294373  -0.006568570258371036
3.86  0.2388246825178597  -0.011965929607887355
3.87  0.24077958674876743  -0.017335515016299277
3.88  0.24267965712271308  -0.022664863218837723
3.89  0.24452446092781896  -0.02794160434471639
3.9  0.24631357803832046  -0.03315349062864844
3.91  0.24804660101024348  -0.03828842483895846
3.92  0.2497231351741931  -0.043334488356280655
3.93  0.25134279872523446  -0.04827996883769493
3.94  0.2529052228098414  -0.05311338740206574
3.95  0.25441005160989905  -0.057823525273507766
3.96  0.255856942423734  -0.0623994498211156
3.97  0.2572455657441614  -0.06683053993453245
3.98  0.2585756053335232  -0.07110651067645092
3.99  0.2598467582957079  -0.0752174371548279
4.0  0.2610587351451298  -0.07915377755940384
4.01  0.26221125987265476  -0.08290639530905633
4.0200000000000005  0.26330407000845796  -0.08646658025858306
4.03  0.26433691668179576  -0.0898260689156887
4.04  0.26530956467768413  -0.09297706362125653
4.05  0.26622179249046374  -0.09591225064837643
4.0600000000000005  0.2670733923742453  -0.09862481717812872
4.07  0.2678641703902199  -0.1011084671127166
4.08  0.26859394645082635  -0.10335743568924487
4.09  0.26926255436076246  -0.10536650286022542
4.1  0.26986984185483437  -0.10713100540975207
4.11  0.27041567063263194  -0.10864684777722086
4.12  0.27089991639002486  -0.10991051156347514
4.13  0.2713224688474709  -0.11091906369730976
4.14  0.27168323177513054  -0.11167016324337892
4.15  0.27198212301478164  -0.11216206683570593
4.16  0.27221907449852983  -0.11239363272418434
4.17  0.27239403226430975  -0.11236432342467727
4.18  0.2725069564681745  -0.11207420696656348
4.19  0.27255782139336904  -0.11152395673483562
4.2  0.2725466154561869  -0.11071484990711646
4.21  0.2724733412086085  -0.10964876448922048
4.22  0.27233801533771956  -0.10832817495614297
4.23  0.27214066866191094  -0.10675614650859262
4.24  0.2718813461238607  -0.10493632795840047
4.25  0.2715601067802983  -0.10287294325931576
4.26  0.27117702378855596  -0.1005707817028511
4.2700000000000005  0.270732184389908  -0.0980351868019285
4.28  0.27022568988970297  -0.09527204388813128
4.29  0.269657655634293  -0.09228776645134845
4.3  0.2690282109847651  -0.08908928125351911
4.3100000000000005  0.2683374992874816  -0.08568401225102712
4.32  0.2675856778414351  -0.08207986336306897
4.33  0.2667729178624258  -0.07828520012598202
4.34  0.26589940444407006  -0.07430883027612428
4.3500000000000005  0.26496533651564774  -0.0701599833063668
4.36  0.2639709267967996  -0.0658482890436582
4.37  0.2629164017490835  -0.061383755297373666
4.38  0.2618020015244009  -0.05677674463033937
4.39  0.2606279799103064  -0.05203795030644052
4.4  0.25939460427221145  -0.047178371470647386
4.41  0.2581021554924958  -0.042209287619064104
4.42  0.2567509279065408  -0.03714223241825482
4.43  0.2553412292356994  -0.031988966934625586
4.44  0.2538733805172169  -0.026761452335985945
4.45  0.2523477160311202  -0.021471822128662638
4.46  0.25076458322408973  -0.016132353994594895
4.47  0.2491243426303348  -0.010755441293793404
4.48  0.2474273677894867  -0.005353564298294575
4.49  0.24567404516153155  6.073877561074692e-05
4.5  0.24386477403879925  0.005474900869648455
4.51  0.24199996645503083  0.010876355252769157
4.5200000000000005  0.24008004709154462  0.0162525646896025
4.53  0.2381054531805214  0.021591050540447194
4.54  0.23607663440543117  0.0268794217252559
4.55  0.23399405279862462  0.03210540348438629
4.5600000000000005  0.23185818263611274  0.03725686586936487
4.57  0.22966951032955799  0.04232185189752602
4.58  0.2274285343155003  0.047288605305190246
4.59  0.22513576494184703  0.05214559783495069
4.6000000000000005  0.22279172435164843  0.05688155599374177
4.61  0.22039694636418816  0.06148548721957277
4.62  0.217951976353413  0.06594670539620329
4.63  0.2154573711237337  0.07025485565652653
4.64  0.21291369878322003  0.07439993841709885
4.65  0.21032153861422379  0.07837233258802243
4.66  0.20768148094145614  0.08216281790431362
4.67  0.20499412699754957  0.08576259632692537
4.68  0.2022600887861365  0.08916331246374183
4.69  0.19947998894247534  0.09235707296315623
4.7  0.1966544605916551  0.09533646483521047
4.71  0.19378414720440923  0.09809457265777792
4.72  0.19086970245057702  0.10062499462784467
4.73  0.18791179005023903  0.10292185742064022
4.74  0.1849110836225661  0.10497982982212405
4.75  0.18186826653241128  0.10679413510318704
4.76  0.1787840317346859  0.10836056210684641
4.7700000000000005  0.1756590816165477  0.10967547502269988
4.78  0.17249412783744528  0.11073582182595001
4.79  0.16928989116704649  0.11153914136141471
4.8  0.16604710132109543  0.11208356905607725
4.8100000000000005  0.16276649679522967  0.11236784124691919
4.82  0.15944882469680116  0.11239129811398958
4.83  0.15609484057473222  0.11215388521190339
4.84  0.1527053082474512  0.11165615359621395
4.8500000000000005  0.14928099962894503  0.11089925854436578
4.86  0.14582269455296798  0.10988495687419778
4.87  0.14233118059544553  0.10861560286621921
4.88  0.13880725289511603  0.107094142799124
4.89  0.1352517139724513  0.10532410811122772
4.9  0.1316653735468931  0.10330960720369808
4.91  0.12804904835245404  0.10105531590460705
4.92  0.1244035619517174  0.0985664666159343
4.93  0.12072974454828324  0.09584883616871848
4.94  0.11702843279770335  0.09290873241453969
4.95  0.11330046961694565  0.08975297958446024
4.96  0.10954670399243205  0.08638890244940131
4.97  0.10576799078669469  0.0828243093187285
4.98  0.10196519054369502  0.07906747391650001
4.99  0.09813916929284842  0.07512711617744904
5.0  0.09429079835179718  0.0710123820072732
5.01  0.0904209541279836  0.06673282205420916
5.0200000000000005  0.08653051791906016  0.06229836954116365
5.03  0.08262037571218904  0.05771931720986072
5.04  0.07869141798226971  0.05300629343050904
5.05  0.07474453948914953  0.04817023753245191
5.0600000000000005  0.07078063907385354  0.0432223744130506
5.07  0.06680061945388989  0.03817418848374588
5.08  0.06280538701766729  0.0330373970137578
5.09  0.05879585161808047  0.027823922933308827
5.1000000000000005  0.054772926365303724  0.022545867159485637
5.11  0.05073752741884634  0.017215480508984422
5.12  0.04669057377890932  0.011845135262919172
5.13  0.04263298707709733  0.00644729644970448
5.14  0.03856569136653274  0.0010344929126656008
5.15  0.034489612911414246  -0.004380711770475283
5.16  0.030405679976078286  -0.009785748448729936
5.17  0.02631482261359626  -0.015168071571917258
5.18  0.022217972453973073  -0.02051518830994918
5.19  0.01811606249198003  -0.025814687549754585
5.2  0.014010026874682249  -0.031054268702528705
5.21  0.009900800688698825  -0.03622177025444673
5.22  0.0057893197472514354  -0.04130519799457217
5.23  0.001676520377048218  -0.046292752854443134
5.24  -0.0024366607949502968  -0.05117285829471088
5.25  -0.006549287054834544  -0.05593418717527661
5.26  -0.010660421815068188  -0.060565688046545635
5.2700000000000005  -0.014769128827780545  -0.06505661080078456
5.28  -0.018874472397982477  -0.06939653162403295
5.29  -0.022975517596658727  -0.0735753771906661
5.3  -0.02707133047368123  -0.07758344804443938
5.3100000000000005  -0.031160978270503167  -0.08141144111175333
5.32  -0.03524352963258038  -0.08505047129487656
5.33  -0.039318054821471875  -0.08849209209501646
5.34  -0.04338362592657573  -0.09172831521736136
5.3500000000000005  -0.047439317076445164  -0.09475162911259175
5.36  -0.051484204649640694  -0.09755501641182564
5.37  -0.05551736748507171  -0.10013197021453007
5.38  -0.05953788709177768  -0.10247650919159078
5.39  -0.063544847858099  -0.1045831914684854
5.4  -0.06753733726019436  -0.10644712725633816
5.41  -0.07151444606985274  -0.10806399020153541
5.42  -0.0754752685615571  -0.10943002742756172
5.43  -0.07941890271875038  -0.11054206824574452
5.44  -0.08334445043925502  -0.11139753151469295
5.45  -0.08725101773980096  -0.11199443163134669
5.46  -0.09113771495961769  -0.11233138313972953
5.47  -0.09500365696304157  -0.11240760394671079
5.48  -0.09884796334109118  -0.11222291713730985
5.49  -0.10266975861196537  -0.11177775138533105
5.5  -0.10646817242042422  -0.11107313995837523
5.51  -0.11024233973599534  -0.1101107183195377
5.5200000000000005  -0.11399140104997484  -0.10889272033135892
5.53  -0.11771450257116381  -0.10742197307084012
5.54  -0.12141079642030965  -0.10570189026755616
5.55  -0.125079440823194  -0.10373646438009923
5.5600000000000005  -0.12871960030233753  -0.10153025732924172
5.57  -0.1323304458672635  -0.09908838990933139
5.58  -0.1359111552032911  -0.0964165299024905
5.59  -0.1394609128588017  -0.09352087892321109
5.6000000000000005  -0.14297891043094868  -0.09040815802388057
5.61  -0.1464643467497555  -0.08708559209464736
5.62  -0.14991642806057282  -0.08356089309383487
5.63  -0.15333436820484259  -0.07984224214782974
5.64  -0.15671738879913247  -0.07593827056199251
5.65  -0.1600647194124035  -0.07185803978666214
5.66  -0.16337559774146082  -0.06761102038475876
5.67  -0.16664926978455963  -0.06320707004980108
5.68  -0.1698849900131143  -0.058656410725361055
5.69  -0.17308202154148444  -0.05396960487906098
5.7  -0.1762396362947859  -0.049157530986190676
5.71  -0.17935711517470154  -0.0442313582798369
5.72  -0.18243374822324365  -0.039202520826144796
5.73  -0.1854688347844352  -0.03408269098487492
5.74  -0.18846168366387436  -0.028883752316866546
5.75  -0.19141161328614392  -0.023617772001277626
5.76  -0.19431795185002912  -0.01829697282663726
5.7700000000000005  -0.1971800374815093  -0.012933704820710726
5.78  -0.1999972183844902  -0.007540416585037825
5.79  -0.2027688529892413  -0.002129626400665628
5.8  -0.20549431009850275  0.0032861068278469824
5.8100000000000005  -0.20817296903123012  0.008694212722714156
5.82  -0.2108042197639459  0.014082138609839822
5.83  -0.21338746306966333  0.019437378654644347
5.84  -0.21592211065435032  0.024747502889170932
5.8500000000000005  -0.2184075852909051  0.03000018606309772
5.86  -0.2208433209506098  0.03518323625169285
5.87  -0.22322876293203547  0.04028462315431105
5.88  -0.2255633679873673  0.04529250601774533
5.89  -0.2278466044461207  0.05019526111962117
5.9  -0.2300779523362201  0.05498150874804699
5.91  -0.23225690350241554  0.05964013961489369
5.92  -0.2343829617220075  0.06416034064139792
5.93  -0.23645564281785364  0.06853162005623799
5.94  -0.2384744747686322  0.07274383174782967
5.95  -0.2404389978163381  0.07678719881431158
5.96  -0.24234876457098609  0.08065233625656981
5.97  -0.24420334011249661  0.08433027276161778
5.98  -0.24600230208974214  0.0878124715257789
5.99  -0.24774524081673105  0.0910908500693319
6.0  -0.2494317593659072  0.09415779899663662
6.01  -0.25106147365854514  0.09700619965818857
6.0200000000000005  -0.25263401255221696  0.0996294406736094
6.03  -0.25414901792531475  0.10202143327722361
6.04  -0.2556061447586069  0.10417662545060277
6.05  -0.25700506121381184  0.1060900148092727
6.0600000000000005  -0.2583454487091687  0.10775716021367289
6.07  -0.2596270019919884  0.10917419207741969
6.08  -0.2608494292081722  0.1103378213489461
6.09  -0.2620124519686752  0.11124534714567028
6.1000000000000005  -0.2631158054129063  0.11189466302297355
6.11  -0.2641592382690457  0.1122842618634377
6.12  -0.2651425129112682  0.11241323937499334
6.13  -0.26606540541385887  0.1122812961898581
6.140000000000001  -0.266927705602209  0.11188873855939503
6.15  -0.26772921710067943  0.11123647764327728
6.16  -0.268469757377323  0.11032602739460849
6.17  -0.2691491577854525  0.10915950104590924
6.18  -0.2697672636020481  0.10773960620412439
6.19  -0.2703239340629929  0.10606963856603632
6.2  -0.2708190423951292  0.1041534742686734
6.21  -0.27125247584513046  0.10199556089246484
6.22  -0.2716241357051776  0.09960090713802876
6.23  -0.2719339373354396  0.09697507120055061
6.24  -0.27218181018334786  0.09412414786874101
6.25  -0.272367697799664  0.09105475437831072
6.26  -0.2724915578513353  0.08777401505280334
6.2700000000000005  -0.27255336213113507  0.08428954476743483
6.28  -0.27255309656408677  0.08060943127432027
6.29  -0.27249076121066934  0.07674221643011168
6.3  -0.27236637026680305  0.07269687636962158
6.3100000000000005  -0.27217995206061707  0.06848280067145116
6.32  -0.27193154904599803  0.06410977056397937
6.33  -0.27162121779292153  0.05958793622229806
6.34  -0.2712490289745695  0.05492779320879149
6.3500000000000005  -0.27081506735123534  0.05014015811204406
6.36  -0.27031943175102136  0.04523614344061805
6.37  -0.26976223504733154  0.04022713182997206
6.38  -0.2691436041331669  0.03512474962239896
6.390000000000001  -0.2684636798922274  0.029940839881293653
6.4  -0.2677226171668281  0.02468743490239706
6.41  -0.2669205847226354  0.01937672828580992
6.42  -0.26605776521023433  0.014021046633612817
6.43  -0.26513435512353156  0.008632820938772025
6.44  -0.26415056475500803  0.0032245577317452645
6.45  -0.26310661814782754  -0.002191189948236111
6.46  -0.262002753044814  -0.007601851689843151
6.47  -0.2608392208343095  -0.01299486888664356
6.48  -0.2596162864929249  -0.018357723886694582
6.49  -0.2583342285251948  -0.023677969047078567
6.5  -0.2569933389001526  -0.02894325562594332
6.51  -0.25559392298483896  -0.03414136244498292
6.5200000000000005  -0.25413629947475963  -0.03926022425583125
6.53  -0.252620800321307  -0.044287959744530425
6.54  -0.25104777065616324  -0.049212899109073324
6.55  -0.24941756871270176  -0.05402361114600723
6.5600000000000005  -0.24773056574440538  -0.058708929783228544
6.57  -0.24598714594031912  -0.06325797999738635
6.58  -0.2441877063375569  -0.0676602030557402
6.59  -0.2423326567308819  -0.07190538102387421
6.6000000000000005  -0.24042241957938262  -0.0759836604823945
6.61  -0.23845742991026464  -0.0798855753975524
6.62  -0.2364381352197794  -0.08360206909271753
6.63  -0.23436499537131344  -0.08712451526969218
6.640000000000001  -0.23223848249066198  -0.0904447380310853
6.65  -0.23005908085850982  -0.09355503085726498
6.66  -0.22782728680014375  -0.09644817449384781
6.67  -0.2255436085724212  -0.09911745370820232
6.68  -0.22320856624802352  -0.10155667287607552
6.69  -0.2208226915970167  -0.10376017036216313
6.7  -0.21838652796574995  -0.10572283166124805
6.71  -0.21590063015311614  -0.10744010126940266
6.72  -0.21336556428420442  -0.10890799325770054
6.73  -0.2107819076813744  -0.1101231005238961
6.74  -0.20815024873278054  -0.11108260270060047
6.75  -0.20547118675837509  -0.11178427270159283
6.76  -0.20274533187342156  -0.11222648189107809
6.7700000000000005  -0.19997330484955103  -0.11240820386388861
6.78  -0.1971557369733917  -0.11232901682785809
6.79  -0.19429326990280105  -0.11198910458283724
6.8  -0.19138655552074052  -0.1113892560940786
6.8100000000000005  -0.18843625578681658  -0.11053086366098071
6.82  -0.18544304258653233  -0.10941591968544336
6.83  -0.182407597578273  -0.10804701204733293
6.84  -0.17933061203807169  -0.10642731809779248
6.8500000000000005  -0.1762127867021789  -0.10456059728433954
6.86  -0.17305483160748347  -0.10245118242486913
6.87  -0.16985746592980971  -0.1001039696508142
6.88  -0.16662141782013912  -0.09752440704280703
6.890000000000001  -0.16334742423878199  -0.09471848198522102
6.9  -0.16003623078754936  -0.09169270726894269
6.91  -0.15668859153995066  -0.08845410597462913
6.92  -0.15330526886946633  -0.08501019517153899
6.93  -0.1498870332759301  -0.08136896846977561
6.94  -0.14643466321005677  -0.0775388774664389
6.95  -0.14294894489616508  -0.07352881212874804
6.96  -0.1394306721531241  -0.0693480801596697
6.97  -0.13588064621357626  -0.06500638539394829
6.98  -0.13229967554146577  -0.06051380527468155
6.99  -0.12868857564792657  -0.055880767462712866
7.0  -0.12504816890555887  -0.05111802563314824
7.01  -0.12137928436114981  -0.046236634515156194
7.0200000000000005  -0.11768275754686731  -0.04124792423300258
7.03  -0.11395943028998397  -0.03616347400786925
7.04  -0.11021015052116064  -0.030995085281494653
7.05  -0.10643577208134467  -0.02575475432402162
7.0600000000000005  -0.10263715452732153  -0.0204546443896347
7.07  -0.09881516293596312  -0.015107057484613523
7.08  -0.09497066770721886  -0.009724405813327605
7.09  -0.0911045443658963  -0.004319182968451955
7.1000000000000005  -0.08721767336227473  0.0010960650677234035
7.11  -0.08331093987159528  0.006508769043584519
7.12  -0.07938523359247483  0.011906365612497985
7.13  -0.07544144854429224  0.017276326493409395
7.140000000000001  -0.0714804828635882  0.02260618755004837
7.15  -0.06750323859952978  0.02788357772124824
7.16  -0.06351062150848169  0.033096247735233536
7.17  -0.059503540847733224  0.03823209854122391
7.18  -0.05548290916842979  0.043279209392359255
7.19  -0.05144964210775426  0.04822586551476554
7.2  -0.04740465818040385  0.053060585298547375
7.21  -0.04334887856941139  0.05777214694757588
7.22  -0.039283226916361096  0.0623496145262378
7.23  -0.03520862911104421  0.06678236334267056
7.24  -0.031126013080600923  0.07106010460957518
7.25  -0.027036308578198262  0.07517290932536883
7.26  -0.022940446971294437  0.07911123132024359
7.2700000000000005  -0.01883936102953328  0.08286592941363793
7.28  -0.014733984712321695  0.08642828863169377
7.29  -0.010625252956133788  0.08979004043545373
7.3  -0.006514101461592434  0.09294338191284487
7.3100000000000005  -0.002401466480378806  0.09588099388990058
7.32  0.001711715397983633  0.09859605791918549
7.33  0.005824507459423979  0.10108227210599345
7.34  0.009935973078647116  0.10333386573558209
7.3500000000000005  0.014045175932434806  0.10534561266749207
7.36  0.018151180212877947  0.10711284346586333
7.37  0.022253050840493453  0.10863145623759407
7.38  0.026349853677175197  0.10989792615318396
7.390000000000001  0.03044065573892873  0.11090931362816292
7.4  0.034524525408342555  0.11166327114611665
7.41  0.0386005326467531  0.11215804870747252
7.42  0.042667749206042924  0.11239249789139749
7.43  0.04672524884003835  0.11236607452138046
7.44  0.05077210751544633  0.11207883992831225
7.45  0.05480740362228792  0.11153146080813141
7.46  0.058830218183781834  0.11072520767436643
7.47  0.06283963506562817  0.10966195190916533
7.48  0.06683474118464304  0.10834416141965834
7.49  0.07081462671669778  0.10677489490973613
7.5  0.07477838530392086  0.10495779478053727
7.51  0.07872511426110305  0.10289707867612469
7.5200000000000005  0.08265391478127408  0.10059752969397512
7.53  0.08656389214038823  0.0980644852830035
7.54  0.09045415590108777  0.09530382485488932
7.55  0.0943238201154828  0.09232195613746068
7.5600000000000005  0.09817200352691585  0.08912580030181327
7.57  0.10199782977065096  0.08572277589768426
7.58  0.10580042757345592  0.08212078163436609
7.59  0.10957893095201782  0.07832817804712869
7.6000000000000005  0.11333247941016097  0.07435376809170656
7.61  0.11706021813480823  0.07020677671189042
7.62  0.12076129819065459  0.06589682942764638
7.63  0.12443487671349787  0.06143392999346367
7.640000000000001  0.1280801171021873  0.05682843717878991
7.65  0.13169618920914736  0.05209104072444785
7.66  0.13528226952943206  0.04723273653083215
7.67  0.1388375413882648  0.0422648011354943
7.68  0.142361195127022  0.03719876553933414
7.69  0.1458524282876237  0.03204638844216742
7.7  0.14931044579527747  0.026819628949784187
7.71  0.1527344601395475  0.021530618815844955
7.72  0.1561236915536969  0.016191634283046215
7.73  0.1594773681922665  0.010815067588917766
7.74  0.16279472630685188  0.005413398202386281
7.75  0.16607501042003608  -8.361421358765719e-07
7.76  0.16931747349743728  -0.005415068545900958
7.7700000000000005  0.17252137711783344  -0.010816732114665908
7.78  0.17568599164132728  -0.016193289127521875
7.79  0.17881059637551142  -0.021532260138013265
7.8  0.18189447973959408  -0.02682125293999669
7.8100000000000005  0.18493693942645015  -0.03204799133100461
7.82  0.18793728256256154  -0.037200343606354595
7.83  0.19089482586580905  -0.04226635071787013
7.84  0.19380889580107855  -0.047234254031850775
7.8500000000000005  0.19667882873364884  -0.05209252262186025
7.86  0.1995039710803232  -0.056829880032986745
7.87  0.20228367945827383  -0.06143533045545617
7.88  0.20501732083156282  -0.06589818424684375
7.890000000000001  0.20770427265530594  -0.07020808274364258
7.9  0.21034392301744687  -0.07435502230460145
7.91  0.21293567077811149  -0.07832937753003202
7.92  0.21547892570650892  -0.08212192360317595
7.930000000000001  0.21797310861534688  -0.08572385770179439
7.94  0.2204176514927321  -0.08912681943026318
7.95  0.22281199763152687  -0.09232291022476702
7.96  0.22515560175613125  -0.09530471168653426
7.97  0.22744793014666032  -0.0980653028005753
7.98  0.22968846076049113  -0.10059827599994589
7.99  0.23187668335114914  -0.10289775203825477
8.0  0.23401209958450978  -0.10495839363589585
8.01  0.2360942231522866  -0.10677541786832895
8.02  0.2381225798827802  -0.10834460726765399
8.03  0.24009670784886272  -0.10966231961171247
8.040000000000001  0.24201615747317673  -0.11072549637799668
8.05  0.24388049163051662  -0.11153166984273871
8.06  0.24568928574738008  -0.11207896880870939
8.07  0.24744212789865674  -0.1123661229484252
8.08  0.24913861890143804  -0.11239246575268651
8.09  0.2507783724059244  -0.11215793607760251
8.1  0.25236101498341157  -0.11166307828651106
8.11  0.25388618621133296  -0.11090904098646548
8.120000000000001  0.2553535387553395  -0.10989757436221914
8.13  0.2567627384484008  -0.10863102611389847
8.14  0.25811346436690585  -0.10711233600779081
8.15  0.25940540890374886  -0.10534502905289629
8.16  0.2606382778383823  -0.10333320731908197
8.17  0.26181179040381997  -0.1010815404158297
8.18  0.26292567935057864  -0.09859525465367328
8.19  0.26397969100753954  -0.09588012091348751
8.2  0.2649735853397178  -0.09294244125178397
8.21  0.2659071360029273  -0.08978903427309799
8.22  0.2667801303953263  -0.08642721930343258
8.23  0.26759236970583494  -0.08286479940147376
8.24  0.26834366895941136  -0.07911004324703029
8.25  0.26903385705917676  -0.07517166594872549
8.26  0.2696627768253796  -0.07105880881548482
8.27  0.2702302850311919  -0.06678101813878154
8.28  0.27073625243532623  -0.06234822303488351
8.290000000000001  0.27118056381146866  -0.057770712398524174
8.3  0.2715631179745195  -0.05305911102151002
8.31  0.2718838278036371  -0.04822435493166578
8.32  0.27214262026207814  -0.04327766600938758
8.33  0.2723394364138303  -0.03823052594070504
8.34  0.27247423143703475  -0.033094649567306386
8.35  0.2725469746341927  -0.027881957695395823
8.36  0.2725576494391571  -0.022604549426490123
8.370000000000001  0.2725062534209048  -0.01727467407436875
8.38  0.2723927982840905  -0.011904702733379409
8.39  0.27221730986638104  -0.006507099564072756
8.4  0.2719798281325713  -0.0010943928628232916
8.41  0.27168040716548286  0.0043208540174113075
8.42  0.27131911515364737  0.009726071827699329
8.43  0.2708960343757777  0.01510871459743645
8.44  0.27041126118203046  0.02045628875460893
8.45  0.26986490597206336  0.02575638212443531
8.46  0.26925709316989327  0.030996692739086805
8.47  0.26858796119556155  0.036165057391592426
8.48  0.2678576624336096  0.04124947986768765
8.49  0.2670663631983767  0.046238158790043386
8.5  0.26621424369612395  0.051119515010265806
8.51  0.26530149798399505  0.05588221848508977
8.52  0.2643283339258232  0.060515214574371326
8.53  0.2632949731447929  0.0650077496998464
8.540000000000001  0.2622016509729683  0.06934939630510605
8.55  0.2610486163977015  0.07353007705883763
8.56  0.2598361320049274  0.0775400882451707
8.57  0.25856447391936493  0.0813701222868286
8.58  0.25723393174163434  0.08501128934880614
8.59  0.25584480848230384  0.0884551379724319
8.6  0.2543974204928844  0.09169367469192632
8.61  0.2528920973937858  0.09471938258791443
8.620000000000001  0.25132918199924953  0.09752523873483471
8.63  0.24970903023927982  0.1001047305017485
8.64  0.24803201107858416  0.10245187066870992
8.65  0.24629850643254816  0.10456121132361397
8.66  0.24450891108026085  0.10642785650726345
8.67  0.2426636325746084  0.10804747357730625
8.68  0.24076309114946112  0.10941630326466867
8.69  0.23880771962397127  0.11053116839913799
8.700000000000001  0.23679796330400557  0.11138948128384461
8.71  0.2347342798807333  0.1119892497015275
8.72  0.23261713932639433  0.1123290815386396
8.73  0.23044702378726953  0.11240818801656219
8.74  0.22822442747387986  0.11222638552242672
8.75  0.22594985654843833  0.11178409603529639
8.76  0.2236238290095775  0.11108234614671644
8.77  0.2212468745743847  0.1101227646779079
8.78  0.21881953455776615  0.10890757889913528
8.790000000000001  0.2163423617491716  0.10743960936002189
8.8  0.21381592028670557  0.105722263342815
8.81  0.21124078552865108  0.10375952695379348
8.82  0.20861754392244292  0.10155595587117522
8.83  0.20594679287111214  0.09911666477100045
8.84  0.2032291405972379  0.09644731545553477
8.85  0.2004652060044325  0.09355410371174183
8.86  0.19765561853639613  0.09044374493033545
8.870000000000001  0.1948010180335717  0.08712345851878725
8.88  0.19190205458742993  0.08360095114446602
8.89  0.1889593883924215  0.07988439884680788
8.9  0.18597368959562707  0.07598242806003117
8.91  0.18294563814414258  0.07190409559044926
8.92  0.1798759236302309  0.06765886759485433
8.93  0.17676524513427921  0.06325659760875794
8.94  0.17361431106559214  0.05870750367549832
8.950000000000001  0.17042383900106303  0.05402214462929324
8.96  0.16719455552175946  0.04921139558728533
8.97  0.16392719604745065  0.04428642270747082
8.98  0.1606225046691315  0.03925865727109425
8.99  0.15728123397956406  0.03413976914967311
9.0  0.15390414490188772  0.02894163971823511
9.01  0.15049200651633005  0.023676334277630925
9.02  0.14704559588506175  0.018356074049946117
9.03  0.14356569787523055  0.012993207812006989
9.040000000000001  0.1400531049802206  0.007600183232812904
9.05  0.1365086171391769  0.002189517981442561
9.06  0.13293304155482624  -0.003226229327523679
9.07  0.1293271925096541  -0.00863448828361884
9.08  0.125691891180461  -0.014022705857480298
9.09  0.12202796545135322  -0.019378375537497078
9.1  0.11833624972520633  -0.02468906635849252
9.11  0.11461758473364009  -0.0299424517550501
9.120000000000001  0.1108728173455555  -0.03512633817251946
9.13  0.10710280037427665  -0.040228693369296915
9.14  0.10330839238333013  -0.045237674344680845
9.15  0.09949045749092353  -0.05014165482748655
9.16  0.09564986517315667  -0.05492925226160972
9.17  0.091787490066009  -0.059589354225905916
9.18  0.08790421176615609  -0.06411114422707012
9.19  0.08400091463065634  -0.06848412680563618
9.200000000000001  0.08007848757554856  -0.07269815189683024
9.21  0.07613782387342043  -0.07674343838973705
9.22  0.07217982094997358  -0.08061059683008973
9.23  0.06820538017965158  -0.08429065121399397
9.24  0.06421540668036696  -0.0877750598219958
9.25  0.060210809107371525  -0.09105573504513806
9.26  0.056192499446326004  -0.09412506215699229
9.27  0.05216139280560833  -0.09697591698808519
9.28  0.04811840720791365  -0.09960168246170117
9.290000000000001  0.044064463381184936  -0.1019962639526836
9.3  0.040000484548937065  -0.10415410343357569
9.31  0.0359273962200006  -0.10607019237527654
9.32  0.031846125977754686  -0.1077400833722641
9.33  0.02775760326888516  -0.109159900465401
9.34  0.023662759191714403  -0.11032634813836534
9.35  0.01956252628415995  -0.11123671896682572
9.36  0.015457838311362285  -0.11188889990260274
9.370000000000001  0.011349630053035147  -0.11228137717823361
9.38  0.007238837090584744  -0.11241323982055577
9.39  0.003126395594041577  -0.11228418176515285
9.4  -0.0009867578911345338  -0.11189450256675634
9.41  -0.00509968665733977  -0.11124510670395327
9.42  -0.009211454048145155  -0.11033750147981504
9.43  -0.013321123671608594  -0.109173793523318
9.44  -0.01742775961352232  -0.10775668389967848
9.450000000000001  -0.021530426650552038  -0.10608946184095097
9.46  -0.025628190463221127  -0.1041759971114404
9.47  -0.02972011784868662  -0.1020207310256488
9.48  -0.03380527693326324  -0.09962866613960836
9.49  -0.03788273738464197  -0.09700535463952085
9.5  -0.04195157062375983  -0.09415688545466187
9.51  -0.046010850036267655  -0.091089870124459
9.52  -0.05005965118355517  -0.08781142745254357
9.53  -0.05409705201327621  -0.08432916698340265
9.540000000000001  -0.058122133069331165  -0.08065117133997966
9.55  -0.06213397770126026  -0.0767859774632172
9.56  -0.06613167227299582  -0.07274255679709149
9.57  -0.07011430637093023  -0.06853029446512554
9.58  -0.07408097301124775  -0.06415896748671973
9.59  -0.07803076884647471  -0.05963872208385963
9.6  -0.08196279437120593  -0.05498005013086726
9.61  -0.08587615412695125  -0.0501937648018697
9.620000000000001  -0.08976995690606412  -0.04529097547250293
9.63  -0.09364331595469647  -0.04028306193410351
9.64  -0.09749534917474949  -0.03518164798024554
9.65  -0.10132517932475238  -0.02999857442692421
9.66  -0.10513193421964427  -0.0247458716290156
9.67  -0.10891474692939963  -0.019435731556801235
9.68  -0.11267275597645696  -0.014080479497362845
9.69  -0.11640510553190968  -0.008692545446544173
9.700000000000001  -0.12011094561040728  -0.0032844352578743075
9.71  -0.12378943226372327  0.0021312983845844236
9.72  -0.12743972777295717  0.0075420851020869505
9.73  -0.1310610008393069  0.012935365998118887
9.74  -0.13465242677338782  0.018298622808669923
9.75  -0.13821318768304125  0.023619406958187632
9.76  -0.14174247265959788  0.028885368453778558
9.77  -0.14523947796254796  0.03408428455059763
9.78  -0.14870340720258346  0.039204088121876896
9.790000000000001  -0.1521334715229627  0.04423289566775234
9.8  -0.1555288897791574  0.049159034897880864
9.81  -0.1588888887167517  0.053971071823818155
9.82  -0.1622127031475342  0.058657837298281244
9.83  -0.165499576123761  0.06320845293968849
9.84  -0.16874875911053733  0.06761235638180724
9.85  -0.17195951215628563  0.07185932578990885
9.86  -0.1751311040612568  0.07593950358651508
9.870000000000001  -0.17826281254405255  0.07984341933167327
9.88  -0.18135392440610948  0.08356201170465544
9.89  -0.18440373569412416  0.08708664953605377
9.9  -0.18741155186036468  0.09040915184146107
9.91  -0.19037668792084297  0.09352180681023073
9.92  -0.19329846861131117  0.09641738970524433
9.93  -0.1961762285410419  0.09908917963214425
9.94  -0.19900931234435965  0.10153097513909992
9.950000000000001  -0.2017970748298929  0.10373710861090481
9.96  -0.2045388811275028  0.10570245942399459
9.97  -0.20723410683286908  0.10742246583185097
9.98  -0.20988213814968615  0.10889313555320172
9.99  -0.21248237202944673  0.11011105503844715
10.0  -0.21503421630877553  0.1110733973927984
