0.0  -0.19384999894521582  0.49598022692018623
0.01  -0.1918657152149086  0.4956347489500777
0.02  -0.18987100394216805  0.4952735202475569
0.03  -0.18786597224579038  0.4948965122294187
0.04  -0.18585072776366435  0.4945036972138582
0.05  -0.1838253786475917  0.4940950484227241
0.06  -0.18179003355808182  0.4936705399837204
0.07  -0.1797448016591225  0.4932301469325533
0.08  -0.1776897926129254  0.4927738452150257
0.09  -0.17562511657464716  0.4923016116890776
0.1  -0.17355088418708736  0.49181342412677254
0.11  -0.17146720657536113  0.4913092612162304
0.12  -0.16937419534154943  0.49078910256350644
0.13  -0.16727196255932536  0.4902529286944156
0.14  -0.1651606207685573  0.4897007210563026
0.15  -0.16304028296988943  0.48913246201975785
0.16  -0.16091106261929938  0.4885481348802789
0.17  -0.15877307362263382  0.48794772385987695
0.18  -0.15662643033012133  0.4873312141086284
0.19  -0.1544712475308639  0.48669859170617247
0.2  -0.15230764044730638  0.4860498436631525
0.21  -0.1501357247296854  0.4853849579226033
0.22  -0.14795561645045552  0.4847039233612823
0.23  -0.14576743209869614  0.48400672979094683
0.24  -0.14357128857449716  0.4832933679595742
0.25  -0.14136730318332363  0.4825638295525279
0.26  -0.1391555936303614  0.48181810719366724
0.27  -0.13693627801484193  0.4810561944464018
0.28  -0.13470947482434847  0.48027808581469
0.29  -0.1324753029291017  0.47948377674398224
0.3  -0.1302338815762274  0.4786732636221071
0.31  -0.1279853303840043  0.47784654378010316
0.32  -0.12572976933609456  0.47700361549299364
0.33  -0.12346731877575468  0.4761444779805049
0.34  -0.12119809940002912  0.47526913140772997
0.35000000000000003  -0.11892223225392615  0.4743775768857344
0.36  -0.11663983872457577  0.47346981647210695
0.37  -0.1143510405353706  0.4725458531714537
0.38  -0.11205595974009017  0.47160569093583543
0.39  -0.10975471871700779  0.4706493346651489
0.4  -0.10744744016298156  0.4696767902074519
0.41000000000000003  -0.10513424708752875  0.4686880643592315
0.42  -0.10281526280688491  0.46768316486561556
0.43  -0.1004906109380466  0.4666621004205288
0.44  -0.0981604153927993  0.46562488066679103
0.45  -0.09582480037172997  0.464571516196159
0.46  -0.09348389035822513  0.4635020185493128
0.47000000000000003  -0.09113781011245378  0.4624164002157841
0.48  -0.08878668466533676  0.4613146746338288
0.49  -0.0864306393125017  0.46019685619024236
0.5  -0.08406979960822442  0.4590629602201191
0.51  -0.08170429135935663  0.45791300300655413
0.52  -0.07933424061924103  0.45674700178028943
0.53  -0.07695977368161294  0.45556497471930246
0.54  -0.07458101707448969  0.4543669409483386
0.55  -0.07219809755404753  0.45315292053838696
0.56  -0.06981114209848666  0.4519229345060992
0.5700000000000001  -0.06742027790188432  0.45067700481315237
0.58  -0.06502563236803657  0.44941515436555396
0.59  -0.06262733310428861  0.44813740701289206
0.6  -0.06022550791535457  0.4468437875475276
0.61  -0.05782028479712657  0.44553432170373036
0.62  -0.05541179193047306  0.4442090361567592
0.63  -0.05300015767502756  0.44286795852188476
0.64  -0.05058551056296744  0.4415111173533568
0.65  -0.04816797929278331  0.44013854214331416
0.66  -0.045747692723038955  0.4387502633206395
0.67  -0.043324779866122744  0.4373463122497567
0.68  -0.04089936988199  0.4359267212293726
0.6900000000000001  -0.03847159207189735  0.4344915234911628
0.7000000000000001  -0.03604157587212887  0.43304075319840074
0.71  -0.03360945084771458  0.4315744454445312
0.72  -0.031175346686141237  0.4300926362516876
0.73  -0.0287393931910562  0.4285953625691537
0.74  -0.02630172027596421  0.42708266227176894
0.75  -0.023862457957917832  0.4255545741582784
0.76  -0.021421736351201162  0.4240111379496275
0.77  -0.018979685661007918  0.4224523942871999
0.78  -0.016536436177113575  0.42087838473100114
0.79  -0.014092118267542074  0.41928915175778625
0.8  -0.01164686237222756  0.4176847387591318
0.81  -0.009200798996670938  0.4160651900394537
0.8200000000000001  -0.006754058705592356  0.4144305508139688
0.8300000000000001  -0.004306772116578846  0.4127808672066018
0.84  -0.0018590698937282976  0.4111161862478378
0.85  0.0005889172587101171  0.4094365558725192
0.86  0.003037058602699195  0.4077420249175884
0.87  0.005485223372779832  0.4060326431197757
0.88  0.007933280782440023  0.4043084611132335
0.89  0.010381100030486562  0.40256953042711446
0.9  0.012828550307418585  0.4008159034830972
0.91  0.0152755008018031  0.399047633592857
0.92  0.017721820706652687  0.39726477495548296
0.93  0.020167379225803618  0.39546738265484094
0.9400000000000001  0.02261204558029558  0.39365551265688303
0.9500000000000001  0.025055689014752205  0.3918292218069035
0.96  0.027498178803761583  0.3899885678267414
0.97  0.029939384258257463  0.3881336093119299
0.98  0.032379174731899454  0.38626440572879245
0.99  0.0348174196274541  0.3843810174114859
1.0  0.03725398840317382  0.3824835055589911
1.01  0.03968875057917548  0.3805719322320509
1.02  0.042121575743817925  0.3786463603500554
1.03  0.04455233356007699  0.376706853687875
1.04  0.04698089377191929  0.3747534768726417
1.05  0.049407126210673676  0.3727862953804779
1.06  0.05183090080139992  0.3708053755331738
1.07  0.05425208756925447  0.36881078449481297
1.08  0.05667055664585365  0.36680259026834694
1.09  0.05908617827563294  0.364780861692118
1.1  0.061498822822202565  0.3627456684363313
1.11  0.06390836077469944  0.3606970809994764
1.12  0.06631466275413406  0.3586351707046973
1.1300000000000001  0.06871759951973382  0.3565600096961128
1.1400000000000001  0.07111704197528047  0.35447167093508664
1.1500000000000001  0.0735128611754429  0.3523702281964468
1.16  0.07590492833210434  0.3502557560646561
1.17  0.07829311482068353  0.3481283299299319
1.18  0.08067729218645016  0.3459880259843177
1.19  0.08305733215083352  0.34383492121770465
1.2  0.08543310661772492  0.34166909341380425
1.21  0.08780448767977247  0.3394906211460724
1.22  0.09017134762466954  0.3372995837735853
1.23  0.09253355894143475  0.3350960614368662
1.24  0.09489099432668456  0.3328801350536644
1.25  0.0972435266908973  0.33065188631468734
1.26  0.09959102916466955  0.32841139767928357
1.27  0.10193337510496277  0.3261587523710793
1.28  0.10427043810134148  0.3238940343735677
1.29  0.10660209198220211  0.3216173284256513
1.3  0.10892821082099197  0.3193287200171375
1.31  0.11124866894241835  0.31702829538418814
1.32  0.11356334092864721  0.3147161415047224
1.33  0.11587210162549241  0.31239234609377464
1.34  0.11817482614859233  0.3100569975988057
1.35  0.12047138988957688  0.3077101851949695
1.36  0.12276166852222267  0.3053519987803346
1.37  0.12504553800859602  0.30298252897106004
1.3800000000000001  0.127322874605185  0.300601867096528
1.3900000000000001  0.1295935548690181  0.29821010519443114
1.4000000000000001  0.1318574556637712  0.29580733600581655
1.41  0.13411445416586099  0.29339365297008546
1.42  0.13636442787052622  0.29096915021994973
1.43  0.13860725459789447  0.28853392257634564
1.44  0.1408428124990356  0.28608806554330407
1.45  0.1430709800620015  0.28363167530277866
1.46  0.14529163611785165  0.2811648487094313
1.47  0.14750465984666292  0.27868768328537596
1.48  0.14970993078352618  0.2762002772148803
1.49  0.15190732882452657  0.27370272933902684
1.5  0.1540967342327089  0.27119513915033183
1.51  0.15627802764402693  0.26867760678732433
1.52  0.158451090073277  0.26615023302908425
1.53  0.16061580292001548  0.2636131192897401
1.54  0.162772047974459  0.26106636761292773
1.55  0.16491970742336864  0.25851008066620823
1.56  0.16705866385591628  0.2559443617354479
1.57  0.16918880026953415  0.2533693147191581
1.58  0.17131000007574615  0.25078504412279745
1.59  0.17342214710598158  0.2481916550530353
1.6  0.17552512561737055  0.24558925321197725
1.61  0.17761882029852077  0.24297794489135321
1.62  0.17970311627527508  0.24035783696666796
1.6300000000000001  0.18177789911645093  0.23772903689131497
1.6400000000000001  0.18384305483955987  0.23509165269065346
1.6500000000000001  0.18589846991650738  0.23244579295604906
1.6600000000000001  0.1879440312792725  0.22979156683887902
1.67  0.18997962632556803  0.2271290840445011
1.68  0.19200514292447995  0.22445845482618754
1.69  0.1940204694220857  0.2217797899790243
1.7  0.19602549464705188  0.21909320083377568
1.71  0.19802010791621055  0.2163987992507142
1.72  0.2000041990401143  0.21369669761341697
1.73  0.2019776583285685  0.21098700882252902
1.74  0.20394037659614309  0.2082698462894928
1.75  0.20589224516766025  0.2055453239302446
1.76  0.20783315588366075  0.20281355615887986
1.77  0.20976300110584672  0.2000746578812849
1.78  0.21168167372250177  0.19732874448873788
1.79  0.21358906715388704  0.19457593185147803
1.8  0.21548507535761413  0.19181633631224407
1.81  0.21736959283399407  0.18905007467978185
1.82  0.21924251463136157  0.1862772642223218
1.83  0.22110373635137529  0.18349802266102663
1.84  0.22295315415429337  0.18071246816340952
1.85  0.22479066476422363  0.177920719336723
1.86  0.2266161654743489  0.17512289522131924
1.87  0.22842955415212668  0.17231911528398208
1.8800000000000001  0.23023072924446283  0.16950949941123097
1.8900000000000001  0.23201958978285997  0.16669416790259728
1.9000000000000001  0.2337960353885385  0.16387324146387344
1.9100000000000001  0.23555996627753245  0.16104684120033552
1.92  0.23731128326575693  0.15821508860993905
1.93  0.23904988777405056  0.1553781055764885
1.94  0.2407756818331887  0.15253601436278255
1.95  0.24248856808887043  0.14968893760373211
1.96  0.2441884498066772  0.14683699829945518
1.97  0.24587523087700391  0.14398031980834614
1.98  0.24754881581996097  0.14111902584012187
1.99  0.24920910979024868  0.13825324044884343
2.0  0.25085601858200274  0.13538308802591498
2.0100000000000002  0.2524894486336102  0.13250869329305964
2.02  0.25410930703249646  0.12963018129527348
2.0300000000000002  0.2557155015198839  0.1267476773937561
2.04  0.2573079404955184  0.12386130725882152
2.05  0.2588865330223685  0.12097119686278594
2.06  0.26045118883129303  0.1180774724728358
2.07  0.26200181832567776  0.11518026064387614
2.08  0.2635383325860438  0.11227968821135634
2.09  0.2650606433746217  0.10937588228407986
2.1  0.26656866313989813  0.1064689702369915
2.11  0.2680623050211277  0.1035590797039485
2.12  0.2695414828528163  0.10064633857047156
2.13  0.27100611116917056  0.0977308749664792
2.14  0.2724561052085163  0.09481281725900352
2.15  0.2738913809176845  0.09189229404489023
2.16  0.2753118549563646  0.08896943414348049
2.17  0.2767174447014255  0.08604436658927818
2.18  0.2781080682512035  0.08311722062460014
2.19  0.279483644429757  0.08018812569221155
2.2  0.2808440927910884  0.07725721142794645
2.21  0.28218933362333143  0.07432460765331377
2.22  0.28351928795290593  0.07139044436808877
2.23  0.28483387754863765  0.06845485174289177
2.24  0.28613302492584447  0.06551796011175276
2.25  0.2874166533503882  0.06257989996466395
2.2600000000000002  0.2886846868426915  0.05964080194011917
2.27  0.28993705018171984  0.0567007968176427
2.2800000000000002  0.2911736689089293  0.05376001551030464
2.29  0.29239446933217805  0.05081858905722761
2.3000000000000003  0.2935993785296034  0.04787664861608039
2.31  0.29478832435346214  0.044934325455563764
2.32  0.2959612354339365  0.0419917509478846
2.33  0.29711804118290264  0.03904905656122171
2.34  0.2982586717976638  0.03610637385218346
2.35  0.29938305826464673  0.033163834458254646
2.36  0.30049113236306163  0.030221570090238584
2.37  0.3015828266685253  0.027279712524688665
2.38  0.30265807455664706  0.024338393596335217
2.39  0.303716810206578  0.021397745190503442
2.4  0.3047589686045223  0.018457899235527875
2.41  0.305784485547211  0.015518987695157957
2.42  0.3067932976453392  0.012581142560961323
2.43  0.3077853423269632  0.009644495844719603
2.44  0.308760557840862  0.006709179570821663
2.45  0.3097188832598582  0.0037753257686519576
2.46  0.31066025848410234  0.0008430664649753672
2.47  0.31158462424431776  -0.002087466323680856
2.48  0.312491922105006  -0.005016140598647675
2.49  0.3133820944676147  -0.007942824386737463
2.5  0.3142550845736656  -0.010867385747868774
2.5100000000000002  0.31511083650784244  -0.013789692782692445
2.52  0.3159492952010411  -0.0167096136402181
2.5300000000000002  0.3167704064333787  -0.019627016525442464
2.54  0.31757411683716325  -0.02254176970697569
2.5500000000000003  0.3183603738998238  -0.025453741524669143
2.56  0.3191291259667995  -0.028362800397240664
2.57  0.3198803222443894  -0.03126881482989993
2.58  0.3206139128025616  -0.03417165342197097
2.59  0.3213298485777203  -0.037071184874512136
2.6  0.3220280813754351  -0.03996727799793552
2.61  0.32270856387312585  -0.0428598017196198
2.62  0.32337124962270963  -0.04574862509152343
2.63  0.3240160930532042  -0.04863361729778956
2.64  0.32464304947329137  -0.05151464766235124
2.65  0.32525207507383824  -0.05439158565652637
2.66  0.3258431269303774  -0.057264300906612775
2.67  0.3264161630055447  -0.06013266320147212
2.68  0.3269711421514754  -0.0629965425001127
2.69  0.3275080241121584  -0.06585580893926068
2.7  0.3280267695257481  -0.06871033284092867
2.71  0.3285273399268336  -0.07155998471997212
2.72  0.3290096977486667  -0.07440463529164283
2.73  0.32947380632534506  -0.07724415547912851
2.74  0.3299196298939554  -0.08007841642108851
2.75  0.3303471335966712  -0.08290728947917544
2.7600000000000002  0.33075628348280967  -0.08573064624555203
2.77  0.331147046510844  -0.08854835855039188
2.7800000000000002  0.3315193905503734  -0.09136029846937584
2.79  0.3318732843840492  -0.09416633833117105
2.8000000000000003  0.33220869770945793  -0.09696635072490425
2.81  0.3325256011409605  -0.09976020850761752
2.82  0.33282396621148813  -0.10254778481171646
2.83  0.3331037653742941  -0.10532895305240193
2.84  0.3333649720046614  -0.10810358693509013
2.85  0.3336075604015677  -0.11087156046281879
2.86  0.333831505789304  -0.11363274794363841
2.87  0.33403678431905126  -0.11638702399798986
2.88  0.3342233730704118  -0.11913426356606598
2.89  0.33439125005289544  -0.12187434191515831
2.9  0.334540394207363  -0.12460713464698735
2.91  0.3346707854074234  -0.12733251770501708
2.92  0.3347824044607878  -0.1300503673817513
2.93  0.3348752331105766  -0.13276056032601546
2.94  0.3349492540365846  -0.13546297355021675
2.95  0.33500445085649866  -0.13815748443759063
2.96  0.3350408081270714  -0.14084397074942429
2.97  0.33505831134524977  -0.14352231063226567
2.98  0.3350569469492583  -0.1461923826251086
2.99  0.3350367023196371  -0.1488540656665624
3.0  0.33499756578023454  -0.15150723910199693
3.0100000000000002  0.33493952659915405  -0.1541517826906717
3.02  0.33486257498965627  -0.1567875766128387
3.0300000000000002  0.33476670211101506  -0.1594145014768291
3.04  0.3346519000693277  -0.16203243832611264
3.0500000000000003  0.33451816191828  -0.16464126864633977
3.06  0.3343654816598652  -0.1672408743723566
3.0700000000000003  0.3341938542450568  -0.16983113789520027
3.08  0.3340032755744367  -0.17241194206906746
3.09  0.33379374249877514  -0.17498317021826226
3.1  0.3335652528195674  -0.17754470614411652
3.11  0.3333178052895225  -0.1800964341318873
3.12  0.33305139961300595  -0.18263823895762815
3.13  0.33276603644643743  -0.18517000589503568
3.14  0.33246171739864117  -0.18769162072226853
3.15  0.3321384450311507  -0.19020296972874162
3.16  0.33179622285846666  -0.19270393972189226
3.17  0.33143505534826934  -0.19519441803391924
3.18  0.33105494792158363  -0.19767429252849486
3.19  0.33065590695289865  -0.2001434516074479
3.2  0.33023793977024024  -0.2026017842174193
3.21  0.3298010546551966  -0.20504917985648724
3.22  0.3293452608428991  -0.2074855285807653
3.23  0.3288705685219546  -0.20991072101096828
3.24  0.3283769888343322  -0.2123246483389506
3.25  0.32786453387520365  -0.2147272023342119
3.2600000000000002  0.3273332166927361  -0.21711827535037376
3.27  0.3267830512878398  -0.21949776033162344
3.2800000000000002  0.3262140526138673  -0.22186555081912804
3.29  0.325626236576268  -0.22422154095741395
3.3000000000000003  0.32501962003219353  -0.22656562550071732
3.31  0.32439422079005964  -0.22889769981929792
3.3200000000000003  0.32375005760905845  -0.23121765990572413
3.33  0.323087150198626  -0.23352540238111968
3.34  0.3224055192178613  -0.23582082450138153
3.35  0.32170518627490113  -0.23810382416335912
3.36  0.3209861739262457  -0.2403742999110014
3.37  0.32024850567603885  -0.2426321509414687
3.38  0.319492205975302  -0.24487727711120838
3.39  0.31871730022111977  -0.24710957894199514
3.4  0.3179238147557809  -0.24932895762693563
3.41  0.3171117768658712  -0.25153531503643634
3.42  0.3162812147813201  -0.2537285537241341
3.43  0.31543215767440047  -0.2559085769327907
3.44  0.314564635658683  -0.2580752886001483
3.45  0.31367867978794195  -0.2602285933647488
3.46  0.31277432205501615  -0.26236839657171346
3.47  0.31185159539062224  -0.2644946042784848
3.48  0.31091053366212273  -0.26660712326052954
3.49  0.3099511716722453  -0.26870586101700145
3.5  0.3089735451577586  -0.2707907257763658
3.5100000000000002  0.3079776907880991  -0.2728616265019833
3.52  0.30696364616395316  -0.27491847289765314
3.5300000000000002  0.30593144981579157  -0.27696117541311693
3.54  0.3048811412023592  -0.27898964524951964
3.5500000000000003  0.3038127607091165  -0.2810037943648318
3.56  0.3027263496466369  -0.2830035354792271
3.5700000000000003  0.3016219502489563  -0.2849887820804212
3.58  0.30049960567187745  -0.28695944842896515
3.59  0.2993593599912277  -0.28891544956349946
3.6  0.29820125820107124  -0.2908567013059623
3.61  0.29702534621187493  -0.29278312026675635
3.62  0.2958316708486285  -0.2946946238498715
3.63  0.2946202798489187  -0.29659113025796385
3.64  0.29339122186095795  -0.2984725584973903
3.65  0.2921445464415672  -0.3003388283831989
3.66  0.29088030405411264  -0.30218986054407504
3.67  0.2895985460663979  -0.30402557642724076
3.68  0.2882993247485094  -0.30584589830331094
3.69  0.28698269327061765  -0.30765074927110236
3.7  0.28564870570073214  -0.3094400532623973
3.71  0.2842974170024112  -0.3112137350466609
3.72  0.28292888303242764  -0.3129717202357117
3.73  0.281543160538387  -0.314713935288346
3.74  0.28014030715630406  -0.31644030751491437
3.75  0.27872038140813055  -0.31815076508185125
3.7600000000000002  0.27728344269924177  -0.31984523701615697
3.77  0.27582955131587567  -0.32152365320983134
3.7800000000000002  0.2743587684225288  -0.3231859444242595
3.79  0.2728711560593069  -0.32483204229454904
3.8000000000000003  0.2713667771392314  -0.3264618793338188
3.81  0.2698456954455017  -0.3280753889374377
3.8200000000000003  0.2683079756287124  -0.32967250538721593
3.83  0.26675368320402804  -0.3312531638555442
3.84  0.26518288454831085  -0.3328173004094864
3.85  0.26359564689720805  -0.3343648520148192
3.86  0.2619920383421928  -0.335895756540023
3.87  0.26037212782756275  -0.3374099527602219
3.88  0.2587359851473936  -0.3389073803610734
3.89  0.2570836809424512  -0.34038797994260594
3.9  0.2554152866970582  -0.34185169302300666
3.91  0.25373087473591915  -0.34329846204235676
3.92  0.25203051822090117  -0.3447282303663146
3.93  0.2503142911477724  -0.34614094228974845
3.94  0.2485822683428974  -0.3475365430403159
3.95  0.24683452545988993  -0.34891497878199085
3.96  0.24507113897622262  -0.3502761966185384
3.97  0.2432921861897948  -0.35162014459693647
3.98  0.24149774521545772  -0.35294677171074496
3.99  0.23968789498149762  -0.3542560279034207
4.0  0.23786271522607672  -0.35554786407157973
4.01  0.2360222864936321  -0.3568222320682055
4.0200000000000005  0.23416669013123342  -0.35807908470580396
4.03  0.23229600828489871  -0.3593183757595022
4.04  0.2304103238958682  -0.36054005997009686
4.05  0.22850972069683734  -0.36174409304704375
4.0600000000000005  0.22659428320814917  -0.36293043167139594
4.07  0.22466409673394488  -0.3640990334986851
4.08  0.22271924735827336  -0.36524985716174924
4.09  0.22075982194116112  -0.3663828622735042
4.1  0.21878590811464085  -0.3674980094296597
4.11  0.21679759427873935  -0.3685952602113811
4.12  0.21479496959742778  -0.36967457718789354
4.13  0.21277812399452684  -0.3707359239190319
4.14  0.21074714814957796  -0.3717792649577335
4.15  0.20870213349366984  -0.37280456585247573
4.16  0.20664317220523037  -0.3738117931496552
4.17  0.20457035720577368  -0.3748009143959132
4.18  0.20248378215561294  -0.375771898140402
4.19  0.20038354144953086  -0.376724713936996
4.2  0.19826973021241484  -0.3776593323464441
4.21  0.19614244429484873  -0.37857572493846736
4.22  0.1940017802686711  -0.3794738642937968
4.23  0.19184783542249212  -0.3803537240061559
4.24  0.18968070775717405  -0.3812152786841842
4.25  0.18750049598127239  -0.38205850395330376
4.26  0.1853072995064411  -0.3828833764575277
4.2700000000000005  0.18310121844279953  -0.3836898738612114
4.28  0.1808823535942623  -0.3844779748507443
4.29  0.1786508064538309  -0.3852476591361852
4.3  0.17640667919885128  -0.38599890745283777
4.3100000000000005  0.17415007468623184  -0.38673170156276904
4.32  0.1718810964476277  -0.38744602425626845
4.33  0.16959984868458539  -0.3881418593532484
4.34  0.16730643626365538  -0.3888191917045869
4.3500000000000005  0.16500096471146605  -0.38947800719341064
4.36  0.1626835402097638  -0.39011829273631926
4.37  0.1603542695904155  -0.390740036284551
4.38  0.15801326033037927  -0.3913432268250893
4.39  0.15566062054663746  -0.3919278543817102
4.4  0.1532964589910954  -0.3924939100159698
4.41  0.15092088504544762  -0.39304138582813375
4.42  0.14853400871600747  -0.39357027495804686
4.43  0.14613594062850388  -0.39408057158594245
4.44  0.14372679202284358  -0.3945722709331939
4.45  0.1413066747478426  -0.3950453692630047
4.46  0.13887570125591875  -0.39549986388104075
4.47  0.13643398459775763  -0.3959357531360016
4.48  0.13398163841694033  -0.3963530364201327
4.49  0.1315187769445436  -0.39675171416967786
4.5  0.12904551499370145  -0.3971317878652716
4.51  0.12656196795414126  -0.39749326003227187
4.5200000000000005  0.12406825178668275  -0.397836134241033
4.53  0.1215644830177093  -0.3981604151071182
4.54  0.11905077873360377  -0.3984661082914531
4.55  0.11652725657515789  -0.3987532205004183
4.5600000000000005  0.11399403473194658  -0.39902175948588225
4.57  0.11145123193667492  -0.3992717340451748
4.58  0.10889896745949143  -0.39950315402099956
4.59  0.10633736110227493  -0.3997160303012872
4.6000000000000005  0.10376653319288844  -0.3999103748189878
4.61  0.10118660457940606  -0.4000862005518043
4.62  0.09859769662430733  -0.40024352152186504
4.63  0.09599993119864603  -0.400382352795336
4.64  0.09339343067618852  -0.4005027104819737
4.65  0.09077831792752178  -0.40060461173461814
4.66  0.08815471631413785  -0.4006880747486249
4.67  0.08552274968248488  -0.40075311876123754
4.68  0.08288254235799491  -0.40079976405090045
4.69  0.08023421913908012  -0.4008280319365116
4.7  0.07757790529110681  -0.40083794477661433
4.71  0.0749137265403375  -0.4008295259685306
4.72  0.07224180906785  -0.40080279994743384
4.73  0.06956227950342728  -0.40075779218536145
4.74  0.06687526491942565  -0.400694529190168
4.75  0.06418089282461079  -0.4006130385044187
4.76  0.06147929115797456  -0.4005133487042227
4.7700000000000005  0.058770588282521664  -0.4003954893980075
4.78  0.05605491297903674  -0.4002594912252322
4.79  0.05333239443981971  -0.4001053858550435
4.8  0.05060316226240361  -0.39993320598487014
4.8100000000000005  0.04786734644324452  -0.399742985338958
4.82  0.045125077371389107  -0.3995347586668481
4.83  0.042376485822117296  -0.3993085617417921
4.84  0.03962170295056405  -0.39906443135911085
4.8500000000000005  0.03686086028531627  -0.39880240533449274
4.86  0.03409408972198886  -0.39852252250223386
4.87  0.031321523516775446  -0.3982248227134174
4.88  0.02854329427998164  -0.3979093468340365
4.89  0.025759534969532955  -0.39757613674305636
4.9  0.0229703788844623  -0.3972252353304187
4.91  0.02017595965837811  -0.396856686494987
4.92  0.01737641125290891  -0.39647053514243374
4.93  0.014571867951129802  -0.39606682718306874
4.94  0.011762464350966922  -0.3956456095296094
4.95  0.008948335358584747  -0.3952069300948928
4.96  0.0061296161817502234  -0.39475083778952996
4.97  0.003306442323181301  -0.3942773825195009
4.98  0.0004789495738732469  -0.39378661518369396
4.99  -0.002352725993589759  -0.3932785876713855
5.0  -0.005188448031745493  -0.3927533528596626
5.01  -0.008028079924978879  -0.3922109646107891
5.0200000000000005  -0.010871484796268094  -0.39165147776951303
5.03  -0.013718525513943217  -0.39107494816031774
5.04  -0.016569064698468736  -0.3904814325846155
5.05  -0.019422964729235756  -0.3898709888178849
5.0600000000000005  -0.02228008775137559  -0.3892436756067502
5.07  -0.02514029568258485  -0.388599552666006
5.08  -0.028003450219971915  -0.38793868067558274
5.09  -0.03086941284691328  -0.38726112127745943
5.1000000000000005  -0.03373804483992868  -0.3865669370725169
5.11  -0.03660920727556698  -0.38585619161733703
5.12  -0.039482761037312394  -0.3851289494209459
5.13  -0.04235856682249858  -0.3843852759415009
5.14  -0.045236485149239676  -0.38362523758292233
5.15  -0.04811637636337528  -0.38284890169147057
5.16  -0.05099810064542502  -0.382056336552267
5.17  -0.053881518017560345  -0.38124761138576146
5.18  -0.056766488350585044  -0.3804227963441431
5.19  -0.05965287137093013  -0.3795819625076984
5.2  -0.06254052666765794  -0.3787251818811141
5.21  -0.06542931369948102  -0.37785252738972636
5.22  -0.06831909180178827  -0.3769640728757149
5.23  -0.07120972019368536  -0.37605989309424503
5.24  -0.0741010579850418  -0.3751400637095553
5.25  -0.0769929641835511  -0.37420466129099167
5.26  -0.07988529770179915  -0.3732537633089884
5.2700000000000005  -0.0827779173643424  -0.3722874481309975
5.28  -0.08567068191479342  -0.3713057950173637
5.29  -0.08856345002291771  -0.3703088841171479
5.3  -0.0914560802917366  -0.36929679646389824
5.3100000000000005  -0.09434843126463993  -0.3682696139713689
5.32  -0.09724036143250336  -0.3672274194291889
5.33  -0.10013172924081627  -0.36617029649847566
5.34  -0.10302239309681471  -0.36509832970740075
5.3500000000000005  -0.10591221137662173  -0.36401160444670366
5.36  -0.10880104243239065  -0.3629102069651539
5.37  -0.11168874459946111  -0.36179422436496333
5.38  -0.1145751762035126  -0.3606637445971471
5.39  -0.11746019556772949  -0.35951885645683723
5.4  -0.12034366101996599  -0.3583596495785425
5.41  -0.12322543089991878  -0.3571862144313626
5.42  -0.12610536356630228  -0.35599864231414974
5.43  -0.12898331740402924  -0.3547970253506239
5.44  -0.13185915083139127  -0.35358145648443734
5.45  -0.1347327223072448  -0.3523520294741923
5.46  -0.13760389033820167  -0.3511088388884087
5.47  -0.14047251348581682  -0.3498519801004455
5.48  -0.14333845037378257  -0.34858154928337315
5.49  -0.14620155969512041  -0.34729764340480074
5.5  -0.14906170021938  -0.34600036022165237
5.51  -0.15191873079983184  -0.344689798274901
5.5200000000000005  -0.15477251038066536  -0.34336605688425204
5.53  -0.15762289800418458  -0.34202923614278397
5.54  -0.16046975281800574  -0.34067943691154046
5.55  -0.1633129340822536  -0.3393167608140777
5.5600000000000005  -0.1661523011767549  -0.3379413102309671
5.57  -0.16898771360823167  -0.33655318829425296
5.58  -0.1718190310174949  -0.3351524988818636
5.59  -0.17464611318663442  -0.3337393466119797
5.6000000000000005  -0.17746882004620507  -0.33231383683735904
5.61  -0.18028701168241135  -0.330876075639616
5.62  -0.18310054834429063  -0.3294261698234584
5.63  -0.1859092904508912  -0.32796422691087995
5.64  -0.18871309859844504  -0.3264903551353128
5.65  -0.19151183356753965  -0.325004663435734
5.66  -0.19430535633028165  -0.32350726145073305
5.67  -0.19709352805746078  -0.3219982595125339
5.68  -0.19987621012570206  -0.3204777686409795
5.69  -0.20265326412461732  -0.3189459005374721
5.7  -0.2054245518639471  -0.31740276757887487
5.71  -0.20818993538070135  -0.31584848281136996
5.72  -0.21094927694628687  -0.3142831599442805
5.73  -0.21370243907363248  -0.31270691334384926
5.74  -0.21644928452430334  -0.3111198580269804
5.75  -0.2191896763156125  -0.30952210965493887
5.76  -0.2219234777277176  -0.30791378452701523
5.7700000000000005  -0.22465055231071468  -0.30629499957414846
5.78  -0.22737076389171823  -0.30466587235251325
5.79  -0.2300839765819381  -0.3030265210370665
5.8  -0.2327900547837401  -0.3013770644150603
5.8100000000000005  -0.23548886319770163  -0.2997176218795146
5.82  -0.23818026682965282  -0.29804831342265614
5.83  -0.2408641309977119  -0.29636925962931787
5.84  -0.2435403213393052  -0.29468058167030453
5.8500000000000005  -0.24620870381817778  -0.29298240129572334
5.86  -0.2488691447313901  -0.29127484082827815
5.87  -0.25152151071630624  -0.2895580231565286
5.88  -0.2541656687575674  -0.28783207172811565
5.89  -0.25680148619405097  -0.28609711054295317
5.9  -0.2594288307258196  -0.28435326414638573
5.91  -0.262047570421053  -0.28260065762231334
5.92  -0.2646575737229712  -0.28083941658628125
5.93  -0.26725870945673696  -0.2790696671785411
5.94  -0.26985084683634825  -0.27729153605707657
5.95  -0.2724338554715125  -0.27550515039059975
5.96  -0.27500760537451  -0.27371063785151317
5.97  -0.2775719669670358  -0.27190812660884456
5.98  -0.2801268110870292  -0.27009774532114844
5.99  -0.2826720089954853  -0.26827962312937953
6.0  -0.2852074323832523  -0.26645388964973293
6.01  -0.2877329533778067  -0.2646206749664601
6.0200000000000005  -0.29024844455001636  -0.2627801096246514
6.03  -0.2927537789208802  -0.26093232462299365
6.04  -0.2952488299682563  -0.25907745140649496
6.05  -0.2977334716335648  -0.257215621859188
6.0600000000000005  -0.3002075783284759  -0.2553469682968002
6.07  -0.30267102494157616  -0.25347162345940183
6.08  -0.30512368684501917  -0.2515897205040226
6.09  -0.3075654399011503  -0.2497013929972477
6.1000000000000005  -0.3099961604691158  -0.2478067749077834
6.11  -0.312415725411449  -0.2459060005990012
6.12  -0.3148240121006358  -0.24399920482145454
6.13  -0.3172208984256611  -0.24208652270537134
6.140000000000001  -0.31960626279852833  -0.2401680897531248
6.15  -0.321979984160761  -0.23824404183167927
6.16  -0.3243419419898813  -0.23631451516501156
6.17  -0.32669201630586575  -0.23437964632651145
6.18  -0.32903008767757513  -0.23243957223136041
6.19  -0.3313560372291655  -0.23049443012888643
6.2  -0.3336697466464703  -0.22854435759489988
6.21  -0.3359710981833642  -0.2265894925240054
6.22  -0.338259974668096  -0.22462997312189625
6.23  -0.34053625950960253  -0.22266593789762706
6.24  -0.3427998367037916  -0.2206975256558682
6.25  -0.3450505908398064  -0.21872487548913733
6.26  -0.34728840710625664  -0.21674812677001742
6.2700000000000005  -0.3495131712974291  -0.21476741914335282
6.28  -0.3517247698194679  -0.21278289251842902
6.29  -0.35392308969653186  -0.2107946870611328
6.3  -0.3561080185769198  -0.20880294318609904
6.3100000000000005  -0.3582794447391727  -0.2068078015488374
6.32  -0.3604372570981445  -0.20480940303784617
6.33  -0.362581345211048  -0.2028078887667058
6.34  -0.3647115992834695  -0.20080340006616298
6.3500000000000005  -0.3668279101753561  -0.19879607847619568
6.36  -0.3689301694069718  -0.196786065738066
6.37  -0.37101826916482916  -0.19477350378635694
6.38  -0.3730921023075838  -0.19275853474099905
6.390000000000001  -0.3751515623719047  -0.190741300899281
6.4  -0.3771965435783109  -0.18872194472785037
6.41  -0.37922694083697966  -0.1867006088546992
6.42  -0.3812426497535206  -0.1846774360611404
6.43  -0.3832435666347213  -0.18265256927377294
6.44  -0.3852295884942589  -0.18062615155643458
6.45  -0.38720061305838066  -0.17859832610214765
6.46  -0.3891565387715534  -0.17656923622504922
6.47  -0.3910972648020771  -0.17453902535231908
6.48  -0.3930226910476687  -0.17250783701609365
6.49  -0.39493271814100916  -0.1704758148453745
6.5  -0.39682724745526193  -0.1684431025579255
6.51  -0.39870618110955186  -0.16640984395216696
6.5200000000000005  -0.4005694219744136  -0.16437618289905911
6.53  -0.4024168736772034  -0.16234226333398177
6.54  -0.40424844060747833  -0.16030822924860394
6.55  -0.40606402792233787  -0.15827422468275293
6.5600000000000005  -0.40786354155173155  -0.15624039371627435
6.57  -0.4096468882037295  -0.15420688046089
6.58  -0.4114139753697599  -0.152173829052048
6.59  -0.413164711329806  -0.15014138364077378
6.6000000000000005  -0.4148990051575695  -0.14810968838551386
6.61  -0.4166167667255952  -0.14607888744398023
6.62  -0.41831790671036095  -0.1440491249649872
6.63  -0.4200023365973267  -0.14202054508029258
6.640000000000001  -0.42166996868594786  -0.1399932918964329
6.65  -0.42332071609464994  -0.1379675094865603
6.66  -0.424954492765766  -0.1359433418822753
6.67  -0.4265712134704334  -0.1339209330654646
6.68  -0.4281707938134527  -0.13190042696013515
6.69  -0.42975315023810773  -0.1298819674242508
6.7  -0.4313182000309451  -0.12786569824157057
6.71  -0.4328658613265153  -0.12585176311348684
6.72  -0.4343960531120723  -0.1238403056508685
6.73  -0.43590869523223374  -0.1218314693659049
6.74  -0.4374037083935999  -0.11982539766395417
6.75  -0.43888101416933334  -0.11782223383539302
6.76  -0.4403405350036947  -0.11582212104747408
6.7700000000000005  -0.4417821942165399  -0.11382520233618479
6.78  -0.44320591600777304  -0.1118316205981144
6.79  -0.4446116254617608  -0.10984151858232133
6.8  -0.44599924855170053  -0.10785503888221326
6.8100000000000005  -0.44736871214394935  -0.10587232392742837
6.82  -0.44871994400230786  -0.10389351597572662
6.83  -0.4500528727922641  -0.10191875710488528
6.84  -0.4513674280851906  -0.09994818920460653
6.8500000000000005  -0.45266354036250106  -0.09798195396842933
6.86  -0.4539411410197606  -0.09602019288565343
6.87  -0.4552001623707553  -0.09406304723326868
6.88  -0.4564405376515142  -0.09211065806789855
6.890000000000001  -0.4576622010242897  -0.09016316621775043
6.9  -0.45886508758149047  -0.08822071227457866
6.91  -0.46004913334957254  -0.08628343658565579
6.92  -0.4612142752928824  -0.08435147924575956
6.93  -0.46236045131745657  -0.08242498008916822
6.94  -0.463487600274775  -0.08050407868166996
6.95  -0.4645956619654682  -0.07858891431258545
6.96  -0.46568457714297895  -0.07667962598680238
6.97  -0.46675428751717674  -0.0747763524168257
6.98  -0.4678047357579275  -0.07287923201484062
6.99  -0.4688358654986142  -0.07098840288479086
7.0  -0.46984762133961266  -0.06910400281447242
7.01  -0.4708399488517183  -0.0672261692676428
7.0200000000000005  -0.47181279457952724  -0.06535503937614556
7.03  -0.4727661060447681  -0.06349074993205368
7.04  -0.4736998317495877  -0.06163343737982596
7.05  -0.47461392117978674  -0.05978323780848541
7.0600000000000005  -0.47550832480800953  -0.057940286943812314
7.07  -0.476382994096883  -0.05610472014055784
7.08  -0.4772378815021086  -0.05427667237467344
7.09  -0.47807294047550486  -0.052456278235563175
7.1000000000000005  -0.47888812546800114  -0.05064367191835294
7.11  -0.47968339193258114  -0.04883898721618246
7.12  -0.48045869632717875  -0.04704235751251329
7.13  -0.48121399611752264  -0.0452539157734637
7.140000000000001  -0.48194924977993164  -0.043473794540160635
7.15  -0.4826644168040606  -0.04170212592111612
7.16  -0.4833594576955955  -0.03993904158462322
7.17  -0.48403433397889806  -0.03818467275117832
7.18  -0.48468900819960037  -0.03643915018592393
7.19  -0.48532344392714843  -0.034702604191116315
7.2  -0.4859376057572949  -0.03297516459861646
7.21  -0.4865314593145409  -0.03125696076240683
7.22  -0.48710497125452623  -0.02954812155113165
7.23  -0.4876581092663689  -0.02784877534066338
7.24  -0.488190842074952  -0.026159050006694703
7.25  -0.48870313944316024  -0.024479072917357028
7.26  -0.4891949721740635  -0.02280897092586548
7.2700000000000005  -0.48966631211304834  -0.02114887036319056
7.28  -0.4901171321498985  -0.019498897030758397
7.29  -0.49054740622082194  -0.01785917619317752
7.3  -0.4909571093104256  -0.01622983257099536
7.3100000000000005  -0.4913462174536377  -0.014610990333482177
7.32  -0.4917147077375773  -0.013002773091446068
7.33  -0.4920625583033711  -0.011405303890074436
7.34  -0.49238974834791666  -0.009818705201809358
7.3500000000000005  -0.4926962581255927  -0.008243098919249875
7.36  -0.4929820689499167  -0.006678606348088423
7.37  -0.4932471631951472  -0.0051253482000742645
7.38  -0.4934915242978355  -0.0035834445860133124
7.390000000000001  -0.49371513675832057  -0.0020530150087963994
7.4  -0.49391798614217214  -0.0005341783564626612
7.41  -0.49410005908157917  0.0009729471047077165
7.42  -0.4942613432766837  0.002468243737063197
7.43  -0.4944018274968625  0.0039515945384202555
7.44  -0.49452150158195135  0.005422883148867019
7.45  -0.4946203564434178  0.006881993857532909
7.46  -0.49469838406547784  0.008328811609324166
7.47  -0.4947555775061585  0.009763222011622663
7.48  -0.4947919308983054  0.011185111340949877
7.49  -0.4948074394505357  0.012594366549595948
7.5  -0.4948020994481365  0.013990875272210074
7.51  -0.49477590825390766  0.0153745258323561
7.5200000000000005  -0.4947288643089494  0.01674520724902956
7.53  -0.4946609671333956  0.018102809243138895
7.54  -0.4945722173270911  0.019447222243946877
7.55  -0.49446261657021423  0.02077833739547466
7.5600000000000005  -0.4943321676238428  0.022096046562867483
7.57  -0.49418087433046615  0.023400242338720845
7.58  -0.4940087416144401  0.024690818049367624
7.59  -0.493815775482388  0.025967667761124746
7.6000000000000005  -0.4936019830235443  0.02723068628650127
7.61  -0.49336737241004297  0.028479769190363047
7.62  -0.49311195289715104  0.029714812796061807
7.63  -0.49283573482344467  0.03093571419151639
7.640000000000001  -0.4925387296109307  0.032142371235257844
7.65  -0.4922209497651111  0.033334682562429024
7.66  -0.49188240887499163  0.03451254759074596
7.67  -0.49152312161303496  0.035675866526411276
7.68  -0.49114310373505743  0.03682454036998972
7.69  -0.49074237208006866  0.037958470922237336
7.7  -0.4903209445700564  0.03907756078988811
7.71  -0.48987884020971406  0.040181713391396645
7.72  -0.489416079086113  0.04127083296263612
7.73  -0.4889326823683161  0.04234482456255231
7.74  -0.48842867230693854  0.043403594078772145
7.75  -0.4879040722336494  0.04444704823316689
7.76  -0.4873589065606176  0.045475094587370174
7.7700000000000005  -0.48679320077990235  0.046487641548249775
7.78  -0.48620698146278496  0.04748459837333305
7.79  -0.48560027625904734  0.04846587517618678
7.8  -0.4849731138961912  0.049431382931748064
7.8100000000000005  -0.4843255241786023  0.05038103348161027
7.82  -0.4836575379866573  0.05131473953926055
7.83  -0.4829691872757751  0.05223241469526879
7.84  -0.48226050507541146  0.05313397342243012
7.8500000000000005  -0.4815315254879964  0.05401933108085713
7.86  -0.4807822836878155  0.05488840392302513
7.87  -0.4800128159198355  0.055741109098767005
7.88  -0.4792231594984728  0.05657736466021979
7.890000000000001  -0.4784133528063048  0.05739708956672118
7.9  -0.4775834352927265  0.05820020368965556
7.91  -0.47673344747254925  0.058986627817251724
7.92  -0.4758634309245441  0.05975628365932792
7.930000000000001  -0.4749734282899279  0.060509093851987855
7.94  -0.4740634832707946  0.06124498196226402
7.95  -0.47313364062848773  0.06196387249271257
7.96  -0.47218394618191945  0.06266569088595328
7.97  -0.47121444680583197  0.06335036352915985
7.98  -0.47022519042900285  0.06401781775849746
7.99  -0.4692162260323938  0.06466798186350861
8.0  -0.4681876036472451  0.06530078509144499
8.01  -0.467139374353112  0.06591615765154793
8.02  -0.466071590275846  0.06651403071927503
8.03  -0.4649843045855214  0.0670943364404736
8.040000000000001  -0.4638775714943027  0.06765700793550075
8.05  -0.4627514462542615  0.06820197930328861
8.06  -0.46160598515513207  0.06872918562535671
8.07  -0.4604412455220142  0.0692385629697701
8.08  -0.4592572857130212  0.06973004839504138
8.09  -0.4580541651168707  0.07020357995397944
8.1  -0.45683194415042044  0.07065909669748266
8.11  -0.45559068425614935  0.07109653867827653
8.120000000000001  -0.45433044789958266  0.07151584695459728
8.13  -0.45305129856666254  0.0719169635938165
8.14  -0.45175330076106335  0.07229983167601428
8.15  -0.4504365200014505  0.07266439529749341
8.16  -0.4491010228186883  0.07301059957423695
8.17  -0.4477468767529882  0.07333839064531106
8.18  -0.4463741503510063  0.07364771567621009
8.19  -0.4449829131628837  0.07393852286214478
8.2  -0.44357323573923385  0.07421076143127309
8.21  -0.4421451896280738  0.07446438164787528
8.22  -0.4406988473717055  0.0746993348154682
8.23  -0.4392342825035367  0.0749155732798659
8.24  -0.437751569544852  0.07511305043217914
8.25  -0.43625078400152995  0.07529172071175874
8.26  -0.43473200236070497  0.07545153960907933
8.27  -0.4331953020873762  0.07559246366856648
8.28  -0.4316407616209631  0.0757144504913626
8.290000000000001  -0.43006846037180574  0.0758174587380375
8.3  -0.4284784787176174  0.07590144813123617
8.31  -0.4268708979998765  0.07596637945827081
8.32  -0.42524580052017025  0.07601221457365243
8.33  -0.4236032695364859  0.07603891640156149
8.34  -0.42194338925944697  0.07604644893826218
8.35  -0.42026624484849806  0.0760347772544536
8.36  -0.4185719224080381  0.07600386749756433
8.370000000000001  -0.4168605089834978  0.0759536868939843
8.38  -0.41513209255737343  0.07588420375123828
8.39  -0.41338676204519775  0.07579538746009828
8.4  -0.41162460729146666  0.07568720849663602
8.41  -0.40984571906551304  0.07555963842421498
8.42  -0.40805018905732793  0.07541264989542079
8.43  -0.4062381098733311  0.07524621665393272
8.44  -0.40440957503209085  0.07506031353633241
8.45  -0.4025646789599932  0.0748549164738529
8.46  -0.4007035169868577  0.07463000249406604
8.47  -0.3988261853415101  0.07438554972250894
8.48  -0.396932781147294  0.07412153738424898
8.49  -0.39502340241754236  0.07383794580538733
8.5  -0.39309814805099347  0.07353475641450102
8.51  -0.39115711782715845  0.07321195174402417
8.52  -0.3892004124016405  0.07286951543156603
8.53  -0.38722813330140393  0.07250743222116868
8.540000000000001  -0.38524038291999174  0.07212568796450258
8.55  -0.3832372645127021  0.07172426962199946
8.56  -0.3812188821917056  0.07130316526392405
8.57  -0.37918534092112066  0.0708623640713833
8.58  -0.3771367465120415  0.07040185633727405
8.59  -0.37507320561751356  0.06992163346716723
8.6  -0.37299482572746495  0.06942168798013185
8.61  -0.3709017151635888  0.06890201350949463
8.620000000000001  -0.3687939830741765  0.0683626048035384
8.63  -0.36667173942891035  0.06780345772613763
8.64  -0.36453509501360015  0.06722456925733244
8.65  -0.36238416142487934  0.06662593749383844
8.66  -0.36021905106485463  0.06600756164949562
8.67  -0.3580398771357066  0.06536944205565365
8.68  -0.35584675363424634  0.06471158016149497
8.69  -0.35363979534642626  0.06403397853429568
8.700000000000001  -0.3514191178418047  0.06333664085962232
8.71  -0.34918483746796675  0.06261957194146842
8.72  -0.34693707134489904  0.061882777702325364
8.73  -0.3446759373593187  0.06112626518319275
8.74  -0.3424015541589622  0.06035004254352544
8.75  -0.3401140411468256  0.05955411906111763
8.76  -0.337813518475363  0.05873850513192411
8.77  -0.33550010704064126  0.05790321226981926
8.78  -0.3331739284764514  0.057048253106293134
8.790000000000001  -0.33083510514837483  0.05617364139008407
8.8  -0.3284837601478139  0.05527939198675036
8.81  -0.32612001728596796  0.05436552087817692
8.82  -0.3237440010877794  0.053432045162021435
8.83  -0.3213558367858305  0.05247898305109597
8.84  -0.3189556503142006  0.05150635387268787
8.85  -0.31654356830228214  0.05051417806781627
8.86  -0.3141197180685557  0.04950247719042675
8.870000000000001  -0.3116842276143223  0.04847127390652359
8.88  -0.3092372256174011  0.047420591993240585
8.89  -0.3067788414257782  0.04635045633784615
8.9  -0.3043092050512215  0.045260892936689445
8.91  -0.3018284471628563  0.04415192889408259
8.92  -0.29933669908069827  0.04302359242112044
8.93  -0.2968340927691495  0.04187591283443909
8.94  -0.2943207608304563  0.0407089205549106
8.950000000000001  -0.29179683649812516  0.039522647106277176
8.96  -0.2892624536303089  0.03831712511372298
8.97  -0.28671774670314415  0.037092388302382595
8.98  -0.28416285080405845  0.0358484714957894
8.99  -0.2815979016250407  0.03458541061426068
9.0  -0.2790230354558712  0.033303242673222766
9.01  -0.2764383891773173  0.032002005781471665
9.02  -0.27384410025429273  0.030681739139375275
9.03  -0.27124030672898153  0.02934248303701187
9.040000000000001  -0.268627147213924  0.027984278852247912
9.05  -0.26600476088507474  0.02660716904875554
9.06  -0.2633732874748144  0.025211197173966693
9.07  -0.26073286726493783  0.02379640785696785
9.08  -0.2580836410796026  0.022362846806334102
9.09  -0.25542575027824493  0.02091056080789999
9.1  -0.25275933674846235  0.01943959772247328
9.11  -0.2500845428988636  0.017950006483484326
9.120000000000001  -0.2474015116518834  0.016441837094577194
9.13  -0.24471038643657186  0.014915140627140944
9.14  -0.24201131118134206  0.013369969217777722
9.15  -0.23930443030669216  0.011806376065713997
9.16  -0.23658988871789688  0.01022441543015018
9.17  -0.2338678317976649  0.008624142627550402
9.18  -0.23113840539876718  0.007005614028873286
9.19  -0.22840175583663508  0.0053688870567425995
9.200000000000001  -0.22565802988192685  0.0037140201825582864
9.21  -0.2229073747530712  0.0020410729235505465
9.22  -0.22014993810877165  0.0003501058397703538
9.23  -0.21738586804048876  -0.0013588194689744815
9.24  -0.21461531306489479  -0.0030856403662444243
9.25  -0.21183842211629655  -0.004830293182150891
9.26  -0.20905534453903282  -0.006592713216598212
9.27  -0.2062662300798449  -0.008372834742582769
9.28  -0.20347122888021707  -0.010170591009551477
9.290000000000001  -0.20067049146869603  -0.011985914246816998
9.3  -0.19786416875318236  -0.013818735667030124
9.31  -0.1950524120131898  -0.01566898546971246
9.32  -0.1922353728920903  -0.0175365928448436
9.33  -0.18941320338932632  -0.019421485976506003
9.34  -0.18658605585260116  -0.021323592046587625
9.35  -0.1837540829700453  -0.023242837238540592
9.36  -0.18091743776235847  -0.025179146741196645
9.370000000000001  -0.17807627357492703  -0.02713244475263965
9.38  -0.17523074406992534  -0.029102654484130686
9.39  -0.17238100321838157  -0.03108969816409507
9.4  -0.1695272052922353  -0.03309349704216008
9.41  -0.16666950485636434  -0.03511397139324923
9.42  -0.16380805676059362  -0.037151040521733125
9.43  -0.16094301613168305  -0.039204622765633856
9.44  -0.15807453836529417  -0.04127463550088489
9.450000000000001  -0.15520277911793517  -0.043360995145646286
9.46  -0.15232789429889312  -0.0454636171646704
9.47  -0.1494500400621364  -0.047582416073728095
9.48  -0.14656937279820537  -0.04971730544408287
9.49  -0.14368604912608468  -0.05186819790702124
9.5  -0.14080022588505398  -0.05403500515843618
9.51  -0.13791206012652352  -0.05621763796346363
9.52  -0.13502170910585243  -0.058416006161170764
9.53  -0.13212933027414708  -0.0606300186692994
9.540000000000001  -0.12923508127004896  -0.06285958348905865
9.55  -0.12633911991150357  -0.06510460770996973
9.56  -0.12344160418750881  -0.0673649975147671
9.57  -0.12054269224985831  -0.06964065818434506
9.58  -0.11764254240486194  -0.07193149410275909
9.59  -0.11474131310505624  -0.07423740876227719
9.6  -0.11183916294089925  -0.07655830476848152
9.61  -0.10893625063245305  -0.07889408384542251
9.620000000000001  -0.10603273502105046  -0.08124464684081945
9.63  -0.10312877506095729  -0.08360989373131267
9.64  -0.10022452981100936  -0.08598972362776824
9.65  -0.09732015842625108  -0.08838403478062634
9.66  -0.0944158201495546  -0.09079272458530216
9.67  -0.09151167430323105  -0.09321568958763493
9.68  -0.08860788028063121  -0.0956528254893847
9.69  -0.08570459753773634  -0.09810402715377711
9.700000000000001  -0.0828019855847374  -0.10056918861109765
9.71  -0.07990020397761233  -0.10304820306432824
9.72  -0.07699941230968269  -0.10554096289483883
9.73  -0.07409977020317401  -0.1080473596681194
9.74  -0.07120143730076231  -0.11056728413956013
9.75  -0.06830457325711381  -0.11310062626027867
9.76  -0.06540933773041949  -0.11564727518299311
9.77  -0.06251589037392236  -0.11820711926793884
9.78  -0.05962439082743745  -0.1207800460888328
9.790000000000001  -0.056734998708869444  -0.12336594243888158
9.8  -0.05384787360572499  -0.12596469433683155
9.81  -0.05096317506661416  -0.12857618703306944
9.82  -0.048081062592757295  -0.13120030501575994
9.83  -0.04520169562948152  -0.13383693201703106
9.84  -0.04232523355771654  -0.1364859510192007
9.85  -0.039451835685487574  -0.1391472442610464
9.86  -0.03658166123940368  -0.1418206932441191
9.870000000000001  -0.03371486935614827  -0.1445061787390965
9.88  -0.030851619073967357  -0.14720358079217796
9.89  -0.027992069324150326  -0.14991277873152603
9.9  -0.02513637892252013  -0.15263365117374156
9.91  -0.022284706560916884  -0.15536607603038488
9.92  -0.019437210798684088  -0.15810993051453492
9.93  -0.016594050054154763  -0.16086509114738873
9.94  -0.013755382596140064  -0.16363143376490066
9.950000000000001  -0.01092136653541706  -0.16640883352446245
9.96  -0.008092159816225367  -0.16919716491161613
9.97  -0.0052679202077552945  -0.17199630174681557
9.98  -0.0024488052956505857  -0.17480611719221567
9.99  0.0003650275264928393  -0.17762648375850615
10.0  0.0031734210656203243  -0.18045727331177958
