0.0  -10.0  -7.423860838764228
0.001  -10.0  -7.06395761914332
0.002  -10.0  -6.700336094036341
0.003  -10.0  -6.333511004526944
0.004  -10.0  -5.964001966444807
0.005  -10.0  -5.5923325717306165
0.006  -10.0  -5.219029482906244
0.007  -10.0  -4.8446215222334885
0.008  -10.0  -4.4696387571540654
0.009000000000000001  -10.0  -4.0946115836100105
0.01  -10.0  -3.720069808847394
0.011  -10.0  -3.3465417353071047
0.012  -10.0  -2.9745532472045837
0.013000000000000001  -10.0  -2.6046269013956787
0.014  -10.0  -2.2372810241182597
0.015  -10.0  -1.8730288151889853
0.016  -10.0  -1.5123774612215284
0.017  -10.0  -1.1558272594168306
0.018000000000000002  -10.0  -0.8038707534573799
0.019  -10.0  -0.45699188301639904
0.02  -10.0  -0.11566514836896546
0.021  -10.0  0.21964520843433233
0.022  -10.0  0.5484860043995821
0.023  -10.0  0.8704158970274367
0.024  -10.0  1.1850061449904974
0.025  -10.0  1.4918413467203315
0.026000000000000002  -10.0  1.7905201556128763
0.027  -10.0  2.0806559706019563
0.028  -10.0  2.361877600893655
0.029  -10.0  2.633829903699562
0.03  -10.0  2.896174393854146
0.031  -10.0  3.1485898242506747
0.032  -10.0  3.390772736081167
0.033  -10.0  3.6224379779187386
0.034  -10.0  3.8433191927351436
0.035  -10.0  4.0531692720024886
0.036000000000000004  -10.0  4.251760776085629
0.037  -10.0  4.438886320190793
0.038  -10.0  4.614358925196198
0.039  -10.0  4.778012332751869
0.04  -10.0  4.929701284098442
0.041  -10.0  5.069301762118137
0.042  -10.0  5.196711196195453
0.043000000000000003  -10.0  5.311848629530234
0.044  -10.0  5.414654848611384
0.045  -10.0  5.505092474625778
0.046  -10.0  5.583146016643461
0.047  -10.0  5.648821886487167
0.048  -10.0  5.702148375261142
0.049  -10.0  5.7431755915814335
0.05  -10.0  5.771975361616743
0.051000000000000004  -10.0  5.788641091115778
0.052000000000000005  -10.0  5.793287589663564
0.053  -10.0  5.786050857475252
0.054  -10.0  5.767087835101478
0.055  -10.0  5.736576116484255
0.056  -10.0  5.6947136258665
0.057  -10.0  5.641718259121492
0.058  -10.0  5.577827490130888
0.059000000000000004  -10.0  5.5032979429009785
0.06  -10.0  5.418404930166917
0.061  -10.0  5.323441959293168
0.062  -10.0  5.218720206335764
0.063  -10.0  5.10456795918756
0.064  -10.0  4.9813300307818125
0.065  -10.0  4.849367143381823
0.066  -10.0  4.709055285034908
0.067  -10.0  4.560785039317699
0.068  -10.0  4.404960889546497
0.069  -10.0  4.242000498671111
0.07  -10.0  4.072333966113067
0.07100000000000001  -10.0  3.896403062849528
0.07200000000000001  -10.0  3.714660446082214
0.073  -10.0  3.5275688548664186
0.074  -10.0  3.33560028810848
0.075  -10.0  3.139235166370914
0.076  -10.0  2.9389614789527485
0.077  -10.0  2.7352739177384002
0.078  -10.0  2.528672999331511
0.079  -10.0  2.3196641770107167
0.08  -10.0  2.108756944062079
0.081  -10.0  1.8964639300580701
0.082  -10.0  1.6832999916652425
0.083  -9.610443655355711  1.46978129957236
0.084  -9.175022151522533  1.2564244231375308
0.085  -8.735545798686113  1.0437454143568505
0.08600000000000001  -8.292184919267024  0.8322588927583183
0.08700000000000001  -7.845111526580272  0.6224771328230432
0.088  -7.394499255980616  0.4149091555314821
0.089  -6.940523295308713  0.21005982562510073
0.09  -6.483360314666651  0.00842895616397632
0.091  -6.023188395551358  -0.18948957805205247
0.092  -5.560186959375163  -0.3832087166464748
0.093  -5.094536695402606  -0.5722490778794724
0.094  -4.626419488133017  -0.7561398093985714
0.095  -4.156018344158751  -0.9344194240370518
0.096  -3.6835173185289074  -1.1066366191968315
0.097  -3.2091014406488343  -1.2723510783811958
0.098  -2.7329566397457876  -1.4311342534740308
0.099  -2.255269669931338  -1.5825701263959067
0.1  -1.7762280348912425  -1.7262559488033555
0.101  -1.2960199122338243  -1.8618029585362197
0.10200000000000001  -0.8148340775278209  -1.9888370715586103
0.10300000000000001  -0.3328598280609776  -2.1069995481817707
0.10400000000000001  0.14971309364925478  -2.215947632402322
0.105  0.6326945765615362  -2.3153551632362985
0.106  1.1158942180013836  -2.404913156978366
0.107  1.5991214007050445  -2.484330359366572
0.108  2.0821853699851767  -2.5533337666855247
0.109  2.564895310986123  -2.611669114895392
0.11  3.0470604259972975  -2.6591013359298703
0.111  3.5284900117925826  -2.695414980363875
0.112  4.008993536964151  -2.7204146057104923
0.113  4.488380719218533  -2.7339251296668294
0.114  4.96646160260329  -2.7357921476897866
0.115  5.4430466346323385  -2.7258822143451793
0.116  5.917946743278133  -2.7040830879369633
0.117  6.390973413798999  -2.6703039379876685
0.11800000000000001  6.8619387653697865  -2.6244755152060453
0.11900000000000001  7.33065562748433  -2.566550283643605
0.12  7.796937616098117  -2.4965025148079363
0.121  8.260599209479718  -2.4143283435671465
0.122  8.72145582373965  -2.3200457857467294
0.123  9.179323888005474  -2.213694717387124
0.124  9.634020919212036  -2.0953368156973093
0.125  10.0  -1.9650554618068963
0.126  10.0  -1.822955605485836
0.127  10.0  -1.669163592067628
0.128  10.0  -1.5038269518778602
0.129  10.0  -1.3271141525356152
0.13  10.0  -1.13921431456024
0.131  10.0  -0.9403368907801211
0.132  10.0  -0.7307113101034899
0.133  10.0  -0.5105865862736696
0.134  10.0  -0.28023089229234
0.135  10.0  -0.039931101254584433
0.136  10.0  0.21000770560181437
0.137  10.0  0.46926276277300527
0.138  10.0  0.7374941753758542
0.139  10.0  1.0143455040749778
0.14  10.0  1.2994443790274426
0.14100000000000001  10.0  1.5924031417718174
0.14200000000000002  10.0  1.89281951393943
0.14300000000000002  10.0  2.2002772916185744
0.14400000000000002  10.0  2.5143470641577697
0.145  10.0  2.834586956151165
0.146  10.0  3.160543391308824
0.147  10.0  3.4917518768760862
0.148  10.0  3.827737807230622
0.149  10.0  4.168017285251758
0.15  10.0  4.512097960026004
0.151  10.0  4.859479879423763
0.152  10.0  5.209656356056416
0.153  10.0  5.562114845099505
0.154  10.0  5.916337832446841
0.155  10.0  6.271803731642452
0.156  10.0  6.627987788021895
0.157  10.0  6.984362988481638
0.158  10.0  7.340400975285727
0.159  10.0  7.69557296231147
0.16  10.0  8.049350652131938
0.161  10.0  8.401207152331448
0.162  10.0  8.750617889451448
0.163  10.0  9.097061518968653
0.164  10.0  9.440020829713857
0.165  10.0  9.778983641149784
0.166  10.0  10.0
0.167  10.0  10.0
0.168  10.0  10.0
0.169  10.0  10.0
0.17  10.0  10.0
0.171  10.0  10.0
0.17200000000000001  10.0  10.0
0.17300000000000001  10.0  10.0
0.17400000000000002  10.0  10.0
0.17500000000000002  10.0  10.0
0.176  10.0  10.0
0.177  10.0  10.0
0.178  10.0  10.0
0.179  10.0  10.0
0.18  10.0  10.0
0.181  10.0  10.0
0.182  10.0  10.0
0.183  10.0  10.0
0.184  10.0  10.0
0.185  10.0  10.0
0.186  10.0  10.0
0.187  10.0  10.0
0.188  10.0  10.0
0.189  10.0  10.0
0.19  10.0  10.0
0.191  10.0  10.0
0.192  10.0  10.0
0.193  10.0  10.0
0.194  10.0  10.0
0.195  10.0  10.0
0.196  10.0  10.0
0.197  10.0  10.0
0.198  10.0  10.0
0.199  10.0  10.0
0.2  10.0  10.0
0.201  10.0  10.0
0.202  10.0  10.0
0.203  10.0  10.0
0.20400000000000001  10.0  10.0
0.20500000000000002  10.0  10.0
0.20600000000000002  10.0  10.0
0.20700000000000002  10.0  10.0
0.20800000000000002  10.0  10.0
0.209  10.0  10.0
0.21  10.0  10.0
0.211  10.0  10.0
0.212  10.0  10.0
0.213  10.0  10.0
0.214  10.0  10.0
0.215  10.0  10.0
0.216  10.0  10.0
0.217  10.0  10.0
0.218  10.0  10.0
0.219  10.0  10.0
0.22  10.0  10.0
0.221  10.0  10.0
0.222  10.0  10.0
0.223  10.0  10.0
0.224  10.0  10.0
0.225  10.0  10.0
0.226  10.0  10.0
0.227  10.0  10.0
0.228  10.0  10.0
0.229  10.0  10.0
0.23  10.0  10.0
0.231  10.0  9.904406876680152
0.232  10.0  9.607083709901573
0.233  10.0  9.308624934463591
0.234  10.0  9.009554395014396
0.23500000000000001  10.0  8.710395663180838
0.23600000000000002  10.0  8.41167112151394
0.23700000000000002  10.0  8.113901049630075
0.23800000000000002  10.0  7.817602714146392
0.23900000000000002  10.0  7.523289464002792
0.24  10.0  7.231469832753388
0.241  10.0  6.942646649397671
0.242  10.0  6.657316159307408
0.243  10.0  6.375967156786825
0.244  9.99326102817744  6.099080130784
0.245  9.533549108395682  5.827126425247785
0.246  9.070204841997914  5.560567415599298
0.247  8.603409665795319  5.299853702758655
0.248  8.133346379257068  5.045424326137087
0.249  7.660199070873112  4.797705996971023
0.25  7.184153043995117  4.557112353339511
0.251  6.705394742186086  4.324043238168262
0.252  6.224111674109304  4.0988840014832375
0.253  5.7404923379874155  3.8820048281344235
0.254  5.254726145662655  3.67376009216595
0.255  4.767003346289341  3.4744877389617397
0.256  4.277514949690159  3.2845086962476318
0.257  3.7864526494072597  3.1041263149802907
0.258  3.294008745480308  2.9336258411007865
0.259  2.800376066982703  2.7732739190769475
0.26  2.305747894348071  2.623318128102783
0.261  1.810317881518703  2.4839865517662725
0.262  1.3142799779480407  2.3554873819380777
0.263  0.8178283504890964  2.2380085575740143
0.264  0.321157305200956  2.131717439062979
0.265  -0.1755387908946231  2.0367605186897517
0.266  -0.6720655880743145  1.9532631677189904
0.267  -1.16822883216012  1.8813294205426692
0.268  -1.6638344427197032  1.8210417962682044
0.269  -2.158688591188217  1.7724611580592056
0.27  -2.6525977788796267  1.735626610474574
0.271  -3.1453689148553856  1.7105554349852516
0.272  -3.6368093936186794  1.6972430637810856
0.273  -4.126727172602234  1.695663091913305
0.274  -4.6149308494180525  1.7057673277510137
0.275  -5.101229738837231  1.7274858816630179
0.276  -5.585433949468534  1.7607272927695368
0.277  -6.0673544601040525  1.8053786935415452
0.278  -6.5468031957007735  1.8613060119594786
0.279  -7.02359310296695  1.9283542108771572
0.28  -7.497538225522176  2.0063475641717057
0.281  -7.968453778600523  2.0950899691959854
0.28200000000000003  -8.436156223265987  2.1943652949863894
0.28300000000000003  -8.900463340109976  2.303937765616335
0.28400000000000003  -9.361194302400525  2.423552378024371
0.28500000000000003  -9.81816974865338  2.552935353585343
0.28600000000000003  -10.0  2.691794622634198
0.28700000000000003  -10.0  2.8398203410940903
0.28800000000000003  -10.0  2.996685438304583
0.289  -10.0  3.16204619509094
0.29  -10.0  3.33554285106254
0.291  -10.0  3.516800240077563
0.292  -10.0  3.705428452761467
0.293  -10.0  3.901023524919724
0.294  -10.0  4.103168150639861
0.295  -10.0  4.31143241883448
0.296  -10.0  4.525374571936271
0.297  -10.0  4.744541785416946
0.298  -10.0  4.968470966765775
0.299  -10.0  5.196689572529134
0.3  -10.0  5.428716441981197
0.301  -10.0  5.664062645966547
0.302  -10.0  5.9022323494288464
0.303  -10.0  6.142723686116133
0.304  -10.0  6.385029643931669
0.305  -10.0  6.628638959380606
0.306  -10.0  6.873037019547132
0.307  -10.0  7.117706770023342
0.308  -10.0  7.362129627200501
0.309  -10.0  7.6057863933262215
0.31  -10.0  7.848158172725698
0.311  -10.0  8.08872728758351
0.312  -10.0  8.32697819168283
0.313  -10.0  8.562398380503026
0.314  -10.0  8.79447929608246
0.315  -10.0  9.022717225062646
0.316  -10.0  9.246614188342019
0.317  -10.0  9.465678820781985
0.318  -10.0  9.679427239425351
0.319  -10.0  9.88738389870755
0.32  -10.0  10.0
0.321  -10.0  10.0
0.322  -10.0  10.0
0.323  -10.0  10.0
0.324  -10.0  10.0
0.325  -10.0  10.0
0.326  -10.0  10.0
0.327  -10.0  10.0
0.328  -10.0  10.0
0.329  -10.0  10.0
0.33  -10.0  10.0
0.331  -10.0  10.0
0.332  -10.0  10.0
0.333  -10.0  10.0
0.334  -10.0  10.0
0.335  -10.0  10.0
0.336  -10.0  10.0
0.337  -10.0  10.0
0.338  -10.0  10.0
0.339  -10.0  10.0
0.34  -10.0  10.0
0.341  -10.0  10.0
0.342  -10.0  10.0
0.343  -10.0  10.0
0.34400000000000003  -10.0  10.0
0.34500000000000003  -10.0  10.0
0.34600000000000003  -10.0  10.0
0.34700000000000003  -10.0  10.0
0.34800000000000003  -10.0  10.0
0.34900000000000003  -10.0  10.0
0.35000000000000003  -10.0  10.0
0.35100000000000003  -10.0  10.0
0.352  -10.0  10.0
0.353  -10.0  10.0
0.354  -10.0  10.0
0.355  -10.0  10.0
0.356  -10.0  10.0
0.357  -10.0  10.0
0.358  -10.0  10.0
0.359  -10.0  9.777959583704426
0.36  -10.0  9.530042449018131
0.361  -10.0  9.27158398462981
0.362  -10.0  9.002902575755016
0.363  -10.0  8.724333979310014
0.364  -10.0  8.436230747992514
0.365  -10.0  8.13896162501999
0.366  -10.0  7.832910910583669
0.367  -10.0  7.518477801125508
0.368  -10.0  7.196075702593167
0.369  -10.0  6.8661315188736065
0.37  -10.0  6.52908491664905
0.371  -10.0  6.185387567960655
0.372  -10.0  5.835502371803929
0.373  -10.0  5.479902656116959
0.374  -10.0  5.119071361556365
0.375  -10.0  4.753500208488146
0.376  -10.0  4.3836888486498635
0.377  -10.0  4.010144002967207
0.378  -10.0  3.633378587032422
0.379  -10.0  3.253910825773743
0.38  -10.0  2.8722633588635444
0.381  -10.0  2.4889623384293973
0.382  -10.0  2.104536520645766
0.383  -10.0  1.7195163527943618
0.384  -10.0  1.3344330573895915
0.385  -10.0  0.9498177149702953
0.386  -10.0  0.5662003471615602
0.387  -10.0  0.18410900160984167
0.388  -10.0  -0.19593115960901786
0.389  -10.0  -0.5733987665143989
0.39  -10.0  -0.9477771410939271
0.391  -10.0  -1.318555188950889
0.392  -10.0  -1.6852282811674382
0.393  -10.0  -2.0472991248418957
0.394  -10.0  -2.404278620777751
0.395  -10.0  -2.7556867068250277
0.396  -10.0  -3.1010531853998193
0.397  -10.0  -3.439918533734797
0.398  -10.0  -3.7718346954444124
0.399  -10.0  -4.0963658520211235
0.4  -10.0  -4.413089172913523
0.401  -10.0  -4.721595542875359
0.402  -10.0  -5.021490265314075
0.403  -10.0  -5.31239374040907
0.404  -9.788304816213984  -5.593942116814489
0.405  -9.346506247406037  -5.8657879158075605
0.406  -8.901602917815966  -6.1276006267912395
0.40700000000000003  -8.453774572653774  -6.379067273110519
0.40800000000000003  -8.003201982879965  -6.619892947193662
0.40900000000000003  -7.550066870916888  -6.84980131408287
0.41000000000000003  -7.094551836010817  -7.068535082474658
0.41100000000000003  -6.6368402792748995  -7.275856442446962
0.41200000000000003  -6.177116328444495  -7.471547469107996
0.41300000000000003  -5.715564762376482  -7.655410491461834
0.41400000000000003  -5.2523709353229515  -7.827268425846493
0.41500000000000004  -4.787720701011885  -7.986965073362004
0.41600000000000004  -4.321800336565079  -8.134365380769372
0.417  -3.8547964662860803  -8.269355664404902
0.418  -3.386895985348546  -8.391843796719202
0.419  -2.9182859834176043  -8.501759355115611
0.42  -2.449153668235441  -8.599053732828672
0.421  -1.9796862892024283  -8.68370021164973
0.422  -1.510071060986252  -8.75569399637346
0.423  -1.0404950871898095  -8.815052210906106
0.424  -0.5711452841098223  -8.86181385604333
0.425  -0.10220830461795805  -8.896039728992543
0.426  0.36612953780484414  -8.917812304781618
0.427  0.8336823448484996  -8.927235579762455
0.428  1.300264708938062  -8.924434877484313
0.429  1.7656917885499617  -8.909556617277573
0.43  2.2297793832501664  -8.88276804595378
0.431  2.6923440084222543  -8.844256933092524
0.432  3.1532029696554993  -8.79423123044929
0.433  3.6121744367618644  -8.732918696081077
0.434  4.0690775173912375  -8.660566483848646
0.435  4.523732330215247  -8.57744069901447
0.436  4.975960077648704  -8.483825920714954
0.437  5.425583118079611  -8.380024692143433
0.438  5.872425037577207  -8.266356979337058
0.439  6.316310721049399  -8.143159599515105
0.44  6.757066422819559  -8.010785619970473
0.441  7.194519836594333  -7.869603728566387
0.442  7.628500164793582  -7.719997576941294
0.443  8.0588381872136  -7.562365097571709
0.444  8.485366328996282  -7.397117795888889
0.445  8.907918727875511  -7.224680018688945
0.446  9.326331300674054  -7.04548820011745
0.447  9.740441809022975  -6.859990086548256
0.448  10.0  -6.668643941714327
0.449  10.0  -6.471917733481776
0.45  10.0  -6.270288303690933
0.451  10.0  -6.064240522518029
0.452  10.0  -5.854266428837999
0.453  10.0  -5.640864358092937
0.454  10.0  -5.424538059193586
0.455  10.0  -5.205795801999687
0.456  10.0  -4.985149476941282
0.457  10.0  -4.76311368835787
0.458  10.0  -4.540204843142181
0.459  10.0  -4.316940236283999
0.46  10.0  -4.093837134915096
0.461  10.0  -3.871411862458773
0.462  10.0  -3.65017888448678
0.463  10.0  -3.4306498978846296
0.464  10.0  -3.213332924919322
0.465  10.0  -2.998731413795358
0.466  10.0  -2.787343347273998
0.467  10.0  -2.5796603609157143
0.468  10.0  -2.3761668724897698
0.46900000000000003  10.0  -2.1773392240750122
0.47000000000000003  10.0  -1.9836448383532628
0.47100000000000003  10.0  -1.7955413905729678
0.47200000000000003  10.0  -1.613475997632257
0.47300000000000003  10.0  -1.4378844257010774
0.47400000000000003  10.0  -1.2691903177697492
0.47500000000000003  10.0  -1.1078044424763016
0.47600000000000003  10.0  -0.9541239655272573
0.47700000000000004  10.0  -0.8085317449880334
0.47800000000000004  10.0  -0.6713956516762831
0.47900000000000004  10.0  -0.54306791584815
0.48  10.0  -0.42388450132140054
0.481  10.0  -0.31416450813116814
0.482  10.0  -0.21420960476419548
0.483  10.0  -0.12430349096594462
0.484  10.0  -0.04471139206083219
0.485  10.0  0.024320414328385276
0.486  10.0  0.0825650383336276
0.487  10.0  0.12981538389607472
0.488  10.0  0.16588452011113652
0.489  10.0  0.19060601721321913
0.49  10.0  0.20383424661201932
0.491  10.0  0.20544464445419486
0.492  10.0  0.1953339382490089
0.493  10.0  0.17342033616029617
0.494  10.0  0.13964367863313942
0.495  10.0  0.09396555208904367
0.496  10.0  0.03636936449011774
0.497  10.0  -0.0331396173608276
0.498  10.0  -0.11453426885003459
0.499  10.0  -0.20776564691150146
0.5  10.0  -0.3127630676462889
0.501  10.0  -0.4294342220674858
0.502  10.0  -0.5576653297688727
0.503  10.0  -0.6973213302491166
0.504  10.0  -0.848246111557585
0.505  10.0  -1.0102627758621434
0.506  10.0  -1.183173941475145
0.507  10.0  -1.3667620808098038
0.508  10.0  -1.5607898936762705
0.509  10.0  -1.7650007152648346
0.51  10.0  -1.9791189581033866
0.511  10.0  -2.202850587216096
0.512  10.0  -2.435883627652859
0.513  10.0  -2.6778887035021546
0.514  10.0  -2.928519607444599
0.515  10.0  -3.1874138998516566
0.516  10.0  -3.4541935363816147
0.517  10.0  -3.7284655229753865
0.518  10.0  -4.009822597107056
0.519  10.0  -4.29784393409731
0.52  10.0  -4.592095877254856
0.521  10.0  -4.892132690568982
0.522  10.0  -5.197497332636627
0.523  10.0  -5.507722250470491
0.524  10.0  -5.82233019180018
0.525  10.0  -6.140835034445185
0.526  10.0  -6.462742631309442
0.527  10.0  -6.787551669519646
0.528  10.0  -7.114754542204382
0.529  10.0  -7.443838231389369
0.53  10.0  -7.774285200464854
0.531  10.0  -8.105574294663747
0.532  10.0  -8.4371816479756
0.533  10.0  -8.768581594910478
0.534  10.0  -9.099247585517372
0.535  10.0  -9.428653102056973
0.536  10.0  -9.756272575725603
0.537  10.0  -10.0
0.538  10.0  -10.0
0.539  10.0  -10.0
0.54  10.0  -10.0
0.541  10.0  -10.0
0.542  10.0  -10.0
0.543  10.0  -10.0
0.544  10.0  -10.0
0.545  10.0  -10.0
0.546  10.0  -10.0
0.547  10.0  -10.0
0.548  10.0  -10.0
0.549  10.0  -10.0
0.55  10.0  -10.0
0.551  10.0  -10.0
0.552  10.0  -10.0
0.553  10.0  -10.0
0.554  10.0  -10.0
0.555  10.0  -10.0
0.556  10.0  -10.0
0.557  10.0  -10.0
0.558  10.0  -10.0
0.559  9.66506296375114  -10.0
0.56  9.279929009251331  -10.0
0.561  8.891860552122523  -10.0
0.562  8.50102364273699  -10.0
0.5630000000000001  8.107585252608885  -10.0
0.5640000000000001  7.7117132033483  -10.0
0.5650000000000001  7.313576095318208  -10.0
0.5660000000000001  6.9133432360256295  -10.0
0.5670000000000001  6.511184568276323  -10.0
0.5680000000000001  6.107270598124487  -10.0
0.5690000000000001  5.701772322647131  -10.0
0.5700000000000001  5.294861157574064  -10.0
0.5710000000000001  4.886708864804451  -10.0
0.5720000000000001  4.477487479839711  -10.0
0.5730000000000001  4.067369239164559  -10.0
0.5740000000000001  3.6565265076056965  -10.0
0.5750000000000001  3.245131705699979  -10.0
0.5760000000000001  2.8333572371016  -10.0
0.577  2.42137541606004  -10.0
0.578  2.0093583949980465  -10.0
0.579  1.5974780922218121  -10.0
0.58  1.1859061197919605  -10.0
0.581  0.7748137115873517  -10.0
0.582  0.3643716515906634  -10.0
0.583  -0.04524979757302017  -10.0
0.584  -0.4538809658153937  -10.0
0.585  -0.8613528464517088  -10.0
0.586  -1.2674971667249952  -10.0
0.587  -1.6721464579590233  -10.0
0.588  -2.07513412530954  -10.0
0.589  -2.4762945170855613  -10.0
0.59  -2.875462993610758  -10.0
0.591  -3.272475995596996  -10.0
0.592  -3.6671711120005375  -10.0
0.593  -4.059387147333292  -10.0
0.594  -4.4489641884006925  -10.0
0.595  -4.835743670437984  -10.0
0.596  -5.219568442618141  -10.0
0.597  -5.600282832903151  -10.0
0.598  -5.977732712212515  -10.0
0.599  -6.351765557881479  -10.0
0.6  -6.722230516383299  -10.0
0.601  -7.088978465288726  -10.0
0.602  -7.451862074437744  -10.0
0.603  -7.810735866297421  -10.0
0.604  -8.165456275481384  -10.0
0.605  -8.515881707406118  -9.94955684474078
0.606  -8.861872596059367  -9.62613736955997
0.607  -9.20329146085761  -9.300829267161605
0.608  -9.540002962568089  -8.974157522021619
0.609  -9.871873958273252  -8.646648226668347
0.61  -10.0  -8.318827665140274
0.611  -10.0  -7.9912213962179255
0.612  -10.0  -7.664353338033225
0.613  -10.0  -7.338744855658014
0.614  -10.0  -7.014913853267419
0.615  -10.0  -6.693373872465851
0.616  -10.0  -6.374633198353319
0.617  -10.0  -6.059193974895026
0.618  -10.0  -5.747551331142127
0.619  -10.0  -5.440192519831755
0.62  -10.0  -5.137596069872772
0.621  -10.0  -4.840230954200029
0.622  -10.0  -4.548555774452364
0.623  -10.0  -4.2630179639002135
0.624  -10.0  -3.9840530100172353
0.625  -10.0  -3.7120836980555643
0.626  -10.0  -3.447519376947321
0.627  -10.0  -3.1907552488167727
0.628  -10.0  -2.942171683345407
0.629  -10.0  -2.702133558188862
0.63  -10.0  -2.4709896265995788
0.631  -10.0  -2.2490719133607726
0.632  -10.0  -2.0366951400880327
0.633  -10.0  -1.8341561809037028
0.634  -10.0  -1.6417335494357372
0.635  -10.0  -1.4596869180378418
0.636  -10.0  -1.2882566700718598
0.637  -10.0  -1.1276634860348533
0.638  -10.0  -0.9781079642545025
0.639  -10.0  -0.8397702768159165
0.64  -10.0  -0.7128098613211638
0.641  -10.0  -0.5973651490202352
0.642  -10.0  -0.49355332978859057
0.643  -10.0  -0.40147015436161126
0.644  -10.0  -0.3211897741716694
0.645  -10.0  -0.25276461906711045
0.646  -10.0  -0.1962253131266456
0.647  -10.0  -0.15158062871566713
0.648  -10.0  -0.11881747886432592
0.649  -10.0  -0.09790094797992221
0.65  -10.0  -0.08877436083934853
0.651  -10.0  -0.09135938974002134
0.652  -10.0  -0.10555619962137808
0.653  -10.0  -0.13124363090210078
0.654  -10.0  -0.1682794197126265
0.655  -10.0  -0.21650045513698934
0.656  -10.0  -0.27572307301296206
0.657  -10.0  -0.34574338577601793
0.658  -10.0  -0.42633764776916827
0.659  -10.0  -0.5172626553788362
0.66  -10.0  -0.6182561812958358
0.661  -10.0  -0.7290374421412533
0.662  -10.0  -0.8493075986379104
0.663  -10.0  -0.9787502874518532
0.664  -10.0  -1.117032183772567
0.665  -10.0  -1.2638035936466672
0.666  -10.0  -1.4186990750282567
0.667  -10.0  -1.5813380864583335
0.668  -10.0  -1.751325662237531
0.669  -10.0  -1.9282531129104976
0.67  -10.0  -2.111698749834991
0.671  -10.0  -2.301228632567576
0.672  -10.0  -2.4963973377574766
0.673  -10.0  -2.6967487482023547
0.674  -10.0  -2.9018168606846135
0.675  -10.0  -3.1111266111744884
0.676  -10.0  -3.3241947159546497
0.677  -10.0  -3.5405305271943077
0.678  -10.0  -3.759636901475052
0.679  -10.0  -3.9810110797478093
0.68  -10.0  -4.204145577180499
0.681  -10.0  -4.428529081339046
0.682  -10.0  -4.653647357128929
0.683  -10.0  -4.878984156913269
0.684  -10.0  -5.104022134214629
0.685  -10.0  -5.3282437594004115
0.686  -10.0  -5.551132235749286
0.687  -10.0  -5.7721724142950634
0.6880000000000001  -10.0  -5.990851705846259
0.6890000000000001  -10.0  -6.2066609885848045
0.6900000000000001  -10.0  -6.41909550965552
0.6910000000000001  -10.0  -6.627655779167205
0.6920000000000001  -10.0  -6.831848455041243
0.6930000000000001  -10.0  -7.031187217157839
0.6940000000000001  -10.0  -7.225193629270032
0.6950000000000001  -10.0  -7.413397987176553
0.6960000000000001  -10.0  -7.595340151668413
0.6970000000000001  -10.0  -7.77057036479099
0.6980000000000001  -10.0  -7.93865004799292
0.6990000000000001  -10.0  -8.099152580763821
0.7000000000000001  -10.0  -8.251664058398006
0.7010000000000001  -10.0  -8.39578402755742
0.7020000000000001  -10.0  -8.531126198345731
0.7030000000000001  -10.0  -8.657319131646775
0.704  -10.0  -8.774006900524153
0.705  -9.827042393953374  -8.880849724523337
0.706  -9.51959156102732  -8.977524575765878
0.707  -9.208693191355907  -9.063725755774179
0.708  -8.894491648809467  -9.139165442016726
0.709  -8.577132545477635  -9.203574203216448
0.71  -8.256762676874907  -9.256701482519613
0.711  -7.93352995668333  -9.298316047679162
0.712  -7.607583351061933  -9.328206407463437
0.713  -7.279072812550389  -9.346181193561119
0.714  -6.948149213596177  -9.352069507312976
0.715  -6.614964279734365  -9.345721230662832
0.716  -6.279670522448255  -9.327007300782686
0.717  -5.942421171741037  -9.295819947890545
0.718  -5.603370108446607  -9.252072895843686
0.719  -5.262671796310103  -9.195701525155638
0.72  -4.9204812138663225  -9.126662998150325
0.721  -4.576953786146881  -9.044936346033653
0.722  -4.2322453162443425  -8.950522517728938
0.723  -3.8865119167641797  -8.843444390389873
0.724  -3.5399099411932973  -8.723746741571437
0.725  -3.192595915215188  -8.591496183106509
0.726  -2.8447264680017126  -8.446781056802816
0.727  -2.496458263510375  -8.289711292141535
0.728  -2.1479479318178294  -8.120418226225647
0.729  -1.7993520005181356  -7.939054386291806
0.73  -1.450826826216563  -7.745793235165431
0.731  -1.102528526147295  -7.5408288801029615
0.732  -0.7546129099456316  -7.324375745530018
0.733  -0.4072354116032679  -7.096668210246662
0.734  -0.060551021636319646  -6.857960209733603
0.735  0.28528578050443265  -6.608524804253967
0.736  0.6301210937527024  -6.3486537135054455
0.737  0.9738016624453545  -6.078656818635479
0.738  1.3161749430126948  -5.798861632490196
0.739  1.6570891703107327  -5.509612739022518
0.74  1.9963934235679242  -5.211271202839223
0.741  2.3339376919170256  -4.904213949919127
0.742  2.669572939484765  -4.588833120584529
0.743  3.003151170011016  -4.265535395857059
0.744  3.3345254909694795  -3.9347412983755454
0.745  3.663550177163069  -3.596884469097467
0.746  3.990080733765909  -3.2524109210490444
0.747  4.313973958785705  -2.901778271428043
0.748  4.635088004918982  -2.5454549534018067
0.749  4.953282440773465  -2.1839194089785825
0.75  5.268418311430581  -1.817659264363296
0.751  5.580358198323044  -1.4471704892389843
0.752  5.888966278401028  -1.0729565414443794
0.753  6.1941083825623835  -0.6955274985427149
0.754  6.495652053321609  -0.31539917779978377
0.755  6.79346660169272  0.06690775388951486
0.756  7.087423163262356  0.45086867857042634
0.757  7.37739475342847  0.835955932722295
0.758  7.663256321781792  1.2216397180938765
0.759  7.944884805606151  1.6073890162874434
0.76  8.222159182475611  1.9926725054931143
0.761  8.494960521925332  2.376959477769847
0.762  8.763172036174744  2.759720755269785
0.763  9.026679129881227  3.140429603804004
0.764  9.285369448902985  3.518562642152003
0.765  9.539132928050911  3.893600745525575
0.766  9.787861837808542  4.265029941606932
0.767  10.0  4.632342297594922
0.768  10.0  4.995036796708061
0.769  10.0  5.3526202026120515
0.77  10.0  5.704607910260579
0.771  10.0  6.050524781661569
0.772  10.0  6.389905965107789
0.773  10.0  6.722297696439841
0.774  10.0  7.047258080940143
0.775  10.0  7.364357854491325
0.776  10.0  7.673181122668401
0.777  10.0  7.973326076472208
0.778  10.0  8.264405683453717
0.779  10.0  8.54604835302009
0.78  10.0  8.817898574760193
0.781  10.0  9.079617528673547
0.782  10.0  9.330883666236058
0.783  10.0  9.571393261286895
0.784  10.0  9.800860929773926
0.785  10.0  10.0
0.786  10.0  10.0
0.787  10.0  10.0
0.788  10.0  10.0
0.789  10.0  10.0
0.79  10.0  10.0
0.791  10.0  10.0
0.792  10.0  10.0
0.793  10.0  10.0
0.794  10.0  10.0
0.795  10.0  10.0
0.796  10.0  10.0
0.797  10.0  10.0
0.798  10.0  10.0
0.799  10.0  10.0
0.8  10.0  10.0
0.801  10.0  10.0
0.802  10.0  10.0
0.803  10.0  10.0
0.804  10.0  10.0
0.805  10.0  10.0
0.806  10.0  10.0
0.807  10.0  10.0
0.808  10.0  10.0
0.809  10.0  10.0
0.81  10.0  10.0
0.811  10.0  10.0
0.812  10.0  10.0
0.8130000000000001  10.0  10.0
0.8140000000000001  10.0  10.0
0.8150000000000001  10.0  10.0
0.8160000000000001  10.0  10.0
0.8170000000000001  10.0  10.0
0.8180000000000001  10.0  10.0
0.8190000000000001  10.0  10.0
0.8200000000000001  10.0  9.993523588529333
0.8210000000000001  10.0  9.802481643122288
0.8220000000000001  10.0  9.604675026699601
0.8230000000000001  10.0  9.400558058858305
0.8240000000000001  10.0  9.190595200263335
0.8250000000000001  10.0  8.975260230839936
0.8260000000000001  10.0  8.75503541173981
0.8270000000000001  10.0  8.530410632547035
0.8280000000000001  10.0  8.301882545217003
0.8290000000000001  10.0  8.06995368626446
0.8300000000000001  10.0  7.8351315887366235
0.8310000000000001  10.0  7.5979278855266195
0.8320000000000001  10.0  7.358857405596226
0.833  10.0  7.118437264690058
0.834  10.0  6.8771859521328
0.835  10.0  6.635622415307927
0.836  10.0  6.394265143420359
0.837  10.0  6.153631252146873
0.838  10.0  5.914235570776265
0.839  10.0  5.6765897334375275
0.84  10.0  5.4412012760057795
0.841  10.0  5.208572740267837
0.842  10.0  4.979200786914481
0.843  9.770015234643276  4.753575318912478
0.844  9.530302959403361  4.532178616790437
0.845  9.286232121740749  4.315484487352498
0.846  9.03792099612162  4.103957427309013
0.847  8.785489729321258  3.8980518032892553
0.848  8.529060285795453  3.698211049670512
0.849  8.268756392264514  3.504866885628104
0.85  8.004703481533612  3.3184385527765663
0.851  7.737028635575028  3.139332074736629
0.852  7.46586052789635  2.967939539923564
0.853  7.191329365220655  2.8046384088129033
0.854  6.913566828504184  2.6497908468956934
0.855  6.6327060133170255  2.503743084490928
0.856  6.348881369614098  2.366824804536095
0.857  6.062228640921446  2.239348559426845
0.858  5.77288480296573  2.1216092179274186
0.859  5.480988001773055  2.013883443119415
0.86  5.186677491265282  1.9164292023030791
0.861  4.890093570380094  1.829485309708991
0.862  4.5913775197431885  1.7532710028208829
0.863  4.290671537920214  1.6879855530509715
0.864  3.9881186772759523  1.6338079114499884
0.865  3.683862779470104  1.5908963900717366
0.866  3.3780484106163557  1.5593883795504846
0.867  3.0708207961344445  1.5394001033855629
0.868  2.7623257553228315  1.5310264093636414
0.869  2.4527096356819476  1.5343405984839915
0.87  2.142119247015184  1.5493942916865269
0.871  1.8307017953377303  1.5762173346161958
0.872  1.5186048166218271  1.614817740590742
0.873  1.205976110407003  1.6651816718721335
0.874  0.8929636733056932  1.7272734592746684
0.875  0.5797156324316468  1.801035660076007
0.876  0.26638017878165976  1.8863891541300708
0.877  -0.04689449940121326  1.983233278014123
0.878  -0.359960283252458  2.0914459969756436
0.879  -0.6726691898713766  2.210884114378471
0.88  -0.9848734388364464  2.341383518282324
0.881  -1.2964255186221036  2.482759464724321
0.882  -1.6071782528881045  2.63480689720752
0.883  -1.9169848666115366  2.797300801837584
0.884  -2.2256990520338182  2.969996597486724
0.885  -2.5331750343927353  3.152630560302371
0.886  -2.839267637411635  3.344920281818589
0.887  -3.14383234851583  3.5465651598684627
0.888  -3.4467253837492886  3.7572469214392656
0.889  -3.747803752361891  3.9766301765556777
0.89  -4.046925321039944  4.204363002222437
0.891  -4.3439488777506075  4.440077555404647
0.892  -4.63873419517382  4.683390713974175
0.893  -4.931142093692787  4.933904744500227
0.894  -5.221034503915899  5.191207995716487
0.895  -5.508274528703028  5.454875616451578
0.896  -5.792726504667965  5.724470296767018
0.897  -6.074256063131566  5.999543031005915
0.898  -6.352730190497713  6.279633901418272
0.899  -6.628017288026579  6.564272880991135
0.9  -6.899987230977823  6.852980654079792
0.901  -7.168511427099311  7.145269453404236
0.902  -7.433462874434612  7.4406439119463705
0.903  -7.694716218424463  7.73860192825835
0.904  -7.952147808277221  8.038635543667302
0.905  -8.20563575258306  8.340231829842535
0.906  -8.455059974148458  8.642873785172135
0.907  -8.700302264026178  8.946041238380943
0.908  -8.941246334717682  9.249211757808647
0.909  -9.17777787252377  9.551861564758038
0.91  -9.409784589021694  9.85346644931448
0.911  -9.637156271645253  10.0
0.912  -9.859784833346081  10.0
0.913  -10.0  10.0
0.914  -10.0  10.0
0.915  -10.0  10.0
0.916  -10.0  10.0
0.917  -10.0  10.0
0.918  -10.0  10.0
0.919  -10.0  10.0
0.92  -10.0  10.0
0.921  -10.0  10.0
0.922  -10.0  10.0
0.923  -10.0  10.0
0.924  -10.0  10.0
0.925  -10.0  10.0
0.926  -10.0  10.0
0.927  -10.0  10.0
0.928  -10.0  10.0
0.929  -10.0  10.0
0.93  -10.0  10.0
0.931  -10.0  10.0
0.932  -10.0  10.0
0.933  -10.0  10.0
0.934  -10.0  10.0
0.935  -10.0  10.0
0.936  -10.0  10.0
0.937  -10.0  10.0
0.9380000000000001  -10.0  10.0
0.9390000000000001  -10.0  10.0
0.9400000000000001  -10.0  10.0
0.9410000000000001  -10.0  10.0
0.9420000000000001  -10.0  10.0
0.9430000000000001  -10.0  10.0
0.9440000000000001  -10.0  10.0
0.9450000000000001  -10.0  10.0
0.9460000000000001  -10.0  10.0
0.9470000000000001  -10.0  10.0
0.9480000000000001  -10.0  10.0
0.9490000000000001  -10.0  10.0
0.9500000000000001  -10.0  10.0
0.9510000000000001  -10.0  10.0
0.9520000000000001  -10.0  10.0
0.9530000000000001  -10.0  10.0
0.9540000000000001  -10.0  10.0
0.9550000000000001  -10.0  10.0
0.9560000000000001  -10.0  10.0
0.9570000000000001  -10.0  10.0
0.9580000000000001  -10.0  10.0
0.9590000000000001  -10.0  10.0
0.96  -10.0  10.0
0.961  -10.0  10.0
0.962  -10.0  10.0
0.963  -10.0  10.0
0.964  -10.0  10.0
0.965  -10.0  10.0
0.966  -10.0  10.0
0.967  -10.0  10.0
0.968  -10.0  10.0
0.969  -10.0  10.0
0.97  -10.0  10.0
0.971  -10.0  10.0
0.972  -10.0  10.0
0.973  -10.0  10.0
0.974  -10.0  10.0
0.975  -10.0  10.0
0.976  -10.0  10.0
0.977  -10.0  9.75319563659743
0.978  -10.0  9.414171469576646
0.979  -10.0  9.0715521471556
0.98  -10.0  8.725853796983891
0.981  -10.0  8.377596837347374
0.982  -10.0  8.027305073892265
0.983  -9.879833173612226  7.675504790516707
0.984  -9.654055043930942  7.322723836018835
0.985  -9.423243475353072  6.969490708099139
0.986  -9.187501175363533  6.616333636318866
0.987  -8.946933175062885  6.263779665618639
0.988  -8.701646783400042  5.912353741999164
0.989  -8.45175154038209  5.562577801964266
0.99  -8.197359169280912  5.214969867317695
0.991  -7.938583527857791  4.870043146897223
0.992  -7.675540558626282  4.528305146816607
0.993  -7.408348238175279  4.190256790771944
0.994  -7.137126525574014  3.8563915519499066
0.995  -6.8619973098809615  3.527194598057017
0.996  -6.583084356780068  3.2031419509641834
0.997  -6.300513254366267  2.8846996624365517
0.998  -6.014411358104555  2.5723230073897643
0.999  -5.724907734985695  2.2664556960837787
1.0  -5.43213310690367  1.9675291066309288
