0.0  4.6005869348740065  10.0
0.005  4.400934957115147  10.0
0.01  4.198204779873896  10.0
0.015  3.9925509840950593  10.0
0.02  3.7841303006817397  10.0
0.025  3.573101490583274  10.0
0.03  3.3596252233830897  10.0
0.035  3.143863954479383  10.0
0.04  2.9259818009525436  10.0
0.045  2.706144416214196  10.0
0.05  2.4845188635336957  10.0
0.055  2.261273488538665  10.0
0.06  2.0365777907869593  10.0
0.065  1.8106022945081088  10.0
0.07  1.5835184186129037  10.0
0.075  1.3554983460702812  10.0
0.08  1.1267148927511652  10.0
0.085  0.8973413758392691  10.0
0.09  0.6675514819091604  10.0
0.095  0.4375191347721142  10.0
0.1  0.20741836319045737  10.0
0.105  -0.022576831438872902  10.0
0.11  -0.2522926073308174  10.0
0.115  -0.4815554143880475  10.0
0.12  -0.7101921260057266  10.0
0.125  -0.9380301705048913  10.0
0.13  -1.1648976620945224  10.0
0.135  -1.3906235312627544  10.0
0.14  -1.6150376544981373  10.0
0.145  -1.8379709832423845  10.0
0.15  -2.0592556719767137  10.0
0.155  -2.2787252053444984  10.0
0.16  -2.496214524213788  10.0
0.165  -2.7115601505840456  10.0
0.17  -2.9246003112423704  10.0
0.17500000000000002  -3.1351750600754724  10.0
0.18  -3.34312639894471  10.0
0.185  -3.5482983970325996  10.0
0.19  -3.7505373085704585  10.0
0.195  -3.9496916888580493  10.0
0.2  -4.145612508487435  10.0
0.20500000000000002  -4.338153265684693  10.0
0.21  -4.52717009668454  10.0
0.215  -4.712521884054454  10.0
0.22  -4.894070362886544  10.0
0.225  -5.071680224776932  10.0
0.23  -5.245219219514287  10.0
0.23500000000000001  -5.414558254400754  10.0
0.24  -5.579571491130502  10.0
0.245  -5.74013644015289  10.0
0.25  -5.8961340524492485  10.0
0.255  -6.0474488086542575  10.0
0.26  -6.193968805454931  10.0
0.265  -6.335585839202334  10.0
0.27  -6.472195486673307  10.0
0.275  -6.603697182921636  10.0
0.28  -6.729994296160397  10.0
0.28500000000000003  -6.850994199619407  10.0
0.29  -6.966608340324151  10.0
0.295  -7.076752304744788  10.0
0.3  -7.181345881266361  10.0
0.305  -7.280313119433696  10.0
0.31  -7.373582385926976  10.0
0.315  -7.461086417226513  10.0
0.32  -7.542762368927713  10.0
0.325  -7.618551861669874  10.0
0.33  -7.688401023644971  10.0
0.335  -7.752260529655289  10.0
0.34  -7.810085636691328  10.0
0.34500000000000003  -7.861836216004101  10.0
0.35000000000000003  -7.90747678164867  9.955606023357364
0.355  -7.946976515478361  9.894108471325522
0.36  -7.980309288571934  9.83163102536103
0.365  -8.007453679078612  9.768179439672942
0.37  -8.028392986468678  9.703759864510548
0.375  -8.043115242180047  9.638378843718515
0.38  -8.051613216654017  9.572043312055026
0.385  -8.053884422756123  9.50476059227457
0.39  -8.049931115580799  9.436538391977072
0.395  -8.03976028864129  9.367384800225365
0.4  -8.02338366644907  9.297308283932958
0.405  -8.00081769348969  9.22631768402438
0.41000000000000003  -7.972083519604797  9.154422211370358
0.41500000000000004  -7.937206981792783  9.081631442500367
0.42  -7.896218582443236  9.007955315095135
0.425  -7.8491534640231055  8.933404123261841
0.43  -7.7960513802351885  8.85798851259497
0.435  -7.7369566636722125  8.7817194750257
0.44  -7.67191818999249  8.70460834346314
0.445  -7.600989338645726  8.626666786230588
0.45  -7.52422795018024  8.547906801300261
0.455  -7.441696280165382  8.468340710330008
0.46  -7.353460949765585  8.387981152505716
0.465  -7.259592893004965  8.306841078193134
0.47000000000000003  -7.160167300763946  8.224933742403017
0.47500000000000003  -7.055263561551828  8.142272698073672
0.48  -6.944965199101699  8.058871789174932
0.485  -6.829359806836463  7.974745143637876
0.49  -6.708538979257195  7.889907166114638
0.495  -6.582598240307247  7.804372530572691
0.5  -6.4516369687679775  7.718156172728264
0.505  -6.315758320744083  7.631273282323461
0.51  -6.175069149298806  7.543739295251892
0.515  -6.029679921301401  7.45556988553764
0.52  -5.879704631551356  7.366780957172533
0.525  -5.725260714245977  7.277388635816687
0.53  -5.566468951859822  7.187409260367517
0.535  -5.4034533815065995  7.0968593744023565
0.54  -5.236341198855899  7.005755717499967
0.545  -5.065262659679007  6.91411521644631
0.55  -4.8903509790999165  6.8219549763299785
0.555  -4.711742228629254  6.729292271532794
0.56  -4.529575231060579  6.636144536621115
0.5650000000000001  -4.343991453310133  6.542529357143496
0.5700000000000001  -4.155134897282607  6.4484644603403245
0.5750000000000001  -3.963151988847002  6.353967705771246
0.58  -3.7681914650080945  6.2590570758660595
0.585  -3.570404259360303  6.163750666405004
0.59  -3.3699433859121375  6.068066676934267
0.595  -3.1669638213705165  5.9720234011225966
0.6  -2.9616223859754376  5.8756392170650535
0.605  -2.754077622976601  5.778932577539797
0.61  -2.5444896768445195  5.681922000223968
0.615  -2.333020170309614  5.584626057874689
0.62  -2.1198320803236763  5.4870633684812455
0.625  -1.905089613038859  5.389252585394531
0.63  -1.6889580779000237  5.291212387439816
0.635  -1.4716037609470374  5.192961469018988
0.64  -1.2531937974240432  5.094518530208324
0.645  -1.033896043793333  4.995902266857949
0.65  -0.8138789492518035  4.89713136069904
0.655  -0.5933114268483843  4.7982244694649285
0.66  -0.3723627243010059  4.699200217032152
0.665  -0.15120229461200063  4.600077183587575
0.67  0.07000033341917178  4.500873895827598
0.675  0.29107568468686484  4.401608817195567
0.68  0.511854467174915  4.3023003381633185
0.685  0.7321677011581523  4.202966766562941
0.6900000000000001  0.9518468481111539  4.103626317974635
0.6950000000000001  1.1707239392257551  4.004297106176663
0.7000000000000001  1.388631703439293  3.9049971336632336
0.705  1.6054036948758954  3.805744282236181
0.71  1.8208744196036504  3.706556303676237
0.715  2.034879461610981  3.607450810499649
0.72  2.247255607906286  3.508445266805819
0.725  2.4578409726455  3.4095569792216307
0.73  2.666475120193113  3.3108030879480115
0.735  2.8729991870228897  3.212200557914274
0.74  3.0772560023656292  3.1137661700456456
0.745  3.27909020751218  3.0155165126494006
0.75  3.4783483736809284  2.9174679729248667
0.755  3.6748791183603484  2.819636728602531
0.76  3.868533220038055  2.722038739717416
0.765  4.0591637312294315  2.6246897405217404
0.77  4.246626089719884  2.527605231541866
0.775  4.430778227936472  2.43080047178441
0.78  4.611480680365954  2.3342904710962893
0.785  4.78859668893776  2.23808998268341
0.79  4.961992306292266  2.1422134957925882
0.795  5.13153649685597  2.0466752285611753
0.8  5.297101235647337  1.9514891210388001
0.805  5.4585616047384065  1.8566688283854744
0.81  5.6157958872994325  1.7622277142502742
0.8150000000000001  5.7686856591554845  1.6681788443345775
0.8200000000000001  5.917115877785896  1.574534980143873
0.8250000000000001  6.060974968699569  1.4813085729319282
0.8300000000000001  6.200154909120929  1.388511757840984
0.835  6.334551308923668  1.2961563482416232
0.84  6.464063488751377  1.2042538302757042
0.845  6.588594555266289  1.1128153576057147
0.85  6.708051473469854  1.0218517463737495
0.855  6.822345136040771  0.9313734703731344
0.86  6.931390429638645  0.8413906564356867
0.865  7.035106298123729  0.7519130800373848
0.87  7.133415802645487  0.6629501611250728
0.875  7.226246178555286  0.5745109601667906
0.88  7.313528889100851  0.4866041744280739
0.885  7.395199675862619  0.3992381344764456
0.89  7.471198605894699  0.31242080091624713
0.895  7.541470115535578  0.2261597613557489
0.9  7.605963050856391  0.1404622276083043
0.905  7.664630704717024  0.05533503312928634
0.91  7.71743085040307  -0.029215369309722017
0.915  7.76432577181918  -0.11318290970812939
0.92  7.8052822902170025  -0.19656190268365548
0.925  7.840271787438674  -0.2793470490787454
0.93  7.86927022565933  -0.3615334373251623
0.935  7.892258163614937  -0.4431165445659493
0.9400000000000001  7.909220769304361  -0.5240922375341842
0.9450000000000001  7.9201478291573295  -0.6044567731880376
0.9500000000000001  7.92503375366262  -0.6842067991018582
0.9550000000000001  7.923877579453567  -0.7633393536130739
0.96  7.916682967850632  -0.8418518657249388
0.965  7.90345819986358  -0.9197421547652863
0.97  7.884216167658401  -0.9970084298015124
0.975  7.858974362496961  -1.073649288812346
0.98  7.827754859159904  -1.1496637176169209
0.985  7.790584296866192  -1.2250510885619341
0.99  7.747493856705195  -1.2998111589678243
0.995  7.698519235600005  -1.3739440693349756
1.0  7.643700616823251  -1.4474503413111717
1.0050000000000001  7.583082637089368  -1.5203308754216933
1.01  7.516714350249826  -1.592586948563488
1.0150000000000001  7.444649187620474  -1.664220211265142
1.02  7.366944914972721  -1.7352326847143669
1.025  7.283663586222746  -1.8056267575550493
1.03  7.1948714938555804  -1.875405182455828
1.035  7.100639116123268  -1.9445710724525171
1.04  7.0010410610588005  -2.0131278970667297
1.045  6.896156007350064  -2.081079478203159
1.05  6.78606664212017  -2.148429985828255
1.055  6.670859595663235  -2.215183933432967
1.06  6.550625373186644  -2.281346173282596
1.065  6.425458283613416  -2.346921891456698
1.07  6.295456365500252  -2.4119166026823042
1.075  6.1607213101293  -2.476336144963718
1.08  6.02135838183354  -2.540186674012351
1.085  5.877476335618104  -2.6034746574801506
1.09  5.729187332141537  -2.6662068690003347
1.095  5.5766068501234  -2.7283903820391817
1.1  5.419853596246161  -2.790032563562892
1.105  5.259049412621641  -2.8511410675234314
1.11  5.094319181893639  -2.9117238281676654
1.115  4.9257907300506965  -2.9717890531739
1.12  4.753594727024151  -3.0313452166203225
1.125  4.577864585148753  -3.090401051789712
1.1300000000000001  4.398736355564376  -3.148965543815109
1.135  4.216348622639201  -3.207047922170995
1.1400000000000001  4.030842396495953  -3.2646576530148828
1.145  3.842361003724516  -3.3218044313840824
1.1500000000000001  3.6510499763652433  -3.3784981732526806
1.155  3.457056939248978  -3.4347490074536964
1.16  3.260531495780641  -3.490567267471639
1.165  3.061625112254716  -3.5459634831105737
1.17  2.8604910007919377  -3.60094837204306
1.175  2.657284000987288  -3.6555328312453073
1.18  2.4521604603610117  -3.7097279283239364
1.185  2.245278113704296  -3.7635448927399264
1.19  2.0367959614130697  -3.816995106935215
1.195  1.8268741469032976  -3.870090097367666
1.2  1.615673833202421  -3.922841525460028
1.205  1.4033570788117296  -3.9752611784686445
1.21  1.1900867129353951  -4.027360960277681
1.215  0.9760262101719338  -4.079152882124745
1.22  0.7613395647646511  -4.130649053263693
1.225  0.5461911645075367  -4.181861671570626
1.23  0.33074566440372477  -4.232803014098957
1.235  0.11516786017322256  -4.283485427589584
1.24  -0.10037743829247092  -4.333921318942093
1.245  -0.31572553343229404  -4.384123145653144
1.25  -0.5307119663765264  -4.434103406227954
1.2550000000000001  -0.7451726430701169  -4.483874630571083
1.26  -0.9589439600614492  -4.533449370362478
1.2650000000000001  -1.1718629298603802  -4.582840189424972
1.27  -1.3837673057692514  -4.632059654089249
1.2750000000000001  -1.594495706091498  -4.681120323562422
1.28  -1.803887737622523  -4.730034740306306
1.285  -2.0117841183285363  -4.778815420431473
1.29  -2.2180267991193228  -4.827474844113156
1.295  -2.4224590846218645  -4.876025446035066
1.3  -2.6249257528625782  -4.924479605867208
1.305  -2.8252731737664702  -4.972849638783649
1.31  -3.0233494263830374  -5.021147786026309
1.315  -3.219004414748928  -5.069386205520683
1.32  -3.412089982299463  -5.117576962549487
1.325  -3.602460024741233  -5.1657320204900765
1.33  -3.7899706013000527  -5.213863231621548
1.335  -3.974480044259226  -5.261982328007288
1.34  -4.155849066704852  -5.310100912458795
1.345  -4.333940868395939  -5.358230449586429
1.35  -4.50862123967891  -5.4063822569428375
1.355  -4.679758663367287  -5.454567496264535
1.36  -4.847224414509232  -5.5027971648173475
1.365  -5.01089265796697  -5.551082086851019
1.37  -5.170640543734206  -5.599432905168564
1.375  -5.326348299918871  -5.647860072815541
1.3800000000000001  -5.477899323321046  -5.696373844894647
1.385  -5.62518026753704  -5.744984270510723
1.3900000000000001  -5.768081128523193  -5.793701184851324
1.395  -5.906495327554408  -5.8425342014078385
1.4000000000000001  -6.040319791514871  -5.891492704342116
1.405  -6.169455030460105  -5.940585841003401
1.41  -6.293805212392021  -5.9898225146003625
1.415  -6.4132782351903765  -6.0392113770328315
1.42  -6.527785795646584  -6.088760821887789
1.425  -6.637243455547931  -6.138478977604095
1.43  -6.741570704762476  -6.188373700810201
1.435  -6.840691021277392  -6.238452569839206
1.44  -6.934531928145684  -6.288722878425228
1.445  -7.0230250472988205  -6.339191629585221
1.45  -7.106106150184952  -6.389865529690031
1.455  -7.1837152051952184  -6.4407509827285345
1.46  -7.255796421842685  -6.4918540847684225
1.465  -7.322298291661434  -6.543180618617248
1.47  -7.383173625795402  -6.594736048687048
1.475  -7.438379589249518  -6.646525516065898
1.48  -7.487877731777935  -6.698553833799429
1.485  -7.531634015387017  -6.75082548238546
1.49  -7.569618838433122  -6.80334460548446
1.495  -7.601807056298053  -6.856115005848731
1.5  -7.6281779986274865  -6.909140141472794
1.5050000000000001  -7.648715483120512  -6.9624231219675545
1.51  -7.663407825860951  -7.0159667051604355
1.5150000000000001  -7.67224784818384  -7.069773293923816
1.52  -7.675232880073101  -7.123844933233682
1.5250000000000001  -7.672364760089145  -7.178183307460484
1.53  -7.663649831827731  -7.2327897378938495
1.5350000000000001  -7.649098936914148  -7.287665180502899
1.54  -7.6287274045394495  -7.342810223933429
1.545  -7.602555037548035  -7.398225087743468
1.55  -7.570606095088642  -7.45390962087822
1.555  -7.5329092718434  -7.509863300385456
1.56  -7.4894976738521635  -7.566085230372227
1.565  -7.440408790952074  -7.622574141203566
1.57  -7.3856844658547995  -7.67932838894377
1.575  -7.325370859886496  -7.736345955040621
1.58  -7.259518415418173  -7.793624446252864
1.585  -7.188181815016568  -7.8511610948209345
1.59  -7.111419937348168  -7.908952758881009
1.595  -7.0292958098716225  -7.966995923122056
1.6  -6.941876558356082  -8.0252866996856
1.605  -6.8492333532655545  -8.083820829307655
1.61  -6.751441353051639  -8.142593682702179
1.615  -6.6485796443995815  -8.201600262185186
1.62  -6.540731179474606  -8.260835203538678
1.625  -6.427982710218085  -8.320292778113096
1.6300000000000001  -6.3104247197451775  -8.379966895167177
1.635  -6.188151350897827  -8.439851104443731
1.6400000000000001  -6.061260332009104  -8.499938598979785
1.645  -5.929852899937249  -8.560222218149388
1.6500000000000001  -5.794033720429511  -8.620694450937249
1.655  -5.65391080587822  -8.681347439441142
1.6600000000000001  -5.509595430533209  -8.742172982601002
1.665  -5.361202043237078  -8.80316254015238
1.67  -5.2088481777511  -8.864307236801865
1.675  -5.052654360741897  -8.925597866621889
1.68  -4.8927440175006955  -8.987024897662177
1.685  -4.729243375468235  -9.048578476775125
1.69  -4.5622813656408825  -9.110248434651924
1.695  -4.39198952193429  -9.172024291066572
1.7  -4.218501878583087  -9.233895260324323
1.705  -4.041954865656232  -9.295850256911356
1.71  -3.862487202769279  -9.357877901342057
1.715  -3.68023979107591  -9.419966526200456
1.72  -3.495355603622788  -9.48210418237186
1.725  -3.3079795741526166  -9.54427864546107
1.73  -3.1182584844417383  -9.606477422393018
1.735  -2.9263408502594133  -9.668687758191837
1.74  -2.732376806037451  -9.730896642934137
1.745  -2.5365179883391304  -9.793090818872194
1.75  -2.3389174182179344  -9.855256787722574
1.7550000000000001  -2.1397293825569763  -9.917380818115792
1.76  -1.9391093144809988  -9.979448953202258
1.7650000000000001  -1.7372136729332515  -10.0
1.77  -1.534199821510609  -10.0
1.7750000000000001  -1.3302259066503186  -10.0
1.78  -1.1254507352626604  -10.0
1.7850000000000001  -0.920033651903781  -10.0
1.79  -0.7141344155838842  -10.0
1.795  -0.5079130763053619  -10.0
1.8  -0.301529851426651  -10.0
1.805  -0.09514500194676512  -10.0
1.81  0.1110812911940603  -10.0
1.815  0.3169890507019998  -10.0
1.82  0.5224186263107429  -10.0
1.825  0.7272108178606671  -10.0
1.83  0.9312069979815585  -10.0
1.835  1.1342492342842796  -10.0
1.84  1.336180410967581  -10.0
1.845  1.5368443497462496  -10.0
1.85  1.7360859300078113  -10.0
1.855  1.9337512081052783  -10.0
1.86  2.129687535694489  -10.0
1.865  2.3237436770247815  -10.0
1.87  2.5157699250934185  -10.0
1.875  2.7056182165739995  -10.0
1.8800000000000001  2.8931422454313296  -10.0
1.885  3.07819757513501  -10.0
1.8900000000000001  3.2606417493861453  -10.0
1.895  3.440334401272013  -10.0
1.9000000000000001  3.6171373607652253  -10.0
1.905  3.790914760484946  -10.0
1.9100000000000001  3.9615331396393776  -10.0
1.915  4.128861546069744  -10.0
1.92  4.292771636317917  -10.0
1.925  4.4531377736411155  -10.0
1.93  4.609837123898743  -10.0
1.935  4.762749749238292  -10.0
1.94  4.911758699508578  -10.0
1.945  5.056750101330815  -10.0
1.95  5.197613244759427  -10.0
1.955  5.334240667466709  -10.0
1.96  5.466528236387131  -10.0
1.965  5.594375226759319  -10.0
1.97  5.71768439850545  -10.0
1.975  5.83636206989017  -10.0
1.98  5.950318188403046  -10.0
1.985  6.059466398810926  -10.0
1.99  6.163724108328513  -10.0
1.995  6.2630125488579695  -10.0
2.0  6.357256836250431  -10.0
2.005  6.446386026544821  -10.0
2.0100000000000002  6.530333169141467  -10.0
2.015  6.609035356870585  -10.0
2.02  6.68243377291809  -10.0
2.025  6.750473734573484  -10.0
2.0300000000000002  6.813104733767183  -10.0
2.035  6.870280474367068  -10.0
2.04  6.921958906206603  -10.0
2.045  6.968102255819281  -10.0
2.05  7.008677053856833  -10.0
2.055  7.043654159171139  -10.0
2.06  7.0730087795423735  -10.0
2.065  7.096720489038499  -10.0
2.07  7.114773241993838  -10.0
2.075  7.12715538359705  -10.0
2.08  7.133859657081503  -10.0
2.085  7.134883207513587  -10.0
2.09  7.130227582177181  -10.0
2.095  7.119898727555156  -10.0
2.1  7.103906982911293  -10.0
2.105  7.082267070478786  -10.0
2.11  7.054998082263959  -10.0
2.115  7.022123463476561  -10.0
2.12  6.9836709926005405  -10.0
2.125  6.939672758121754  -10.0
2.13  6.890165131931762  -10.0
2.1350000000000002  6.835188739429285  -10.0
2.14  6.774788426343534  -10.0
2.145  6.70901322230609  -10.0
2.15  6.637916301200574  -10.0
2.1550000000000002  6.561554938321767  -10.0
2.16  6.479990464378324  -10.0
2.165  6.3932882163756375  -10.0
2.17  6.301517485417828  -10.0
2.1750000000000003  6.204751461470181  -10.0
2.18  6.103067175125773  -10.0
2.185  5.99654543642201  -10.0
2.19  5.885270770755683  -10.0
2.195  5.769331351946682  -10.0
2.2  5.648818932503125  -10.0
2.205  5.523828771142815  -10.0
2.21  5.3944595576275995  -10.0
2.215  5.260813334969988  -10.0
2.22  5.122995419072645  -10.0
2.225  4.981114315864025  -10.0
2.23  4.835281635994561  -10.0
2.235  4.6856120071605725  -10.0
2.24  4.53222298412414  -10.0
2.245  4.3752349564993525  -10.0
2.25  4.214771054376801  -10.0
2.255  4.050957051860133  -10.0
2.2600000000000002  3.883921268589761  -10.0
2.265  3.7137944693305913  -10.0
2.27  3.540709761701881  -10.0
2.275  3.364802492129078  -10.0
2.2800000000000002  3.186210140098468  -10.0
2.285  3.0050722107970813  -10.0
2.29  2.821530126221197  -10.0
2.295  2.6357271148383368  -10.0
2.3000000000000003  2.4478080998883605  -10.0
2.305  2.257919586410615  -10.0
2.31  2.066209547084693  -10.0
2.315  1.8728273069737065  -10.0
2.32  1.6779234272593953  -10.0
2.325  1.4816495880593257  -10.0
2.33  1.2841584704172784  -10.0
2.335  1.0856036375579532  -10.0
2.34  0.8861394154985434  -10.0
2.345  0.6859207731095052  -10.0
2.35  0.485103201717505  -10.0
2.355  0.2838425943436502  -10.0
2.36  0.08229512467094524  -10.0
2.365  -0.11938287416565263  -10.0
2.37  -0.32103503087255003  -10.0
2.375  -0.5225050572805047  -10.0
2.38  -0.7236368695232079  -10.0
2.3850000000000002  -0.9242747090179222  -10.0
2.39  -1.1242632631544613  -10.0
2.395  -1.3234477855993925  -10.0
2.4  -1.5216742161222259  -10.0
2.4050000000000002  -1.7187892998512018  -10.0
2.41  -1.914640705866388  -10.0
2.415  -2.10907714503868  -10.0
2.42  -2.3019484870234916  -10.0
2.4250000000000003  -2.493105876319004  -10.0
2.43  -2.682401847299265  -10.0
2.435  -2.86969043813358  -10.0
2.44  -3.054827303504105  -10.0
2.445  -3.23766982603488  -10.0
2.45  -3.4180772263463837  -10.0
2.455  -3.5959106716506386  -10.0
2.46  -3.7710333828036573  -10.0
2.465  -3.943310739732092  -10.0
2.47  -4.112610385153568  -10.0
2.475  -4.278802326510422  -10.0
2.48  -4.4417590360388015  -10.0
2.485  -4.601355548895765  -10.0
2.49  -4.757469559269232  -10.0
2.495  -4.909981514396756  -10.0
2.5  -5.058774706421051  -10.0
2.505  -5.203735362011534  -10.0
2.5100000000000002  -5.344752729683243  -10.0
2.515  -5.481719164746054  -10.0
2.52  -5.614530211819137  -10.0
2.525  -5.743084684847303  -10.0
2.5300000000000002  -5.867284744558008  -10.0
2.535  -5.987035973299676  -10.0
2.54  -6.1022474472041575  -10.0
2.545  -6.212831805618029  -10.0
2.5500000000000003  -6.31870531774976  -10.0
2.555  -6.419787946481821  -10.0
2.56  -6.516003409299139  -10.0
2.565  -6.607279236287308  -10.0
2.57  -6.693546825156562  -10.0
2.575  -6.774741493249544  -10.0
2.58  -6.850802526493425  -10.0
2.585  -6.92167322525926  -10.0
2.59  -6.987300947093798  -10.0
2.595  -7.047637146291486  -10.0
2.6  -7.102637410276803  -10.0
2.605  -7.152261492769624  -10.0
2.61  -7.196473343708604  -10.0
2.615  -7.235241135910369  -10.0
2.62  -7.268537288444555  -10.0
2.625  -7.296338486707569  -10.0
2.63  -7.318625699180183  -10.0
2.6350000000000002  -7.335384190856945  -9.963581731364672
2.64  -7.346603533337737  -9.901590812443256
2.645  -7.352277611574586  -9.839556211100197
2.65  -7.352404627269249  -9.777492171118967
2.6550000000000002  -7.346987098919827  -9.715412712746081
2.66  -7.336031858517174  -9.653331624964409
2.665  -7.319550044894512  -9.591262457920118
2.67  -7.297557093736172  -9.529218515508042
2.6750000000000003  -7.27007272425413  -9.46721284811995
2.68  -7.237120922543352  -9.405258245560333
2.685  -7.19872992162976  -9.34336723013391
2.69  -7.1549321782270185  -9.281552049909312
2.695  -7.105764346221007  -9.219824672162986
2.7  -7.05126724690326  -9.158196777007417
2.705  -6.991485835977317  -9.096679751207581
2.71  -6.926469167364207  -9.03528468218945
2.715  -6.85627035383601  -8.974022352244267
2.72  -6.780946524508705  -8.912903232932118
2.725  -6.700558779228031  -8.851937479688312
2.73  -6.615172139884378  -8.791134926635822
2.735  -6.524855498695282  -8.730505081607012
2.74  -6.429681563496305  -8.670057121377752
2.745  -6.329726800083386  -8.60979988711677
2.75  -6.225071371651991  -8.549741880053062
2.755  -6.115799075380865  -8.48989125736407
2.7600000000000002  -6.001997276210061  -8.430255828287061
2.765  -5.88375683786533  -8.370843050456179
2.77  -5.761172051182894  -8.31166002646728
2.775  -5.634340559790942  -8.252713500672796
2.7800000000000002  -5.503363283205922  -8.194009856208462
2.785  -5.368344337404013  -8.13555511225379
2.79  -5.229390952929761  -8.07735492152785
2.795  -5.0866133906061375  -8.019414568021986
2.8000000000000003  -4.94012485491176  -7.961738964970791
2.805  -4.790041405093137  -7.904332653062489
2.81  -4.636481864081186  -7.847199798889864
2.815  -4.479567725283352  -7.79034419364266
2.82  -4.319423057323977  -7.73376925204213
2.825  -4.156174406807261  -7.677478011518431
2.83  -3.98995069917877  -7.621473131631312
2.835  -3.820883137762614  -7.565756893734313
2.84  -3.6491051010532303  -7.510331200882783
2.845  -3.4747520383416606  -7.455197577985553
2.85  -3.297961363757823  -7.400357172200286
2.855  -3.1188723488109322  -7.345810753572021
2.86  -2.9376260135123586  -7.291558715914607
2.865  -2.7543650161651234  -7.237601077934328
2.87  -2.5692335419062386  -7.183937484595024
2.875  -2.382377190088203  -7.130567208723704
2.88  -2.193942860587771  -7.077489152855726
2.8850000000000002  -2.0040786391300314  -7.024701851318205
2.89  -1.8129336817172148  -6.97220347255038
2.895  -1.6206580982518977  -6.919991821659365
2.9  -1.4274028354453003  -6.868064343209673
2.9050000000000002  -1.2333195591013981  -6.816418124244722
2.91  -1.0385605358688532  -6.765049897538329
2.915  -0.843278514551686  -6.713956045074131
2.92  -0.6476266070719836  -6.66313260175069
2.9250000000000003  -0.45175816917642686  -6.612575259309945
2.93  -0.25582668097931066  -6.562279370486422
2.935  -0.05998562743506802  -6.512239953374641
2.94  0.13561162116726977  -6.462451696011826
2.945  0.33081192859439634  -6.412908961173128
2.95  0.5254625118519658  -6.36360579137614
2.955  0.7194110600674083  -6.31453591409173
2.96  0.9125058529808086  -6.2656927471575825
2.965  1.1045958789516819  -6.217069404391351
2.97  1.2955309523898624  -6.168658701399555
2.975  1.4851618305200023  -6.1204531615787126
2.98  1.6733403293888318  -6.072445022304812
2.985  1.8599194390251133  -6.024626241307226
2.99  2.0447534376635925  -5.976988503223038
2.995  2.227698004943755  -5.929523226327571
3.0  2.4086103339962834  -5.882221569436905
3.005  2.5873492423301547  -5.835074438977973
3.0100000000000002  2.7637752814342913  -5.788072496221796
3.015  2.937750845009354  -5.74120616467523
3.02  3.109140275745623  -5.694465637626546
3.025  3.2778099705641432  -5.6478408858401234
3.0300000000000002  3.443628484240244  -5.601321665395304
3.035  3.6064666313285576  -5.554897525664518
3.04  3.7661975863112835  -5.508557817425588
3.045  3.922696981891996  -5.462291701103085
3.0500000000000003  4.0758430053588075  -5.416088155133548
3.055  4.2255164929427815  -5.369935984449256
3.06  4.3716010220983375  -5.323823829075188
3.065  4.513983001634555  -5.277740172833719
3.0700000000000003  4.652551759627569  -5.231673352151629
3.075  4.787199629046108  -5.185611564963744
3.08  4.917822031024566  -5.139542879707641
3.085  5.044317555718466  -5.0934552444037475
3.09  5.166588040680755  -5.047336495815075
3.095  5.284538646697809  -5.001174368680786
3.1  5.398077931027126  -4.954956505017793
3.105  5.507117917980013  -4.908670463484475
3.11  5.611574166794769  -4.862303728800637
3.115  5.7113658367484215  -4.815843721217709
3.12  5.806415749456446  -4.769277806033306
3.125  5.896650448312862  -4.722593303143942
3.13  5.982000255024827  -4.675777496630118
3.1350000000000002  6.06239932319817  -4.628817644367525
3.14  6.1377856889328815  -4.581700987658383
3.145  6.208101318389617  -4.534414760876806
3.15  6.2732921522905984  -4.486946201122142
3.1550000000000002  6.3333081473210555  -4.439282557874102
3.16  6.388103314399222  -4.391411102643707
3.165  6.4376357537858215  -4.34331913861384
3.17  6.481867687006156  -4.29499401026333
3.1750000000000003  6.520765485560355  -4.246423112968612
3.18  6.554299696400128  -4.19759390257671
3.185  6.58244506415253  -4.148493904943614
3.19  6.6051805500739755  -4.09911072543206
3.1950000000000003  6.6224893477202595  -4.0494320583625365
3.2  6.63435889532081  -3.999445696411785
3.205  6.640780884848055  -3.94913953995262
3.21  6.64175126777526  -3.8985016063293942
3.215  6.637270257518832  -3.8475200390629802
3.22  6.627342328563633  -3.796183116979783
3.225  6.611976212272417  -3.7444792632586745
3.23  6.591184889383033  -3.692397054390348
3.235  6.564985579199763  -3.6399252290434236
3.24  6.533399725487454  -3.587052696831501
3.245  6.49645297908001  -3.5337685469759172
3.25  6.4541751772169995  -3.480062056858475
3.255  6.406600319624935  -3.4259227004587967
3.2600000000000002  6.353766541362228  -3.371340156671079
3.265  6.295716082449243  -3.3163043174948643
3.27  6.232495254307454  -3.260805296094671
3.275  6.164154403034287  -3.2048334347233354
3.2800000000000002  6.090747869542316  -3.148379312504251
3.285  6.012333946594457  -3.0914337530672684
3.29  5.928974832768661  -3.033987832033627
3.295  5.840736583388307  -2.976032884345209
3.3000000000000003  5.747689058456909  -2.9175605114332086
3.305  5.6499058676377345  -2.858562588222055
3.31  5.547464312321474  -2.79903126996372
3.315  5.44044532482753  -2.738958998898507
3.3200000000000003  5.328933404786015  -2.6783385107376705
3.325  5.213016552750864  -2.617162840964128
3.33  5.092786201095143  -2.555425330946993
3.335  4.968337142243426  -2.493119633866111
3.34  4.839767454296503  -2.43023972044298
3.345  4.707178424107042  -2.3667798844741337
3.35  4.570674467866147  -2.3027347481637372
3.355  4.430363049262326  -2.2380992672518167
3.36  4.286354595277563  -2.1728687359348777
3.365  4.138762409685294  -2.107038791575863
3.37  3.9877025843184946  -2.0406054192003875
3.375  3.8332939081765067  -1.9735649557763142
3.38  3.675657774441658  -1.9059140942739745
3.3850000000000002  3.514918085478387  -1.8376498875045433
3.39  3.3512011558884454  -1.768769751733895
3.395  3.184635613697979  -1.6992714700697371
3.4  3.0153522997536153  -1.629153195619911
3.4050000000000002  2.8434841654054175  -1.5584134544195964
3.41  2.6691661685570205  -1.4870511481258029
3.415  2.492535168163365  -1.415065556477164
3.42  2.313729817258359  -1.3424563395175388
3.4250000000000003  2.1328904545959766  -1.2692235395819749
3.43  1.9501589949887532  -1.1953675830437365
3.435  1.7656788184291399  -1.1208892818211407
3.44  1.5795946580803952  -1.0457898346432588
3.4450000000000003  1.392052487223399  -0.9700708280737363
3.45  1.2031994052483688  -0.8937342372918096
3.455  1.0131835227789823  -0.8167824266300905
3.46  0.8221538460194254  -0.7392181498688042
3.465  0.6302601604136868  -0.6610445502859844
3.47  0.43765291370748133  -0.5822651604637861
3.475  0.24448309850450647  -0.5028839018508494
3.48  0.050902134407189326  -0.42290508408089844
3.485  -0.1429382501650643  -0.34233340404795454
3.49  -0.3368861363894746  -0.2611739447388146
3.495  -0.5307895335922539  -0.1794321738232214
3.5  -0.7244964978482745  -0.09711394200267742
3.505  -0.917855250535595  -0.014225481118967043
3.5100000000000002  -1.1107142967523642  0.0692265979767811
3.515  -1.302922543504613  0.1532353077928703
3.52  -1.4943294175727435  0.23779328680254175
3.525  -1.684784982964906  0.3228928022844827
3.5300000000000002  -1.874140057866572  0.40852575339664643
3.535  -2.062246330994668  0.49468367448150696
3.54  -2.2489564772664603  0.581357738600857
3.545  -2.4341242726930643  0.6685387612979186
3.5500000000000003  -2.6176047084080505  0.7562172045843906
3.555  -2.79925410374298  0.8443831811502156
3.56  -2.9789302182618353  0.9330264587933665
3.565  -3.1564923626669525  1.022136465066875
3.5700000000000003  -3.3318015084910106  1.1117022921405073
3.575  -3.504720396488916  1.2017127018737779
3.58  -3.6751136436464527  1.2921561310975678
3.585  -3.8428478487215223  1.3830206971007253
3.59  -4.007791696236575  1.4742942033186432
3.595  -4.169816058841516  1.5659641452200184
3.6  -4.328794097966932  1.658017716388373
3.605  -4.484601362690463  1.7504418147945804
3.61  -4.6371158867383455  1.8432230492563604
3.615  -4.786218283547859  1.936347746081067
3.62  -4.93179183931598  2.0298019558873595
3.625  -5.073722603962561  2.123571460601827
3.63  -5.211899479937157  2.217641780626117
3.6350000000000002  -5.3462143088003415  2.3119981821701368
3.64  -5.4765619555126355  2.4066256847468384
3.645  -5.6028403903653805  2.501509068824038
3.65  -5.724950768489764  2.5966328836284545
3.6550000000000002  -5.842797506882697  2.691981455097129
3.66  -5.956288358889187  2.787538893971413
3.665  -6.065334486083781  2.8832891040285373
3.67  -6.169850527495123  2.979215790445476
3.6750000000000003  -6.269754666119674  3.0753024682902566
3.68  -6.364968692673261  3.171532471135168
3.685  -6.4554180665307905  3.2678889597867387
3.69  -6.541031973806663  3.364354931127068
3.6950000000000003  -6.621743382531129  3.460913227060925
3.7  -6.697489094879354  3.557546543563179
3.705  -6.768209796412933  3.6542374398210047
3.71  -6.833850102295495  3.7509683474651663
3.715  -6.894358600446415  3.8477215798845252
3.72  -6.949687891599378  3.944479341618372
3.725  -6.999794626234346  4.041223737820314
3.73  -7.044639538354625  4.137936783788264
3.735  -7.084187476082478  4.234600414554427
3.74  -7.118407429049678  4.331196494529342
3.745  -7.14727255256176  4.4277068271940845
3.75  -7.170760188517101  4.524113164834638
3.755  -7.1888518830646815  4.6203972183123785
3.7600000000000002  -7.201533400986721  4.716540666864553
3.765  -7.208794736795097  4.812525167928813
3.77  -7.2106301225328995  4.908332366985715
3.775  -7.207038032275027  5.003943907412896
3.7800000000000002  -7.198021183324382  5.099341440345171
3.785  -7.183586534102685  5.194506634534042
3.79  -7.16374527873758  5.289421186200886
3.795  -7.138512838350189  5.384066828877502
3.8000000000000003  -7.107908849049919  5.478425343227948
3.805  -7.071957146645806  5.572478566845653
3.81  -7.030685748086255  5.666208404019682
3.815  -6.984126829641654  5.759596835464211
3.8200000000000003  -6.9323167018466725  5.852625928004968
3.825  -6.875295781221832  5.945277844216878
3.83  -6.8131085587962055  6.037534852006873
3.835  -6.745803565455685  6.129379334135796
3.84  -6.673433334143829  6.220793797673733
3.845  -6.596054358944428  6.311760883382766
3.85  -6.513727051077861  6.402263375021316
3.855  -6.4265156918449815  6.492284208564487
3.86  -6.334488382555511  6.581806481334553
3.865  -6.2377169914795605  6.6708134610359044
3.87  -6.136277097863458  6.759288594689045
3.875  -6.030247933053496  6.847215517457987
3.88  -5.9197123187731195  6.934578061365493
3.8850000000000002  -5.804756602601758  7.0213602638910455
3.89  -5.685470590705081  7.107546376445875
3.895  -5.561947477869077  7.193120872720133
3.9  -5.434283774892402  7.278068456896834
3.9050000000000002  -5.3025792333930415  7.362374071727568
3.91  -5.166936768088087  7.446022906464917
3.915  -5.027462376606639  7.529000404646823
3.92  -4.884265056898219  7.611292271727974
3.9250000000000003  -4.737456722301013  7.6928844825534295
3.93  -4.587152114335614  7.773763288670078
3.935  -4.433468713292062  7.853915225471237
3.94  -4.276526646679933  7.933327119169986
3.9450000000000003  -4.1164485956119865  8.011986093597084
3.95  -3.95335969919475  8.089879576819026
3.955  -3.7873874569997747  8.166995307572401
3.96  -3.6186616296914873  8.243321341510452
3.9650000000000003  -3.447314137889062  8.318846057257968
3.97  -3.2734789593404754  8.393558162270816
3.975  -3.097292024488792  8.467446698496532
3.98  -2.918891110512064  8.540501047832471
3.985  -2.7384157339185515  8.612710937378019
3.99  -2.55600704178144  8.684066444477912
3.995  -2.3718077016969215  8.754558001553237
4.0  -2.1859617905515463  8.824176400717429
4.005  -1.9986146821849782  8.892912798174255
4.01  -1.8099129340357258  8.96075871839514
4.015  -1.620004172857812  9.027706058073226
4.0200000000000005  -1.4290369795968467  9.093747089851913
4.025  -1.2371607735158134  9.158874465825267
4.03  -1.0445256956595332  9.223081220808623
4.035  -0.8512824917491687  9.28636077537685
4.04  -0.6575823945977202  9.348706938668927
4.045  -0.463577006137295  9.410113910956754
4.05  -0.26941817915073285  9.470576285976852
4.055  -0.07525789879862987  9.530089053023476
4.0600000000000005  0.1187518359653006  9.588647598801824
4.065  0.3124591309990808  9.646247709040333
4.07  0.5057123155047624  9.702885569861085
4.075  0.6983600603964578  9.7585577689074
4.08  0.8902514964115114  9.813261296228054
4.085  1.0812363318737097  9.866993544917687
4.09  1.271164970016119  9.919752311512813
4.095  1.459888625773121  9.971535796143508
4.1  1.6472594419500088  10.0
4.105  1.8331306046806406  10.0
4.11  2.017356458082315  10.0
4.115  2.199792618019774  10.0
4.12  2.3802960848890002  10.0
4.125  2.5587253553333165  10.0
4.13  2.7349405328048397  10.0
4.135  2.9088034368854956  10.0
4.14  3.080177711281884  10.0
4.1450000000000005  3.248928930410761  10.0
4.15  3.414924704491173  10.0
4.155  3.578034783062454  10.0
4.16  3.7381311568467415  10.0
4.165  3.89508815787673  10.0
4.17  4.048782557811221  10.0
4.175  4.199093664361096  10.0
4.18  4.345903415751321  10.0
4.1850000000000005  4.489096473144709  10.0
4.19  4.62856031095596  10.0
4.195  4.764185304985123  10.0
4.2  4.895864818302159  10.0
4.205  5.023495284815133  10.0
4.21  5.146976290457433  10.0
4.215  5.2662106519300655  10.0
4.22  5.381104492938117  10.0
4.225  5.491567317861342  10.0
4.23  5.597512082801894  10.0
4.235  5.69885526395307  10.0
4.24  5.795516923236277  10.0
4.245  5.88742077115446  10.0
4.25  5.974494226812949  10.0
4.255  6.056668475060789  10.0
4.26  6.133878520707919  10.0
4.265  6.2060632397754265  10.0
4.2700000000000005  6.273165427739111  10.0
4.275  6.335131844728045  10.0
4.28  6.391913257643117  10.0
4.285  6.4434644791621425  10.0
4.29  6.489744403600872  10.0
4.295  6.53071603960186  10.0
4.3  6.566346539625149  10.0
4.305  6.596607226217634  10.0
4.3100000000000005  6.621473615040167  10.0
4.315  6.640925434634223  10.0
4.32  6.654946642912212  10.0
4.325  6.663525440358335  10.0
4.33  6.666654279929187  10.0
4.335  6.664329873646069  10.0
4.34  6.656553195873417  10.0
4.345  6.643329483280316  10.0
4.3500000000000005  6.624668231484775  10.0
4.355  6.60058318838286  10.0
4.36  6.571092344167398  10.0
4.365  6.5362179180436115  10.0
4.37  6.495986341651546  10.0
4.375  6.450428239207597  10.0
4.38  6.399578404380299  10.0
4.385  6.343475773917665  10.0
4.39  6.282163398046299  10.0
4.3950000000000005  6.215688407664619  10.0
4.4  6.144101978355447  10.0
4.405  6.067459291245191  10.0
4.41  5.985819490739734  10.0
4.415  5.899245639169451  10.0
4.42  5.807804668377869  10.0
4.425  5.711567328291467  10.0
4.43  5.610608132509752  10.0
4.4350000000000005  5.505005300957685  10.0
4.44  5.39484069964454  10.0
4.445  5.280199777575258  10.0
4.45  5.161171500863187  10.0
4.455  5.037848284094897  10.0
4.46  4.9103259189996535  10.0
4.465  4.778703500478999  10.0
4.47  4.643083350052942  10.0
4.4750000000000005  4.503570936782322  10.0
4.48  4.360274795727998  10.0
4.485  4.213306444009746  10.0
4.49  4.06278029453007  10.0
4.495  3.9088135674291964  10.0
4.5  3.751526199339587  10.0
4.505  3.5910407505104924  10.0
4.51  3.4274823098737257  10.0
4.515  3.2609783981246916  10.0
4.5200000000000005  3.0916588688928583  10.0
4.525  2.919655808078967  10.0
4.53  2.7451034314358753  10.0
4.535  2.56813798047295  10.0
4.54  2.3888976167644893  10.0
4.545  2.2075223147434353  10.0
4.55  2.024153753064128  10.0
4.555  1.8389352046174388  10.0
4.5600000000000005  1.6520114252840032  10.0
4.565  1.4635285415115944  10.0
4.57  1.2736339368033027  10.0
4.575  1.0824761372049427  10.0
4.58  0.890204695880412  10.0
4.585  0.6969700768638841  10.0
4.59  0.502923538079753  10.0
4.595  0.3082170137201714  10.0
4.6000000000000005  0.11300299607217723  10.0
4.605  -0.08256558311465184  10.0
4.61  -0.2783354716274832  10.0
4.615  -0.4741532160645768  10.0
4.62  -0.6698652812916144  10.0
4.625  -0.8653181699880381  10.0
4.63  -1.0603585421897965  10.0
4.635  -1.2548333347365574  10.0
4.64  -1.4485898805297759  10.0
4.6450000000000005  -1.641476027509935  10.0
4.65  -1.8333402572595077  10.0
4.655  -2.0240318031406144  10.0
4.66  -2.213400767874823  10.0
4.665  -2.4012982404737375  10.0
4.67  -2.587576412430118  10.0
4.675  -2.772088693078489  10.0
4.68  -2.9546898240358153  10.0
4.6850000000000005  -3.1352359926335835  10.0
4.69  -3.3135849442522267  10.0
4.695  -3.4895960934714614  10.0
4.7  -3.6631306339493612  10.0
4.705  -3.8340516469446744  10.0
4.71  -4.002224208398398  10.0
4.715  -4.167515494490487  10.0
4.72  -4.329794885590191  10.0
4.7250000000000005  -4.4889340685183265  10.0
4.73  -4.6448071370424  10.0
4.735  -4.797290690525722  10.0
4.74  -4.946263930654013  10.0
4.745  -5.091608756163505  10.0
4.75  -5.233209855497272  10.0
4.755  -5.370954797316728  10.0
4.76  -5.504734118798322  10.0
4.765  -5.634441411645716  10.0
4.7700000000000005  -5.759973405750957  10.0
4.775  -5.881230050438405  10.0
4.78  -5.998114593228668  10.0
4.785  -6.11053365606035  10.0
4.79  -6.218397308909891  10.0
4.795  -6.321619140752272  10.0
4.8  -6.420116327806423  10.0
4.805  -6.513809699011991  10.0
4.8100000000000005  -6.602623798686212  10.0
4.815  -6.68648694631121  10.0
4.82  -6.765331293405176  10.0
4.825  -6.839092877432309  10.0
4.83  -6.907711672709036  10.0
4.835  -6.971131638266574  10.0
4.84  -7.0293007626316495  10.0
4.845  -7.082171105490251  10.0
4.8500000000000005  -7.129698836201064  10.0
4.855  -7.171844269128246  10.0
4.86  -7.208571895765147  10.0
4.865  -7.2398504136234765  10.0
4.87  -7.265652751864595  10.0
4.875  -7.285956093652364  10.0
4.88  -7.300741895209356  10.0
4.885  -7.309995901560935  10.0
4.89  -7.313708158954052  10.0
4.8950000000000005  -7.311873023940457  10.0
4.9  -7.30448916911634  10.0
4.905  -7.291559585513205  10.0
4.91  -7.273091581637258  10.0
4.915  -7.249096779157184  10.0
4.92  -7.219591105242898  10.0
4.925  -7.18459478156028  10.0
4.93  -7.144132309929639  10.0
4.9350000000000005  -7.098232454658123  10.0
4.94  -7.046928221559043  10.0
4.945  -6.990256833673319  10.0
4.95  -6.928259703711223  10.0
4.955  -6.860982403234871  10.0
4.96  -6.788474628604413  10.0
4.965  -6.710790163713664  10.0
4.97  -6.627986839542996  10.0
4.9750000000000005  -6.540126490560238  10.0
4.98  -6.44727490800237  10.0
4.985  -6.349501790073469  10.0
4.99  -6.2468806890966615  10.0
4.995  -6.139488955660353  10.0
5.0  -6.027407679800923  10.0
