0.0  0.0  0.0
0.01  0.9649175634243778  -2.018402897049242
0.02  1.6007063767166143  -3.1768472593075767
0.03  1.9950717136943446  -3.7586611196235107
0.04  2.268109047545178  -4.057874727783218
0.05  2.4781578558548123  -4.211564457215113
0.06  2.6524092606114897  -4.28258740073262
0.07  2.804555469678933  -4.302347762292812
0.08  2.94208392432783  -4.287961754759182
0.09  3.069386684319523  -4.249470544917858
0.1  3.189192108605845  -4.193132440614928
0.11  3.303276071953901  -4.123048587792111
0.12  3.4128395719324787  -4.042022310363717
0.13  3.518720912780289  -3.9520403449812487
0.14  3.621520830281669  -3.8545558470694656
0.15  3.7216793868396847  -3.750661913076168
0.16  3.819524937761458  -3.6412018597471127
0.17  3.915306290863848  -3.52684152394961
0.18  4.009214406930401  -3.408117968168706
0.19  4.101397396063553  -3.285473085037468
0.2  4.191971102937539  -3.1592772787019254
0.21  4.28102672122762  -3.029846470579297
0.22  4.368636364982859  -2.8974545188019785
0.23  4.454857208275484  -2.762342426500405
0.24  4.539734604286517  -2.624725262879631
0.25  4.623304465545794  -2.484797429600594
0.26  4.7055951016512605  -2.3427367129010563
0.27  4.786628653420251  -2.198707432959037
0.28  4.866422223228997  -2.0528629139873535
0.29  4.944988774102274  -1.9053474375295096
0.3  5.022337850977884  -1.7562977985165127
0.31  5.098476163925186  -1.605844553066593
0.32  5.173408063247617  -1.4541130249519127
0.33  5.2471359292088255  -1.3012241215618683
0.34  5.319660493817008  -1.1472949983237777
0.35000000000000003  5.390981108148705  -0.9924396017016324
0.36  5.461095965720221  -0.8367691142476802
0.37  5.530002290158893  -0.6803923201413802
0.38  5.597696493700953  -0.5234159057962248
0.39  5.664174311712443  -0.36594470714485927
0.4  5.729430917396675  -0.20808191290746628
0.41000000000000003  5.793461020044086  -0.04992923134610604
0.42  5.856258949544623  0.10841297341021837
0.43  5.9178187293793805  0.2668455705076809
0.44  5.9781341399072385  0.4252705729089108
0.45  6.0371987734409425  0.5835910659815561
0.46  6.095006082348415  0.7417111513587483
0.47000000000000003  6.151549421205646  0.8995359037628307
0.48  6.20682208385717  1.05697133886316
0.49  6.260817336100977  1.2139243905489399
0.5  6.31352844460045  1.3703028962524926
0.51  6.364948702531758  1.5260155891682359
0.52  6.4150714523972105  1.6809720963861865
0.53  6.463890106370357  1.8350829421031434
0.54  6.5113981644845556  1.9882595551950013
0.55  6.557589230931654  2.1404142805344435
0.56  6.602457028699377  2.291460393522852
0.5700000000000001  6.645995412744111  2.441312117376686
0.58  6.688198381868691  2.589884642768919
0.59  6.729060089451969  2.7370941494773344
0.6  6.768574853157331  2.8828578297351157
0.61  6.806737163730848  3.0270939130163965
0.62  6.8435416929854185  3.169721692021312
0.63  6.878983301055167  3.3106615496525076
0.64  6.9130570429938185  3.449834986798675
0.65  6.945758174781797  3.5871646507610353
0.66  6.977082158798962  3.722574364176437
0.67  7.007024668813176  3.855989154305984
0.68  7.035581594529005  3.987335282571611
0.6900000000000001  7.0627490457358055  4.116540274234598
0.7000000000000001  7.0885233560899605  4.243532948120355
0.71  7.11290108656219  4.368243446302717
0.72  7.135879028577468  4.490603263669046
0.73  7.157454206872061  4.610545277294278
0.74  7.177623882089667  4.728003775558452
0.75  7.196385553136251  4.842914486947621
0.76  7.213736959311234  4.95521460848309
0.77  7.229676082230828  5.064842833728249
0.78  7.24420114755779  5.171739380326257
0.79  7.2573106265504155  5.275846017025421
0.8  7.269003237442403  5.3771060901522345
0.81  7.279277946664084  5.475464549495057
0.8200000000000001  7.288133969914502  5.570867973563989
0.8300000000000001  7.295570773093065  5.663264594194933
0.84  7.301588073098539  5.752604320468047
0.85  7.306185838502636  5.838838761912809
0.86  7.309364290104673  5.921921250973809
0.87  7.311123901373335  6.001806864713055
0.88  7.311465398780993  6.07845244572629
0.89  7.310389762035635  6.15181662225219
0.9  7.3078982242150055  6.221859827454796
0.91  7.303992271807257  6.28854431786084
0.92  7.298673644662017  6.3518341909348095
0.93  7.291944335855523  6.4116954017758045
0.9400000000000001  7.2838065914731915  6.468095778921363
0.9500000000000001  7.274262910312755  6.5210050392444145
0.96  7.263316043510881  6.570394801930584
0.97  7.2509689940959605  6.616238601524034
0.98  7.237225016469629  6.6585119000308755
0.99  7.222087615819361  6.697192098070154
1.0  7.205560547464372  6.73225854506321
1.01  7.187647816136897  6.7636925484530614
1.02  7.168353675200819  6.791477381946224
1.03  7.147682625809479  6.8155982927702246
1.04  7.125639416004424  6.836042507940714
1.05  7.102229039756726  6.852799239532917
1.06  7.077456735952454  6.865859688952795
1.07  7.051327987323758  6.875217050204047
1.08  7.02384851932701  6.880866512147735
1.09  6.995024298969309  6.882805259751948
1.1  6.9648615335846555  6.881032474329694
1.11  6.93336666956103  6.875549332763671
1.12  6.900546391019522  6.866359005717391
1.1300000000000001  6.866407618446661  6.853466654832593
1.1400000000000001  6.830957507281024  6.836879428913597
1.1500000000000001  6.794203446455158  6.816606459099791
1.16  6.756153056893825  6.792658853028067
1.17  6.71681418996954  6.765049687987595
1.18  6.6761949259163185  6.7337940030698835
1.19  6.634303572202575  6.698908790317673
1.2  6.591148661863999  6.6604129848767295
1.21  6.546738951797303  6.618327454155193
1.22  6.501083421015641  6.572674985995668
1.23  6.454191268866501  6.523480275865722
1.24  6.406071913212857  6.470769913073113
1.25  6.35673498857833  6.4145723660124565
1.26  6.3061903442571055  6.354917966450639
1.27  6.254448042389323  6.291838892858754
1.28  6.20151835600263  6.22536915279887
1.29  6.147411767020609  6.155544564374388
1.3  6.09213896423872  6.082402736753278
1.31  6.035710841268448  6.005983049773955
1.32  5.978138494450244  5.926326632643982
1.33  5.919433220735964  5.843476341742318
1.34  5.85960651554134  5.75747673753626
1.35  5.798670070569136  5.668374060624664
1.36  5.7366357716035665  5.576216206919488
1.37  5.673515696276552  5.48105270197816
1.3800000000000001  5.609322111806385  5.382934674499652
1.3900000000000001  5.544067472709362  5.281914828997629
1.4000000000000001  5.477764418484919  5.178047417664377
1.41  5.410425771274838  5.071388211439716
1.42  5.3420645334970045  4.961994470299402
1.43  5.2726938854542915  4.849924912778028
1.44  5.202327182919025  4.73523968474168
1.45  5.130977954693575  4.618000327426133
1.46  5.0586599001475285  4.498269744756603
1.47  4.985386886731974  4.376112169965533
1.48  4.911172947471326  4.2515931315251825
1.49  4.83603227843318  4.124779418412138
1.5  4.759979236176682  3.99573904472127
1.51  4.683028335179815  3.864541213646848
1.52  4.605194245246097  3.7312562808489953
1.53  4.526491788891124  3.595955717223873
1.54  4.446935938709332  3.4587120710963233
1.55  4.366541814721515  3.3195989298539788
1.56  4.285324681703405  3.178690881042136
1.57  4.203299946495811  3.036063472938986
1.58  4.120483155296686  2.8917931746309935
1.59  4.036889990935516  2.745957335608552
1.6  3.9525362701304703  2.5986341449022263
1.61  3.86743794072865  2.449902589780173
1.62  3.7816110789298683  2.2998424140275042
1.6300000000000001  3.69507188649431  2.1485340758286564
1.6400000000000001  3.607836687934455  1.9960587052739407
1.6500000000000001  3.519921927691637  1.8424980615117106
1.6600000000000001  3.431344167297608  1.6879344895677744
1.67  3.342120082521455  1.5324508768537901
1.68  3.2522664605022387  1.3761306093866381
1.69  3.1618001968676954  1.2190575277408613
1.7  3.0707382928393545  1.061315882756423
1.71  2.9790978523244167  0.9029902910241802
1.72  2.8868960789947176  0.7441656901715943
1.73  2.794150273353154  0.584927293971313
1.74  2.700877829787828  0.4253605472953469
1.75  2.607096233614328  0.26555108093771906
1.76  2.512823058106402  0.10558466632844997
1.77  2.4180759615153904  -0.05445282983809126
1.78  2.3228726840786953  -0.21447549103741692
1.79  2.227231045017665  -0.37439739638863323
1.8  2.131168939525116  -0.5341326661444843
1.81  2.0347043357429127  -0.6935955071745338
1.82  1.9378552717298225  -0.8527002584183023
1.83  1.8406398524200067  -1.0113614362851326
1.84  1.7430762465724408  -1.1694937799775893
1.85  1.6451826837115409  -1.3270122967151867
1.86  1.5469774510593495  -1.4838323068352826
1.87  1.4484788904595378  -1.639869488747993
1.8800000000000001  1.349705395293541  -1.7950399237220482
1.8900000000000001  1.2506754073891417  -1.9492601404785468
1.9000000000000001  1.1514074139217463  -2.1024471595696457
1.9100000000000001  1.0519199443087226  -2.2545185375192993
1.92  0.9522315670970454  -2.40539241070325
1.93  0.8523608868445606  -2.554987538945601
1.94  0.7523265409951686  -2.7032233488093067
1.95  0.6521471967482182  -2.8500199765582375
1.96  0.5518415479224088  -2.9952983107683937
1.97  0.45142831181450044  -3.1389800345661447
1.98  0.3509262260531229  -3.2809876674714413
1.99  0.2503540454480035  -3.4212446068241475
2.0  0.14973053883486354  -3.559675168771828
2.0100000000000002  0.04907448591634172  -3.6962046287974717
2.02  -0.051595325900762226  -3.8307592617658646
2.0300000000000002  -0.15226010467170562  -3.9632663814675984
2.04  -0.2529010570830086  -4.093654379639698
2.05  -0.3534993916245341  -4.221852764442416
2.06  -0.4540363217640002  -4.347792198371704
2.07  -0.5544930691236277  -4.471404535587198
2.08  -0.6548508666587006  -4.592622858636002
2.09  -0.7550909618376077  -4.7113815145524365
2.1  -0.8551946198231279  -4.827616150314704
2.11  -0.9551431266545838  -4.941263747639174
2.12  -1.0549177924306186  -5.052262657093861
2.13  -1.1544999544921426  -5.160552631512396
2.14  -1.2538709806052666  -5.26607485869071
2.15  -1.353012272143759  -5.3687719933484
2.16  -1.4519052672708113  -5.468588188337646
2.17  -1.5505314441196183  -5.565469125082397
2.18  -1.6488723239726248  -5.659362043231314
2.19  -1.7469094744388827  -5.75021576950806
2.2  -1.8446245126293508  -5.837980745743048
2.21  -1.9419991083296346  -5.922609056071084
2.22  -2.0390149871699337  -6.004054453279787
2.23  -2.1356539337916938  -6.082272384294014
2.24  -2.231897795010737  -6.157220014782011
2.25  -2.3277284829763882  -6.228856252869384
2.2600000000000002  -2.423127978326277  -6.297141771947387
2.27  -2.5180783333363936  -6.362039032562603
2.2800000000000002  -2.612561675066077  -6.423512303375332
2.29  -2.706560208497434  -6.4815276811746685
2.3000000000000003  -2.8000562196689134  -6.536053109938561
2.31  -2.89303207880254  -6.587058398927689
2.32  -2.985470243424445  -6.634515239802493
2.33  -3.077353261478285  -6.6783972227530715
2.34  -3.168663774431066  -6.7186798516323
2.35  -3.259384520371074  -6.755340558082904
2.36  -3.3494983370973364  -6.788358714649783
2.37  -3.4389881652003136  -6.817715646869376
2.38  -3.527837051133258  -6.843394644328382
2.39  -3.616028150273914  -6.865380970684685
2.4  -3.703544729976015  -6.88366187264381
2.41  -3.790370172610179  -6.8982265878848406
2.42  -3.876487978593695  -6.909066351930217
2.43  -3.961881769408811  -6.916174403954393
2.44  -4.046535290608926  -6.919545991526873
2.45  -4.130432414812359  -6.919178374285717
2.46  -4.213557144683072  -6.915070826538109
2.47  -4.295893615897992  -6.907224638785244
2.48  -4.377426100100273  -6.895643118169198
2.49  -4.45813900783822  -6.880331587840174
2.5  -4.538016891489119  -6.861297385242962
2.5100000000000002  -4.617044448167694  -6.83854985932208
2.52  -4.69520652261851  -6.812100366645618
2.5300000000000002  -4.77248811009192  -6.781962266448399
2.54  -4.8488743592029095  -6.7481509145956124
2.5500000000000003  -4.924350574772469  -6.710683656468683
2.56  -4.998902220650783  -6.669579818775713
2.57  -5.072514922521846  -6.624860700289372
2.58  -5.145174470688892  -6.576549561515781
2.59  -5.216866822840059  -6.524671613298421
2.6  -5.287578106793835  -6.4692540043616695
2.61  -5.3572946232236305  -6.41032580779931
2.62  -5.426002848360986  -6.347918006513657
2.63  -5.493689436676793  -6.2820634776118345
2.64  -5.560341223540032  -6.212796975765996
2.65  -5.62594522785336  -6.140155115545186
2.66  -5.6904886546650975  -6.064176352726736
2.67  -5.753958897756882  -5.984900964596073
2.68  -5.816343542206585  -5.902371029243953
2.69  -5.877630366925731  -5.816630403871103
2.7  -5.937807347170959  -5.7277247021104305
2.71  -5.9968626570288865  -5.635701270377888
2.72  -6.054784671873784  -5.540609163263259
2.73  -6.111561970797462  -5.442499117973033
2.74  -6.167183339010808  -5.341423527837737
2.75  -6.2216377702163195  -5.237436414896959
2.7600000000000002  -6.274914468951086  -5.130593401575533
2.77  -6.327002852899587  -5.020951681465089
2.7800000000000002  -6.377892555175728  -4.908569989225585
2.79  -6.427573426573451  -4.793508569621972
2.8000000000000003  -6.476035537785441  -4.675829145711666
2.81  -6.52326918158916  -4.555594886198982
2.82  -6.569264874999752  -4.432870371973177
2.83  -6.614013361389128  -4.307721561847202
2.84  -6.657505612570639  -4.18021575751488
2.85  -6.699732830848776  -4.050421567744377
2.86  -6.740686451033246  -3.918408871826758
2.87  -6.78035814241685  -3.7842487822983255
2.88  -6.81873981071655  -3.648013606956431
2.89  -6.855823599977159  -3.509776810188381
2.9  -6.8916018944369775  -3.369612973633833
2.91  -6.926067320354931  -3.2275977562013227
2.92  -6.959212747798422  -3.083807853459982
2.93  -6.991031292391511  -2.9383209564279404
2.94  -7.021516317022671  -2.7912157097792245
2.95  -7.050661433511661  -2.642571669491378
2.96  -7.0784605042348625  -2.4924692599563616
2.97  -7.104907643708554  -2.340989730577637
2.98  -7.129997220129514  -2.1882151118766657
2.99  -7.15372385687244  -2.0342281711323773
3.0  -7.176082433943583  -1.8791123675774846
3.0100000000000002  -7.197068089390064  -1.7229518071757701
3.02  -7.216676220664317  -1.5658311970048064
3.0300000000000002  -7.23490248594314  -1.407835799268754
3.04  -7.251742805400785  -1.2490513849663407
3.0500000000000003  -7.267193362435604  -1.0895641872389406
3.06  -7.281250604849681  -0.9294608544245337
3.0700000000000003  -7.293911245980988  -0.7688284028427974
3.08  -7.305172265787518  -0.6077541693375358
3.09  -7.315030911882933  -0.4463257636020914
3.1  -7.323484700523217  -0.284631020314257
3.11  -7.3305314175438685  -0.12275795110677998
3.12  -7.336169119247142  0.03920530359993817
3.13  -7.340396133238921  0.2011705228763864
3.14  -7.343211059214721  0.363049453647019
3.15  -7.344612769694429  0.5247538591110462
3.16  -7.344600410705303  0.6861955671941057
3.17  -7.343173402412873  0.8472865190037292
3.18  -7.340331439699273  1.0079388172618793
3.19  -7.336074492688667  1.168064774687164
3.2  -7.330402807219325  1.3275769623000944
3.21  -7.323316905262055  1.4863882576239356
3.22  -7.314817585284551  1.6444118927545266
3.23  -7.304905922561374  1.80156150227168
3.24  -7.293583269429204  1.9577511709656057
3.25  -7.280851255487055  2.112895481351086
3.2600000000000002  -7.26671178774114  2.2669095609429815
3.27  -7.251167050694124  2.4197091292659882
3.2800000000000002  -7.2342195063784445  2.5712105445724105
3.29  -7.215871894333489  2.7213308502411198
3.3000000000000003  -7.196127231526349  2.8699878208317346
3.31  -7.174988812215944  3.0171000077675005
3.3200000000000003  -7.152460207760302  3.1625867846212206
3.33  -7.128545266366779  3.306368391978124
3.34  -7.103248112785085  3.4483659818503214
3.35  -7.0765731479429  3.5885016616173635
3.36  -7.04852504852398  3.7266985374677164
3.37  -7.019108766488611  3.862880757316492
3.38  -6.98832952853631  3.99697355317451
3.39  -6.956192835510663  4.128903282944706
3.4  -6.922704461746277  4.258597471621538
3.41  -6.887870454357731  4.385984851869997
3.42  -6.8516971324705915  4.51099540396052
3.43  -6.814191086394346  4.633560395037106
3.44  -6.77535917673743  4.753612417695632
3.45  -6.735208533464226  4.871085427850365
3.46  -6.693746554894193  4.985914781866508
3.47  -6.650980906643169  5.098037272937468
3.48  -6.60691952050691  5.207391166685575
3.49  -6.561570593287055  5.313916235965786
3.5  -6.514942585559588  5.417553794851908
3.5100000000000002  -6.467044220386025  5.518246731785853
3.52  -6.417884481967487  5.61593954187034
3.5300000000000002  -6.3674726142418265  5.710578358286498
3.54  -6.315818119424203  5.80211098281783
3.5500000000000003  -6.262930756491141  5.8904869154628985
3.56  -6.208820539608608  5.975657383119294
3.5700000000000003  -6.153497736504227  6.057575367322268
3.58  -6.096972866784092  6.13619563102165
3.59  -6.039256700194519  6.211474744381558
3.6  -5.980360254829131  6.2833711095876525
3.61  -5.920294795281714  6.351844984647452
3.62  -5.859071830745299  6.416858506169856
3.63  -5.7967031130579825  6.478375711110369
3.64  -5.733200634695957  6.536362557469441
3.65  -5.668576626714372  6.5907869439316675
3.66  -5.6028435566365475  6.641618728434475
3.67  -5.536014126292232  6.688829745655276
3.68  -5.468101269605448  6.7323938234070315
3.69  -5.39911815033279  6.772286797932479
3.7  -5.329078159752702  6.808486528088248
3.71  -5.257994914306658  6.84097290841048
3.72  -5.185882253192996  6.869727881054508
3.73  -5.1127542359142195  6.894735446601534
3.74  -5.038625139778726  6.915981673726259
3.75  -4.963509457357836  6.933454707719772
3.7600000000000002  -4.887421893899143  6.947144777863028
3.77  -4.810377364697209  6.957044203646692
3.7800000000000002  -4.732390992422617  6.96314739983398
3.79  -4.653478104410668  6.96545088036381
3.8000000000000003  -4.573654229910695  6.963953261092296
3.81  -4.492935097297459  6.958655261371314
3.8200000000000003  -4.411336631245727  6.949559704463678
3.83  -4.328874949869567  6.936671516795127
3.84  -4.2455663618276605  6.919997726044068
3.85  -4.16142736339625  6.899547458070854
3.86  -4.0764746355112  6.875331932689009
3.87  -3.9907250407809003  6.847364458281626
3.88  -3.9041956204717096  6.81566042526696
3.89  -3.8169035914677987  6.780237298417893
3.9  -3.7288663432072853  6.741114608040851
3.91  -3.64010143459671  6.698313940020402
3.92  -3.5506265909060097  6.651858924736643
3.93  -3.460459700646104  6.601775224863165
3.94  -3.3696188124317263  6.548090522054316
3.95  -3.2781221318316494  6.490834502531075
3.96  -3.185988018209331  6.430038841575894
3.97  -3.0932349815564324  6.365737186947418
3.98  -2.9998816793224177  6.297965141227046
3.99  -2.9059469132432607  6.226760243109922
4.0  -2.8114496261726116  6.152161947653944
4.01  -2.7164088989189774  6.074211605501052
4.0200000000000005  -2.6208439470926654  5.992952441086098
4.03  -2.524774117966555  5.908429529849376
4.04  -2.428218887354872  5.820689774469649
4.05  -2.331197856514647  5.729781880135736
4.0600000000000005  -2.2337307490747134  5.6357563288753365
4.07  -2.1358374079974536  5.5386653529608685
4.08  -2.037537792578892  5.438562907413032
4.09  -1.9388519754932518  5.335504641623794
4.1  -1.8398001398883415  5.229547870121619
4.11  -1.7404025765388789  5.12075154250268
4.12  -1.6406796810651794  5.009176212553106
4.13  -1.5406519512253667  4.894884006588156
4.14  -1.4403399842899696  4.777938591035925
4.15  -1.3397644745083708  4.65840513929396
4.16  -1.2389462106775293  4.536350297888912
4.17  -1.1379060738240885  4.411842151970377
4.18  -1.0366650350123472  4.284950190172123
4.19  -0.9352441532912017  4.155745268875063
4.2  -0.8336645737948452  4.024299575908338
4.21  -0.7319475260130028  3.890686593726611
4.22  -0.6301143222483441  3.754981062103858
4.23  -0.5281863562801067  3.617258940386065
4.24  -0.42618510225518313  3.4775973693476803
4.25  -0.32413211382965923  3.3360746326992197
4.26  -0.222049023586622  3.1927701182964734
4.2700000000000005  -0.11995754275838316  3.0477642791049084
4.28  -0.017879461284495645  2.9011385939763796
4.29  0.0841633517598566  2.752975528299119
4.3  0.18614894732645604  2.603358494586526
4.3100000000000005  0.288055295104833  2.452371813075107
4.32  0.38986028173350024  2.3001006724073787
4.33  0.49154170845836875  2.146631090481611
4.34  0.5930772881786188  1.9920498755576836
4.3500000000000005  0.694444641813376  1.8364445877155577
4.36  0.7956212939139828  1.679903500772535
4.37  0.8965846674378806  1.522515564774938
4.38  0.9973120775885883  1.3643703691921591
4.39  1.0977807246147862  1.2055581069535897
4.4  1.1979676854468322  1.0461695394848056
4.41  1.2978499040329534  0.8862959629164913
4.42  1.397404180218662  0.7260291756598058
4.43  1.4966071569908204  0.565461447565358
4.44  1.5954353058829909  0.4046854909099465
4.45  1.6938649103089125  0.2437944334865839
4.46  1.791872046556994  0.08288179410982359
4.47  1.8894325621383727  -0.07795853910835164
4.48  1.9865220511343695  -0.2386323273073392
4.49  2.0831158261336142  -0.3990449957869532
4.5  2.1791888862843396  -0.5591016447434451
4.51  2.274715880909803  -0.7187070552162286
4.5200000000000005  2.3696710680435977  -0.8777656895321764
4.53  2.464028267132459  -1.0361816854173092
4.54  2.557760805024118  -1.1938588428075527
4.55  2.6508414542012293  -1.3507006022228445
4.5600000000000005  2.743242362034846  -1.5066100133690643
4.57  2.8349349696032617  -1.661489692389109
4.58  2.9258899183467117  -1.815241765891013
4.59  3.0160769424921408  -1.967767799521947
4.6000000000000005  3.105464744771353  -2.1189687084185542
4.61  3.1940208524499085  -2.2687446463244907
4.62  3.281711450059721  -2.416994869499212
4.63  3.368501184451948  -2.5636175707139977
4.64  3.4543529368182053  -2.70850967759735
4.65  3.5392275551115264  -2.851566608293688
4.66  3.6230835387618305  -2.9926819757590053
4.67  3.7058766656282933  -3.13174722993366
4.68  3.7875595486322524  -3.2686512243654837
4.69  3.868081106296966  -3.4032796904225884
4.7  3.9473859272444223  -3.535514597777767
4.71  4.025413503239224  -3.6652333740189116
4.72  4.102097298169658  -3.7923079485547944
4.73  4.177363610780042  -3.91660357576515
4.74  4.251130176112243  -4.037977378621574
4.75  4.3233044331820745  -4.156276535400355
4.76  4.393781362526671  -4.271336006610005
4.7700000000000005  4.462440764145107  -4.382975663913338
4.78  4.529143799888385  -4.490996633230401
4.79  4.593728558287196  -4.595176593694435
4.8  4.656004304517733  -4.695263672434081
4.8100000000000005  4.715743938634389  -4.79096842619482
4.82  4.772673977297238  -4.881953178931259
4.83  4.826461058810113  -4.9678176478851945
4.84  4.876693483053863  -5.048079269622561
4.8500000000000005  4.922855525276864  -5.122145812977204
4.86  4.964291009823077  -5.18927652884083
4.87  5.000150542413669  -5.248525859179461
4.88  5.029313214871093  -5.298659902494496
4.89  5.0502672279518395  -5.33802903789168
4.9  5.06092212385716  -5.364367568657982
4.91  5.058302663390224  -5.374467073873378
4.92  5.038028499223601  -5.363621207223248
4.93  4.993385482848942  -5.324634809662543
4.94  4.913569834636542  -5.245950642778703
4.95  4.780135305002572  -5.107859375023644
4.96  4.559218228410886  -4.874207117594735
4.97  4.183069986546863  -4.472704666873578
4.98  3.5042171404018463  -3.7460823850809786
4.99  2.2079344250775645  -2.3590448497693193
5.0  4.8635739373872376e-14  -5.191874618686603e-14
5.01  -2.2473848168363952  2.3961932860002775
5.0200000000000005  -3.63059520427112  3.8650660658168903
5.03  -4.411497765426952  4.687706454070782
5.04  -4.8943869212357685  5.18955141248505
5.05  -5.2237490972091365  5.525022420073766
5.0600000000000005  -5.46632000178534  5.765419764013775
5.07  -5.655550073070809  5.9464732998835546
5.08  -5.8096873398618465  6.087670955872693
5.09  -5.939425847018455  6.20043206674819
5.1000000000000005  -6.0514106321153465  6.291852335996347
5.11  -6.1499732814654084  6.366558032753837
5.12  -6.238051216056773  6.42768804345837
5.13  -6.317703316946949  6.477444669035055
5.14  -6.3904135499503125  6.517417944065945
5.15  -6.457277335839725  6.548784700626012
5.16  -6.519120111388657  6.5724351987984875
5.17  -6.576575130089858  6.589056218476307
5.18  -6.630135920620024  6.599187081943311
5.19  -6.680192514489127  6.603258339680302
5.2  -6.727057001766844  6.601619056986042
5.21  -6.770981903808763  6.594556427920547
5.22  -6.812173608873928  6.582310115346615
5.23  -6.850802349625577  6.565082896710144
5.24  -6.887009716695039  6.543048677378071
5.25  -6.920914389171888  6.5163585987097825
5.26  -6.9526165562965145  6.48514574739375
5.2700000000000005  -6.982201365900745  6.449528824413211
5.28  -7.009741640403057  6.409615030822701
5.29  -7.0353000354616855  6.365502357346582
5.3  -7.058930770168805  6.317281415449143
5.3100000000000005  -7.080681024723637  6.265036912341317
5.32  -7.10059207774974  6.208848847001646
5.33  -7.118700238072065  6.148793485760722
5.34  -7.135037612971641  6.08494416233205
5.3500000000000005  -7.149632745401936  6.017371936990946
5.36  -7.162511145481923  5.946146141947808
5.37  -7.173695736143001  5.871334834155348
5.38  -7.183207228647968  5.793005172348438
5.39  -7.191064440494819  5.711223731692746
5.4  -7.197284565729517  5.626056766761008
5.41  -7.201883405746137  5.537570431478658
5.42  -7.204875567121952  5.445830963045834
5.43  -7.206274631822587  5.3509048355490005
5.44  -7.206093304146868  5.252858887944369
5.45  -7.204343538007656  5.151760430270131
5.46  -7.201036647522066  5.047677331279552
5.47  -7.196183403380547  4.940678090149611
5.48  -7.189794117054284  4.830831894481987
5.49  -7.181878714565497  4.718208666456263
5.5  -7.172446801270306  4.602879098701823
5.51  -7.161507718877235  4.4849146812134455
5.5200000000000005  -7.149070595737052  4.364387720435755
5.53  -7.135144391283774  4.241371351475615
5.54  -7.119737935376824  4.115939544263155
5.55  -7.102859963185709  3.9881671043664544
5.5600000000000005  -7.084519146167151  3.8581296690677003
5.57  -7.064724119607892  3.725903699226735
5.58  -7.043483507141188  3.5915664673887457
5.59  -7.020805942590065  3.4551960425343418
5.6000000000000005  -6.996700089443427  3.316871271820418
5.61  -6.971174658231184  3.1766717596177307
5.62  -6.9442384220303515  3.0346778441147086
5.63  -6.9159002303048185  2.8909705717262972
5.64  -6.8861690212562126  2.745631669519377
5.65  -6.855053832841633  2.5987435158438217
5.66  -6.822563812595228  2.4503891093380417
5.67  -6.788708226374345  2.3006520364607606
5.68  -6.753496466136915  2.1496164376858813
5.69  -6.716938056844434  1.9973669724843943
5.7  -6.679042662574248  1.8439887832058595
5.71  -6.639820091915432  1.689567457962131
5.72  -6.599280302714535  1.534188992607441
5.73  -6.557433406230112  1.3779397519014185
5.74  -6.514289670748838  1.2209064299348484
5.75  -6.469859524710276  1.0631760098920167
5.76  -6.424153559382718  0.9048357232187859
5.7700000000000005  -6.377182531127945  0.7459730082602257
5.78  -6.328957363289171  0.5866754684283781
5.79  -6.279489147732842  0.4270308299563322
5.8  -6.228789146072095  0.2671268992923308
5.8100000000000005  -6.176868790597002  0.10705152018401312
5.82  -6.123739684934285  -0.05310746949892279
5.83  -6.069413604457068  -0.2132622811584352
5.84  -6.013902496463381  -0.3733252190343138
5.8500000000000005  -5.957218480140495  -0.533208723901572
5.86  -5.899373846330448  -0.6928254168587233
5.87  -5.840381057110965  -0.8520881431689183
5.88  -5.780252745204679  -1.0109100161166547
5.89  -5.719001713228467  -1.1692044608444756
5.9  -5.656640932793595  -1.3268852581352515
5.91  -5.593183543466816  -1.483866588106324
5.92  -5.528642851601332  -1.6400630737834458
5.93  -5.4630323290460865  -1.7953898245226547
5.94  -5.396365611741176  -1.9497624792498423
5.95  -5.32865649820644  -2.1030972494878384
5.96  -5.2599189479298305  -2.255310962142359
5.97  -5.190167079661653  -2.406321102018135
5.98  -5.119415169620399  -2.5560458540379845
5.99  -5.0476776496154105  -2.704404145137485
6.0  -4.974969105091058  -2.8513156858092974
6.01  -4.901304273097282  -2.9967010112710257
6.0200000000000005  -4.826698040190524  -3.1404815222318407
6.03  -4.751165440269008  -3.282579525232905
6.04  -4.674721652346096  -3.422918272537924
6.05  -4.597381998265195  -3.5614220015500093
6.0600000000000005  -4.519161940359411  -3.6980159737320015
6.07  -4.440077079058965  -3.8326265130078054
6.08  -4.36014315044922  -3.9651810436227097
6.09  -4.279376023782131  -4.095608127441163
6.1000000000000005  -4.197791698943371  -4.223837500661061
6.11  -4.1154063038778625  -4.349800109924072
6.12  -4.032236091975595  -4.473428147801934
6.13  -3.948297439420223  -4.594655087639108
6.140000000000001  -3.863606842502074  -4.7134157177327864
6.15  -3.778180914897869  -4.829646174831661
6.16  -3.692036384918629  -4.9432839769352945
6.17  -3.6051900927276566  -5.054268055376393
6.18  -3.5176589875302176  -5.162538786168871
6.19  -3.4294601247364875  -5.26803802060494
6.2  -3.3406106630991412  -5.370709115085026
6.21  -3.25112786182708  -5.4704969601647555
6.22  -3.1610290776767562  -5.567348008803649
6.23  -3.0703317620220925  -5.661210303800788
6.24  -2.979053457904612  -5.752033504403119
6.25  -2.8872117970645643  -5.839768912072557
6.26  -2.7948244969545852  -5.9243694953984445
6.2700000000000005  -2.7019093577365756  -6.005789914142574
6.28  -2.6084842592632365  -6.083986542404374
6.29  -2.5145671580449505  -6.158917490894325
6.3  -2.4201760842031153  -6.230542628304179
6.3100000000000005  -2.3253291384109063  -6.298823601763148
6.32  -2.2300444888222923  -6.363723856369497
6.33  -2.1343403679901485  -6.425208653787816
6.34  -2.0382350697743377  -6.483245089902332
6.3500000000000005  -1.9417469462405843  -6.537802111517491
6.36  -1.8448944045510043  -6.588850532097273
6.37  -1.7476959038466793  -6.636363046535451
6.38  -1.6501699521235156  -6.68031424494925
6.390000000000001  -1.5523351031017574  -6.720680625489563
6.4  -1.4542099530898898  -6.757440606161303
6.41  -1.3558131378436238  -6.790574535648066
6.42  -1.2571633294206506  -6.820064703135595
6.43  -1.1582792330317668  -6.845895347129324
6.44  -1.0591795838888103  -6.868052663261507
6.45  -0.9598831440503254  -6.886524811084207
6.46  -0.8604086992652032  -6.901301919844741
6.47  -0.7607750558149995  -6.9123760932407725
6.48  -0.661001037355509  -6.919741413152764
6.49  -0.5611054817580684  -6.923393942351973
6.5  -0.46110723795104924  -6.923331726182763
6.51  -0.36102516276207625  -6.919554793218371
6.5200000000000005  -0.2608781177615894  -6.912065154889963
6.53  -0.1606849661079886  -6.900866804089214
6.54  -0.060464569394950096  -6.885965712745106
6.55  0.039764215498583916  -6.867369828376352
6.5600000000000005  0.13998253955536322  -6.845089069621077
6.57  0.24017156476335766  -6.819135320746198
6.58  0.34031246725538294  -6.78952242513915
6.59  0.4403864404442741  -6.756266177785367
6.6000000000000005  0.540374698153533  -6.719384316735261
6.61  0.6402584777426423  -6.6788965135650225
6.62  0.7400190432270781  -6.634824362835988
6.63  0.8396376883922229  -6.587191370557923
6.640000000000001  0.9390957399012229  -6.536022941661959
6.65  1.0383745603960168  -6.481346366489464
6.66  1.1374555515915066  -6.423190806303607
6.67  1.2363201573623614  -6.361587277830792
6.68  1.3349498668220805  -6.296568636839779
6.69  1.4333262173940156  -6.228169560766565
6.7  1.5314307978740647  -6.156426530393808
6.71  1.6292452514846594  -6.081377810593732
6.72  1.7267512789196535  -6.003063430144322
6.73  1.8239306413798573  -5.921525160628675
6.74  1.9207651635989271  -5.836806494428157
6.75  2.0172367368592674  -5.748952621820111
6.76  2.1133273219974913  -5.6580104071917425
6.7700000000000005  2.2090189523994375  -5.56402836438185
6.78  2.304293736984054  -5.467056631162747
6.79  2.3991338631762344  -5.367146942875029
6.8  2.493521599867913  -5.26435260522827
6.8100000000000005  2.587439300367517  -5.158728466281306
6.82  2.6808694053370736  -5.050330887615939
6.83  2.7737944457170114  -4.939217714718424
6.84  2.866197045638205  -4.825448246583498
6.8500000000000005  2.958059925320927  -4.7090832045561335
6.86  3.0493659039604903  -4.590184700426515
6.87  3.140097902599302  -4.468816203794082
6.88  3.2302389469850126  -4.3450425087169835
6.890000000000001  3.31977217041437  -4.218929699663589
6.9  3.408680816562662  -4.090545116783045
6.91  3.4969482422983567  -3.959957320512121
6.92  3.584557920482623  -3.8272360555362166
6.93  3.6714934427534622  -3.692452214122391
6.94  3.757738522294269  -3.5556777988429333
6.95  3.843276996586292  -3.4169858847078367
6.96  3.928092830144922  -3.27645058072555
6.97  4.012170117239446  -3.134146990910972
6.98  4.095493084595869  -2.9901511747604914
6.99  4.178046094082613  -2.844540107213594
7.0  4.2598136453788  -2.6973916381216068
7.01  4.340780378624772  -2.54878445124363
7.0200000000000005  4.420931077054545  -2.398798022790431
7.03  4.500250669609816  -2.2475125795373176
7.04  4.578724233535517  -2.0950090565267803
7.05  4.65633699695619  -1.9413690543827258
7.0600000000000005  4.733074341433126  -1.7866747962575324
7.07  4.808921804501951  -1.6310090844339944
7.08  4.88386508219027  -1.474455256603773
7.09  4.957890031515054  -1.3170971418450184
7.1000000000000005  5.030982672959458  -1.159019016321132
7.11  5.103129192928799  -1.0003055587235126
7.12  5.17431594618533  -0.841041805480563
7.13  5.244529458261392  -0.6813131057562987
7.140000000000001  5.313756427850822  -0.5212050762611417
7.15  5.381983729178013  -0.3608035558982864
7.16  5.449198414344595  -0.20019456026847995
7.17  5.515387715653052  -0.03946423605700549
7.18  5.580539047907293  0.12130118467405791
7.19  5.644640010689486  0.28201543026469256
7.2  5.7076783906130775  0.4425922352832251
7.21  5.769642163551512  0.6029453863767611
7.22  5.830519496842289  0.7629887681216093
7.23  5.890298751466039  0.9226364088503768
7.24  5.948968484200266  1.081802526431683
7.25  6.006517449747389  1.2404015739791432
7.26  6.06293460283661  1.3983482854653606
7.2700000000000005  6.118209100299456  1.5555577212175715
7.28  6.172330303118355  1.7119453132709264
7.29  6.225287778448145  1.8674269105560855
7.3  6.277071301609856  2.0219188238969967
7.3100000000000005  6.327670858056657  2.1753378707956443
7.32  6.377076645311349  2.3276014199799464
7.33  6.425279074875168  2.4786274356917395
7.34  6.472268774107471  2.6283345216909937
7.3500000000000005  6.518036588075876  2.7766419649534093
7.36  6.562573581376467  2.923469779037954
7.37  6.605871039923737  3.0687387471016954
7.38  6.647920472709796  3.2123704645386013
7.390000000000001  6.688713613532462  3.3542873812199447
7.4  6.72824242269182  3.4944128433134853
7.41  6.766499088654927  3.6326711346593834
7.42  6.803476029688121  3.7689875176802174
7.43  6.839165895456601  3.903288273803424
7.44  6.873561568590928  4.035500743374256
7.45  6.9066561662198955  4.16555336503759
7.46  6.938443041469475  4.293375714567556
7.47  6.968915784927394  4.418898543123457
7.48  6.998068226072883  4.542053814911514
7.49  7.025894434671237  4.662774744231597
7.5  7.052388722132768  4.780995831888964
7.51  7.077545642835723  4.89665290095062
7.5200000000000005  7.101359995412727  5.009683131826932
7.53  7.123826824000371  5.120025096658846
7.54  7.144941419451557  5.227618792991971
7.55  7.164699320510115  5.332405676718425
7.5600000000000005  7.183096314947306  5.4343286942683395
7.57  7.200128440659849  5.533332314032823
7.58  7.215791986728991  5.629362557000939
7.59  7.23008349444026  5.722367026593132
7.6000000000000005  7.242999758263446  5.812294937674444
7.61  7.254537826792461  5.899097144730842
7.62  7.264695003644634  5.982726169192784
7.63  7.273468848319043  6.0631362258901165
7.640000000000001  7.2808571770135115  6.1402832486231835
7.65  7.286858063399836  6.214124914835296
7.66  7.29146983935688  6.284620669372282
7.67  7.2946910956611335  6.351731747315043
7.68  7.296520682634356  6.415421195871797
7.69  7.296957710747917  6.475653895317016
7.7  7.296001551183455  6.532396578964454
7.71  7.293651836349485  6.585617852162447
7.72  7.289908460353583  6.635288210299788
7.73  7.284771579429793  6.681380055811266
7.74  7.2782416123208735  6.723867714172325
7.75  7.270319240615056  6.762727448872966
7.76  7.261005409036946  6.797937475361281
7.7700000000000005  7.250301325692252  6.829477973947836
7.78  7.23820846226598  6.857331101662437
7.79  7.224728554173758  6.881481003055538
7.8  7.20986360066602  6.901913819936898
7.8100000000000005  7.193615864884663  6.918617700044844
7.82  7.175987873871937  6.9315828046399535
7.83  7.1569824185312  6.940801315017563
7.84  7.136602553539318  6.946267437934086
7.8500000000000005  7.114851597210362  6.947977409942688
7.86  7.091733131310368  6.945929500634471
7.87  7.067251000822887  6.940124014781897
7.88  7.041409313665024  6.930563293381745
7.890000000000001  7.014212440353798  6.917251713595531
7.9  6.985665013622535  6.90019568758588
7.91  6.955771927987021  6.87940366024796
7.92  6.924538339261304  6.85488610583569
7.930000000000001  6.891969664022865  6.826655523483007
7.94  6.858071579026963  6.794726431621142
7.95  6.82285002056997  6.759115361293348
7.96  6.786311183801557  6.719840848369322
7.97  6.7484615219855595  6.676923424661946
7.98  6.709307745709267  6.630385607949735
7.99  6.668856822041204  6.580251890908983
8.0  6.627115973637062  6.52654872896005
8.01  6.584092677793792  6.469304527033098
8.02  6.539794665451735  6.4085496252589484
8.03  6.494229920144709  6.344316283591474
8.040000000000001  6.4474066768978835  6.276638665368496
8.05  6.3993334210735915  6.205552819818858
8.06  6.350018887164741  6.131096663523592
8.07  6.299472057536093  6.0533099608403385
8.08  6.247702161113146  5.972234303300069
8.09  6.194718672018764  5.887913087986236
8.1  6.140531308157548  5.800391494906838
8.11  6.08515002974785  5.709716463370534
8.120000000000001  6.028585037801656  5.615936667378498
8.13  5.970846772552295  5.519102490044357
8.14  5.911945911829995  5.41926599705492
8.15  5.851893369385484  5.316480909185171
8.16  5.790700293161681  5.2108025738815575
8.17  5.728378063513641  5.102287935927912
8.18  5.66493829137678  4.990995507209187
8.19  5.600392816383681  4.876985335588492
8.2  5.534753704929595  4.7603189729135815
8.21  5.4680332481867175  4.641059442169366
8.22  5.40024396006771  4.519271203793799
8.23  5.331398575138314  4.395020121174201
8.24  5.261510046479719  4.26837342534293
8.25  5.1905915435005605  4.139399678890401
8.26  5.118656449699108  4.008168739114809
8.27  5.04571836037581  3.8747517204280344
8.28  4.971791080296454  3.7392209560377463
8.290000000000001  4.896888621306456  3.601649958926139
8.3  4.821025199896444  3.462113382146282
8.31  4.744215234719618  3.3206869784571835
8.32  4.666473344061208  3.1774475593194182
8.33  4.587814343260513  3.032472953273508
8.34  4.508253242085923  2.88584196372339
8.35  4.427805242063246  2.737634326147933
8.36  4.34648573375808  2.5879306647637392
8.370000000000001  4.264310294012369  2.436812448662793
8.38  4.181294683136066  2.284361947448996
8.39  4.097454842053921  2.1306621863975144
8.4  4.012806889408435  1.9757969011620566
8.41  3.927367118619288  1.819850492054258
8.42  3.8411519948997657  1.662907977920921
8.43  3.7541781522310713  1.5050549496441348
8.44  3.6664623902948157  1.3463775232900694
8.45  3.578021671364621  1.1869622929323402
8.46  3.4888731171573806  1.026896283176007
8.47  3.399034005644834  0.8662669014087022
8.48  3.3085217678262784  0.7051618898051577
8.49  3.217353984463033  0.5436692771119823
8.5  3.125548382775614  0.38187733023966325
8.51  3.033122833104124  0.21987450568859618
8.52  2.9400953455329066  0.05774940083641465
8.53  2.8464840664802296  -0.10440929488616378
8.540000000000001  2.752307275253682  -0.2665128489036023
8.55  2.6575833805725386  -0.428472534460367
8.56  2.562330917057454  -0.5901996796151534
8.57  2.4665685416890213  -0.7516057162363496
8.58  2.3703150302355986  -0.9126022289718421
8.59  2.273589273651762  -1.0731010041649391
8.6  2.1764102744482225  -1.2330140786891768
8.61  2.0787971430341754  -1.3922537886742652
8.620000000000001  1.9807690940332812  -1.5507328180956526
8.63  1.8823454425743784  -1.7083642472000584
8.64  1.7835456005577601  -1.8650616007398704
8.65  1.6843890728984803  -2.020738895988591
8.66  1.5848954537477147  -2.1753106905102797
8.67  1.4850844226934223  -2.3286921296560554
8.68  1.384975740941377  -2.4807989937601937
8.69  1.284589247478087  -2.6315477450092932
8.700000000000001  1.18394485521674  -2.7808555739577163
8.71  1.0830625471275643  -2.9286404456626567
8.72  0.9819623723538043  -3.0748211454128698
8.73  0.8806644423150574  -3.2193173240245336
8.74  0.7791889267991606  -3.362049542678587
8.75  0.6775560500440811  -3.502939317274125
8.76  0.5757860868115383  -3.6419091622720914
8.77  0.47389935845383724  -3.7788826340045394
8.78  0.37191622897538856  -3.913784373424553
8.790000000000001  0.26985710109090943  -4.0465401482724435
8.8  0.16774241228169134  -4.177076894633973
8.81  0.06559263085195015  -4.3053227578671445
8.82  -0.03657174801306549  -4.431207132873787
8.83  -0.13873020618516038  -4.554660703693066
8.84  -0.24086220652557314  -4.6756154823944875
8.85  -0.34294719680975766  -4.794004847247833
8.86  -0.4449646136421191  -4.9097635801484625
8.870000000000001  -0.546893886358953  -5.022827903276608
8.88  -0.6487144409167946  -5.133135514969635
8.89  -0.7504057037644345  -5.240625624787146
8.9  -0.8519471056955287  -5.345238987748612
8.91  -0.9533180856795859  -5.446917937724423
8.92  -1.054498094668678  -5.5456064199611985
8.93  -1.15546659937678  -5.641250022723286
8.94  -1.2562030860291777  -5.7337960080322325
8.950000000000001  -1.3566870640785704  -5.823193341487266
8.96  -1.4568980698846807  -5.909392721149875
8.97  -1.556815670354313  -5.99234660547663
8.98  -1.6564194665376806  -6.072009240284427
8.99  -1.7556890971778538  -6.148336684733536
9.0  -1.8546042422088345  -6.221286836314042
9.01  -1.9531446261984586  -6.290819454822226
9.02  -2.051290021731349  -6.356896185313798
9.03  -2.149020252727291  -6.419480580021835
9.040000000000001  -2.2463151976901328  -6.478538119227852
9.05  -2.34315479288146  -6.534036231075088
9.06  -2.4395190354138547  -6.585944310314065
9.07  -2.5353879862570734  -6.634233735970814
9.08  -2.6307417731508966  -6.678877887929392
9.09  -2.7255605934176486  -6.719852162420664
9.1  -2.8198247166665604  -6.757133986410551
9.11  -2.913514487382205  -6.790702830881333
9.120000000000001  -3.006610327387946  -6.820540223000807
9.13  -3.0990927381749915  -6.8466297571747265
9.14  -3.1909423030871236  -6.868957104979024
9.15  -3.2821396893494694  -6.887510023969051
9.16  -3.372665649929832  -6.902278365364218
9.17  -3.4625010252190496  -6.9132540806072145
9.18  -3.5516267445165175  -6.920431226798169
9.19  -3.6400238273050345  -6.923805971005079
9.200000000000001  -3.7276733842981393  -6.923376593452916
9.21  -3.814556618241387  -6.919143489595094
9.22  -3.9006548244471047  -6.911109171072006
9.23  -3.9859493910403656  -6.899278265562791
9.24  -4.070421798891419  -6.883657515537673
9.25  -4.154053621207723  -6.864255775919705
9.26  -4.236826522755454  -6.8410840106662425
9.27  -4.318722258677487  -6.814155288281995
9.28  -4.399722672871399  -6.7834847762773265
9.290000000000001  -4.4798096958866465  -6.74908973458718
9.3  -4.558965342295897  -6.71098950796809
9.31  -4.637171707490453  -6.669205517392762
9.32  -4.714410963843547  -6.623761250464174
9.33  -4.79066535617905  -6.574682250873566
9.34  -4.865917196475621  -6.521996106929585
9.35  -4.940148857727897  -6.465732439188896
9.36  -5.013342766876439  -6.4059228872219345
9.370000000000001  -5.085481396707383  -6.342601095551436
9.38  -5.156547256609924  -6.2758026988055775
9.39  -5.226522882065403  -6.205565306132165
9.4  -5.295390822724785  -6.1319284849261395
9.41  -5.363133628912435  -6.054933743928355
9.42  -5.4297338363717715  -5.974624515760824
9.43  -5.495173949042531  -5.8910461389715865
9.44  -5.559436419629706  -5.804245839671203
9.450000000000001  -5.622503627689623  -5.714272712853942
9.46  -5.684357854917722  -5.6211777035083985
9.47  -5.7449812572759935  -5.52501358763654
9.48  -5.804355833541674  -5.425834953316885
9.49  -5.8624633897943665  -5.323698181966439
9.5  -5.919285499281202  -5.218661429978758
9.51  -5.97480345700883  -5.1107846109421295
9.52  -6.0289982283030605  -5.00012937867343
9.53  -6.081850390447902  -4.886759111340301
9.540000000000001  -6.133340066362408  -4.770738896989429
9.55  -6.1834468490888055  -4.652135520851655
9.56  -6.232149715643912  -4.531017454858759
9.57  -6.279426928516883  -4.407454849884724
9.58  -6.325255922771369  -4.28151953131756
9.59  -6.369613176313165  -4.153284998682449
9.6  -6.412474060398841  -4.022826430176659
9.61  -6.453812666864116  -3.8902206931487453
9.620000000000001  -6.493601607812761  -3.7555463617664473
9.63  -6.53181178259085  -3.618883743382223
9.64  -6.568412105727505  -3.4803149154334667
9.65  -6.603369188086796  -3.3399237751290194
9.66  -6.63664696166217  -3.1977961046949526
9.67  -6.6682062361392775  -3.054019655616901
9.68  -6.698004172404941  -2.908684256165549
9.69  -6.725993654381602  -2.761881947586556
9.700000000000001  -6.752122535639049  -2.6137071557566474
9.71  -6.776332730791153  -2.464256906967162
9.72  -6.798559113189935  -2.3136310989471225
9.73  -6.8187281691304005  -2.161932841501782
9.74  -6.836756343611908  -2.009268885524482
9.75  -6.852547992137486  -1.8557501650861483
9.76  -6.865992824853147  -1.701492485460429
9.77  -6.876962690273333  -1.5466174012523966
9.78  -6.885307491041268  -1.391253344680879
9.790000000000001  -6.890849946268631  -1.2355370866640183
9.8  -6.893378802655641  -1.0796156459827289
9.81  -6.89263993206353  -0.9236488096271404
9.82  -6.8883245081760425  -0.7678124987561749
9.83  -6.880053083204565  -0.6123033230333997
9.84  -6.867353810377114  -0.4573448340126578
9.85  -6.849632147886473  -0.3031962543496986
9.86  -6.826127904597099  -0.1501648918348176
9.870000000000001  -6.795853030364353  0.0013758312831943205
9.88  -6.757499335166346  0.150959561597814
9.89  -6.70929782981898  0.2979860271900275
9.9  -6.648797560245987  0.44165640307877224
9.91  -6.572505181965344  0.5808676352294389
9.92  -6.475272637950816  0.7140322249374481
9.93  -6.34920494919679  0.8387552814567111
9.94  -6.1815968966825405  0.9512208196684065
9.950000000000001  -5.950762566001704  1.0449414426657448
9.96  -5.616923380931282  1.1079951409719726
9.97  -5.100621034687726  1.1163576774502955
9.98  -4.229414766882718  1.016832890061919
9.99  -2.6380062161526237  0.6909406948204397
10.0  -1.1505676432194544e-13  3.2602854464933916e-14
