0.0  0.0  0.0
0.01  1.0087717395802036  -2.059161929447742
0.02  1.67108165585211  -3.2418730078902946
0.03  2.080027642812618  -3.836692544599619
0.04  2.3617629976281185  -4.143375451140498
0.05  2.577488554456879  -4.301690677238794
0.06  2.7557142414824822  -4.375734191658466
0.07  2.9107925780828796  -4.397529943744983
0.08  3.0505710104957298  -4.384531884330764
0.09  3.1796525216315423  -4.346979030121098
0.1  3.3008965349460335  -4.291252646616823
0.11  3.4161643820918983  -4.221534084346775
0.12  3.5267150417653728  -4.140681124794367
0.13  3.633427489309657  -4.050718746309958
0.14  3.736931805599876  -3.953127739010459
0.15  3.8376897441721516  -3.8490216680703706
0.16  3.9360460329682043  -3.7392593410938497
0.17  4.03226206617946  -3.624518543248779
0.18  4.126538637661116  -3.5053457102280223
0.19  4.219031650531137  -3.382190200711427
0.2  4.309863205492619  -3.255428448776376
0.21  4.399129576888427  -3.125381308218087
0.22  4.486907048493223  -2.992326719517085
0.23  4.5732562495037445  -2.856509101892576
0.24  4.658225421464297  -2.7181464127337143
0.25  4.74185291125148  -2.5774355194752183
0.26  4.824169095780354  -2.434556333096599
0.27  4.905197883990212  -2.289675020933217
0.28  4.984957900606193  -2.1429465267260777
0.29  5.063463427685134  -1.9945165636074615
0.3  5.140725159906874  -1.844523201956758
0.31  5.21675081527825  -1.6930981428759808
0.32  5.291545632599813  -1.5403677455384677
0.33  5.365112779513531  -1.3864538602500256
0.34  5.437453689392768  -1.231474506957207
0.35000000000000003  5.508568341194977  -1.0755444299216173
0.36  5.578455493283263  -0.9187755525011874
0.37  5.647112879860154  -0.7612773508389598
0.38  5.714537376849476  -0.6031571613292726
0.39  5.780725142668958  -0.4445204337021493
0.4  5.845671738254265  -0.2854709392153961
0.41000000000000003  5.909372229849155  -0.12611094160580863
0.42  5.97182127741072  0.03345866299522002
0.43  6.033013210951363  0.1931382321213969
0.44  6.092942096719143  0.35282928485808107
0.45  6.151601794781752  0.5124344281376279
0.46  6.208986009308277  0.6718572986134151
0.47000000000000003  6.26508833262373  0.83100251775847
0.48  6.319902283932819  0.989775658221602
0.49  6.373421343463722  1.1480832197902655
0.5  6.425638982662939  1.3058326135688791
0.51  6.476548690973726  1.462932153195363
0.52  6.526143999648953  1.6192910520956534
0.53  6.574418502981459  1.7748194259231616
0.54  6.621365877278386  1.9294282994528187
0.55  6.666979897858724  2.083029617302161
0.56  6.711254454313459  2.2355362579381635
0.5700000000000001  6.7541835642343315  2.386862050501376
0.58  6.795761385588815  2.536921794040425
0.59  6.835982227894992  2.685631278802207
0.6  6.874840562329584  2.8329073092675476
0.61  6.912331030884943  2.978667728660112
0.62  6.948448454676004  3.1228314446888334
0.63  6.983187841485374  3.265318456312078
0.64  7.0165443926237865  3.4060498813358535
0.65  7.048513509173716  3.544947984679112
0.66  7.079090797675753  3.6819362071572903
0.67  7.108272075310273  3.816939194650782
0.68  7.136053374620824  3.949882827538788
0.6900000000000001  7.162430947820307  4.0806942502908
0.7000000000000001  7.1874012707163395  4.209301901118509
0.71  7.210961046288208  4.335635541600002
0.72  7.233107207944201  4.459626286196329
0.73  7.253836922485004  4.5812066315874755
0.74  7.273147592796159  4.700310485761322
0.75  7.2910368602900935  4.816873196794614
0.76  7.307502607116204  4.93083158127009
0.77  7.3225429581555215  5.042123952278364
0.78  7.336156282814883  5.150690146957152
0.79  7.34834119663404  5.256471553524138
0.8  7.359096562717852  5.359411137762936
0.81  7.368421493004554  5.4594534689246315
0.8200000000000001  7.376315349380024  5.556544745010079
0.8300000000000001  7.382777744647131  5.650632817400523
0.84  7.387808543358345  5.741667214806428
0.85  7.391407862519131  5.829599166506413
0.86  7.393576072168951  5.914381624850092
0.87  7.3943137958461085  5.995969287000408
0.88  7.3936219109421915  6.074318615892628
0.89  7.391501548951355  6.149387860388721
0.9  7.387954095619264  6.22113707460724
0.91  7.382981190996155  6.289528136410168
0.92  7.376584729398118  6.354524765029427
0.93  7.368766859280395  6.416092537816931
0.9400000000000001  7.3595299830261975  6.474198906103209
0.9500000000000001  7.348876756654306  6.528813210150629
0.96  7.3368100894485  6.579906693188327
0.97  7.323333143511597  6.627452514516889
0.98  7.308449333246769  6.671425761671723
0.99  7.292162324768591  6.7118034616350375
1.0  7.274476035246094  6.748564591087109
1.01  7.255394632180034  6.781690085688397
1.02  7.234922532616367  6.81116284838488
1.03  7.213064402297862  6.836967756729723
1.04  7.1898251547556535  6.8590916692151795
1.05  7.165209950342449  6.8775234306093465
1.06  7.1392241952090005  6.892253876293104
1.07  7.111873540225358  6.9032758355933135
1.08  7.083163879848403  6.910584134108979
1.09  7.053101350937018  6.914175595027753
1.1  7.021692331516211  6.914049039430907
1.11  6.9889434394915  6.910205285585393
1.12  6.954861531314714  6.902647147222386
1.1300000000000001  6.919453700602421  6.891379430802247
1.1400000000000001  6.882727276708057  6.876408931766464
1.1500000000000001  6.844689823248846  6.857744429777768
1.16  6.805349136588547  6.835396682950178
1.17  6.764713244277005  6.8093784210713215
1.18  6.722790403447471  6.779704337819964
1.19  6.679589099172631  6.746391081982245
1.2  6.635118042780215  6.7094572476706595
1.21  6.589386170129076  6.668923363550407
1.22  6.542402639846595  6.624811881078259
1.23  6.494176831528172  6.5771471617596
1.24  6.444718343899678  6.525955463429917
1.25  6.394036992943579  6.471264925567423
1.26  6.342142809989515  6.413105553644101
1.27  6.289046039770077  6.351509202522912
1.28  6.234757138442445  6.286509558909468
1.29  6.1792867715766855  6.218142122866873
1.3  6.122645812111264  6.146444188403036
1.31  6.064845338276563  6.071454823140153
1.32  6.005896631486965  5.993214847076558
1.33  5.945811174202202  5.911766810451634
1.34  5.884600647758553  5.827154970724872
1.35  5.822276930170529  5.739425268680712
1.36  5.758852093903629  5.648625303671132
1.37  5.694338403618781  5.554804308008482
1.3800000000000001  5.628748313889008  5.458013120521453
1.3900000000000001  5.562094466888911  5.358304159287493
1.4000000000000001  5.494389690057515  5.255731393555374
1.41  5.425646993735044  5.150350314872109
1.42  5.355879568774115  5.042217907428682
1.43  5.2851007841259285  4.931392617639607
1.44  5.213324184401939  4.817934322971535
1.45  5.140563487411534  4.701904300036695
1.46  5.066832581676188  4.58336519196717
1.47  4.992145523920645  4.462380975086447
1.48  4.916516536541545  4.339016924895019
1.49  4.839960005053993  4.213339581387152
1.5  4.762490475516584  4.08541671371628
1.51  4.6841226519352555  3.955317284226788
1.52  4.604871393646503  3.8231114118702973
1.53  4.524751712680368  3.6888703350248693
1.54  4.443778771103611  3.5526663737358155
1.55  4.361967878343573  3.4145728913971305
1.56  4.27933448849307  3.2746642558928163
1.57  4.195894197596807  3.1330158002176907
1.58  4.111662740919691  2.989703782597452
1.59  4.026655990197439  2.8448053461281226
1.6  3.9408899508699125  2.6983984779551666
1.61  3.854380759297568  2.5505619680128575
1.62  3.767144679961389  2.4013753673446665
1.6300000000000001  3.679198102646716  2.250918946025705
1.6400000000000001  3.5905575396113294  2.099273650708393
1.6500000000000001  3.501239622738172  1.9465210618127886
1.6600000000000001  3.411261100673085  1.7927433503831856
1.67  3.320638835947908  1.638023234632708
1.68  3.2293898020893135  1.4824439361978978
1.69  3.137531080713732  1.3260891361253666
1.7  3.045079858608711  1.1690429306127554
1.71  2.9520534248010675  1.0113897865263977
1.72  2.858469167612156  0.853214496718192
1.73  2.764344571700643  0.6946021351643157
1.74  2.669697215093029  0.5356380119484924
1.75  2.5745447662023664  0.37640762811268863
1.76  2.4789049808354076  0.21699663039809033
1.77  2.382795699188572  0.057490765899386655
1.78  2.286234842833009  -0.10202416334459341
1.79  2.1892404116891258  -0.2614623458007993
1.8  2.0918304809908337  -0.4207380059092862
1.81  1.9940231982399066  -0.5797654495447643
1.82  1.895836780150694  -0.7384591094491917
1.83  1.797289509585546  -0.8967335906121886
1.84  1.6983997324812452  -1.0545037155760864
1.85  1.5991858547667277  -1.2116845696424055
1.86  1.499666339272453  -1.3681915459566076
1.87  1.399859702631678  -1.5239403904479805
1.8800000000000001  1.299784512173958  -1.6788472466015774
1.8900000000000001  1.199459382811198  -1.8328287000391754
1.9000000000000001  1.098902973916487  -1.9858018228862875
1.9100000000000001  0.9981339861961126  -2.1376842179023527
1.92  0.8971711585549763  -2.288394062351302
1.93  0.796033264955749  -2.437850151589834
1.94  0.6947391112720546  -2.5859719423507483
1.95  0.5933075321359826  -2.732679595698975
1.96  0.4917573877802315  -2.877894019637899
1.97  0.39010756087518117  -3.02153691134384
1.98  0.28837695336119357  -3.163530799006648
1.99  0.18658448327646202  -3.3037990832545514
2.0  0.08474908158066163  -3.4422660781416057
2.0100000000000002  -0.017110311025235657  -3.578857051676215
2.02  -0.11897474728268678  -3.713498265869442
2.0300000000000002  -0.22082527656262235  -3.846117016282097
2.04  -0.3226429480553333  -3.976641671049581
2.05  -0.4244088139630834  -4.1050017093640365
2.06  -0.5261039326950023  -4.2311277593933125
2.07  -0.6277093720639595  -4.35495163561658
2.08  -0.7292062124851939  -4.476406375556883
2.09  -0.8305755501762638  -4.595426275890782
2.1  -0.9317985003580791  -4.711946927916053
2.11  -1.0328562004566328  -4.825905252358137
2.12  -1.1337298133051914  -4.937239533496893
2.13  -1.23440053034648  -5.045889452594992
2.14  -1.334849574834681  -5.151796120610132
2.15  -1.4350582050367822  -5.25490211017305
2.16  -1.535007717433051  -5.355151486814211
2.17  -1.6346794499161406  -5.452489839421872
2.18  -1.7340547849886838  -5.546864309915006
2.19  -1.8331151529588021  -5.638223622114681
2.2  -1.9318420351333745  -5.726518109798003
2.21  -2.0302169670085486  -5.811699743919034
2.22  -2.12822154145727  -5.893722158981584
2.23  -2.225837411913317  -5.9725406785490955
2.24  -2.3230462955516096  -6.048112339877331
2.25  -2.419829976464322  -6.120395917655946
2.2600000000000002  -2.5161703088324567  -6.189351946845464
2.27  -2.612049220092475  -6.254942744596685
2.2800000000000002  -2.707448714097644  -6.317132431239878
2.29  -2.8023508742736034  -6.375886950331698
2.3000000000000003  -2.896737866767884  -6.43117408774813
2.31  -2.9905919435928556  -6.482963489812292
2.32  -3.083895445761767  -6.531226680446405
2.33  -3.176630806417447  -6.575937077337678
2.34  -3.26878055395319  -6.617070007108397
2.35  -3.3603273151255273  -6.654602719480992
2.36  -3.4512538181582997  -6.688514400429349
2.37  -3.541542895837735  -6.718786184308155
2.38  -3.631177488597962  -6.745401164952573
2.39  -3.720140647596633  -6.768344405741094
2.4  -3.8084155377801117  -6.787602948614897
2.41  -3.895985440937822  -6.803165822047605
2.42  -3.982833758745252  -6.815024047959874
2.43  -4.0689440157952195  -6.823170647573787
2.44  -4.1542998626168  -6.827600646202537
2.45  -4.238885078681595  -6.828311076971501
2.46  -4.322683575396698  -6.8253009834672955
2.47  -4.405679399084025  -6.818571421312014
2.48  -4.4878567339453355  -6.808125458660372
2.49  -4.56919990501266  -6.793968175618071
2.5  -4.649693381083388  -6.776106662580252
2.5100000000000002  -4.729321777639733  -6.754550017489491
2.52  -4.808069859751886  -6.729309342013321
2.5300000000000002  -4.8859225449644565  -6.700397736641913
2.54  -4.962864906165564  -6.667830294707042
2.5500000000000003  -5.038882174438182  -6.631624095324098
2.56  -5.11395974189306  -6.59179819525946
2.57  -5.188083164482803  -6.548373619726115
2.58  -5.261238164796492  -6.50137335211101
2.59  -5.333410634834299  -6.450822322638217
2.6  -5.404586638761604  -6.396747395972466
2.61  -5.474752415641972  -6.33917735776836
2.62  -5.54389438214851  -6.2781429001709474
2.63  -5.6119991352529635  -6.213676606274156
2.64  -5.67905345489206  -6.145812933543838
2.65  -5.745044306610437  -6.0745881962131625
2.66  -5.809958844179692  -6.00004054665819
2.67  -5.873784412192847  -5.922209955762521
2.68  -5.93650854863377  -5.841138192280001
2.69  -5.9981189874208685  -5.756868801205471
2.7  -6.058603660924511  -5.669447081163674
2.71  -6.117950702457607  -5.57892006082744
2.72  -6.176148448738711  -5.48533647437635
2.73  -6.233185442327051  -5.388746736008068
2.74  -6.289050434028959  -5.289202913514687
2.75  -6.343732385274991  -5.18675870093729
2.7600000000000002  -6.39722047046724  -5.081469390312203
2.77  -6.449504079296175  -4.973391842523133
2.7800000000000002  -6.50057281902644  -4.862584457273758
2.79  -6.550416516750963  -4.749107142195943
2.8000000000000003  -6.599025221612857  -4.633021281109226
2.81  -6.6463892069943835  -4.514389701447703
2.82  -6.692498972672521  -4.39327664087097
2.83  -6.737345246940396  -4.269747713076168
2.84  -6.780918988694055  -4.143869872828874
2.85  -6.823211389483975  -4.015711380230661
2.86  -6.864213875530655  -3.885341764242114
2.87  -6.903918109703746  -3.7528317854799806
2.88  -6.9423159934640735  -3.618253398308129
2.89  -6.97939966876802  -3.481679712241926
2.9  -7.015161519933561  -3.343184952686411
2.91  -7.049594175467515  -3.2028444210288813
2.92  -7.0826905098532436  -3.0607344541069477
2.93  -7.114443645298387  -2.9169323830735294
2.94  -7.144846953441902  -2.771516491680583
2.95  -7.173894057019926  -2.624565974003779
2.96  -7.201578831489843  -2.4761608916306583
2.97  -7.227895406611982  -2.3263821303351726
2.98  -7.252838167988391  -2.1753113562618056
2.99  -7.276401758558132  -2.0230309716428225
3.0  -7.298581080048515  -1.8696240700725077
3.0100000000000002  -7.319371294381741  -1.715174391362497
3.02  -7.338767825036395  -1.5597662760026496
3.0300000000000002  -7.356766358363254  -1.40348461925209
3.04  -7.373362844854886  -1.2464148248855007
3.0500000000000003  -7.388553500368501  -1.0886427586195757
3.06  -7.402334807301532  -0.9302547012453909
3.0700000000000003  -7.414703515719461  -0.7713373014919312
3.08  -7.425656644435341  -0.611977528646961
3.09  -7.4351914820405725  -0.4522626249608655
3.1  -7.443305587886405  -0.2922800578599662
3.11  -7.449996793015715  -0.13211747199538362
3.12  -7.455263201044552  0.028137358845966926
3.13  -7.459103188993064  0.18839657994169964
3.14  -7.461515408065262  0.34857230391890937
3.15  -7.462498784377284  0.5085766590969496
3.16  -7.462052519633631  0.6683218378612196
3.17  -7.460176091751045  0.8277201450408921
3.18  -7.456869255429568  0.9866840462638722
3.19  -7.452132042670416  1.1451262162616154
3.2  -7.445964763240262  1.3029595870971789
3.21  -7.438368005081593  1.4600973962890844
3.22  -7.429342634668753  1.616453234804373
3.23  -7.418889797309345  1.771941094893488
3.24  -7.407010917390651  1.9264754177404415
3.25  -7.393707698570779  2.079971140901013
3.2600000000000002  -7.378982123914189  2.2323437455025705
3.27  -7.362836455971374  2.383509303178455
3.2800000000000002  -7.3452732368023534  2.533384522710707
3.29  -7.326295287943784  2.6818867963543243
3.3000000000000003  -7.305905710319398  2.8289342458170985
3.31  -7.284107884093579  2.9744457678685277
3.3200000000000003  -7.260905468467847  3.1183410795521715
3.33  -7.2363024014200565  3.260540762975354
3.34  -7.210302899386153  3.400966309650872
3.35  -7.182911456884299  3.53954016436525
3.36  -7.154132846081257  3.6761857685483705
3.37  -7.1239721163008936  3.810827603119818
3.38  -7.092434593474697  3.943391230787057
3.39  -7.059525879534228  4.073803337771444
3.4  -7.02525185174545  4.201991774937769
3.41  -6.989618661984845  4.327885598303913
3.42  -6.952632735957382  4.451415108906986
3.43  -6.914300772356188  4.572511892003206
3.44  -6.874629741964122  4.691108855578555
3.45  -6.83362688669708  4.807140268148253
3.46  -6.791299718589267  4.920541795822838
3.47  -6.747656018720421  5.031250538619617
3.48  -6.702703836085085  5.139205065998187
3.49  -6.656451486404115  5.244345451599608
3.5  -6.608907550878487  5.346613307168753
3.5100000000000002  -6.56008087488566  5.445951815640369
3.52  -6.509980566618626  5.54230576336928
3.5300000000000002  -6.458615995667861  5.635621571486211
3.54  -6.405996791546529  5.725847326360681
3.5500000000000003  -6.352132842159002  5.812932809153362
3.56  -6.2970342922132625  5.896829524440468
3.5700000000000003  -6.240711541577244  5.977490727893579
3.58  -6.183175243579637  6.054871452998511
3.59  -6.124436303255498  6.1289285367977975
3.6  -6.064505875537004  6.199620644641487
3.61  -6.003395363389882  6.26690829393185
3.62  -5.941116415895904  6.330753876848096
3.63  -5.8776809262819905  6.3911216820376575
3.64  -5.8131010298964245  6.4479779152614345
3.65  -5.747389102132744  6.501290718980773
3.66  -5.68055775630191  6.551030190874807
3.67  -5.612619841453383  6.597168401277171
3.68  -5.543588440145712  6.639679409522019
3.69  -5.4734768661674735  6.6785392791896365
3.7  -5.402298662209112  6.713726092242862
3.71  -5.330067597486601  6.745219962045969
3.72  -5.256797665317695  6.773003045258549
3.73  -5.182503080651585  6.797059552597385
3.74  -5.107198277552932  6.817375758460218
3.75  -5.030897906641164  6.83394000940581
3.7600000000000002  -4.953616832486045  6.84674273148557
3.77  -4.875370130960589  6.8557764364225635
3.7800000000000002  -4.7961730865523  6.861035726634569
3.79  -4.716041189634078  6.862517299098456
3.8000000000000003  -4.634990133695716  6.8602199480539765
3.81  -4.553035812537545  6.854144566545683
3.8200000000000003  -4.470194317427271  6.844294146802539
3.83  -4.3864819342215755  6.83067377945542
3.84  -4.301915140453824  6.813290651593469
3.85  -4.21651060238945  6.792154043661115
3.86  -4.130285172050591  6.7672753251981295
3.87  -4.043255884211636  6.73866794942603
3.88  -3.95543995336748  6.706347446684792
3.89  -3.8668547706763086  6.670331416724622
3.9  -3.7775179008788435  6.630639519858333
3.91  -3.687447079196129  6.587293466980599
3.92  -3.5966602082080303  6.540317008461206
3.93  -3.505175354714575  6.489735921920074
3.94  -3.4130107465828146  6.435577998892822
3.95  -3.3201847695813695  6.377873030396181
3.96  -3.2267159642057197  6.316652791403627
3.97  -3.1326230224967198  6.251951024242178
3.98  -3.0379247848555937  6.183803420922302
3.99  -2.94264023685845  6.112247604413578
4.0  -2.84678850607374  6.037323108879687
4.01  -2.750388858886222  5.959071358887031
4.0200000000000005  -2.6534606973312584  5.877535647602287
4.03  -2.556023555943531  5.792761113995015
4.04  -2.4580970986244277  5.704794719062146
4.05  -2.3597011155328205  5.613685221092485
4.0600000000000005  -2.26085552000416  5.519483149989869
4.07  -2.1615803455031646  5.422240780674845
4.08  -2.06189574261577  5.322012105585558
4.09  -1.9618219760865356  5.218852806299604
4.1  -1.8613794219079645  5.112820224299692
4.11  -1.7605885644689292  5.00397333090689
4.12  -1.6594699937697388  4.892372696406549
4.13  -1.5580444027121094  4.778080458392825
4.14  -1.4563325844730237  4.661160289359459
4.15  -1.3543554299720792  4.541677363565247
4.16  -1.252133925442885  4.41969832320436
4.17  -1.1496891501197757  4.295291243912724
4.18  -1.0470422740524972  4.168525599643767
4.19  -0.9442145560621525  4.039472226947867
4.2  -0.8412273418534041  3.9082032886920333
4.21  -0.7381020622989385  3.7747922372579668
4.22  -0.6348602319140829  3.639313777258848
4.23  -0.531523447540885  3.501843827817415
4.24  -0.4281133872632086  3.362459484450247
4.25  -0.32465180957617373  3.2212389806058
4.26  -0.22116055283612762  3.078261648906761
4.2700000000000005  -0.1176615350197066  2.9336078821504703
4.28  -0.014176753823825168  2.7873590941247017
4.29  0.08927171285832226  2.639597680299929
4.3  0.19266170604603686  2.4904069784638376
4.3100000000000005  0.2959709843212363  2.3398712293686392
4.32  0.39917722197148114  2.1880755374672654
4.33  0.5022580065718503  2.0351058318206143
4.34  0.6051908359450505  1.881048827265431
4.3500000000000005  0.7079531144321188  1.7259919859396995
4.36  0.8105221483973933  1.570023479272121
4.37  0.9128751408825067  1.4132321505517789
4.38  1.0149891853124746  1.2557074782064452
4.39  1.1168412581452778  1.0975395399306482
4.4  1.2184082103414526  0.9388189778205309
4.41  1.3196667575138665  0.7796369646897455
4.42  1.4205934685988848  0.6200851717609532
4.43  1.5211647528676748  0.4602557379510793
4.44  1.6213568450712352  0.3002412409956071
4.45  1.721145788482482  0.1401346706887179
4.46  1.820507415564279  -0.019970595447218506
4.47  1.91941732595134  -0.17998081370584335
4.48  2.0178508613864965  -0.33980189254798665
4.49  2.1157830771954584  -0.4993394072930785
4.5  2.213188709818417  -0.6584986106149083
4.51  2.310042139838144  -0.8171844382223836
4.5200000000000005  2.4063173498516646  -0.9753015090085738
4.53  2.501987876421781  -1.1327541188336692
4.54  2.597026755212713  -1.2894462269686127
4.55  2.691406458255236  -1.445281434057902
4.5600000000000005  2.7850988220963  -1.6001629502591936
4.57  2.8780749653570568  -1.7539935519729257
4.58  2.9703051939437257  -1.9066755252802212
4.59  3.06175889181437  -2.0581105938463815
4.6000000000000005  3.1524043947875837  -2.20819982860663
4.61  3.242208844365507  -2.35684353600833
4.62  3.331138017909762  -2.5039411209136233
4.63  3.4191561307208147  -2.6493909194340417
4.64  3.5062256045881735  -2.793089995929394
4.65  3.5923067961437836  -2.934933897098253
4.66  3.677357676791253  -3.074816354438543
4.67  3.761333454001674  -3.212628924262375
4.68  3.844186121230412  -3.348260551768393
4.69  3.9258639204433936  -3.481597042223179
4.7  4.006310697002371  -3.612520417822584
4.71  4.085465121116132  -3.7409081329460245
4.72  4.163259742756171  -3.866632112791701
4.73  4.239619837214978  -3.989557570107155
4.74  4.3144619854350355  -4.109541540935744
4.75  4.387692315541677  -4.226431061597609
4.76  4.459204307763137  -4.340060883492808
4.7700000000000005  4.528876031308089  -4.450250586788056
4.78  4.5965666346042635  -4.556800904197515
4.79  4.662111843237922  -4.659488995188595
4.8  4.7253181232092  -4.758062308717826
4.8100000000000005  4.785955025442516  -4.8522305228707525
4.82  4.843745016455688  -4.941654826751072
4.83  4.898349779923582  -5.025933471608784
4.84  4.9493514782792944  -5.104581994466855
4.8500000000000005  4.996226679223273  -5.177005688731876
4.86  5.038309380236948  -5.242460552385837
4.87  5.074737445255266  -5.299996705353625
4.88  5.10437312886775  -5.348374422865176
4.89  5.125681899157958  -5.385936101811752
4.9  5.1365418389256625  -5.410404871837214
4.91  5.133932906719982  -5.4185562675751715
4.92  5.113408763522339  -5.405660181063561
4.93  5.068154073962712  -5.3644849121250715
4.94  4.98720219416255  -5.283414374914453
4.95  4.851828740936757  -5.142638928462825
4.96  4.627659345788815  -4.90582137923131
4.97  4.245923419598634  -4.500309064414053
4.98  3.5569221008764402  -3.768055011482528
4.99  2.2411768365681954  -2.372176815581558
5.0  4.936877794888381e-14  -5.2192597038463894e-14
5.01  -2.281295195743855  2.4081474488384265
5.0200000000000005  -3.6854400380684553  3.883265684028297
5.03  -4.47821919404258  4.708491294463525
5.04  -4.968503869631624  5.211159722736411
5.05  -5.302955445012509  5.546559041515096
5.0600000000000005  -5.549314555965866  5.78638331794947
5.07  -5.741535453434603  5.966558129094853
5.08  -5.898141049878753  6.106677709937765
5.09  -6.029986502447414  6.218223597999896
5.1000000000000005  -6.1438169711878485  6.3083301800847105
5.11  -6.244029313987615  6.381649021277514
5.12  -6.3336052189377465  6.44133625969855
5.13  -6.414634596679667  6.489606390412342
5.14  -6.48862377888806  6.528058338519866
5.15  -6.556684696071755  6.557875597161239
5.16  -6.6196552247598  6.579953540074092
5.17  -6.678178160338531  6.594982960223872
5.18  -6.7327544658582275  6.6035063932318225
5.19  -6.783780045503  6.6059570106743015
5.2  -6.831571685358528  6.602686052897889
5.21  -6.876385702960841  6.593982547946161
5.22  -6.918431585352892  6.580087728288777
5.23  -6.957882116922847  6.561205733488353
5.24  -6.994881006182362  6.537511666328445
5.25  -7.029548702606041  6.509157733481552
5.26  -7.061986884953934  6.476277979965458
5.2700000000000005  -7.092281961678278  6.438991977672231
5.28  -7.120507827849256  6.397407726528951
5.29  -7.146728056341371  6.351623956302194
5.3  -7.170997654105561  6.301731967432121
5.3100000000000005  -7.193364480910406  6.247817113908954
5.32  -7.213870403805077  6.189960005681304
5.33  -7.232552242945541  6.128237489458265
5.34  -7.249442551434981  6.0627234530278
5.3500000000000005  -7.264570262151984  5.993489487978126
5.36  -7.277961227262933  5.920605438012758
5.37  -7.289638670595294  5.844139854211923
5.38  -7.299623568826796  5.7641603741285525
5.39  -7.307934974191864  5.68073403816624
5.4  -7.314590288880465  5.593927554015041
5.41  -7.319605499329496  5.503807517832824
5.42  -7.322995377052956  5.410440599216431
5.43  -7.3247736514263835  5.313893695706214
5.44  -7.324953158861073  5.2142340615310045
5.45  -7.3235459720184855  5.111529414470961
5.46  -7.3205635120831065  5.005848024047251
5.47  -7.316016646600387  4.897258783707295
5.48  -7.309915774970307  4.7858312692340945
5.49  -7.302270903347056  4.6716357852492765
5.5  -7.293091710416388  4.554743401384642
5.51  -7.282387605292123  4.4352259794541
5.5200000000000005  -7.270167778583083  4.313156192757095
5.53  -7.256441247523578  4.1886075384775925
5.54  -7.241216895928672  4.061654344003579
5.55  -7.224503509625295  3.932371767875765
5.5600000000000005  -7.206309807917404  3.8008357959764147
5.57  -7.186644471565505  3.6671232334869464
5.58  -7.165516167694752  3.5313116930733464
5.59  -7.142933571989936  3.3934795796996804
5.6000000000000005  -7.1189053884881215  3.2537060724198317
5.61  -7.093440367239059  3.1120711034549267
5.62  -7.06654732006882  2.968655334827276
5.63  -7.038235134652427  2.8235401327908107
5.64  -7.008512787075512  2.676807540270551
5.65  -6.977389353043175  2.5285402475010796
5.66  -6.944874017875039  2.37882156103365
5.67  -6.910976085409038  2.2277353712643575
5.68  -6.875704985922219  2.07536611862086
5.69  -6.8390702831643155  1.921798758532142
5.7  -6.801081680589055  1.7671187252943281
5.71  -6.761749026858605  1.6114118949356537
5.72  -6.72108232068842  1.4547645471750896
5.73  -6.679091715092277  1.2972633265615416
5.74  -6.635787521081092  1.1389952028737353
5.75  -6.591180210863295  0.9800474308549082
5.76  -6.545280420589789  0.8205075093517044
5.7700000000000005  -6.498098952681921  0.6604631399213116
5.78  -6.449646777777233  0.5000021849676324
5.79  -6.399935036324108  0.3392126254628369
5.8  -6.348975039853536  0.17818251830819165
5.8100000000000005  -6.296778271953483  0.01699995338441014
5.82  -6.24335638896889  -0.14424698966004654
5.83  -6.188721220448175  -0.305470284837399
5.84  -6.132884769355201  -0.46658200342167633
5.8500000000000005  -6.075859212064058  -0.6274943576811937
5.86  -6.01765689815225  -0.7881197447019556
5.87  -5.958290350006655  -0.948370790263873
5.88  -5.897772262255393  -1.10816039273243
5.89  -5.836115501037564  -1.2674017669301378
5.9  -5.773333103121707  -1.4260084879533126
5.91  -5.709438274883254  -1.5838945349003821
5.92  -5.644444391150045  -1.7409743344796134
5.93  -5.578364993924456  -1.8971628044643298
5.94  -5.511213790990065  -2.0523753969653447
5.95  -5.443004654409991  -2.206528141490377
5.96  -5.373751618923606  -2.3595376877617604
5.97  -5.303468880247805  -2.511321348263723
5.98  -5.232170793288616  -2.661797140491959
5.99  -5.159871870268467  -2.810883828878126
6.0  -5.086586778773855  -2.958500966363281
6.01  -5.012330339728338  -3.104568935594102
6.0200000000000005  -4.937117525294902  -3.2490089897171215
6.03  -4.860963456711758  -3.3917432927459488
6.04  -4.783883402065301  -3.532694959477815
6.05  -4.705892774003775  -3.6717880949355814
6.0600000000000005  -4.627007127394869  -3.8089478333123474
6.07  -4.5472421569303085  -3.9441003763961944
6.08  -4.466613694680316  -4.077173031453008
6.09  -4.385137707600788  -4.208094248545849
6.1000000000000005  -4.302830294995474  -4.336793657269892
6.11  -4.219707685935919  -4.463202102882464
6.12  -4.1357862366410645  -4.58725168180809
6.13  -4.051082427819042  -4.708875776498917
6.140000000000001  -3.9656128619728026  -4.828009089631511
6.15  -3.8793942606719063  -4.944587677621411
6.16  -3.7924434617919807  -5.058548983437282
6.17  -3.7047774167237226  -5.169831868696936
6.18  -3.616413187553132  -5.278376645028135
6.19  -3.5273679442145194  -5.384125104677366
6.2  -3.4376589616177045  -5.487020550350403
6.21  -3.347303616750908  -5.587007824268886
6.22  -3.2563193857608086  -5.684033336427541
6.23  -3.1647238410107876  -5.778045092037315
6.24  -3.072534648118967  -5.868992718140072
6.25  -2.9797695629768675  -5.956827489380995
6.26  -2.8864464287502103  -6.041502352925287
6.2700000000000005  -2.7925831728625767  -6.122971952506335
6.28  -2.698197803963362  -6.20119265159293
6.29  -2.603308408880729  -6.276122555663649
6.3  -2.5079331495606767  -6.347721533576929
6.3100000000000005  -2.4120902599932053  -6.415951238025998
6.32  -2.3157980431264202  -6.480775125068128
6.33  -2.219074867769415  -6.5421584727184445
6.34  -2.121939165484817  -6.600068398598679
6.3500000000000005  -2.0244094274718427  -6.654473876632078
6.36  -1.9265042014406986  -6.705345752775928
6.37  -1.828242088478765  -6.752656759783941
6.38  -1.729641739909776  -6.796381530990893
6.390000000000001  -1.6307218541463933  -6.836496613112741
6.4  -1.5315011735369015  -6.872980478055749
6.41  -1.4319984812067361  -6.905813533728826
6.42  -1.3322325978955265  -6.934978133853554
6.43  -1.2322223787902693  -6.960458586767182
6.44  -1.1319867103550703  -6.982241163214125
6.45  -1.0315445071583902  -7.00031410312219
6.46  -0.9309147086980308  -7.014667621360181
6.47  -0.8301162762245831  -7.02529391247405
6.48  -0.7291681895639109  -7.032187154399309
6.49  -0.6280894439391558  -7.035343511147898
6.5  -0.526899046792722  -7.034761134468283
6.51  -0.42561601460878723  -7.030440164477928
6.5200000000000005  -0.32425936973695957  -7.022382729267969
6.53  -0.22284813721732555  -7.010592943480345
6.54  -0.12140134160748144  -6.995076905858082
6.55  -0.019938003812054985  -6.97584269577012
6.5600000000000005  0.0815228620848982  -6.952900368712357
6.57  0.18296225198424318  -6.92626195078733
6.58  0.28436117493238217  -6.895941432165186
6.59  0.38570065627758365  -6.861954759529382
6.6000000000000005  0.48696174082194676  -6.8243198275108305
6.61  0.5881254959681894  -6.783056469114849
6.62  0.689173014861289  -6.738186445145642
6.63  0.790085419524171  -6.689733432633694
6.640000000000001  0.8908438639874882  -6.6377230122718
6.65  0.9914295374127098  -6.582182654866029
6.66  1.0918236672084933  -6.52314170680839
6.67  1.192007522139819  -6.460631374578383
6.68  1.2919624154295146  -6.394684708281246
6.69  1.391669707851863  -6.325336584231018
6.7  1.491110810818004  -6.252623686587159
6.71  1.5902671894527467  -6.176584488053713
6.72  1.689120365662396  -6.09725922965081
6.73  1.7876519211933366  -6.014689899568401
6.74  1.885843500681075  -5.928920211112862
6.75  1.9836768146894006  -5.839995579757242
6.76  2.081133642739201  -5.747963099306787
6.7700000000000005  2.1781958363269283  -5.652871517191398
6.78  2.274845321932026  -5.554771208897421
6.79  2.3710641040133926  -5.453714151551376
6.8  2.4668342679941917  -5.349753896668791
6.8100000000000005  2.5621379832350955  -5.2429455420817375
6.82  2.6569575059952615  -5.1333457030589535
6.83  2.7512751823810784  -5.0210124826329325
6.84  2.8450734512822193  -4.906005441148723
6.8500000000000005  2.9383348472946746  -4.788385565049647
6.86  3.031042003630531  -4.668215234915445
6.87  3.123177655014223  -4.5455581927687145
6.88  3.214724640564939  -4.42047950866597
6.890000000000001  3.305665906664773  -4.293045546590022
6.9  3.3959845098125236  -4.163323929660632
6.91  3.4856636194627306  -4.0313835046807505
6.92  3.5746865208496286  -3.897294306036166
6.93  3.663036617795753  -3.7611275189664846
6.94  3.750697435505013  -3.622955442225959
6.95  3.837652623339681  -3.482851450152527
6.96  3.9238859575812524  -3.340889954164467
6.97  4.0093813441747805  -3.19714636370364
6.98  4.0941228214563115  -3.0516970466451347
6.99  4.178094562863194  -2.9046192891928535
7.0  4.26128087962701  -2.755991255281626
7.01  4.343666223448732  -2.6058919455059
7.0200000000000005  4.425235189155825  -2.454401155595826
7.03  4.505972517340907  -2.3015994344617328
7.04  4.585863096981953  -2.14756804182783
7.05  4.664891968043317  -1.992388905476957
7.0600000000000005  4.743044324057506  -1.8361445781276187
7.07  4.820305514687389  -1.678918193965411
7.08  4.896661048268456  -1.5207934248504462
7.09  4.9720965943307975  -1.3618544362234748
7.1000000000000005  5.046597986100487  -1.2021858427326753
7.11  5.120151222980106  -1.0418726636039806
7.12  5.192742473008036  -0.8810002777772259
7.13  5.264358075296094  -0.7196543788314824
7.140000000000001  5.334984542445383  -0.5579209297221654
7.15  5.404608562939776  -0.3958861173533315
7.16  5.473217003516946  -0.23363630700801166
7.17  5.5407969115163205  -0.07125799666039298
7.18  5.607335517203919  0.0911622288070663
7.19  5.672820236073408  0.25353774345796454
7.2  5.737238671123288  0.4157819262040186
7.21  5.800578615109722  0.5778082067315734
7.22  5.862828052774636  0.7395301114283764
7.23  5.923975163048774  0.9008613092872848
7.24  5.984008321229352  1.0617156577628368
7.25  6.042916101131943  1.2220072485573201
7.26  6.100687277216105  1.381650453312063
7.2700000000000005  6.157310826684616  1.5405599691805727
7.28  6.212775931555649  1.6986508642594869
7.29  6.267071980707807  1.8558386228540085
7.3  6.32018857189733  2.012039190553662
7.3100000000000005  6.3721155137474  2.1671690190951534
7.32  6.422842827708859  2.321145110988495
7.33  6.4723607499921885  2.473885063883304
7.34  6.520659733470228  2.625307114651425
7.3500000000000005  6.567730449551267  2.775330183162983
7.36  6.613563790022093  2.9238739157324343
7.37  6.65815086886067  3.0708587282119337
7.38  6.7014830240179535  3.216205848708689
7.390000000000001  6.743551819168494  3.359837359903914
7.4  6.784349045429378  3.5016762409505326
7.41  6.823866723047199  3.641646408927588
7.42  6.862097103052495  3.779672759828691
7.43  6.899032668881352  3.915681209062828
7.44  6.9346661379637755  4.049598731445594
7.45  6.968990463278316  4.181353400659179
7.46  7.001998834872615  4.310874428160039
7.47  7.033684681349464  4.438092201512744
7.48  7.064041671317874  4.56293832212948
7.49  7.093063714808825  4.685345642394364
7.5  7.120744964655256  4.805248302152597
7.51  7.147079817835862  4.922581764544024
7.5200000000000005  7.172062916782279  5.037282851161715
7.53  7.195689150649243  5.149289776515949
7.54  7.217953656547354  5.258542181784774
7.55  7.238851820737946  5.364981167832082
7.5600000000000005  7.258379279789693  5.468549327475053
7.57  7.276531921696546  5.569190776982754
7.58  7.293305886956571  5.6668511867884375
7.59  7.308697569611277  5.7614778113979535
7.6000000000000005  7.322703618245013  5.853019518477606
7.61  7.335320936944054  5.941426817104748
7.62  7.3465466862149515  6.026651885165251
7.63  7.356378283861729  6.108648595881879
7.640000000000001  7.3648134058215735  6.187372543458495
7.65  7.371849986958547  6.262781067825182
7.66  7.377486221814997  6.334833278470003
7.67  7.381720565320226  6.403490077343311
7.68  7.384551733456063  6.468714180821273
7.69  7.385978703878915  6.530470140715598
7.7  7.386000716497963  6.588724364316845
7.71  7.3846172740090825  6.643445133459508
7.72  7.381828142384152  6.694602622597103
7.73  7.377633351315372  6.742168915876408
7.74  7.372033194614214  6.786118023200241
7.75  7.365028230564675  6.826425895268903
7.76  7.3566192822304615  6.8630704375906655
7.7700000000000005  7.34680743771578  6.8960315234525105
7.78  7.335594050379383  6.925291005842613
7.79  7.322980739001523  6.9508327283168425
7.8  7.308969387903553  6.972642534801874
7.8100000000000005  7.2935621470197605  6.990708278328224
7.82  7.2767614319212175  7.005019828687051
7.83  7.258569923791287  7.015569079005079
7.84  7.238990569352505  7.022349951232636
7.8500000000000005  7.218026580744569  7.025358400540329
7.86  7.1956814353531335  7.024592418620515
7.87  7.1719588755891674  7.0200520358902505
7.88  7.146862908618573  7.011739322593033
7.890000000000001  7.1203978060418605  6.999658388797248
7.9  7.092568103523655  6.983815383289768
7.91  7.063378600371691  6.964218491363847
7.92  7.032834359065225  6.940877931500973
7.930000000000001  7.000940704732573  6.913805950946969
7.94  6.967703224577571  6.883016820183284
7.95  6.933127767254782  6.848526826294891
7.96  6.897220442193311  6.810354265237037
7.97  6.859987618869021  6.76851943300345
7.98  6.821435926024964  6.723044615699392
7.99  6.781572250840011  6.673954078523511
8.0  6.740403738045397  6.621274053662973
8.01  6.697937788989172  6.56503272710711
8.02  6.654182060648424  6.505260224385298
8.03  6.609144464589195  6.441988595235452
8.040000000000001  6.5628331658739505  6.3752517972100815
8.05  6.515256581916689  6.305085678227591
8.06  6.466423381285413  6.2315279580767236
8.07  6.416342482452201  6.154618208883303
8.08  6.36502305249061  6.074397834548301
8.09  6.3124745057205685  5.9909100491673755
8.1  6.258706502300733  5.904199854442315
8.11  6.203728946768239  5.81431401609557
8.120000000000001  6.147551986526029  5.721301039299492
8.13  6.090186010277758  5.6252111431326774
8.14  6.03164164641026  5.52609623407607
8.15  5.971929761323799  5.424009878562319
8.16  5.911061457710133  5.319007274592376
8.17  5.849048072778566  5.211145222433729
8.18  5.785901176429995  5.100482094415376
8.19  5.721632569379278  4.987077803835057
8.2  5.6562542812260155  4.870993772994899
8.21  5.58977856847383  4.752292900381996
8.22  5.522217912498622  4.631039527011325
8.23  5.453585017465642  4.507299401948011
8.24  5.3838928081960375  4.3811396470278625
8.25  5.3131544279827505  4.252628720794187
8.26  5.241383236356337  4.121836381670202
8.27  5.168592806800863  3.9888336503865585
8.28  5.094796924420132  3.8536927716839546
8.290000000000001  5.020009583554777  3.7164871753112902
8.3  4.944244985350355  3.577291436340329
8.31  4.867517535276955  3.436181234817969
8.32  4.789841840600611  3.2932333147779733
8.33  4.71123270780704  3.1485254426343303
8.34  4.631705139978054  3.002136364978607
8.35  4.551274334121036  2.85414576580421
8.36  4.469955678452155  2.7046342231808373
8.370000000000001  4.387764749633504  2.5536831654026364
8.38  4.304717309965065  2.4013748266341444
8.39  4.220829304531517  2.247792202077906
8.4  4.136116858304945  2.093019002688904
8.41  4.050596273203736  1.93713960945997
8.42  3.9642840251082117  1.7802390273039288
8.43  3.8771967608338604  1.6224028385574958
8.44  3.7893512950624793  1.463717156132725
8.45  3.7007646072321587  1.304268576341904
8.46  3.6114538383866472  1.1441441314219614
8.47  3.5214362879847636  0.9834312417848808
8.48  3.430729410670673  0.8222176680203931
8.49  3.3393508130056455  0.6605914626778019
8.5  3.247318250162264  0.4986409218539158
8.51  3.154649622581568  0.336454536613896
8.52  3.061362972594207  0.17412094427229133
8.53  2.967476481006353  0.011728879561481926
8.540000000000001  2.8730084636510638  -0.15063287428509242
8.55  2.777977367906351  -0.3128755345073635
8.56  2.68240176918032  -0.47491036782356644
8.57  2.5863003673649136  -0.6366487394375014
8.58  2.489691983258667  -0.7980021620212266
8.59  2.392595554959832  -0.9588823446449509
8.6  2.295030134230715  -1.1192012416268877
8.61  2.1970148828341927  -1.2788711012753209
8.620000000000001  2.0985690688436134  -1.4378045144953528
8.63  1.9997120629271776  -1.5959144632326832
8.64  1.900463334607643  -1.7531143687273014
8.65  1.8008424484988117  -1.9093181395492758
8.66  1.7008690605198364  -2.0644402193895734
8.67  1.6005629140885866  -2.218395634578971
8.68  1.4999438362951505  -2.3711000413075793
8.69  1.3990317340569944  -2.522469772518452
8.700000000000001  1.2978465902569196  -2.6724218844484624
8.71  1.196408459865207  -2.8208742027898097
8.72  1.0947374660471567  -2.9677453684461628
8.73  0.9928537962577701  -3.1129548828569025
8.74  0.8907776983247665  -3.2564231528638095
8.75  0.7885294765213926  -3.398071535094749
8.76  0.686129487630759  -3.5378223798385853
8.77  0.5835981370031834  -3.6755990743865947
8.78  0.48095587460802464  -3.8113260858154363
8.790000000000001  0.37822319108200336  -3.944929003187296
8.8  0.27542061377540444  -4.076334579142937
8.81  0.17256870279817638  -4.205470770864173
8.82  0.06968804706761536  -4.332266780381985
8.83  -0.03320073964031726  -4.456653094207389
8.84  -0.13607702263413549  -4.578561522262615
8.85  -0.23892015024252766  -4.697925236089995
8.86  -0.3417094577401599  -4.814678806317
8.870000000000001  -0.44442427126182676  -4.928758239356005
8.88  -0.5470439117021446  -5.040101013317774
8.89  -0.6495476985990396  -5.148646113118453
8.9  -0.7519149539979482  -5.254334064759808
8.91  -0.8541250062944996  -5.357106968763517
8.92  -0.956157194053023  -5.456908532740361
8.93  -1.0579908697977682  -5.553684103076174
8.94  -1.1596054037742725  -5.647380695716383
8.950000000000001  -1.2609801876774818  -5.737947026032056
8.96  -1.3620946383434351  -5.825333537750568
8.97  -1.4629282014014273  -5.909492430934974
8.98  -1.5634603548824688  -5.990377688996247
8.99  -1.663670612780866  -6.067945104723704
9.0  -1.7635385285644203  -6.142152305319164
9.01  -1.8630436986294243  -6.212958776421385
9.02  -1.9621657656956575  -6.280325885107577
9.03  -2.0608844221367373  -6.344216901859854
9.040000000000001  -2.1591794132408992  -6.404597021484954
9.05  -2.2570305403964306  -6.46143338297629
9.06  -2.3544176641965535  -6.514695088308291
9.07  -2.451320707457043  -6.564353220153402
9.08  -2.547719658140323  -6.610380858513251
9.09  -2.6435945721789866  -6.652753096255925
9.1  -2.7389255761908955  -6.691447053552444
9.11  -2.833692870078031  -6.726441891205954
9.120000000000001  -2.9278767295000123  -6.757718822868313
9.13  -3.0214575082128086  -6.7852611261394555
9.14  -3.1144156402626884  -6.809054152545853
9.15  -3.20673164202369  -6.8290853363952495
9.16  -3.2983861140670996  -6.845344202505859
9.17  -3.389359742849313  -6.857822372809145
9.18  -3.4796333022041672  -6.866513571826313
9.19  -3.5691876546238084  -6.871413631019721
9.200000000000001  -3.658003752311188  -6.872520492021428
9.21  -3.7460626379855286  -6.869834208742336
9.22  -3.833345445420212  -6.863356948366468
9.23  -3.9198333996906967  -6.853092991236247
9.24  -4.00550781710759  -6.839048729635892
9.25  -4.0903501048078805  -6.821232665481453
9.26  -4.174341759974028  -6.799655406927504
9.27  -4.257464368647783  -6.774329663901973
9.28  -4.339699604102037  -6.745270242582406
9.290000000000001  -4.421029224729696  -6.712494038828584
9.3  -4.501435071404303  -6.676020030588501
9.31  -4.580899064262066  -6.635869269296622
9.32  -4.659403198848825  -6.5920648702858005
9.33  -4.736929541569128  -6.544632002236536
9.34  -4.813460224367112  -6.493597875690108
9.35  -4.888977438560351  -6.438991730655056
9.36  -4.963463427737965  -6.3808448233397375
9.370000000000001  -5.03690047962337  -6.31919041204757
9.38  -5.109270916789246  -6.254063742275566
9.39  -5.180557086097848  -6.1855020310612945
9.4  -5.250741346722639  -6.11354445062899
9.41  -5.319806056588362  -6.038232111391071
9.42  -5.3877335570441405  -5.959608044368277
9.43  -5.4545061555582315  -5.877717183099386
9.44  -5.520106106193256  -5.792606345119948
9.450000000000001  -5.584515587585917  -5.704324213100204
9.46  -5.647716678114115  -5.612921315743588
9.47  -5.709691327887531  -5.518450008560981
9.48  -5.770421327141065  -5.42096445465199
9.49  -5.829888270545787  -5.320520605642765
9.5  -5.888073516874033  -5.217176182951807
9.51  -5.944958143364083  -5.11099065958086
9.52  -6.000522894021189  -5.0020252426584335
9.53  -6.0547481209620795  -4.890342856999182
9.540000000000001  -6.10761371775588  -4.7760081299859385
9.55  -6.159099043528462  -4.65908737813215
9.56  -6.209182836374638  -4.539648595744257
9.57  -6.257843114352241  -4.417761446178682
9.58  -6.30505706200541  -4.293497256277902
9.59  -6.350800899965388  -4.166929014680621
9.6  -6.395049734688926  -4.038131374835552
9.61  -6.4377773847945825  -3.907180663714125
9.620000000000001  -6.478956179715296  -3.7741548974215204
9.63  -6.518556725464868  -3.6391338051602307
9.64  -6.556547631166279  -3.5021988633164574
9.65  -6.592895188545732  -3.363433341838932
9.66  -6.627562994773471  -3.2229223655820074
9.67  -6.660511506714807  -3.0807529939247593
9.68  -6.691697511691116  -2.9370143227959797
9.69  -6.721073496032191  -2.791797614289478
9.700000000000001  -6.748586887747814  -2.645196460422368
9.71  -6.774179143168416  -2.4973069893804825
9.72  -6.7977846388645  -2.348228124955843
9.73  -6.819329318796097  -2.1980619130255303
9.74  -6.838729031395823  -2.0469139331425557
9.75  -6.855887470616346  -1.8948938190381799
9.76  -6.870693606644975  -1.7421159196904172
9.77  -6.8830184527260645  -1.5887001435097867
9.78  -6.892710959445135  -1.4347730434950787
9.790000000000001  -6.899592749512792  -1.2804692229860855
9.8  -6.903451293149265  -1.125933173074774
9.81  -6.904030958771271  -0.9713216988227796
9.82  -6.90102112735087  -0.8168071601600063
9.83  -6.8940401851658315  -0.6625818577297795
9.84  -6.882613631398583  -0.5088640557530296
9.85  -6.866143622149384  -0.35590639042647026
9.86  -6.843865789221855  -0.20400782892036426
9.870000000000001  -6.814786701534169  -0.05353103940557283
9.88  -6.777591095910762  0.0950717706984022
9.89  -6.73050047266551  0.2412193595693719
9.9  -6.671050756828395  0.3841391641429554
9.91  -6.595729958174641  0.522765452891461
9.92  -6.4993625908492385  0.655565620624652
9.93  -6.374011639206424  0.7802288667310155
9.94  -6.206904204383623  0.8930744865795112
9.950000000000001  -5.97623865637338  0.9878460953211526
9.96  -5.64202346365191  1.053046020803612
9.97  -5.12437247681058  1.0654999656898432
9.98  -4.249906315336289  0.9738661911597645
9.99  -2.651286011846495  0.6636446051769728
10.0  -1.1565778899439136e-13  3.139065897386245e-14
