0.0  0.0  0.0
0.01  0.10905414310126271  -0.14893215367270124
0.02  0.17642276052396197  -0.28615387602374437
0.03  0.21526621682251182  -0.40030123518266153
0.04  0.24006911233921963  -0.4992058855494789
0.05  0.2573808144638766  -0.5878993437739118
0.06  0.2699448885307053  -0.6687977694943091
0.07  0.27889696309574197  -0.7430241243490157
0.08  0.2846595258243064  -0.8110806265284733
0.09  0.2873242814411147  -0.8731619986139753
0.1  0.2868310674643183  -0.9293077228294926
0.11  0.2830594617528734  -0.9794808490604598
0.12  0.2758795627965  -1.023611387865037
0.13  0.2651819945699005  -1.0616215688741382
0.14  0.2508964106846514  -1.093441260671406
0.15  0.23300306131715995  -1.1190177523919957
0.16  0.21153979690430508  -1.1383221287216594
0.17  0.1866058114966171  -1.1513534762792579
0.18  0.1583628828646963  -1.158141635188416
0.19  0.1270345800873667  -1.158748922180031
0.2  0.09290375672611158  -1.1532710884820365
0.21  0.05630856649572438  -1.1418376804961328
0.22  0.01763719631245858  -1.1246119142485764
0.23  -0.022678508645544732  -1.1017901398063736
0.24  -0.06417036141623444  -1.0736009503088808
0.25  -0.1063419265735893  -1.040303976818685
0.26  -0.148677224379307  -1.0021884017948186
0.27  -0.19064987744705575  -0.9595712187878771
0.28  -0.23173252960037571  -0.9127952628047752
0.29  -0.27140636574720506  -0.8622270339648963
0.3  -0.3091705624068186  -0.8082543360998301
0.31  -0.3445515013343528  -0.7512837515262534
0.32  -0.37711158367579417  -0.6917379731377046
0.33  -0.40645748932729303  -0.630053015073756
0.34  -0.43224773565894153  -0.5666753234353052
0.35000000000000003  -0.45419940141975784  -0.5020588087524618
0.36  -0.4720938953372296  -0.43666182212668175
0.37  -0.48578166448422827  -0.37094409712526283
0.38  -0.4951857546919282  -0.30536367957777294
0.39  -0.5003041538898887  -0.24037386739147923
0.4  -0.5012108689769045  -0.17642018235288773
0.41000000000000003  -0.49805570737032373  -0.11393739560574297
0.42  -0.4910627554332017  -0.05334662808640989
0.43  -0.480527567213393  0.004947453347758467
0.44  -0.46681309801736376  0.060559324043539746
0.45  -0.45034443795545803  0.11312515469463094
0.46  -0.431602420412081  0.1623052112167976
0.47000000000000003  -0.4111161991023052  0.20778608414897276
0.48  -0.38945490468057825  0.24928273157541647
0.49  -0.3672185074930285  0.28654032088113174
0.5  -0.3450280267631524  0.3193358560772142
0.51  -0.32351523805127425  0.34747957895549864
0.52  -0.30331204004359685  0.3708161339426088
0.53  -0.2850396484550056  0.3892254882113975
0.54  -0.2692977889571288  0.40262360036109696
0.55  -0.2566540624954592  0.41096283278401863
0.56  -0.2476336551036535  0.41423210468355515
0.5700000000000001  -0.2427095603681373  0.41245678458231516
0.58  -0.24229347609228713  0.4056983230469942
0.59  -0.24672752754795363  0.3940536282442982
0.6  -0.25627695811400375  0.37765418881613566
0.61  -0.2711239142554864  0.3566649504085477
0.62  -0.2913624358969103  0.33128295399383756
0.63  -0.31699474552501405  0.30173574587561763
0.64  -0.347928910085004  0.26827957094893345
0.65  -0.3839779291988468  0.2311973623895875
0.66  -0.4248602817444783  0.19079654245611596
0.67  -0.47020194071584387  0.14740665049308097
0.68  -0.5195398438714252  0.10137681551464836
0.6900000000000001  -0.5723267853146878  0.05307309191282741
0.7000000000000001  -0.6279376711754463  0.002875677866169164
0.71  -0.6856770613134076  -0.04882396308596847
0.72  -0.7447878987710472  -0.10162605609842525
0.73  -0.8044613098742803  -0.15512552291452997
0.74  -0.8638473407084835  -0.20891502138506607
0.75  -0.9220664804519296  -0.2625879941364982
0.76  -0.9782218089682913  -0.31574170381866
0.77  -1.0314115953519005  -0.367980232435312
0.78  -1.080742165956057  -0.4189174225018881
0.79  -1.1253408549499233  -0.4681797381820224
0.8  -1.1643688477375538  -0.5154090251256551
0.81  -1.1970337276856535  -0.5602651484628818
0.8200000000000001  -1.2226015395547558  -0.6024284892942794
0.8300000000000001  -1.2404081887787077  -0.6416022810540658
0.84  -1.249870004214526  -0.6775147682998365
0.85  -1.2504933030724006  -0.7099211717933696
0.86  -1.2418828102776374  -0.7386054451716749
0.87  -1.223748800319457  -0.7633818100556975
0.88  -1.1959128474776421  -0.7840960580945349
0.89  -1.158312089928164  -0.8006266101836207
0.9  -1.1110019343267497  -0.8128853249132136
0.91  -1.0541571497454243  -0.8208180501852124
0.92  -0.9880713229638162  -0.8244049138678534
0.93  -0.91315467075289  -0.8236603513247361
0.9400000000000001  -0.8299302285844021  -0.8186328696421735
0.9500000000000001  -0.7390284588016148  -0.8094045503720869
0.96  -0.6411803443451727  -0.7960902945915139
0.97  -0.5372090562990907  -0.7788368160392194
0.98  -0.4280203044748191  -0.7578213900100373
0.99  -0.31459149967312117  -0.7332503675536819
1.0  -0.19795987386309186  -0.7053574663226316
1.01  -0.07920972003071929  -0.6744018511294401
1.02  0.04054107335761126  -0.6406660188941876
1.03  0.16015500765792956  -0.6044535041752329
1.04  0.278489285507535  -0.566086422869113
1.05  0.3944102496424768  -0.5259028729274557
1.06  0.5068077479746023  -0.4842542120601625
1.07  0.61460922445105  -0.4415022333659319
1.08  0.716793338759485  -0.3980162606456083
1.09  0.8124029243526376  -0.35417018580422893
1.1  0.9005571034545911  -0.31033947122854205
1.11  0.9804623895461729  -0.2668981403340694
1.12  1.0514226221356868  -0.2242157796066343
1.1300000000000001  1.1128475951953627  -0.18265457541615704
1.1400000000000001  1.1642602592406002  -0.1425664086553147
1.1500000000000001  1.2053023973757515  -0.10429002985355024
1.16  1.2357386974279798  -0.06814833684048766
1.17  1.2554591652193243  -0.03444577628593972
1.18  1.2644798477492405  -0.003465889531652199
1.19  1.2629418592266362  0.024530977940885296
1.2  1.2511087271460495  0.04930978528395254
1.21  1.2293620995904389  0.07066270653968382
1.22  1.1981958783100604  0.08841082711584212
1.23  1.1582088645297255  0.10240561283527916
1.24  1.1100960255462575  0.1125301396389033
1.25  1.0546385096844957  0.1187000738438979
1.26  0.9926925547980318  0.12086439476322959
1.27  0.9251774509725341  0.11900585346486617
1.28  0.8530627311895878  0.11314116347464293
1.29  0.777354774247481  0.10332092129004299
1.3  0.6990830120605596  0.08962925665757064
1.31  0.6192859384594083  0.07218321465801682
1.32  0.5389971187209929  0.05113187372568818
1.33  0.45923139824511294  0.026655205783674116
1.34  0.3809715050784178  -0.001037313308439513
1.35  0.30515523443049386  -0.03170833284082779
1.36  0.23266339403111758  -0.06509448383530396
1.37  0.16430867728696807  -0.1009084492866762
1.3800000000000001  0.10082561689212903  -0.1388412325307698
1.3900000000000001  0.04286175504708005  -0.17856460662394735
1.4000000000000001  -0.009029852004306274  -0.2197337261634807
1.41  -0.05439669752233027  -0.2619898816610099
1.42  -0.09289137978210255  -0.30496337541307617
1.43  -0.12427459594267666  -0.34827649680275635
1.44  -0.1484165438902468  -0.391546574122973
1.45  -0.16529672524656724  -0.4343890793420173
1.46  -0.17500216631261845  -0.47642076174092
1.47  -0.17772409694797678  -0.5172627860448158
1.48  -0.1737531499227602  -0.5565438505492182
1.49  -0.1634731647868299  -0.5939032608087561
1.5  -0.14735370046181617  -0.6289939347103438
1.51  -0.1259413792780559  -0.6614853151936916
1.52  -0.09985020177859903  -0.6910661675065795
1.53  -0.06975098605338863  -0.7174472386863326
1.54  -0.03636009743892373  -0.7403637579366622
1.55  -0.00042764394872709863  -0.7595777577136452
1.56  0.03727468034717129  -0.7748801966377815
1.57  0.07596591769381159  -0.7860928668013087
1.58  0.11486814721566212  -0.7930700696306274
1.59  0.15321857768996625  -0.7957000461809883
1.6  0.19028125091920503  -0.7939061495718437
1.61  0.22535818119062845  -0.7876477492027402
1.62  0.25779976601595134  -0.7769208584069215
1.6300000000000001  0.2870143155011429  -0.7617584792877041
1.6400000000000001  0.312476562112217  -0.7422306606255277
1.6500000000000001  0.3337350290519452  -0.7184442669250765
1.6600000000000001  0.3504181536880003  -0.6905424588755826
1.67  0.3622390821923819  -0.6587038877065139
1.68  0.36899907246035896  -0.6231416081185425
1.69  0.3705894641524816  -0.5841017166392105
1.7  0.36699219701096053  -0.5418617243773799
1.71  0.3582788811000902  -0.4967286752141079
1.72  0.3446084449655177  -0.4490370224541297
1.73  0.32622340955823687  -0.3991462788563132
1.74  0.303444856793783  -0.3474384567485773
1.75  0.27666618149608146  -0.2943153165989949
1.76  0.2463457339078837  -0.24019544394706555
1.77  0.21299847665747856  -0.18551117598549247
1.78  0.17718679480320568  -0.13070540031222913
1.79  0.13951061011269744  -0.07622824943538503
1.8  0.100596960886213  -0.022533715501216262
1.81  0.06108921625343251  0.02992378957927849
1.82  0.021636098849833207  0.08069290291253486
1.83  -0.01711930795733725  0.12932878229626724
1.84  -0.05455039260082907  0.17539655463891626
1.85  -0.09005751511479966  0.21847471504674687
1.86  -0.12307800759392133  0.25815845076572747
1.87  -0.15309551714936032  0.29406286462595194
1.8800000000000001  -0.17964854409086659  0.32582607328942315
1.8900000000000001  -0.20233804122015608  0.3531121564431643
1.9000000000000001  -0.22083395533470845  0.3756139341028221
1.9100000000000001  -0.23488060907405292  0.39305555038997747
1.92  -0.24430083982587347  0.405194843510556
1.93  -0.24899883225665762  0.41182548318220874
1.94  -0.24896160183184698  0.41277885842405926
1.95  -0.24425910812006896  0.4079257004207171
1.96  -0.23504299840217788  0.39717742709048526
1.97  -0.22154400379150935  0.38048719801120967
1.98  -0.20406803138084403  0.35785067047106217
1.99  -0.18299101653428892  0.329306449600122
2.0  -0.15875261901968923  0.2949362277854958
2.0100000000000002  -0.1318488649268242  0.2548646108611738
2.02  -0.10282385295633419  0.20925863087670324
2.0300000000000002  -0.07226065843727325  0.15832694756872448
2.04  -0.04077158110929334  0.10231874296915802
2.05  -0.008987893093121502  0.041522315865708335
2.06  0.022450748589851452  -0.02373661493235449
2.07  0.05290705522384406  -0.09309688739479972
2.08  0.08175685289704272  -0.16616413991176313
2.09  0.1083996498464977  -0.24251330654661316
2.1  0.1322688548894513  -0.3216913467770414
2.11  0.15284148252168078  -0.4032201908299993
2.12  0.16964718817715682  -0.48659988008231536
2.13  0.18227648750760295  -0.5713118805138632
2.14  0.19038802619541312  -0.6568225458762309
2.15  0.19371478156345565  -0.7425867060860525
2.16  0.19206909386290583  -0.8280513553784121
2.17  0.1853464433486479  -0.9126594139683128
2.18  0.17352790880973612  -0.9958535363744209
2.19  0.15668126380763137  -1.0770799391625028
2.2  0.1349606881694741  -1.1557922206705638
2.21  0.10860509395850235  -1.2314551452840803
2.22  0.07793508686348749  -1.3035483650391408
2.23  0.043348605378090835  -1.3715700517412726
2.24  0.005315300947104471  -1.4350404133963746
2.25  -0.03563025788223342  -1.493505069551945
2.2600000000000002  -0.07889645565785279  -1.546538261137032
2.27  -0.12384345585767594  -1.5937458715594706
2.2800000000000002  -0.16979284839210135  -1.6347682371616121
2.29  -0.21603797159237506  -1.669282726639804
2.3000000000000003  -0.26185475054360874  -1.6970060706881984
2.31  -0.306512885086232  -1.717696424920876
2.32  -0.34928721483501723  -1.731155151045245
2.33  -0.3894690852460341  -1.7372283032892057
2.34  -0.42637753815452994  -1.7358078092102223
2.35  -0.4593701523246728  -1.7268323362198887
2.36  -0.487853364366897  -1.7102878374267443
2.37  -0.5112921078212997  -1.6862077727159415
2.38  -0.5292186181658248  -1.6546730033297652
2.39  -0.5412402638376381  -1.615811360570415
2.4  -0.5470462778696303  -1.5697968915985572
2.41  -0.5464132812230554  -1.51684878763022
2.42  -0.5392095070921702  -1.4572300021236597
2.43  -0.5253976550920604  -1.3912455687796421
2.44  -0.5050363250179918  -1.3192406313368237
2.45  -0.47828000146773464  -1.2415981992125664
2.46  -0.4453775827179993  -1.1587366450032983
2.47  -0.40666946950515126  -1.071106961702997
2.48  -0.36258325143866726  -0.979189799210022
2.49  -0.31362805033507185  -0.8834923012586589
2.5  -0.26038760047037357  -0.7845447653211804
2.5100000000000002  -0.20351216529161098  -0.6828971492684198
2.52  -0.14370940820299535  -0.5791154496431313
2.5300000000000002  -0.08173435136989296  -0.4737779772828162
2.54  -0.01837857081263222  -0.36747155672129933
2.5500000000000003  0.045541211831311976  -0.2607876762959129
2.56  0.10919497080190432  -0.15431861618683432
2.57  0.17175147376045571  -0.04865358171445087
2.58  0.2323904537192311  0.05562513088013124
2.59  0.2903146719873332  0.1579459092465494
2.6  0.34476168983896843  0.25775151390065365
2.61  0.3950151704560441  0.35450265562511624
2.62  0.4404155392608398  0.4476814364330544
2.63  0.4803698399409285  0.5367946302886529
2.64  0.5143606351441021  0.6213767810074264
2.65  0.5419538148125707  0.7009930961490904
2.66  0.5628051912260293  0.7752421172585279
2.67  0.5766657777915193  0.8437581484920265
2.68  0.5833856681860354  0.9062134274751402
2.69  0.5829164533316783  0.9623200241602424
2.7  0.5753121355492482  1.0118314554726608
2.71  0.5607285217652076  1.054544005637806
2.72  0.5394211004992188  1.0902977442530797
2.73  0.5117414301897492  1.1189772363903026
2.74  0.4781320888783491  1.1405119412710663
2.75  0.4391202570289217  1.1548762983312357
2.7600000000000002  0.39531002597648  1.162089501765291
2.77  0.3473735438662039  1.1622149668991086
2.7800000000000002  0.2960411286628367  1.1553594939644833
2.79  0.24209049361301638  1.141672137023734
2.8000000000000003  0.18633524418693964  1.121342787901974
2.81  0.12961281680205577  1.0946004870127637
2.82  0.0727720383661706  1.0617114748947776
2.83  0.016660491735240666  1.0229770000991079
2.84  -0.03788812453336701  0.9787309007652814
2.85  -0.0900664532915511  0.9293369787871738
2.86  -0.13910556631129004  0.875186186886258
2.87  -0.18428650091368584  0.8166936501692608
2.88  -0.22495107234649991  0.7542955448413046
2.89  -0.26051179906816563  0.6884458576666507
2.9  -0.290460791083705  0.6196130505108248
2.91  -0.3143774667336034  0.548276654855572
2.92  -0.33193498063323174  0.4749238215481463
2.93  -0.3429052645405378  0.40004585122702596
2.94  -0.34716260350866024  0.3241347308566212
2.95  -0.3446856914500511  0.24767970160478148
2.96  -0.33555813287396913  0.1711638829112596
2.97  -0.3199673807206477  0.09506097702634565
2.98  -0.2982021235556435  0.019832077551836007
2.99  -0.27064815855647245  -0.05407739540241388
3.0  -0.23778280937282023  -0.12624061191606462
3.0100000000000002  -0.20016796973056364  -0.19625208051804877
3.02  -0.15844187425121048  -0.26373020909999756
3.0300000000000002  -0.1133097170615243  -0.32831966109274524
3.04  -0.06553325608585911  -0.38969349115503393
3.0500000000000003  -0.015919556184240773  -0.4475550463730026
3.06  0.03469096270735441  -0.5016396208136251
3.0700000000000003  0.08543699575847519  -0.5517158532016276
3.08  0.135449157185103  -0.5975868594816478
3.09  0.18386292825390452  -0.6390910940711851
3.1  0.2298315573516766  -0.6761029356886701
3.11  0.2725387206869659  -0.7085329957396146
3.12  0.3112107556162972  -0.7363281493459116
3.13  0.3451282848228913  -0.7594712911932483
3.14  0.3736370585293371  -0.7779808204335703
3.15  0.3961578534635081  -0.791909860897999
3.16  0.41219528124780297  -0.8013452248357076
3.17  0.4213453750365159  -0.8064061302813075
3.18  0.4233018413438316  -0.8072426839535117
3.19  0.4178608838142588  -0.8040341432878816
3.2  0.40492452689191927  -0.7969869727941519
3.21  0.38450238962761296  -0.7863327113922818
3.22  0.35671188288913164  -0.7723256687107508
3.23  0.32177682666631874  -0.7552404695160829
3.24  0.28002450763669107  -0.7353694664761289
3.25  0.23188122032890654  -0.7130200423338662
3.2600000000000002  0.1778663577424741  -0.6885118232779666
3.27  0.11858513881628932  -0.6621738258360732
3.2800000000000002  0.054720080362816614  -0.634341559983971
3.29  -0.012978660302780784  -0.6053541113560501
3.3000000000000003  -0.0837039290877326  -0.575551225459716
3.31  -0.15660304766845895  -0.5452704166388695
3.3200000000000003  -0.23078994510341053  -0.514844124201793
3.33  -0.3053577690728034  -0.4845969376297639
3.34  -0.37939179030712433  -0.4548429121193426
3.35  -0.45198240955470215  -0.425882994889246
3.36  -0.5222380750765344  -0.39800258170925307
3.37  -0.5892979201626644  -0.37146922199151294
3.38  -0.6523439345140244  -0.346530489533673
3.39  -0.7106124904606571  -0.3234120346279249
3.4  -0.7634050547817718  -0.3023158317621493
3.41  -0.8100979292075737  -0.2834186355500363
3.42  -0.8501508773296386  -0.2668706558495528
3.43  -0.8831145124052866  -0.25279446127607924
3.44  -0.9086363391580131  -0.24128411850208994
3.45  -0.9264653628703066  -0.23240457287313807
3.46  -0.9364552005324689  -0.22619127397481914
3.47  -0.9385656512281202  -0.22265004787162257
3.48  -0.9328627059665643  -0.22175721582102914
3.49  -0.9195170004679271  -0.22345995735922003
3.5  -0.8988007376188373  -0.22767691377299504
3.5100000000000002  -0.8710831290960019  -0.2342990261299425
3.52  -0.8368244276608384  -0.24319060024948583
3.5300000000000002  -0.796568642530399  -0.2541905892744423
3.54  -0.7509350497158542  -0.26711408285890437
3.5500000000000003  -0.7006086269981759  -0.28175399043576915
3.56  -0.6463295590167777  -0.2978829045773281
3.5700000000000003  -0.5888819715451205  -0.315255129125617
3.58  -0.5290820652165185  -0.33360885555520564
3.59  -0.46776582757807095  -0.35266846994852163
3.6  -0.40577650826506323  -0.37214697202002067
3.61  -0.3439520452167421  -0.3917484868273816
3.62  -0.2831126301541581  -0.41117084916032975
3.63  -0.22404859901136132  -0.4301082401053112
3.64  -0.16750882769460643  -0.4482538549496579
3.65  -0.11418980552510606  -0.465302581414243
3.66  -0.06472554812373409  -0.48095366718916427
3.67  -0.019678498485174667  -0.49491335589236257
3.68  0.02046845023626987  -0.5068974708742103
3.69  0.055318693912767954  -0.5166339267491243
3.7  0.08456732120869924  -0.523865149143871
3.71  0.1080051048872625  -0.5283503839062931
3.72  0.12552102509282542  -0.5298678779111133
3.73  0.13710329131105445  -0.5282169146241756
3.74  0.1428388524321224  -0.5232196887343855
3.75  0.14291140717718  -0.5147230054246617
3.7600000000000002  0.13759794974940517  -0.502599791219324
3.77  0.12726390759707942  -0.4867504048048335
3.7800000000000002  0.11235694929463333  -0.4671037377621304
3.79  0.09339956044081431  -0.44361809676035935
3.8000000000000003  0.0709805038418041  -0.4162818604306384
3.81  0.045745296815751554  -0.38511390585254496
3.8200000000000003  0.01838585297609806  -0.35016380133150266
3.83  -0.01037055189230798  -0.31151176390967955
3.84  -0.039772820439616406  -0.2692683818224447
3.85  -0.06905790419494288  -0.22357410387429497
3.86  -0.09746282267768444  -0.17459849944874667
3.87  -0.12423664823995888  -0.12253929457360681
3.88  -0.14865227471832632  -0.06762119112341942
3.89  -0.1700177917478083  -0.010094477842760009
3.9  -0.18768729306362575  0.0497665565942205
3.91  -0.2010709561829698  0.11166539682215798
3.92  -0.20964424237764595  0.17528524729588885
3.93  -0.21295607963885524  0.24029113779249572
3.94  -0.2106359071835478  0.3063321724736471
3.95  -0.20239947771264233  0.37304390604847565
3.96  -0.18805333283248898  0.44005082967216663
3.97  -0.1674978874966936  0.5069689484421778
3.98  -0.14072908070211015  0.5734084317160788
3.99  -0.10783857165211366  0.6389763169779876
4.0  -0.06901248284628873  0.7032792476259561
4.01  -0.02452871372766778  0.7659262248436082
4.0200000000000005  0.025247129721399458  0.8265313536555592
4.03  0.07986712302793621  0.8847165633481872
4.04  0.138807642563133  0.9401142826635144
4.05  0.20147711122030001  0.9923700505414557
4.0600000000000005  0.2672247485582775  1.0411450436921554
4.07  0.335350188503255  1.0861185029198155
4.08  0.4051138148058688  1.1269900408881874
4.09  0.47574765388057766  1.1634818149082102
4.1  0.5464666565700546  1.1953405493343083
4.11  0.6164801948976351  1.2223393932685032
4.12  0.6850035970761474  1.2442796004827785
4.13  0.751269543970446  1.260992019770581
4.14  0.814539152860017  1.272338385317649
4.15  0.8741125796731827  1.2782123981308355
4.16  0.9293389787788978  1.278540591069523
4.17  0.9796256698014483  1.2732829715771756
4.18  1.0244463736031517  1.2624334377982978
4.19  1.0633483943634734  1.2460199653777337
4.2  1.0959586413380844  1.2241045638624026
4.21  1.121988402150001  1.1967830032488644
4.22  1.1412367990630998  1.1641843128318274
4.23  1.1535928803123887  1.1264700560972296
4.24  1.1590363198957343  1.0838333869578145
4.25  1.1576367209385143  1.0364978941380056
4.26  1.1495515394900784  0.9847162419681658
4.2700000000000005  1.1350226670629877  0.9287686172356807
4.28  1.114371731051421  0.8689609930525204
4.29  1.0879941920422525  0.8056232219268351
4.3  1.0563523356545972  0.7391069713620986
4.3100000000000005  1.0199672736234755  0.669783516342992
4.32  0.9794100841174367  0.5980414039969109
4.33  0.9352922345127562  0.5242840065369054
4.34  0.8882554408345658  0.44892697929185094
4.3500000000000005  0.8389611266478407  0.3723956412076344
4.36  0.7880796502075166  0.2951222956567542
4.37  0.7362794720632919  0.21754350971979378
4.38  0.6842164360095464  0.14009737030033537
4.39  0.6325233342634249  0.06322073550318238
4.4  0.5817999230756429  -0.012653500353943935
4.41  0.5326035477015221  -0.08709910991246757
4.42  0.4854405258965434  -0.15969918625847038
4.43  0.440758427002667  -0.23004872928575032
4.44  0.3989393694453049  -0.2977571480534404
4.45  0.36029444328733223  -0.3624506629214843
4.46  0.32505934663552394  -0.4237745920217895
4.47  0.2933913054433576  -0.4813955074995777
4.48  0.2653673258998519  -0.5350032479315745
4.49  0.2409838074533761  -0.5843127743880192
4.5  0.2201575229195886  -0.6290658587461514
4.51  0.20272795039998362  -0.6690325940758547
4.5200000000000005  0.18846092022946212  -0.7040127181948476
4.53  0.17705351921339926  -0.7338367428225956
4.54  0.1681401743336972  -0.7583668821397745
4.55  0.1612998192140006  -0.7774977759749161
4.5600000000000005  0.1560640292327647  -0.7911570042828214
4.57  0.15192599553414082  -0.7993053910414744
4.58  0.1483501945582849  -0.8019370971672637
4.59  0.1447825983130924  -0.7990795035242437
4.6000000000000005  0.14066126162321718  -0.7907928865745816
4.61  0.13542711616836148  -0.7771698906777883
4.62  0.12853479737212986  -0.758334802490409
4.63  0.11946332919710598  -0.7344426343418572
4.64  0.10772649367222557  -0.7056780248638804
4.65  0.09288271651753126  -0.6722539665313986
4.66  0.07454430749150265  -0.6344103711350902
4.67  0.05238590398370829  -0.5924124855589031
4.68  0.026151978793174442  -0.5465491715928762
4.69  -0.004336712176656253  -0.497131064894475
4.7  -0.03917784958234502  -0.44448862965265223
4.71  -0.07838352593114026  -0.38897012705429107
4.72  -0.12187754393093302  -0.33093951737093935
4.73  -0.1694940828574871  -0.2707743174704817
4.74  -0.22097775393550287  -0.2088634379541784
4.75  -0.27598504038289956  -0.14560502712459486
4.76  -0.33408709104064377  -0.08140435289921455
4.7700000000000005  -0.3947738082578579  -0.016671759030310644
4.78  -0.45745914053592607  0.04817926077826593
4.79  -0.5214874575882568  0.11273381707369635
4.8  -0.5861408485699372  0.17657713872797245
4.8100000000000005  -0.6506471409247689  0.23929575694003913
4.82  -0.7141883836342594  0.3004782371324109
4.83  -0.7759094679965577  0.35971528788966234
4.84  -0.8349264601594909  0.416599000321922
4.8500000000000005  -0.8903340730876915  0.47072085108073747
4.86  -0.9412114772836094  0.5216679070910619
4.87  -0.9866252775346773  0.5690163445324558
4.88  -1.0256278516224795  0.6123208352138659
4.89  -1.0572481324061276  0.6510973594722063
4.9  -1.0804698653399993  0.6847951701199121
4.91  -1.0941884355852693  0.7127500968025796
4.92  -1.0971294121643471  0.7341042248992291
4.93  -1.0876950088239274  0.7476616646427902
4.94  -1.0636661945890062  0.7516151715989194
4.95  -1.0215947038044002  0.742992765447192
4.96  -0.9554760871005401  0.7164480555585218
4.97  -0.8536384466271313  0.6613946015150859
4.98  -0.6912600489163622  0.5549351789169297
4.99  -0.41778600916221875  0.3486668765840092
5.0  -8.755077574726187e-15  7.625991705079648e-15
5.01  0.38146027173635993  -0.34843160041105947
5.0200000000000005  0.5754102421344797  -0.5542761413065307
5.03  0.6457962491903212  -0.6604875082567945
5.04  0.6536890502017788  -0.7156974778627953
5.05  0.6275259184312152  -0.7429796619395568
5.0600000000000005  0.5807348415817948  -0.753077916622425
5.07  0.5204780333740865  -0.7514845215843293
5.08  0.451110595453693  -0.7413068948578261
5.09  0.375616969079393  -0.7244767301734127
5.1000000000000005  0.29625645858120053  -0.7023024127159282
5.11  0.2148739520509338  -0.6757413502533013
5.12  0.13305710781696695  -0.645543192435431
5.13  0.05221802222074167  -0.6123292267127024
5.14  -0.026364465246965563  -0.5766382598125169
5.15  -0.10152392771082212  -0.5389539650473694
5.16  -0.1721975637928299  -0.4997215156054955
5.17  -0.2374242550931352  -0.45935778598908755
5.18  -0.2963464320385948  -0.41825756719798785
5.19  -0.3482138960685716  -0.37679724565560774
5.2  -0.39238841958263393  -0.33533683507035006
5.21  -0.42834834512301223  -0.2942209235644885
5.22  -0.455692653854106  -0.2537789019563858
5.23  -0.4741441355045619  -0.21432471767740863
5.24  -0.48355140327762985  -0.17615632182407923
5.25  -0.4838895779907095  -0.1395549268448477
5.26  -0.47525952752346373  -0.10478415912827747
5.2700000000000005  -0.4578855973724164  -0.07208916817002382
5.28  -0.4321118097781077  -0.0416957382916252
5.29  -0.3983965449102061  -0.013809437712914084
5.3  -0.3573057493741697  0.011385168358592657
5.3100000000000005  -0.3095047456395346  0.03372522003647927
5.32  -0.2557487413117714  0.05307016453655336
5.33  -0.19687215967340216  0.06930224517135933
5.34  -0.13377693266569685  0.08232686826283117
5.3500000000000005  -0.06741991445107637  0.0920728411351069
5.36  0.0012004121701494489  0.09849247643628468
5.37  0.07105775298702045  0.10156155984786204
5.38  0.14111215149103465  0.10127917983930583
5.39  0.21032427288011094  0.09766741955830788
5.4  0.2776696237633338  0.0907709122464047
5.41  0.3421525092127813  0.08065626275697872
5.42  0.4028195326329701  0.06741133884329596
5.43  0.45877245064639943  0.05114443688834089
5.44  0.509180204707314  0.03198332767268436
5.45  0.5532899632958721  0.010074188625623355
5.46  0.5904370231191952  -0.014419570219124461
5.47  0.62005343452646  -0.04131857863708427
5.48  0.6416752350745386  -0.07042886843644251
5.49  0.6549481955733588  -0.10154331636872252
5.5  0.6596320046874132  -0.1344431581126709
5.51  0.6556028409442318  -0.16889956329691255
5.5200000000000005  0.6428543044607877  -0.20467526117882734
5.53  0.6214967044934845  -0.2415262063206056
5.54  0.5917547226926397  -0.27920327339962053
5.55  0.5539634953443167  -0.3174539701579392
5.5600000000000005  0.5085631805646739  -0.3560241574357909
5.57  0.4560920980393442  -0.39465976524429053
5.58  0.39717854915467055  -0.4331084939137363
5.59  0.33253144395154743  -0.47112148950315424
5.6000000000000005  0.2629298779754966  -0.5084549828737693
5.61  0.18921181655667726  -0.5448718821110426
5.62  0.11226205612258973  -0.5801433083252131
5.63  0.03299964165388779  -0.6140500652657556
5.64  -0.04763507379480396  -0.6463840336487047
5.65  -0.1286935375613165  -0.676949481613586
5.66  -0.2092320826935483  -0.7055642832957384
5.67  -0.2883248006367807  -0.7320610381163508
5.68  -0.36507601627190867  -0.7562880840524766
5.69  -0.43863218747813315  -0.7781103988489219
5.7  -0.5081930611971547  -0.7974103838683945
5.71  -0.5730219302324545  -0.8140885260415273
5.72  -0.6324548495327242  -0.828063934169528
5.73  -0.685908687255219  -0.8392747466444946
5.74  -0.7328879042246884  -0.8476784084809983
5.75  -0.7729899752132587  -0.8532518163923265
5.76  -0.8059093864602246  -0.85599133149092
5.7700000000000005  -0.8314401657066395  -0.855912660039788
5.78  -0.849476923402611  -0.8530506035251015
5.79  -0.8600144063147238  -0.8474586801547135
5.8  -0.8631455871736684  -0.839208620708017
5.8100000000000005  -0.859058335918357  -0.8283897424643638
5.82  -0.8480307391820417  -0.8151082057155922
5.83  -0.8304251546105524  -0.7994861581182743
5.84  -0.8066811051042108  -0.7816607728584121
5.8500000000000005  -0.7773071348573365  -0.7617831872816473
5.86  -0.7428717638840289  -0.7400173492807374
5.87  -0.7039936903478192  -0.716538779325926
5.88  -0.6613314002724492  -0.691533256568676
5.89  -0.6155723519545322  -0.6651954379419742
5.9  -0.5674219075175431  -0.6377274196176784
5.91  -0.5175921864744271  -0.6093372505608254
5.92  -0.4667910158753767  -0.5802374082392245
5.93  -0.41571114862600617  -0.5506432468029007
5.94  -0.36501991592446376  -0.5207714282390428
5.95  -0.3153494715838295  -0.4908383471339337
5.96  -0.2672877754137328  -0.4610585597316955
5.97  -0.22137045000703143  -0.4316432279707485
5.98  -0.17807363042067328  -0.4027985891018792
5.99  -0.1378079095930293  -0.3747244613473719
6.0  -0.10091346416843364  -0.3476127958486557
6.01  -0.06765642599158295  -0.3216462848720758
6.0200000000000005  -0.03822654419655641  -0.296997035899479
6.03  -0.012736161868007006  -0.27382532082416233
6.04  0.008779489975589642  -0.2522784090058816
6.05  0.02636069950174218  -0.2324894924129725
6.0600000000000005  0.04012042150350364  -0.2145767104986457
6.07  0.05024022445855103  -0.19864228182494945
6.08  0.05696511556952029  -0.18477174876585784
6.09  0.06059733989120517  -0.17303334089385822
6.1000000000000005  0.06148926580091878  -0.16347746188689075
6.11  0.060035483375064994  -0.15613630398882133
6.12  0.056664254476636436  -0.15102359322182038
6.13  0.051828463346354985  -0.1481344676878664
6.140000000000001  0.04599622407071201  -0.14744549041448174
6.15  0.03964130635806282  -0.1489147973022479
6.16  0.033233543512073783  -0.15248237982390628
6.17  0.027229386315935935  -0.15807050121307725
6.18  0.022062763734875406  -0.16558424397017318
6.19  0.01813640595677248  -0.17491218561024052
6.2  0.015813777406685478  -0.18592719868753876
6.21  0.015411757118014761  -0.1984873702612495
6.22  0.017194191382804695  -0.21243703512080836
6.23  0.02136642913436468  -0.22760791627437482
6.24  0.028070934265720854  -0.2438203654249209
6.25  0.03738405131379878  -0.2608846954212145
6.26  0.04931398192291033  -0.27860259598045284
6.2700000000000005  0.06380000954172974  -0.296768623340715
6.28  0.08071298922108647  -0.31517175391918917
6.29  0.09985709849035815  -0.3335969915311146
6.3  0.12097282442851885  -0.35182701726802906
6.3100000000000005  0.1437411415419881  -0.369643870746656
6.32  0.16778881523986447  -0.38683065112406195
6.33  0.19269474687327484  -0.40317322603438616
6.34  0.2179972587777632  -0.4184619364389
6.3500000000000005  0.24320220180683158  -0.4324932852973279
6.36  0.2677917537252605  -0.4450715979647522
6.37  0.2912337647708275  -0.45601064229691207
6.38  0.31299149688796607  -0.465135196606771
6.390000000000001  0.33253359574741065  -0.4722825538576629
6.4  0.3493441298162555  -0.47730395080151566
6.41  0.36293252851657914  -0.48006591117434133
6.42  0.37284325195250945  -0.48045149254278996
6.43  0.3786650277967394  -0.4783614269532697
6.44  0.38003949666994746  -0.47371514616589305
6.45  0.3766691156389579  -0.4664516829559984
6.46  0.3683241801832301  -0.45653044073232707
6.47  0.35484883797518774  -0.4439318245486343
6.48  0.3361659828953981  -0.4286577274698653
6.49  0.312280934631465  -0.4107318671895816
6.5  0.28328382773437694  -0.3901999687764849
6.51  0.24935065384679322  -0.36712979044836186
6.5200000000000005  0.21074292167127653  -0.34161099032536846
6.53  0.16780592079439507  -0.31375483319416253
6.54  0.12096559739349273  -0.2836937374132649
6.55  0.07072407178944125  -0.25158066320072087
6.5600000000000005  0.017653849431571923  -0.21758834466021387
6.57  -0.037609202125389964  -0.18190836901367272
6.58  -0.09437401769476476  -0.14475010760955745
6.59  -0.15190352911519778  -0.10633950435848882
6.6000000000000005  -0.2094247616996729  -0.06691772830429481
6.61  -0.26613968881296485  -0.0267396980610618
6.62  -0.321236687741211  0.013927513171950987
6.63  -0.37390242915523736  0.054806382372929736
6.640000000000001  -0.42333402409626825  0.09561074071578195
6.65  -0.46875124666944606  0.13604766550749767
6.66  -0.5094086476191336  0.17581944796183474
6.67  -0.5446073737391294  0.21462562405525476
6.68  -0.5737065106605689  0.2521650551199105
6.69  -0.5961337719337022  0.2881380443230076
6.7  -0.6113953654117893  0.32224847476613283
6.71  -0.6190848786462287  0.3542059546166052
6.72  -0.6188910381644265  0.3837279544584015
6.73  -0.610604212939212  0.41054192192631794
6.74  -0.5941215498498458  0.4343873586648321
6.75  -0.569450648227188  0.45501784473502055
6.76  -0.5367117013880347  0.47220299577861646
6.7700000000000005  -0.4961380550915209  0.48573033853872627
6.78  -0.44807515576953805  0.4954070907303606
6.79  -0.3929778848545008  0.501061831749838
6.8  -0.33140629920374365  0.5025460513074259
6.8100000000000005  -0.2640198211474761  0.4997355637601782
6.82  -0.19156994471593744  0.4925317767071952
6.83  -0.11489154678535943  0.4808628032837572
6.84  -0.03489291288947604  0.46468440854860427
6.8500000000000005  0.04745539304494024  0.4439807813942819
6.86  0.13113266805738208  0.41876512451781456
6.87  0.21508105596397878  0.38908005616079344
6.88  0.29821920361133564  0.3549978185570068
6.890000000000001  0.37945640070826636  0.3166202893039642
6.9  0.4577070081858293  0.2740787931935513
6.91  0.5319049746574442  0.22753371338787476
6.92  0.601018238065271  0.17717390220010865
6.93  0.6640628100527891  0.12321589312702913
6.94  0.7201163439995254  0.06590291717072505
6.95  0.7683309939497909  0.005503727871732139
6.96  0.8079453807805621  -0.057688759155423014
6.97  0.838295493756198  -0.12335900504987192
6.98  0.8588243699455674  -0.1911705564533697
6.99  0.8690904106245053  -0.26076791447581427
7.0  0.8687742125165261  -0.33177855296462794
7.01  0.8576838122669995  -0.40381507402044375
7.0200000000000005  0.8357582646041489  -0.4764774876296659
7.03  0.8030694978948968  -0.549355601292807
7.04  0.759822414917043  -0.6220315046249512
7.05  0.706353231291398  -0.6940821330974276
7.0600000000000005  0.6431260687896351  -0.7650818943859597
7.07  0.5707278452951708  -0.8346053401946308
7.08  0.4898615271872445  -0.9022298659438598
7.09  0.4013378329929448  -0.9675384203472253
7.1000000000000005  0.3060654989714097  -1.0301222066618505
7.11  0.20504023754117653  -1.089583357281448
7.12  0.0993325378403329  -1.1455375633535598
7.13  -0.009925526047385124  -1.19761664124275
7.140000000000001  -0.12155429979573325  -1.245471017931264
7.15  -0.2343411757639307  -1.28877211784583
7.16  -0.34705564288206664  -1.3272146341235318
7.17  -0.4584645545209478  -1.3605186679772465
7.18  -0.5673474066086863  -1.3884317205898768
7.19  -0.6725114184669766  -1.4107305228509388
7.2  -0.7728062120220246  -1.4272226892446531
7.21  -0.8671378911467208  -1.4377481832989407
7.22  -0.9544823318193528  -1.4421805832028856
7.23  -1.0338975054054909  -1.4404281374887504
7.24  -1.1045346715091964  -1.432434602044911
7.25  -1.1656482932862193  -1.4181798511690507
7.26  -1.2166045466213677  -1.3976802568771962
7.2700000000000005  -1.2568883148694507  -1.370988832243185
7.28  -1.286108582643629  -1.3381951361441773
7.29  -1.3040021650851579  -1.2994249384202377
7.3  -1.310435732825231  -1.2548396461076554
7.3100000000000005  -1.305406117103381  -1.2046354930656453
7.32  -1.2890389038812824  -1.1490424969717679
7.33  -1.2615853499285268  -1.0883231893017267
7.34  -1.2234176774053305  -1.02277112552155
7.3500000000000005  -1.1750228260827567  -0.952709184293198
7.36  -1.1169947636958655  -0.8784876660165059
7.37  -1.0500254747095532  -0.8004822024900008
7.38  -0.9748947657073215  -0.7190914908592401
7.390000000000001  -0.8924590414318473  -0.6347348663237304
7.4  -0.8036392189905152  -0.5478497292818068
7.41  -0.7094079586989944  -0.4588888436981278
7.42  -0.6107763983216863  -0.3683175244718283
7.43  -0.5087805829689713  -0.27661073245644874
7.44  -0.4044677855589588  -0.18425009652923158
7.45  -0.29888291252138943  -0.0917208827203975
7.46  -0.19305518632927088  0.0004910691129267002
7.47  -0.08798529055241092  0.09190242025184651
7.48  0.015366845464627604  0.18203539871902322
7.49  0.11609345634462019  0.2704208344827901
7.5  0.2133493924092088  0.35660114333869586
7.51  0.3063614766554982  0.4401332388084616
7.5200000000000005  0.394436647835645  0.5205913518095846
7.53  0.4769687897405382  0.5975697384083181
7.54  0.5534441673754151  0.6706852566729465
7.55  0.6234454123275526  0.7395797944872469
7.5600000000000005  0.6866540219340731  0.8039225311622641
7.57  0.742851359519461  0.8634120167900458
7.58  0.7919181656444192  0.9177780545099091
7.59  0.8338326126457934  0.9667833721967558
7.6000000000000005  0.8686669564159104  1.010225071523762
7.61  0.8965828600422635  1.0479358438877846
7.62  0.9178254832974546  1.0797849443048912
7.63  0.9327164497456062  1.1056789160737128
7.640000000000001  0.9416458191543082  1.1255620607543744
7.65  0.9450632067358219  1.1394166498076927
7.66  0.9434682022893369  1.1472628760704535
7.67  0.9374002514112995  1.149158545094686
7.68  0.9274281674585546  1.145198508238333
7.69  0.9141394468020094  1.1355138412482464
7.7  0.8981295610516403  1.120270773910118
7.71  0.8799913983645541  1.0996693781403344
7.72  0.8603050217036964  1.073942023648678
7.73  0.8396279050762476  1.0433516119946975
7.74  0.8184857994661019  1.0081896014822136
7.75  0.7973643685417986  0.9687738368730342
7.76  0.7767017204614739  0.9254461993414703
7.7700000000000005  0.7568819464348397  0.8785700934237981
7.78  0.7382297593917614  0.8285277889319629
7.79  0.721006307425791  0.7757176368881947
7.8  0.7054062169274982  0.720551179489257
7.8100000000000005  0.6915558998104664  0.6634501749169838
7.82  0.6795131382879446  0.6048435584700561
7.83  0.6692679396107104  0.5451643619942368
7.84  0.6607446323588055  0.48484661393118705
7.8500000000000005  0.6538051556186488  0.4243222424848839
7.86  0.6482534729899709  0.3640180044192468
7.87  0.6438410251584482  0.30435246184849574
7.88  0.6402731180232576  0.2457330290649302
7.890000000000001  0.6372161283459512  0.1885531109675102
7.9  0.6343053958211998  0.13318935401314813
7.91  0.6311536595640026  0.07999902981395345
7.92  0.6273598884303837  0.029317570554244284
7.930000000000001  0.6225183484711491  -0.01854372569365504
7.94  0.6162277472546054  -0.06329980290722531
7.95  0.6081002938365481  -0.10469375281795687
7.96  0.5977705148173699  -0.14249850437342526
7.97  0.5849036711770803  -0.17651828453606164
7.98  0.5692036273508198  -0.20658983968109979
7.99  0.5504200331898363  -0.23258340862448687
8.0  0.5283546909006561  -0.2544034401512783
8.01  0.502866992584455  -0.27198904981275435
8.02  0.4738783293956778  -0.2853142127020872
8.03  0.44137539035870316  -0.29438769088959765
8.040000000000001  0.4054122872543403  -0.2992526961846922
8.05  0.3661114614228586  -0.2999862908773876
8.06  0.32366334851887263  -0.29669853108347
8.07  0.2783247978762289  -0.28953135925853546
8.08  0.2304162638699854  -0.2786572543426878
8.09  0.1803178071692293  -0.26427764983554614
8.1  0.12846396373243305  -0.24662113186583184
8.11  0.0753375584881203  -0.2259414309980937
8.120000000000001  0.021462558563548787  -0.20251522309784817
8.13  -0.03260392261479184  -0.1766397560436949
8.14  -0.08628034428689046  -0.1486303204185219
8.15  -0.13897004155234546  -0.11881758352298336
8.16  -0.1900709633448318  -0.08754480712088625
8.17  -0.23898568747841745  -0.05516497024199856
8.18  -0.28513154927530837  -0.022037819124013994
8.19  -0.3279507170856117  0.011473133033689095
8.2  -0.3669200474537512  0.04500363341109732
8.21  -0.4015605547904037  0.07819172066332152
8.22  -0.4314463351530146  0.11068073636086559
8.23  -0.45621279105620116  0.14212229347152225
8.24  -0.4755640140241503  0.17217917886519427
8.25  -0.4892791937158691  0.2005281672835389
8.26  -0.4972179367239562  0.22686272484871287
8.27  -0.49932439435323245  0.2508955809868125
8.28  -0.49563011658578243  0.27236114860550564
8.290000000000001  -0.4862555687609258  0.2910177734852089
8.3  -0.471410267950556  0.3066497951109214
8.31  -0.45139151727900306  0.31906940257854827
8.32  -0.4265817381970525  0.328118270744154
8.33  -0.39744442263719343  0.33366896343706387
8.34  -0.36451874871377327  0.3356260923145197
8.35  -0.32841292485097096  0.33392722178460005
8.36  -0.28979634759337464  0.3285435123510415
8.370000000000001  -0.2493906775609524  0.3194800967241964
8.38  -0.2079599557504365  0.30677618508164295
8.39  -0.16629989837912823  0.2905048979343148
8.4  -0.12522652246041155  0.2707728271442907
8.41  -0.08556426606787738  0.24771932773196956
8.42  -0.048133776595866276  0.22151554518787822
8.43  -0.01373954710252844  0.19236318505184422
8.44  0.016842415089374316  0.16049303352366115
8.45  0.042876702034992914  0.12616323980977592
8.46  0.06368021703121705  0.08965737277467384
8.47  0.07863330494825115  0.051282266238942345
8.48  0.08719012828695587  0.011365668935198822
8.49  0.08888812588061934  -0.029746283315442774
8.5  0.08335640333928766  -0.0716917542219041
8.51  0.07032291886016483  -0.1140960321710898
8.52  0.04962034469326233  -0.15657447250983522
8.53  0.021190503116488273  -0.1987355345955974
8.540000000000001  -0.014912704030614832  -0.24018389044886543
8.55  -0.05852193167488072  -0.2805235812131557
8.56  -0.10935663057130109  -0.3193611971811039
8.57  -0.167024902735085  -0.35630905688169545
8.58  -0.23102696330370667  -0.3909883606467579
8.59  -0.30076017531928895  -0.42303229418514243
8.6  -0.3755256007119561  -0.4520890579906943
8.61  -0.4545359882613938  -0.4778247988932189
8.620000000000001  -0.5369250978540178  -0.4999264207270328
8.63  -0.6217582402604082  -0.5181042519349225
8.64  -0.7080438932346222  -0.532094548940204
8.65  -0.7947462382635203  -0.5416618152992212
8.66  -0.880798448021183  -0.5466009179822339
8.67  -0.9651165427298941  -0.5467389836125737
8.68  -1.0466136243779234  -0.5419370591112191
8.69  -1.1242142912413151  -0.5320915229347952
8.700000000000001  -1.1968690315062067  -0.517135234946385
8.71  -1.2635683940521465  -0.4970384149065651
8.72  -1.323356736655604  -0.47180924160236454
8.73  -1.3753453569806018  -0.4414941667291163
8.74  -1.4187248196744429  -0.40617793978840544
8.75  -1.452776303569568  -0.3659833424486721
8.76  -1.4768818062581948  -0.3210706330166672
8.77  -1.4905330589649366  -0.27163670387130184
8.78  -1.4933390224698364  -0.2179139568997831
8.790000000000001  -1.4850318545727148  -0.16016890413237334
8.8  -1.4654712609536649  -0.09870050288058276
8.81  -1.4346471639639622  -0.033838236727229395
8.82  -1.3926806475462967  0.03406004431902193
8.83  -1.3398231607884068  0.10461050932378922
8.84  -1.276453987205016  0.17740594064177737
8.85  -1.2030760113605896  0.25201851827080063
8.86  -1.1203098385309962  0.3280027742697872
8.870000000000001  -1.0288863464038454  0.40489869581400906
8.88  -0.929637769994484  0.482234954266861
8.89  -0.8234874416820077  0.5595322366223746
8.9  -0.7114383272462863  0.6363066548224315
8.91  -0.5945605157330209  0.7120732077862054
8.92  -0.47397783564466883  0.7863492705106034
8.93  -0.350853782135144  0.8586580843143966
8.94  -0.22637694940001757  0.9285322222074643
8.950000000000001  -0.10174616916349727  0.9955170034716926
8.96  0.02184444002708429  1.0591738318402746
8.97  0.1432203071321964  1.1190834321572918
8.98  0.26124092311467106  1.1748489610838302
8.99  0.37481383717084527  1.2260989682881842
9.0  0.48290794415522986  1.2724901856078403
9.01  0.5845658832709739  1.3137101228931884
9.02  0.6789153812849554  1.3494794506283305
9.03  0.7651793890856862  1.37955415096255
9.040000000000001  0.8426848781031011  1.403727420465844
9.05  0.910870182686512  1.4218313097306559
9.06  0.9692907957009979  1.433738086866828
9.07  1.0176235470368726  1.4393613139623882
9.08  1.0556691181019437  1.4386566276952677
9.09  1.0833528693332488  1.4316222174634814
9.1  1.1007239819726533  1.418298996638047
9.11  1.1079529394400522  1.3987704648168566
9.120000000000001  1.1053273972566995  1.3731622612518908
9.13  1.0932465132711089  1.341641411919218
9.14  1.0722138315891325  1.3044152749838054
9.15  1.0428288337911913  1.2617301916622896
9.16  1.005777289441574  1.2138698516890816
9.17  0.9618205542897885  1.1611533847282838
9.18  0.9117839786984416  1.103933191129353
9.19  0.8565446005039008  1.0425925273829528
9.200000000000001  0.7970183055624693  0.9775428634796899
9.21  0.7341466455318973  0.9092210310951848
9.22  0.6688835059028205  0.8380861831057875
9.23  0.6021818178885586  0.7646165863699126
9.24  0.534980505506542  0.6893062709776336
9.25  0.46819185408796726  0.6126615602676255
9.26  0.40268947862166987  0.535197506826567
9.27  0.33929705990360914  0.45743426041490676
9.28  0.27877800359210614  0.3798933942986357
9.290000000000001  0.22182616216543313  0.30309421680567106
9.3  0.16905774267963508  0.22755009506423537
9.31  0.1210045043960873  0.15376481781840687
9.32  0.07810833008299357  0.08222902395364658
9.33  0.04071723340349635  0.01341672290300779
9.34  0.009082842614724845  -0.052218067552058996
9.35  -0.0166406218448334  -0.11424454142039764
9.36  -0.03639588106219786  -0.17225815894564603
9.370000000000001  -0.05022067036170133  -0.22588351293176784
9.38  -0.058244400687364244  -0.2747769859018247
9.39  -0.060683479372803974  -0.3186291785764466
9.4  -0.05783538084676735  -0.35716709183878653
9.41  -0.05007157613729612  -0.3901560461668136
9.42  -0.03782944656349557  -0.4174013244476328
9.43  -0.02160332149678818  -0.4387495261279383
9.44  -0.0019347923208895368  -0.45408962278446163
9.450000000000001  0.020597535455508808  -0.4633537074022148
9.46  0.04538868271785285  -0.46651743191034983
9.47  0.07181815608205322  -0.46360012982836196
9.48  0.09926085035620526  -0.4546646232019443
9.49  0.1270978192982036  -0.4398167153411202
9.5  0.1547267434151866  -0.4192043731953529
9.51  0.1815719297742134  -0.3930166054944547
9.52  0.20709368755675173  -0.36148204503291226
9.53  0.23079693424687417  -0.3248672456623033
9.540000000000001  0.252238900711997  -0.2834747066654532
9.55  0.27103581879904826  -0.23764063920192408
9.56  0.28686849218174554  -0.18773249142174186
9.57  0.2994866697831588  -0.13414625063057464
9.58  0.3087121608663303  -0.0773035425407231
9.59  0.3144406515216409  -0.017648549147811717
9.6  0.31664220345633914  0.044355231877714264
9.61  0.3153604373754024  0.10822836221067998
9.620000000000001  0.3107104244962613  0.17347894721737747
9.63  0.3028753305282026  0.23960620370730865
9.64  0.2921018764420261  0.30610408451665555
9.65  0.27869469924119483  0.3724649328777953
9.66  0.2630097134222362  0.4381831392394058
9.67  0.2454465896000037  0.5027587730884996
9.68  0.22644048061835714  0.5657011623831337
9.69  0.20645313713960964  0.6265323934203452
9.700000000000001  0.185963564009047  0.6847907043230331
9.71  0.16545837545520004  0.7400337458087352
9.72  0.1454220112741198  0.7918416834728251
9.73  0.12632697744762186  0.8398201164356435
9.74  0.10862427307545659  0.883602787811688
9.75  0.09273416099085655  0.9228540629779816
9.76  0.07903743191298651  0.9572711519375406
9.77  0.0678673013881379  0.9865860520316581
9.78  0.0595020649547599  1.010567186619205
9.790000000000001  0.05415861971063308  1.0290207137660188
9.8  0.05198693935580874  1.0417914759499427
9.81  0.053065564112362566  1.048763556477875
9.82  0.057398135415357376  1.049860399453641
9.83  0.06491096572616929  1.0450444356682487
9.84  0.07545158239346302  1.034316133299896
9.85  0.0887881144091172  1.0177123540356434
9.86  0.10460929005859167  0.9953038321036881
9.870000000000001  0.12252465967077293  0.9671914876972187
9.88  0.1420644091681188  0.9335011039620843
9.89  0.16267770554631983  0.894375573954195
9.9  0.18372774986207543  0.8499633326122494
9.91  0.20448025695019587  0.8004004614622194
9.92  0.22407915235919154  0.7457817049276847
9.93  0.24149702467235334  0.686110915155344
9.94  0.2554336170585751  0.6212109510161623
9.950000000000001  0.2641007230346222  0.5505483440212892
9.96  0.26473982632580534  0.4728669923215387
9.97  0.2524639519447789  0.38537687158447653
9.98  0.21737941287950127  0.2820180232439414
9.99  0.139184882636088  0.15200175773551247
10.0  6.158200330168474e-15  5.57259157930206e-15
