0.0  0.931498217314077  2.577490963455012
0.001  0.9937078116206561  2.5990764104515214
0.002  1.0555160496142983  2.619592378283969
0.003  1.1166813584647641  2.6390144590091915
0.004  1.1769653323609175  2.657319283779822
0.005  1.236133569079183  2.674484556011761
0.006  1.2939564908863677  2.6904890832594295
0.007  1.3502101469463756  2.7053128077551354
0.008  1.404676994467108  2.7189368355706156
0.009000000000000001  1.4571466559000628  2.7313434643605383
0.01  1.5074166495905847  2.742516209649573
0.011  1.555293091371039  2.752439829626493
0.012  1.6005913646920753  2.761100348410662
0.013000000000000001  1.6431367569982704  2.76848507775824
0.014  1.6827650601733728  2.7745826371774136
0.015  1.7193231330067287  2.7793829724240147
0.016  1.7526694237658045  2.782877372350957
0.017  1.7826744510995804  2.785058484087041
0.018000000000000002  1.8092212416434703  2.7859203265228345
0.019  1.832205722847837  2.7854583020834864
0.02  1.8515370697086144  2.783669206770585
0.021  1.867138004239414  2.780551238457349
0.022  1.8789450466893274  2.7761040034237525
0.023  1.8869087176787653  2.770328521120407
0.024  1.8909936905965963  2.763227227152351
0.025  1.8911788937749465  2.7548039744761788
0.026000000000000002  1.8874575621326901  2.745064032806271
0.027  1.879837238154302  2.734014086228198
0.028  1.8683397222467932  2.7216622290196972
0.029  1.8530009726932268  2.708017959681958
0.03  1.8338709555962778  2.693092173186261
0.031  1.8110134453788331  2.6768971514433564
0.032  1.7845057765800982  2.659446552005258
0.033  1.7544385478545645  2.640755395011452
0.034  1.7209152792468396  2.6208400483937857
0.035  1.6840520239772345  2.599718211356603
0.036000000000000004  1.6439769361305716  2.577408896150903
0.037  1.6008297957933542  2.553932408163571
0.038  1.5547614933317435  2.529310324344899
0.039  1.5059334746441873  2.5035654699998036
0.04  1.4545171493575335  2.4767218939702995
0.041  1.4006932640636545  2.448804842238869
0.042  1.3446512428144457  2.4198407299844655
0.043000000000000003  1.2865884972062531  2.3898571121249113
0.044  1.226709708489843  2.3588826523814355
0.045  1.1652260842386568  2.3269470909030456
0.046  1.1023545921959343  2.2940812104903316
0.047  1.038317174000022  2.260316801460126
0.048  0.9733399415566062  2.225686625194263
0.049  0.907652358886393  2.1902243764174085
0.05  0.8414864123267713  2.153964644250609
0.051000000000000004  0.7750757720060313  2.1169428720888326
0.052000000000000005  0.708654947538633  2.0791953163523575
0.053  0.6424584409097529  2.040759004163322
0.054  0.5767198995267689  2.0016716900002223
0.055  0.5116712724144927  1.961971811384482
0.056  0.44754197251978234  1.921698443654523
0.057  0.38455804806974303  1.880891253883997
0.058  0.32294136589609856  1.8395904540019747
0.059000000000000004  0.26290880959661045  1.797836753173986
0.06  0.20467149535277995  1.7556713095037886
0.061  0.1484340081616593  1.7131356811166796
0.062  0.09439366116865422  1.6702717766860142
0.063  0.04273978070793594  1.627121805465347
0.064  -0.006346980432212157  1.583728226889321
0.065  -0.052695299099778437  1.5401336998070179
0.066  -0.09614380491221597  1.4963810314120192
0.067  -0.13654166823392022  1.452513125933863
0.068  -0.1737491509215091  1.408572933155939
0.069  -0.20763811788967113  1.3646033968251454
0.07  -0.23809250768633838  1.3206474030188151
0.07100000000000001  -0.2650087604082435  1.2767477285345217
0.07200000000000001  -0.2882962014360315  1.2329469893684055
0.073  -0.30787737962146267  1.1892875893475874
0.074  -0.3236883587174465  1.1458116689820863
0.075  -0.33567896100398764  1.1025610546014484
0.076  -0.3438129622292092  1.0595772078409262
0.077  -0.3480682371537408  1.0169011755417074
0.078  -0.3484368551584194  0.9745735401291484
0.079  -0.34492512554882837  0.9326343705324514
0.08  -0.3375535923650874  0.8911231737085274
0.081  -0.3263569786809356  0.8500788468320886
0.082  -0.3113840805518805  0.8095396302131866
0.083  -0.2926976109474291  0.7695430610025217
0.084  -0.2703739941765805  0.7301259277438826
0.085  -0.24450311148821524  0.6913242258320265
0.08600000000000001  -0.2151879986981986  0.6531731139331807
0.08700000000000001  -0.18254449686231433  0.6157068714241648
0.088  -0.14670085717801085  0.5789588569048472
0.089  -0.10779730145776745  0.5429614678373071
0.09  -0.06598553967218612  0.5077461013636888
0.091  -0.021428246211060986  0.473343116353212
0.092  0.02570150334474741  0.4397817967273013
0.093  0.0752208330093741  0.40709031611016544
0.094  0.1269377026728703  0.3752957038504874
0.095  0.18065157768909212  0.344423812458172
0.096  0.23615412946541015  0.3144992864982898
0.097  0.29322996463964046  0.2855455329825406
0.098  0.351657380328522  0.2575846932966342
0.099  0.41120914283949417  0.23063761670006688
0.1  0.4716532871540311  0.2047238354327705
0.101  0.5327539344163894  0.17986154146106292
0.10200000000000001  0.5942721245968732  0.1560675648932729
0.10300000000000001  0.6559666614435193  0.13335735409325855
0.10400000000000001  0.7175949667910176  0.1117449575179158
0.105  0.7789139412604498  0.09124300730255375
0.106  0.8396808283586386  0.07186270461580141
0.107  0.8996540789711509  0.0536138068034705
0.108  0.9585942132388449  0.036504616338488116
0.109  1.0162646768138666  0.02054197159174631
0.11  1.0724326885074624  0.005731239436379321
0.111  1.1268700763687711  -0.00792369030436546
0.112  1.1793540992706428  -0.020420408557828118
0.113  1.2296682511256847  -0.03175798884576231
0.114  1.277603044912627  -0.04193698726818018
0.115  1.3229567737599557  -0.050959440626520025
0.116  1.3655362464099174  -0.05882886268777965
0.117  1.4051574944716403  -0.06555023859366571
0.11800000000000001  1.4416464489665417  -0.07113001742116165
0.11900000000000001  1.4748395837724506  -0.07557610290328165
0.12  1.5045845236842854  -0.07889784232114028
0.121  1.5307406149286344  -0.08110601358079594
0.122  1.553179456096459  -0.08221281049064899
0.123  1.5717853875922745  -0.08223182625749326
0.124  1.5864559378388  -0.08117803522156863
0.125  1.5971022246229833  -0.07906777285325772
0.126  1.6036493101218214  -0.07591871403625094
0.127  1.6060365083040782  -0.07174984966423847
0.128  1.6042176435663298  -0.0665814615803223
0.129  1.598161259628088  -0.060435095890466806
0.13  1.5878507778806332  -0.05333353468440849
0.131  1.5732846045569362  -0.04530076619945689
0.132  1.554476186265155  -0.03636195346464355
0.133  1.5314540136049906  -0.026543401464600658
0.134  1.5042615727641446  -0.01587252286445806
0.135  1.4729572451705728  -0.0043778023389029475
0.136  1.4376141554545805  0.007911240449694379
0.137  1.3983199681524905  0.020964089177412104
0.138  1.3551766337599278  0.034749270440854185
0.139  1.3083000849172306  0.049234394545225935
0.14  1.257819883681393  0.06438619744692486
0.14100000000000001  1.203878821007764  0.08017058379768016
0.14200000000000002  1.1466324697298846  0.09655267103586218
0.14300000000000002  1.0862486924867094  0.11349683446923275
0.14400000000000002  1.022907106202569  0.13096675329215202
0.145  0.9567985048759569  0.14892545747903319
0.146  0.8881242425781666  0.16733537549474475
0.147  0.8170955787013374  0.18615838276156993
0.148  0.743932987627134  0.20535585082140861
0.149  0.6688654351118205  0.22488869713097803
0.15  0.5921296238001218  0.2447174354269709
0.151  0.5139692103889233  0.2648022265974031
0.152  0.4346339970619233  0.28510292999472303
0.153  0.3543790999076879  0.30557915512569206
0.154  0.2734640971156057  0.32619031365256673
0.155  0.192152159816962  0.34689567163970536
0.156  0.11070916850125978  0.36765440197941146
0.157  0.029402817991053265  0.3884256369306004
0.158  -0.051498285998587856  0.4091685207037226
0.159  -0.13172553565711043  0.4298422620253241
0.16  -0.21101123215090845  0.4504061866156522
0.161  -0.28908949587811494  0.4708197895128107
0.162  -0.36569717281149206  0.4910427871772064
0.163  -0.4405747338442729  0.5110351693102465
0.164  -0.5134671640735782  0.530757250321687
0.165  -0.5841248389860688  0.5501697203804239
0.166  -0.6523043845510642  0.5692336959840847
0.167  -0.7177695182770215  0.5879107699833979
0.168  -0.7802918683479703  0.6061630609979916
0.169  -0.8396517680271574  0.6239532621610931
0.17  -0.8956390225953186  0.6412446891314239
0.171  -0.9480536461805936  0.6580013273115524
0.17200000000000001  -0.9967065659356696  0.674187878212984
0.17300000000000001  -1.041420291125125  0.6897698049093366
0.17400000000000002  -1.0820295448016237  0.7047133765201649
0.17500000000000002  -1.1183818558733334  0.7189857116691969
0.176  -1.1503381094961322  0.7325548208620957
0.177  -1.1777730538626343  0.7453896477302282
0.178  -1.2005757616050112  0.7574601090883805
0.179  -1.2186500441799057  0.768737133755889
0.18  -1.2319148177605075  0.7791927000922407
0.181  -1.2403044193229567  0.7887998721998317
0.182  -1.243768871780821  0.7975328347483074
0.183  -1.2422740971920145  0.8053669263766583
0.184  -1.235802077236644  0.8122786716310696
0.185  -1.224350960341214  0.8182458113984148
0.186  -1.2079351150038469  0.8232473317971941
0.187  -1.1865851290560654  0.827263491489711
0.188  -1.1603477547786225  0.8302758473813012
0.189  -1.1292857999712542  0.8322672786744812
0.19  -1.0934779652584008  0.8332220092480191
0.191  -1.0530186280943676  0.8331256283330494
0.192  -1.008017574111359  0.8319651094605558
0.193  -0.9585996766318091  0.8297288276567468
0.194  -0.9049045253417254  0.8264065748650986
0.195  -0.8470860052939416  0.821989573576113
0.196  -0.7853118275784239  0.8164704886481229
0.197  -0.7197630131607762  0.8098434373048098
0.198  -0.6506333315490238  0.8021039972974094
0.199  -0.578128696102358  0.7932492132219486
0.2  -0.5024665179430181  0.783277600984205
0.201  -0.42387502057351456  0.7721891504074524
0.202  -0.34259251743551866  0.7599853259804377
0.203  -0.2588666547733006  0.74666906574539
0.20400000000000001  -0.17295362228341926  0.7322447783282666
0.20500000000000002  -0.08511733414279088  0.7167183381157853
0.20600000000000002  0.004371416890801005  0.7000970785861894
0.20700000000000002  0.09523582951895437  0.6823897838030185
0.20800000000000002  0.1871939852132385  0.6636066780835147
0.209  0.27995975785186306  0.6437594138556366
0.21  0.37324373867401595  0.6228610577199254
0.211  0.4667541734895141  0.6009260747348001
0.212  0.5601979090376983  0.5779703109460888
0.213  0.6532813453561803  0.5540109741838416
0.214  0.7457113909972415  0.5290666131516985
0.215  0.8371964179175801  0.5031570948362322
0.216  0.9274472128656159  0.4763035802658241
0.217  1.016177922099667  0.4485284986507543
0.218  1.103106986290226  0.4198555199381927
0.219  1.1879580624899146  0.3903095258178463
0.22  1.2704609300956344  0.35991657921592946
0.221  1.3503523777786297  0.32870389231707653
0.222  1.427377068419662  0.2966997931556593
0.223  1.5012883791578744  0.2639336908197797
0.224  1.5718492137431141  0.2304360393129744
0.225  1.6388327844720774  0.19623830012034493
0.226  1.7020233610884805  0.16137290352747669
0.227  1.7612169841360912  0.1258732087420491
0.228  1.8162221403705952  0.08977346286958676
0.229  1.8668603979614566  0.05310875879620014
0.23  1.912966999347836  0.01591499203255331
0.231  1.9543914097527118  -0.02177118342540696
0.232  1.9909978195062266  -0.05991240016222488
0.233  2.022665598482358  -0.09847062327727285
0.234  2.049289701111905  -0.13740719712869787
0.23500000000000001  2.070781020598849  -0.17668289282697291
0.23600000000000002  2.0870666911358717  -0.2162579564171554
0.23700000000000002  2.0980903370876636  -0.25609215768811255
0.23800000000000002  2.103812268287002  -0.2961448395461753
0.23900000000000002  2.10420962076784  -0.33637496789005605
0.24  2.0992764424412638  -0.3767411819232138
0.241  2.089023723403461  -0.4172018448393685
0.242  2.073479370749256  -0.4577150948164088
0.243  2.0526881279496236  -0.4982388962536082
0.244  2.026711439036351  -0.538731091186769
0.245  1.995627258020935  -0.579149450815783
0.246  1.9595298041574036  -0.6194517270789242
0.247  1.918529263839284  -0.6595957042082622
0.248  1.8727514400989416  -0.6995392502005899
0.249  1.82233735085221  -0.7392403681384573
0.25  1.767442777202231  -0.7786572472961293
0.251  1.7082377632829515  -0.817748313965609
0.252  1.6449060692844293  -0.856472281938288
0.253  1.5776445794582277  -0.8947882025782711
0.254  1.50666266705133  -0.9326555144239972
0.255  1.4321815182607376  -0.9700340922554487
0.256  1.3544334174374906  -1.0068842955649502
0.257  1.2736609958981402  -1.0431670163704059
0.258  1.1901164468229664  -1.0788437263107138
0.259  1.104060708833344  -1.113876522964032
0.26  1.0157626209449453  -1.1482281753306975
0.261  0.9254980516888656  -1.1818621684236374
0.262  0.8335490052786716  -1.2147427469103689
0.263  0.7402027077778301  -1.2468349577519302
0.264  0.6457506762883202  -1.2781046917854235
0.265  0.5504877742376727  -1.3085187241982696
0.266  0.45471125588763106  -1.3380447538437363
0.267  0.35871980322331815  -1.3666514413488344
0.268  0.2628125584066825  -1.3943084459673059
0.269  0.16728815499243913  -1.4209864611320446
0.27  0.07244375110825735  -1.4466572486630602
0.271  -0.021425932206023707  -1.4712936715888094
0.272  -0.11402956432326783  -1.4948697255406094
0.273  -0.2050801468694399  -1.5173605686816767
0.274  -0.29429594097000644  -1.5387425501342924
0.275  -0.3814013768420796  -1.5589932368705548
0.276  -0.46612794273171576  -1.5780914390342025
0.277  -0.5482150502653876  -1.5960172336630403
0.278  -0.6274108733640511  -1.6127519867836084
0.279  -0.7034731579572764  -1.6282783738518534
0.28  -0.7761699998329652  -1.6425803985157437
0.281  -0.8452805880654229  -1.6556434096779262
0.28200000000000003  -0.9105959115800715  -1.6674541168387886
0.28300000000000003  -0.9719194265369218  -1.6780006037025021
0.28400000000000003  -1.0290676823463885  -1.6872723400308955
0.28500000000000003  -1.0818709042698604  -1.695260191732296
0.28600000000000003  -1.130173530702979  -1.7019564291747644
0.28700000000000003  -1.1738347033915897  -1.7073547337154706
0.28800000000000003  -1.2127287089879522  -1.711450202440266
0.289  -1.246745370517913  -1.7142393511098373
0.29  -1.2757903874974466  -1.7157201153111568
0.291  -1.2997856236088217  -1.7158918498152698
0.292  -1.3186693410222634  -1.714755326144779
0.293  -1.3323963806273176  -1.7123127283567223
0.294  -1.3409382876191052  -1.7085676470488198
0.295  -1.3442833820672293  -1.7035250715993986
0.296  -1.342436774278957  -1.697191380653551
0.297  -1.3354203249526249  -1.6895743308703721
0.298  -1.3232725503015255  -1.6806830439483558
0.299  -1.3060484725120918  -1.6705279919482394
0.3  -1.2838194160824958  -1.659120980934794
0.301  -1.2566727507681095  -1.6464751329612017
0.302  -1.2247115820380734  -1.6326048664218094
0.303  -1.1880543901219338  -1.6175258748011325
0.304  -1.1468346188962395  -1.6012551038490295
0.305  -1.1012002160276564  -1.5838107272140085
0.306  -1.0513131259510005  -1.5652121205685647
0.307  -0.9973487374169586  -1.545479834262409
0.308  -0.939495287494836  -1.5246355645413023
0.309  -0.8779532240596211  -1.5027021233710411
0.31  -0.8129345289299779  -1.4797034069079298
0.311  -0.7446620039534221  -1.4556643626587467
0.312  -0.6733685224570232  -1.4306109553749564
0.313  -0.599296248595717  -1.4045701317274206
0.314  -0.5226958272355205  -1.3775697838094803
0.315  -0.4438255471051902  -1.349638711517712
0.316  -0.36295048003688724  -1.3208065838610774
0.317  -0.28034159919376644  -1.2911038992505524
0.318  -0.19627487925021297  -1.260561944822559
0.319  -0.11103038154788723  -1.2292127548507406
0.32  -0.02489132729826211  -1.1970890683017665
0.321  0.06185683806070715  -1.164224285591867
0.322  0.14892738621956494  -1.1306524246018292
0.323  0.23603324991384472  -1.0964080760090473
0.324  0.3228879662465269  -1.0615263579960612
0.325  0.40920661626634325  -1.0260428703957851
0.326  0.4947067576675258  -0.9899936483342433
0.327  0.5791093475032324  -0.9534151154322867
0.328  0.6621396518416871  -0.9163440366282097
0.329  0.7435281393413384  -0.8788174706836464
0.33  0.8230113557787349  -0.8408727224354569
0.331  0.9003327766301361  -0.8025472948565664
0.332  0.9752436348850322  -0.763878840988916
0.333  1.0475037213561307  -0.7249051158117595
0.334  1.1168821548462131  -0.6856639281085598
0.335  1.1831581196366743  -0.6461930923956634
0.336  1.2461215678755988  -0.6065303809757708
0.337  1.3055738845642584  -0.5667134761790009
0.338  1.3613285129696948  -0.5267799228539995
0.339  1.4132115384269603  -0.48676708117115397
0.34  1.4610622286373847  -0.44671207979950345
0.341  1.5047335287181363  -0.4066517695183439
0.342  1.5440925094132012  -0.3666226773238904
0.343  1.5790207670358476  -0.3266609610906598
0.34400000000000003  1.6094147738773434  -0.28680236484639565
0.34500000000000003  1.6351861779855148  -0.24708217471850868
0.34600000000000003  1.6562620513891124  -0.2075351756090409
0.34700000000000003  1.672585086019288  -0.1681956086541222
0.34800000000000003  1.684113736757194  -0.12909712952281893
0.34900000000000003  1.6908223112162126  -0.09027276760905456
0.35000000000000003  1.6927010060479362  -0.05175488616908608
0.35100000000000003  1.689755889742237  -0.013575143455675565
0.352  1.6820088320728377  0.024235545101272238
0.353  1.6694973805202484  0.06164704361927653
0.354  1.6522745841830555  0.0986300313462034
0.355  1.630408765865747  0.13515603705632362
0.356  1.6039832432060341  0.17119747221583692
0.357  1.5730959998761755  0.2067276628759328
0.358  1.5378593080608272  0.24172088025314553
0.359  1.49839930357758  0.2761523699585926
0.36  1.4548555151652909  0.30999837983947576
0.361  1.4073803496188575  0.3432361863981548
0.362  1.3561385345967818  0.3758441197559914
0.363  1.3013065210692871  0.4078015871311568
0.364  1.2430718475092173  0.439089094801576
0.365  1.1816324680552426  0.4696882685262731
0.366  1.1171960469964337  0.4995818724004124
0.367  1.0499792220386932  0.5287538261214754
0.368  0.9802068389165033  0.5571892206461233
0.369  0.9081111600075797  0.5848743322194945
0.37  0.833931049692951  0.6117966347608347
0.371  0.757911139280667  0.6379448105915965
0.372  0.6803009743771034  0.6633087594943473
0.373  0.6013541476459002  0.6878796060930601
0.374  0.5213274199404829  0.711649705547639
0.375  0.4404798328317974  0.7346126475577499
0.376  0.3590718155782614  0.7567632586733023
0.377  0.2773642895999034  0.778097602911203
0.378  0.19561777352303888  0.7986129806802457
0.379  0.11409149185601092  0.8183079260182633
0.38  0.033042490339924235  0.8371822021479284
0.381  -0.04727523900840408  0.8552367953598183
0.382  -0.1266116201811867  0.8724739072335876
0.383  -0.20472133985923685  0.8888969452103082
0.384  -0.28136467561069045  0.9045105115312326
0.385  -0.3563083028002822  0.9193203905603955
0.386  -0.4293260774769534  0.9333335345106204
0.387  -0.5001997925935258  0.9465580475946215
0.388  -0.5687199050068545  0.9590031686249679
0.389  -0.6346862308103209  0.9706792520887487
0.39  -0.6979086066622223  0.9815977477247882
0.391  -0.7582075148932178  0.9917711786332188
0.392  -0.8154146703030407  1.0012131179492236
0.393  -0.8693735666908791  1.009938164114574
0.394  -0.9199399813044173  1.0179619147825123
0.395  -0.9669824355394344  1.0253009393932793
0.396  -1.010382610374177  1.0319727504593674
0.397  -1.050035715180184  1.0379957736012724
0.398  -1.0858508087132128  1.0433893163761463
0.399  -1.1177510712538359  1.048173535943356
0.4  -1.1456740270366352  1.0523694056124806
0.401  -1.169571716278987  1.0559986803207086
0.402  -1.1894108162948704  1.0590838610880644
0.403  -1.2051727113550499  1.06164815850014
0.404  -1.2168535111319991  1.0637154552693693
0.405  -1.2244640177453445  1.0653102679270057
0.406  -1.228029641600798  1.0664577076991393
0.40700000000000003  -1.2275902663919862  1.0671834406211234
0.40800000000000003  -1.2232000638095317  1.0675136469457716
0.40900000000000003  -1.2149272586747744  1.067474979901613
0.41000000000000003  -1.2028538453858961  1.0670945238582832
0.41100000000000003  -1.1870752567313976  1.0663997519569366
0.41200000000000003  -1.1676999862893627  1.0654184832642195
0.41300000000000003  -1.144849165790049  1.0641788395089276
0.41400000000000003  -1.1186560989736525  1.0627092014610438
0.41500000000000004  -1.08926575362399  1.061038165013232
0.41600000000000004  -1.0568342136018072  1.0591944970252747
0.417  -1.0215280928381194  1.0572070909921996
0.418  -0.9835239133776974  1.055104922597023
0.419  -0.9430074496853925  1.0529170052091987
0.42  -0.9001730415426483  1.0506723453898492
0.421  -0.8552228779683921  1.0483998984648524
0.422  -0.8083662546966478  1.046128524226672
0.423  -0.7598188078326114  1.0438869428256958
0.424  -0.7098017263894237  1.041703690911448
0.425  -0.6585409464786982  1.0396070780837778
0.426  -0.6062663299893303  1.0376251437135855
0.427  -0.5532108306406432  1.0357856141921786
0.428  -0.499609650337487  1.0341158606677017
0.429  -0.4456993887864041  1.0326428573264073
0.43  -0.3917171893530836  1.0313931402757912
0.431  -0.3378998841523963  1.0303927670857194
0.432  -0.284483141362737  1.0296672770428241
0.433  -0.23170061774675005  1.0292416521724113
0.434  -0.1797831193404289  1.0291402790810547
0.435  -0.12895777324233348  1.0293869116719678
0.436  -0.07944721339428257  1.0300046347839755
0.437  -0.0314687831945516  1.0310158288036908
0.438  0.014766242275602304  1.0324421352991353
0.439  0.05905341170088518  1.0343044237216508
0.44  0.10119582802436189  1.0366227592214707
0.441  0.14100485143936747  1.039416371620839
0.442  0.17830077243390285  1.0427036255869164
0.443  0.21291345254583782  1.0465019920451377
0.444  0.2446829306006082  1.0508280208719374
0.445  0.2734599923241653  1.0556973149040672
0.446  0.2991067013522807  1.061124505299888
0.447  0.32149688979233537  1.067123228286209
0.448  0.3405166066353045  1.0737061033223503
0.449  0.356064522462857  1.08088471271116
0.45  0.36805228904720455  1.0886695826847932
0.451  0.3764048525987883  1.0970701659909983
0.452  0.38106071957862686  1.1060948260036692
0.453  0.3819721741576526  1.1157508223793127
0.454  0.37910544657390977  1.1260442982790035
0.455  0.372440831809728  1.136980269173268
0.456  0.3619727581840858  1.1485626132451783
0.457  0.3477098056299365  1.1607940634048064
0.458  0.3296746736015417  1.1736762009259278
0.459  0.3079040987323669  1.1872094507137652
0.46  0.2824487225391181  1.2013930782102569
0.461  0.2533729096414987  1.2162251879411725
0.462  0.22075451713966843  1.2317027237071463
0.463  0.18468461596151164  1.2478214704184785
0.464  0.14526716515915072  1.2645760575713254
0.465  0.10261864029809908  1.2819599643606732
0.466  0.056867617242410406  1.2999655264232628
0.467  0.008154312794676821  1.3185839442014524
0.468  -0.043369916199839875  1.3378052929167539
0.46900000000000003  -0.09754311353082457  1.3576185341396632
0.47000000000000003  -0.1541933021892723  1.3780115289401809
0.47100000000000003  -0.213139098797392  1.3989710526013073
0.47200000000000003  -0.2741903617515385  1.4204828108756815
0.47300000000000003  -0.33714887080981887  1.4425314577634092
0.47400000000000003  -0.4018090357460169  1.4651006147870944
0.47500000000000003  -0.4679586315896434  1.4881728917380328
0.47600000000000003  -0.5353795578787895  1.511729908865559
0.47700000000000004  -0.6038486192679636  1.5357523204795234
0.47800000000000004  -0.6731383247580829  1.5602198399340348
0.47900000000000004  -0.7430177027499867  1.5851112659586466
0.48  -0.8132531290668009  1.6104045103014033
0.481  -0.8836091650443324  1.6360766266463234
0.482  -0.9538494027524073  1.6621038407661963
0.483  -1.0237373143842612  1.68846158186988
0.484  -1.093037102835051  1.7151245151016554
0.485  -1.1615145504853182  1.7420665751486253
0.486  -1.2289378632099628  1.7692610009106244
0.487  -1.2950785066484893  1.7966803711856967
0.488  -1.359712031797685  1.8242966413227415
0.489  -1.4226188870234928  1.8520811807916586
0.49  -1.4835852136344574  1.880004811620059
0.491  -1.5424036222147193  1.9080378476443989
0.492  -1.5988739469796778  1.9361501345222896
0.493  -1.6528039754922839  1.9643110904516894
0.494  -1.7040101511618404  1.992489747541702
0.495  -1.7523182460401123  2.020654793778808
0.496  -1.797564001531101  2.048774615531522
0.497  -1.8395937347406814  2.0768173405357557
0.498  -1.8782649083100256  2.104750881302411
0.499  -1.9134466617020252  2.132542978888239
0.5  -1.945020302042193  2.1601612469703957
0.501  -1.9728797527545594  2.187573216164749
0.502  -1.9969319583781378  2.2147463785275967
0.503  -2.017097244100319  2.2416482321802
0.504  -2.0333096286994645  2.268246325995352
0.505  -2.045517089749464  2.2945083042850496
0.506  -2.0536817801036205  2.3204019514283667
0.507  -2.057780194843251  2.3458952363785937
0.508  -2.0578032880473907  2.370956356988963
0.509  -2.053756538913281  2.3955537840963403
0.51  -2.0456599669323783  2.419656305302696
0.511  -2.0335480960027748  2.443233068394453
0.512  -2.017469867535641  2.466253624340331
0.513  -1.9974885027899307  2.48868796980877
0.514  -1.9736813148455161  2.510506589146702
0.515  -1.9461394707996051  2.5316804957620964
0.516  -1.914967704944043  2.552181272853459
0.517  -1.880283983851383  2.571981113430354
0.518  -1.842219124464854  2.5910528595699236
0.519  -1.8009163664508967  2.6093700408553318
0.52  -1.756530900232331  2.6269069119432173
0.521  -1.7092293522748343  2.643638489208282
0.522  -1.6591892293486707  2.659540586414429
0.523  -1.606598323631244  2.674589849363098
0.524  -1.5516540806531482  2.6887637894708023
0.525  -1.4945629322209004  2.702040816229284
0.526  -1.4355395965727378  2.7144002685031747
0.527  -1.3748063481394266  2.725822444621565
0.528  -1.312592259389569  2.736288631221531
0.529  -1.2491324173378948  2.7457811308032296
0.53  -1.1846671173854877  2.754283287957957
0.531  -1.1194410372419725  2.761779514232279
0.532  -1.0537023937516523  2.7682553115931636
0.533  -0.9877020855077743  2.7736972944608795
0.534  -0.9216928241915181  2.7780932102783646
0.535  -0.8559282576146668  2.781431958587648
0.536  -0.7906620874771288  2.7837036085859665
0.537  -0.7261471848723073  2.78489941513616
0.538  -0.6626347065849619  2.7850118332080567
0.539  -0.6003732152271806  2.784034530729576
0.54  -0.5396078062487982  2.7819623998284566
0.541  -0.4805792448388638  2.778791566447617
0.542  -0.42352311570463574  2.774519398319339
0.543  -0.36866898867425135  2.769144511285656
0.544  -0.3162396030187735  2.762666773954525
0.545  -0.2664500733288073  2.7550873106835807
0.546  -0.21950711971084091  2.746408502885522
0.547  -0.17560832498862278  2.736633988651392
0.548  -0.1349414215060104  2.725768660690301
0.549  -0.09768361002975567  2.713818662586348
0.55  -0.0640009131442002  2.7007913833757926
0.551  -0.03404756541489684  2.6866954504497502
0.552  -0.00796544247568054  2.6715407207899404
0.553  0.014116468936805182  2.6553382705472375
0.554  0.032082558113981974  2.638100382975034
0.555  0.045831032928608795  2.6198405347315776
0.556  0.055274316217119424  2.6005733805676963
0.557  0.06033939455322612  2.5803147364184564
0.558  0.06096811813560965  2.559081560919451
0.559  0.05711745067737872  2.5368919353705612
0.56  0.04875966835418655  2.5137650421721025
0.561  0.035882507040055245  2.4897211417603327
0.562  0.01848925723531336  2.4647815480713358
0.5630000000000001  -0.0034011937317273144  2.438968602564273
0.5640000000000001  -0.02975437246866386  2.4123056468369586
0.5650000000000001  -0.060520283307859635  2.3848169938685895
0.5660000000000001  -0.09563352499933298  2.356527897926373
0.5670000000000001  -0.13501346000662795  2.3274645231745716
0.5680000000000001  -0.17856443592535542  2.297653911026238
0.5690000000000001  -0.22617605836636256  2.2671239462796855
0.5700000000000001  -0.27772351446966004  2.2359033220833338
0.5710000000000001  -0.3330679460422843  2.2040215037741966
0.5720000000000001  -0.3920568711434015  2.1715086916368307
0.5730000000000001  -0.45452465277394427  2.138395782631024
0.5740000000000001  -0.5202930131666385  2.104714331137936
0.5750000000000001  -0.5891715920154477  2.070496508775749
0.5760000000000001  -0.6609585468325813  2.0357750633371783
0.577  -0.735441193475773  2.0005832769024154
0.578  -0.8123966847502851  1.9649549231821557
0.579  -0.8915927248580356  1.9289242241466475
0.58  -0.9727883173423446  1.892525805997359
0.581  -1.0557345440603583  1.8557946545391386
0.582  -1.1401753726068824  1.818766070011372
0.583  -1.2258484895142954  1.7814756214375003
0.584  -1.3124861564622123  1.743959100552948
0.585  -1.3998160866498135  1.7062524753721293
0.586  -1.487562338411799  1.6683918434557332
0.587  -1.5754462230971007  1.630413384939963
0.588  -1.6631872241779655  1.5923533153897556
0.589  -1.7505039245149652  1.554247838538355
0.59  -1.8371149386728094  1.5161330989757282
0.591  -1.922739847160511  1.4780451348485848
0.592  -2.0071001294597854  1.440019830634673
0.593  -2.0899200927056203  1.4020928700540776
0.594  -2.170927792893957  1.3642996891800891
0.595  -2.2498559455133025  1.3266754298120353
0.596  -2.326442822528656  1.2892548931721577
0.597  -2.4004331326891544  1.2520724939882861
0.598  -2.4715788821830196  1.2151622150235695
0.599  -2.5396402127267494  1.1785575621140674
0.6  -2.6043862142476852  1.1422915197742929
0.601  -2.665595709401889  1.1063965074302309
0.602  -2.723058007260711  1.0709043363384847
0.603  -2.776573623600221  1.035846167249424
0.604  -2.825954965337466  1.001252468871261
0.605  -2.8710269767749907  0.9671529771909795
0.606  -2.911627745441386  0.9335766557069834
0.607  -2.9476090654485936  0.9005516566271826
0.608  -2.9788369564276147  0.8681052830850067
0.609  -3.0051921362511766  0.8362639524245744
0.61  -3.02657044590526  0.8050531606048431
0.611  -3.0428832250304563  0.774497447771219
0.612  -3.0540576368179257  0.7446203650415388
0.613  -3.0600369411135233  0.7154444425518396
0.614  -3.0607807147559893  0.6869911588056973
0.615  -3.0562650183512297  0.6592809113692633
0.616  -3.0464825088633103  0.6323329889523811
0.617  -3.031442497583819  0.6061655449143923
0.618  -3.011170953223752  0.5807955722314334
0.619  -2.9857104500556115  0.5562388799600994
0.62  -2.9551200612172526  0.5325100712304351
0.621  -2.919475197472681  0.5096225227992898
0.622  -2.8788673919076606  0.48758836619294604
0.623  -2.8334040312193167  0.4664184704660122
0.624  -2.7832080344379726  0.44612242660135176
0.625  -2.7284174800958905  0.4267085335737643
0.626  -2.6691851830307747  0.4081837860979779
0.627  -2.6056782221809374  0.3905538640792755
0.628  -2.538077420893993  0.3738231237829034
0.629  -2.466576781430417  0.3579945907361836
0.63  -2.3913828754977744  0.34306995437494103
0.631  -2.3127141927991772  0.3290495644436358
0.632  -2.230800449721234  0.3159324291563098
0.633  -2.145881860421214  0.30371621512307084
0.634  -2.058208372699781  0.2923972490446675
0.635  -1.9680388711650376  0.28197052117526367
0.636  -1.8756403503037462  0.2724296905512972
0.637  -1.7812870601779613  0.26376709198196646
0.638  -1.6852596275576968  0.2559737447945522
0.639  -1.5878441553838898  0.24903936332553034
0.64  -1.4893313035297533  0.24295236914610963
0.641  -1.3900153538920705  0.2376999050085437
0.642  -1.2901932628981883  0.2332678504973336
0.643  -1.1901637045572484  0.22964083936716007
0.644  -1.0902261072176864  0.22680227854718288
0.645  -0.9906796872146983  0.22473436878916142
0.646  -0.8918224826036637  0.22341812693463728
0.647  -0.7939503901758473  0.22283340977432448
0.648  -0.6973562089433214  0.2229589394707457
0.649  -0.6023286932595528  0.22377233051303144
0.65  -0.5091516187107197  0.2252501181708632
0.651  -0.41810286387176354  0.22736778841246053
0.652  -0.32945351096865005  0.23009980924961349
0.653  -0.24346696842673465  0.23341966347088627
0.654  -0.16039811821247751  0.23729988272220676
0.655  -0.08049249079421128  0.2417120828923233
0.656  -0.003985470456217999  0.2466270007588428
0.657  0.06889846640037955  0.2520145318488567
0.658  0.13794647744537014  0.25784376946659204
0.659  0.20295804268962148  0.2640830448388781
0.66  0.2637456125568809  0.27069996832782317
0.661  0.320135213610377  0.27766147165853816
0.662  0.37196700992789367  0.28493385110846275
0.663  0.41909581826651354  0.2924828116035086
0.664  0.4613915753121023  0.30027351166501914
0.665  0.4987397554677645  0.30827060915034954
0.666  0.5310417378003881  0.3164383077288412
0.667  0.5582151209333882  0.3247404040338978
0.668  0.5801939848472427  0.3331403354309609
0.669  0.5969290987260301  0.341601228340338
0.67  0.6083880741679261  0.35008594705303264
0.671  0.6145554632594775  0.35855714297701635
0.672  0.615432801197062  0.36697730425082375
0.673  0.6110385933236041  0.3753088056607313
0.674  0.6014082466336428  0.3835139587974078
0.675  0.5865939459846915  0.39155506238748516
0.676  0.5666644754369446  0.3993944527352575
0.677  0.5417049853258931  0.4069945542094856
0.678  0.5118167058530297  0.41431792971018677
0.679  0.4771166081577418  0.42132733105021963
0.68  0.4377370140080237  0.4279857491865614
0.681  0.39382515541862206  0.43425646423629927
0.682  0.3455426856713738  0.44010309521254526
0.683  0.2930651433742001  0.44548964941582747
0.684  0.23658137135081703  0.4503805714168746
0.685  0.17629289230327816  0.45474079156719144
0.686  0.11241324333278147  0.45853577397434664
0.687  0.0451672715402367  0.4617315638795864
0.6880000000000001  -0.025209606942708573  0.46429483437603497
0.6890000000000001  -0.09847218202107821  0.46619293240658494
0.6900000000000001  -0.17436625621818502  0.467393923981436
0.6910000000000001  -0.2526294800838922  0.46786663855622557
0.6920000000000001  -0.33299221364656817  0.4675807125126552
0.6930000000000001  -0.41517841104077613  0.46650663168471135
0.6940000000000001  -0.49890652536658175  0.4646157728746914
0.6950000000000001  -0.5838904307704121  0.4618804443045406
0.6960000000000001  -0.6698403586818978  0.4582739249493033
0.6970000000000001  -0.7564638450950232  0.4537705027009174
0.6980000000000001  -0.8434666857474774  0.4483455113120032
0.6990000000000001  -0.9305538960269326  0.44197536607086785
0.7000000000000001  -1.0174306724196331  0.43463759816050235
0.7010000000000001  -1.1038033523131656  0.4263108876560498
0.7020000000000001  -1.1893803689727624  0.41697509511686787
0.7030000000000001  -1.2738731985290026  0.40661129173115595
0.704  -1.3569972958429868  0.39520178797289596
0.705  -1.4384730161549666  0.3827301607327364
0.706  -1.5180265194712979  0.36918127888644214
0.707  -1.595390654705198  0.35454132726638937
0.708  -1.6703058206559587  0.33879782900376687
0.709  -1.7425208009910218  0.3219396662110463
0.71  -1.8117935704845896  0.3039570989765651
0.711  -1.8778920698641335  0.2848417826450181
0.712  -1.9405949467237726  0.2645867833600584
0.713  -1.9996922600784401  0.24318659184717245
0.714  -2.0549861462568115  0.2206371354174812
0.715  -2.1062914439618843  0.1969357881751686
0.716  -2.15343627646664  0.17208137941370266
0.717  -2.196262589057557  0.14607420018823158
0.718  -2.234626639989898  0.11891600805384922
0.719  -2.268399443376177  0.09061002996188355
0.72  -2.2974671625913325  0.0611609633085497
0.721  -2.3217314529453654  0.03057497513285512
0.722  -2.3411097525451843  -0.0011403005371822261
0.723  -2.355535520442055  -0.03397576718836576
0.724  -2.3649584213386685  -0.06792087217240411
0.725  -2.3693444563095594  -0.10296361489589417
0.726  -2.368676039170298  -0.13909055684161703
0.727  -2.3629520183134374  -0.17628683341020251
0.728  -2.35218764401238  -0.21453616756877453
0.729  -2.336414481377305  -0.2538208852910422
0.73  -2.3156802693294805  -0.2941219327708264
0.731  -2.290048726141184  -0.3354188953888862
0.732  -2.2595993022673238  -0.3776900184105315
0.733  -2.2244268813710093  -0.42091222938938605
0.734  -2.184641430618614  -0.4650611622503854
0.735  -2.140367601488939  -0.5101111830229926
0.736  -2.091744282506336  -0.5560354171934949
0.737  -2.0389241054674923  -0.6028057786430701
0.738  -1.9820729068864056  -0.6503930001364358
0.739  -1.921369146530786  -0.6987666653236858
0.74  -1.8570032850651899  -0.7478952422161959
0.741  -1.7891771229518703  -0.7977461180953447
0.742  -1.718103102887848  -0.848285635811193
0.743  -1.6440035781773326  -0.8994791314262405
0.744  -1.5671100495501027  -0.9512909731577948
0.745  -1.4876623730401106  -1.0036846015707805
0.746  -1.405907941632985  -1.0566225709711334
0.747  -1.3221008434759933  -1.1100665919484736
0.748  -1.2365009995201897  -1.1639775750151653
0.749  -1.1493732835297685  -1.2183156752875495
0.75  -1.0609866274501438  -1.2730403381536746
0.751  -0.9716131151713887  -1.3281103458706962
0.752  -0.8815270677596788  -1.3834838650338082
0.753  -0.7910041232537905  -1.439118494857457
0.754  -0.7003203141385145  -1.494971316208623
0.755  -0.6097511456107426  -1.5509989413308056
0.756  -0.5195706777469783  -1.6071575641966365
0.757  -0.4300506146643846  -1.6634030114260625
0.758  -0.3414594037392151  -1.719690793706421
0.759  -0.25406134790907176  -1.7759761576499842
0.76  -0.16811573403664848  -1.8322141380240415
0.761  -0.08387598025466081  -1.8883596102880338
0.762  -0.0015888051435104522  -1.9443673433718862
0.763  0.07850657848484188  -2.000192052629394
0.764  0.1561792425099413  -2.055788452900136
0.765  0.2312072925426033  -2.111111311613448
0.766  0.30337858459558076  -2.166115501867705
0.767  0.3724914070128368  -2.220756055418362
0.768  0.4383551254060791  -2.2749882155081447
0.769  0.5007907884758679  -2.3287674894731145
0.77  0.5596316927305863  -2.3820497010584885
0.771  0.6147239042586387  -2.4347910423785155
0.772  0.6659267358580755  -2.486948125455143
0.773  0.7131131779817173  -2.538478033270722
0.774  0.7561702821153223  -2.589338370270616
0.775  0.7949994953699979  -2.6394873122522466
0.776  0.8295169452378578  -2.688883655577949
0.777  0.8596536736312267  -2.737486865649745
0.778  0.8853558194995893  -2.7852571245852324
0.779  0.9065847494948631  -2.832155378034636
0.78  0.9233171363334091  -2.878143381080254
0.781  0.9355449846821612  -2.923183743160715
0.782  0.9432756045755607  -2.967239971963559
0.783  0.9465315325491871  -3.010276516231186
0.784  0.9453504008542403  -3.0522588074263384
0.785  0.9397847552940566  -3.0931533002049667
0.786  0.9299018223986099  -3.1329275116456796
0.787  0.9157832268254275  -3.1715500591866546
0.788  0.8975246600442339  -3.2089906972224727
0.789  0.8752355015281978  -3.245220352315081
0.79  0.8490383938354128  -3.280211156974835
0.791  0.8190687731205043  -3.3139364819693933
0.792  0.7854743567669619  -3.3463709671201127
0.793  0.7484145899753732  -3.377490550547513
0.794  0.7080600532814171  -3.4072724963293757
0.795  0.6645918331085698  -3.4356954205370123
0.796  0.6182008575850348  -3.4627393156173842
0.797  0.5690871999704331  -3.4883855730907602
0.798  0.5174593521463091  -3.512617004535848
0.799  0.4635334707242533  -3.53541786083643
0.8  0.40753259841613343  -3.556773849665804
0.801  0.34968586339312546  -3.5766721511875468
0.802  0.2902276594320711  -3.595101431953391
0.803  0.2293968097109722  -3.612051856981331
0.804  0.16743571716765693  -3.627515099999323
0.805  0.10458950437905967  -3.64148435184238
0.806  0.041105145950607436  -3.6539543269930994
0.807  -0.022769403572123648  -3.6649212682581305
0.808  -0.08678608324536496  -3.674382949575378
0.809  -0.15069759769737362  -3.682338676949161
0.81  -0.21425828450985573  -3.688789287512936
0.811  -0.27722497401331353  -3.6937371467215163
0.812  -0.33935783852790663  -3.6971861436771865
0.8130000000000001  -0.40042122812159586  -3.699141684596392
0.8140000000000001  -0.4601844900066685  -3.699610684426119
0.8150000000000001  -0.518422768755323  -3.698601556621389
0.8160000000000001  -0.5749177845844425  -3.6961242010976454
0.8170000000000001  -0.6294585870378384  -3.6921899903741253
0.8180000000000001  -0.6818422814824808  -3.6868117539265968
0.8190000000000001  -0.7318747259312844  -3.680003760770132
0.8200000000000001  -0.7793711958105096  -3.6717817002948077
0.8210000000000001  -0.8241570144027122  -3.662162661379469
0.8220000000000001  -0.8660681468171498  -3.651165109810843
0.8230000000000001  -0.9049517554679356  -3.6388088640374505
0.8240000000000001  -0.9406667151750134  -3.6251150692898886
0.8250000000000001  -0.9730840861448756  -3.6101061701010897
0.8260000000000001  -1.0020875432350103  -3.593805881262205
0.8270000000000001  -1.0275737600591897  -3.5762391572517385
0.8280000000000001  -1.0494527466481296  -3.5574321601774823
0.8290000000000001  -1.0676481395422983  -3.5374122262726684
0.8300000000000001  -1.0820974433593131  -3.5162078309895954
0.8310000000000001  -1.092752223047404  -3.49384855273573
0.8320000000000001  -1.0995782462080885  -3.470365035299025
0.833  -1.1025555750448093  -3.445788949010791
0.834  -1.1016786076694034  -3.4201529506960795
0.835  -1.096956068674178  -3.393490642463097
0.836  -1.0884109490535376  -3.3658365293844748
0.837  -1.0760803957348335  -3.3372259761247918
0.838  -1.0600155511529283  -3.3076951625699156
0.839  -1.0402813434761224  -3.2772810385150373
0.84  -1.0169562282621765  -3.2460212774694286
0.841  -0.9901318824912606  -3.2139542296370363
0.842  -0.9599128520877831  -3.1811188741330505
0.843  -0.9264161542038036  -3.147554770497517
0.844  -0.8897708356934013  -3.1133020095679353
0.845  -0.850117489358913  -3.078401163773524
0.846  -0.8076077296957442  -3.042893236914605
0.847  -0.7624036300027608  -3.0068196134910923
0.848  -0.7146771228583365  -2.9702220076446615
0.849  -0.6646093660890662  -2.9331424117795963
0.85  -0.6123900764768568  -2.8956230449276923
0.851  -0.5582168335616869  -2.8577063009228727
0.852  -0.5022943560004278  -2.819434696451338
0.853  -0.444833753036457  -2.7808508190432564
0.854  -0.3860517537208951  -2.7419972750719537
0.855  -0.32616991660244354  -2.7029166378265126
0.856  -0.2654138226703777  -2.663651395723622
0.857  -0.20401225439230672  -2.624243900724181
0.858  -0.14219636373627198  -2.584736317019928
0.859  -0.08019883210437911  -2.545170570054939
0.86  -0.01825302513235655  -2.505588295946358
0.861  0.04340785467277031  -2.466030791368159
0.862  0.10455161447831723  -2.426538963961128
0.863  0.16494791387901553  -2.3871532833314437
0.864  0.22436910089589457  -2.3479137326995674
0.865  0.28259103828260274  -2.30885976126007
0.866  0.33939391723539825  -2.2700302373123034
0.867  0.39456305564674793  -2.2314634022205553
0.868  0.44788967809652697  -2.193196825261353
0.869  0.4991716748387894  -2.1552673594143648
0.87  0.5482143371147731  -2.1177110981520295
0.871  0.5948310662058345  -2.0805633332818054
0.872  0.6388440537307735  -2.0438585138934418
0.873  0.6800849307926066  -2.0076302064622755
0.874  0.718395383687798  -1.9719110561579778
0.875  0.7536277340072821  -1.936732749406612
0.876  0.7856454810826115  -1.9021259777521742
0.877  0.814323804861038  -1.8681204030621195
0.878  0.8395500274312968  -1.8347446241195728
0.879  0.8612240315651511  -1.8020261446430683
0.88  0.8792586347894688  -1.7699913427728862
0.881  0.8935799176579133  -1.738665442061002
0.882  0.9041275050505926  -1.7080724839997945
0.883  0.9108547994933204  -1.678235302122569
0.884  0.9137291656548018  -1.649175497706958
0.885  0.9127320653499397  -1.6209134171100783
0.886  0.9078591425494298  -1.5934681307623035
0.887  0.8991202580697889  -1.566857413844246
0.888  0.8865394737929518  -1.5410977286693581
0.889  0.870154986440224  -1.5162042087924434
0.89  0.8500190111009587  -1.492190644861922
0.891  0.8261976148913055  -1.4690694722316575
0.892  0.7987705012920369  -1.446851760345632
0.893  0.7678307458864497  -1.4255472039066606
0.894  0.7334844843886144  -1.4051641158378412
0.895  0.6958505540188962  -1.3857094220432264
0.896  0.6550600894463032  -1.3671886579718293
0.897  0.6112560746760451  -1.3496059669867064
0.898  0.5645928524147202  -1.3329641005385855
0.899  0.5152355925940924  -1.3172644201411057
0.9  0.4633597218778129  -1.3025069011424673
0.901  0.4091503161118007  -1.2886901382858822
0.902  0.35280145780952044  -1.2758113530490411
0.903  0.29451556088592246  -1.2638664027503164
0.904  0.23450266496939606  -1.2528497914073808
0.905  0.1729797017284382  -1.242754682331447
0.906  0.11016973574846917  -1.2335729124382269
0.907  0.04630118258497817  -1.2252950082544736
0.908  -0.018392993300089477  -1.2179102035967517
0.909  -0.08367609793922648  -1.211406458896989
0.91  -0.14930854175622194  -1.2057704821471988
0.911  -0.21504868506440947  -1.2009877514337575
0.912  -0.2806536922295587  -1.1970425390294452
0.913  -0.3458803915277211  -1.1939179370096964
0.914  -0.4104861377059339  -1.1915958843572922
0.915  -0.4742296742419883  -1.190057195518054
0.916  -0.5368719922971487  -1.1892815903680984
0.917  -0.5981771833649744  -1.1892477255515148
0.918  -0.6579132826377361  -1.189933227145517
0.919  -0.7158531001417158  -1.1913147246084663
0.92  -0.7717750367317538  -1.1933678859646049
0.921  -0.8254638820848533  -1.1960674541775678
0.922  -0.8767115918924215  -1.1993872846635854
0.923  -0.9253180415191451  -1.203300383893442
0.924  -0.9710917534756387  -1.207778949031308
0.925  -1.0138505961391469  -1.212794408556897
0.926  -1.0534224512536032  -1.2183174638164629
0.927  -1.0896458478452558  -1.2243181314467861
0.928  -1.122370560303426  -1.2307657866153867
0.929  -1.1514581684974396  -1.2376292070190502
0.93  -1.176782577928987  -1.2448766175819297
0.931  -1.1982304980551823  -1.2524757357936451
0.932  -1.2157018770593415  -1.2603938176268379
0.933  -1.2291102914949985  -1.2685977039733025
0.934  -1.238383289382067  -1.2770538675368015
0.935  -1.2434626854930069  -1.285728460120476
0.936  -1.2443048077299026  -1.2945873602460762
0.937  -1.2408806936604102  -1.3035962210420529
0.9380000000000001  -1.233176236451157  -1.3127205183370967
0.9390000000000001  -1.2211922796101051  -1.3219255988956906
0.9400000000000001  -1.2049446601250071  -1.3311767287319454
0.9410000000000001  -1.184464199761849  -1.3404391414380954
0.9420000000000001  -1.1597966444651708  -1.349678086464045
0.9430000000000001  -1.131002551980397  -1.358858877284392
0.9440000000000001  -1.0981571279963351  -1.367946939389756
0.9450000000000001  -1.0613500112831302  -1.3769078580393495
0.9460000000000001  -1.0206850084767234  -1.3857074257122708
0.9470000000000001  -0.9762797793343911  -1.3943116891953236
0.9480000000000001  -0.9282654734570323  -1.4026869962458484
0.9490000000000001  -0.8767863196414436  -1.4108000417685416
0.9500000000000001  -0.8219991691898249  -1.4186179134460506
0.9510000000000001  -0.7640729946632652  -1.4261081367638961
0.9520000000000001  -0.703188345720383  -1.433238719371039
0.9530000000000001  -0.6395367638316614  -1.4399781947185075
0.9540000000000001  -0.5733201578028193  -1.4462956649193677
0.9550000000000001  -0.5047501421775961  -1.4521608427745067
0.9560000000000001  -0.4340473407196065  -1.4575440929097858
0.9570000000000001  -0.36144065729570063  -1.4624164719714106
0.9580000000000001  -0.287166516597375  -1.466749767827602
0.9590000000000001  -0.21146807724330213  -1.4705165377260918
0.96  -0.1345944199038348  -1.473690145358294
0.961  -0.05679971317676112  -1.476244796782645
0.962  0.021657639976171233  -1.4781555751609838
0.963  0.10051587235315977  -1.4793984742636126
0.964  0.17951073625692388  -1.479950430700271
0.965  0.25837639787002087  -1.4797893548359955
0.966  0.3368463392310281  -1.4788941603526182
0.967  0.4146542647512231  -1.4772447924185501
0.968  0.4915350091924896  -1.4748222544311895
0.969  0.5672254440174692  -1.4716086332985332
0.97  0.6414653790250398  -1.4675871232281446
0.971  0.7139984561955213  -1.462742047994029
0.972  0.7845730326929894  -1.4570588816536927
0.973  0.8529430500045544  -1.450524267689954
0.974  0.9188688862396015  -1.4431260365540706
0.975  0.9821181886656183  -1.4348532215889356
0.976  1.0424666836199827  -1.4256960733132766
0.977  1.099698961010764  -1.4156460720498933
0.978  1.1536092307015922  -1.4046959388833462
0.979  1.2040020481680527  -1.3928396449345128
0.98  1.2506930069135853  -1.3800724189419433
0.981  1.2935093952423276  -1.3663907531419015
0.982  1.3322908151043653  -1.3517924074415517
0.983  1.366889760853974  -1.3362764118817283
0.984  1.3971721558949608  -1.3198430673882462
0.985  1.4230178453267943  -1.3024939448128365
0.986  1.4443210428521298  -1.2842318822670669
0.987  1.4609907303587086  -1.265060980754981
0.988  1.4729510087467519  -1.2449865981123023
0.989  1.480141398736195  -1.2240153412624026
0.99  1.4825170905554534  -1.2021550568013948
0.991  1.4800491415850119  -1.1794148199269774
0.992  1.4727246212036693  -1.1558049217277429
0.993  1.4605467022627971  -1.1313368548520122
0.994  1.443534698793453  -1.106023297577176
0.995  1.4217240497321495  -1.079878096302789
0.996  1.395166248633054  -1.0529162464927027
0.997  1.3639287195165257  -1.025153872093511
0.998  1.328094639185705  -0.9966082034586735
0.999  1.2877627065237678  -0.9672975538095686
1.0  1.2430468594636763  -0.9372412942666886
