0.0  3.1201840417369224  5.311738014681743
0.005  3.190145267745663  5.549316421286375
0.01  3.258964903313923  5.777216473408617
0.015  3.3266270757015795  5.9950676285468445
0.02  3.393116428086427  6.20251688587634
0.025  3.458418122807844  6.399229386163029
0.03  3.5225178443364498  6.584888979978154
0.035  3.585401801969379  6.759198763230999
0.04  3.647056732250972  6.921881579093807
0.045  3.7074699011188135  7.072680485451861
0.05  3.76662910577525  7.211359187071931
0.055  3.8245226762846354  7.337702431743944
0.06  3.8811394768967356  7.4515163697137
0.065  3.9364689070968746  7.552628875788643
0.07  3.9905009023835563  7.640889833563825
0.075  4.043225934774459  7.71617138128151
0.08  4.0946350130418505  7.778368118904771
0.085  4.144719682678624  7.8273972760532615
0.09  4.193472025596312  7.863198840517679
0.095  4.24088465955658  7.885735647138315
0.1  4.2869507373378735  7.89499342690224
0.105  4.331663945638993  7.890980816183242
0.11  4.375018503721588  7.873729326118152
0.115  4.417009161793637  7.843293272182822
0.12  4.45763119913618  7.79974966410051
0.125  4.496880421975677  7.743198056284645
0.13  4.534753161104528  7.673760359086888
0.135  4.571246269252423  7.5915806111897455
0.14  4.606357118211311  7.496824713550836
0.145  4.64008359571694  7.389680125373002
0.15  4.672424102090056  7.270355522640713
0.155  4.703377546640416  7.1390804198284945
0.16  4.732943343837005  6.996104755451372
0.165  4.761121409247866  6.841698442190384
0.17  4.7879121552531645  6.676150882387981
0.17500000000000002  4.813316486535153  6.499770449768533
0.18  4.83733579534889  6.312883938298001
0.185  4.859971956577631  6.115835979154155
0.19  4.881227322576953  5.9089884268342745
0.195  4.901104717811769  5.692719715481028
0.2  4.919607433290508  5.467424186559102
0.20500000000000002  4.936739220800832  5.2335113890650815
0.21  4.952504286951361  4.991405353500869
0.215  4.966907287024009  4.741543840886561
0.22  4.9799533186415585  4.4843775681322375
0.225  4.991647915255284  4.2203694111291155
0.23  5.00199703945745  3.9499935869593026
0.23500000000000001  5.011007076123633  3.673734816659718
0.24  5.018684825389902  3.3920874700093995
0.245  5.025037495469943  3.1055546938407486
0.25  5.030072695317324  2.8146475254037067
0.255  5.033798427138157  2.519883992337861
0.26  5.036223078759453  2.221788200830541
0.265  5.037355415858607  1.9208894135594456
0.27  5.037204574059417  1.617721119035952
0.275  5.035780050900187  1.3128200939799588
0.28  5.033091697679457  1.0067254603691227
0.28500000000000003  5.029149711184997  0.6999777388143835
0.29  5.023964625311715  0.39311789991977264
0.295  5.0175473025742106  0.08668641528779752
0.3  5.009908925519716  -0.21877769016787074
0.305  5.001060988047215  -0.5227377829434585
0.31  4.991015286638572  -0.8246605610461826
0.315  4.979783911507519  -1.124016987830108
0.32  4.96737923767238  -1.4202832179327949
0.325  4.953813915958445  -1.7129415136927157
0.33  4.939100863935908  -2.001481150444499
0.335  4.923253256799298  -2.285399309108609
0.34  4.906284518194364  -2.564201954514771
0.34500000000000003  4.8882083109983645  -2.8374046979235157
0.35000000000000003  4.869038528059712  -3.1045336422381777
0.355  4.848789282902944  -3.365126208430288
0.36  4.827474900404948  -3.6187319417343833
0.365  4.80510990744843  -3.8649132962038415
0.37  4.781709023558508  -4.103246396257665
0.375  4.757287151528399  -4.333321773888457
0.38  4.731859368040058  -4.55474508024473
0.385  4.705440914285677  -4.76713777034587
0.39  4.6780471865958795  -4.970137759735193
0.395  4.649693727080432  -5.16340005192596
0.4  4.620396214287268  -5.3465973355465595
0.405  4.590170453885557  -5.519420550144314
0.41000000000000003  4.559032369378558  -5.681579419662399
0.41500000000000004  4.526997992851883  -5.83280295266125
0.42  4.49408345576283  -5.97283990841418
0.425  4.460304979776304  -6.1014592280668545
0.43  4.425678867652887  -6.2184504301117185
0.435  4.390221494194467  -6.3236239694909955
0.44  4.353949297252839  -6.416811559705858
0.445  4.3168787688066095  -6.497866457374209
0.45  4.279026446111629  -6.566663708745504
0.455  4.240408902930197  -6.6231003577477505
0.46  4.2010427408440805  -6.667095615209366
0.465  4.160944580656453  -6.698590988966696
0.47000000000000003  4.120131053887652  -6.717550374636618
0.47500000000000003  4.078618794369648  -6.723960106902644
0.48  4.036424429944019  -6.71782897123228
0.485  3.9935645742681065  -6.699188176012721
0.49  3.9500558187339596  -6.668091285161436
0.495  3.9059147245045898  -6.62461411133755
0.5  3.86115781467192  -6.568854569948938
0.505  3.8158015665407596  -6.500932494218816
0.51  3.7698624040430015  -6.420989411643807
0.515  3.7233566902861392  -6.329188282243205
0.52  3.676300720240116  -6.225713199066141
0.525  3.6287107135663503  -6.110769051489559
0.53  3.580602807592764  -5.984581151905093
0.535  3.531993050438411  -5.847394826457174
0.54  3.4828973942912924  -5.69947497055768
0.545  3.433331688842749  -5.541105569964203
0.55  3.383311674881748  -5.372589188269389
0.555  3.3328529780522365  -5.194246421707607
0.56  3.2819711027766085  -5.006415322242631
0.5650000000000001  3.2306814263482235  -4.809450789955416
0.5700000000000001  3.1789991931957724  -4.603723935805038
0.5750000000000001  3.1269395093221606  -4.389621415887658
0.58  3.0745173369204366  -4.1675447383684
0.585  3.021747489169198  -3.9379095443087953
0.59  2.968644625209737  -3.701144863658446
0.595  2.9152232453070503  -3.4576923477226713
0.6  2.8614976861967456  -3.2080054794595085
0.605  2.807482116619689  -2.9525487629980245
0.61  2.7531905330461472  -2.691796893806418
0.615  2.6986367555909823  -2.42623391097218
0.62  2.643834424121389  -2.15635233308807
0.625  2.5887969945584643  -1.8826522792661404
0.63  2.5335377353737893  -1.6056405768283164
0.635  2.4780697242820495  -1.32582985724519
0.64  2.422405845130596  -1.0437376419153588
0.645  2.3665587849866925  -0.7598854193953357
0.65  2.3105410314230386  -0.4747977157050613
0.655  2.2543648700020684  -0.1890011593461791
0.66  2.1980423819593238  0.09697645732066665
0.665  2.1415854420860865  0.3826071186867327
0.67  2.0850057168113283  0.667363526838177
0.675  2.0283146624828543  0.9507200411744423
0.68  1.971523523847431  1.2321536150477501
0.685  1.9146433327294727  1.511144727774525
0.6900000000000001  1.8576849069078198  1.7871783103779804
0.6950000000000001  1.8006588491899085  2.059744663431858
0.7000000000000001  1.7435755466825358  2.328340365389389
0.705  1.6864451702583287  2.592469169798142
0.71  1.6292776742167727  2.8516428898211075
0.715  1.5720827961386616  3.105382268506341
0.72  1.5148700569325846  3.3532178332729843
0.725  1.4576487610719775  3.594690733108746
0.73  1.4004279970211564  3.82935355700453
0.735  1.3432166378485624  4.056771132184742
0.74  1.2860233420253646  4.276521300727328
0.745  1.228856554407443  4.488195673205404
0.75  1.171724507398578  4.691400358022824
0.755  1.1146352222926716  4.885756665158564
0.76  1.0575965107925605  5.070901783079752
0.765  1.0006159767029752  5.246489427630254
0.77  0.9437010177950301  5.412190461750899
0.775  0.8868588278394911  5.567693484938629
0.78  0.8300963988060251  5.7127053914048895
0.785  0.7734205232254319  5.846951895948608
0.79  0.7168377967118106  5.970178026615643
0.795  0.6603546206415205  6.082148583274954
0.8  0.603977204985581  6.182648561301489
0.805  0.5477115712922259  6.271483539617064
0.81  0.4915635558160284  6.348480032402962
0.8150000000000001  0.43553881279010354  6.413485803861866
0.8200000000000001  0.37964281783765297  6.466370145471412
0.8250000000000001  0.32388087151908784  6.507024115237638
0.8300000000000001  0.268258103010915  6.535360738523114
0.835  0.21277947391236074  6.551315170092136
0.84  0.1574497821757727  6.554844817083295
0.845  0.10227366615664324  6.545929422688389
0.85  0.047255608779055824  6.524571110385559
0.855  -0.007600058187677949  6.490794388643792
0.86  -0.062289149745576144  6.44464611608529
0.865  -0.11680762318213084  6.386195427161633
0.87  -0.17115157348650345  6.315533618468952
0.875  -0.22531722867235948  6.23277399589644
0.88  -0.27930094501188363  6.138051682871298
0.885  -0.333099202185691  6.031523390031475
0.89  -0.38670859835331384  5.913367146725332
0.895  -0.4401258451490291  5.783781994804362
0.9  -0.49334776260786023  5.6429876452413
0.905  -0.5463712740265694  5.491224098171307
0.91  -0.5991934007645656  5.328751227018056
0.915  -0.651811256989649  5.155848327429723
0.92  -0.7042220443735349  4.972813631811653
0.925  -0.7564230467421875  4.779963790302965
0.93  -0.8084116246859318  4.577633319103225
0.935  -0.8601852101344503  4.366174017112888
0.9400000000000001  -0.9117413009016454  4.145954351906632
0.9450000000000001  -0.9630774552055064  3.9173588161129
0.9500000000000001  -1.0141912861680562  3.6807872553248053
0.9550000000000001  -1.0650804563004201  3.436654168717731
0.96  -1.1157426719782082  3.185387983596888
0.965  -1.1661756779122245  2.927430305144103
0.97  -1.2163772516196516  2.6632351426765486
0.975  -1.2663451979007978  2.393268113771717
0.98  -1.3160773433264668  2.1180056276518244
0.985  -1.3655715307410454  1.8379340492572027
0.99  -1.414825613786351  1.5535488454727817
0.995  -1.463837451451263  1.2653537150025511
1.0  -1.5126049026521673  0.9738597034165309
1.0050000000000001  -1.5611258208491707  0.6795843049202105
1.01  -1.6093980487030617  0.38305055242068053
1.0150000000000001  -1.6574194127779143  0.08478609748363408
1.02  -1.705187718294212  -0.2146777182058517
1.025  -1.7527007439373632  -0.5148067982514908
1.03  -1.7999562367263513  -0.8150652321827143
1.035  -1.846951906947282  -1.1149162396711239
1.04  -1.8936854231565792  -1.413823116670864
1.045  -1.9401544072583417  -1.711250181822944
1.05  -1.9863564296605962  -2.0066637214640233
1.055  -2.0322890045148325  -2.299532931581069
1.06  -2.07794958504337  -2.5893308550595413
1.065  -2.1233355589588916  -2.8755353125798
1.07  -2.1684442439804896  -3.157629825528141
1.075  -2.2132728834504647  -3.4351045293018205
1.08  -2.257818642056037  -3.7074570754047595
1.085  -2.3020786016600696  -3.9741935207492425
1.09  -2.3460497572448125  -4.234829202601856
1.095  -2.3897290129725692  -4.488889597636016
1.1  -2.4331131783671758  -4.7359111635818705
1.105  -2.4761989646199334  -4.975442161993594
1.11  -2.5189829810237794  -5.207043460688075
1.115  -2.5614617315391257  -5.430289314443204
1.12  -2.6036316114949076  -5.644768122582777
1.125  -2.645488904428155  -5.850083162114486
1.1300000000000001  -2.687029779065355  -6.045853295130707
1.135  -2.7282502864487435  -6.231713649226051
1.1400000000000001  -2.769146357210581  -6.4073162697332
1.145  -2.8097137989983105  -6.57233074262717
1.1500000000000001  -2.849948294053461  -6.726444786999764
1.155  -2.8898453969469404  -6.869364816058609
1.16  -2.9294005324733647  -7.0008164656604635
1.165  -2.9686089937068534  -7.120545089444827
1.17  -3.0074659402206247  -7.228316219692247
1.175  -3.045966396472692  -7.323915993091752
1.18  -3.084105250359663  -7.407151540662677
1.185  -3.121877251940712  -7.47785134113913
1.19  -3.159277012333507  -7.535865537188853
1.195  -3.1962990027838725  -7.58106621390332
1.2  -3.232937553910739  -7.613347639061679
1.205  -3.269186855127873  -7.632626464737971
1.21  -3.3050409542437125  -7.638841889888584
1.215  -3.3404937572405036  -7.63195578362504
1.22  -3.37553902823381  -7.611952768945926
1.225  -3.410170389613345  -7.578840266770865
1.23  -3.444381322365882  -7.532648500188797
1.235  -3.4781651665809625  -7.473430458902357
1.24  -3.5115151221398753  -7.40126182391975
1.245  -3.544424249588335  -7.316240852614959
1.25  -3.5768854711930778  -7.218488224346461
1.2550000000000001  -3.608891572182527  -7.10814684689352
1.26  -3.6404352021714583  -6.985381624037732
1.2650000000000001  -3.6715088767695483  -6.850379184685296
1.27  -3.702104979373459  -6.703347573992975
1.2750000000000001  -3.7322157631420767  -6.544515907026835
1.28  -3.7618333531542483  -6.374133985548819
1.285  -3.79094974874839  -6.192471878590264
1.29  -3.819556826043047  -5.999819467535156
1.295  -3.8476463406374397  -5.796485956498015
1.3  -3.8752099304908727  -5.582799348841637
1.305  -3.902239118979737  -5.359105890739856
1.31  -3.9287253181307094  -5.125769482747457
1.315  -3.954659832028604  -4.883171060396043
1.32  -3.980033860397244  -4.63170794488827
1.325  -4.004838502351485  -4.371793165015893
1.33  -4.029064760318553  -4.1038547514767245
1.335  -4.052703544126526  -3.828335004814785
1.34  -4.075745675257873  -3.5456897382533175
1.345  -4.098181891265628  -3.2563874967351296
1.35  -4.120002850349841  -2.960908753525661
1.355  -4.141199136091657  -2.659745085774428
1.36  -4.161761262342385  -2.3533983304663386
1.365  -4.181679678264686  -2.0423797222298945
1.37  -4.2009447735229815  -1.7272090145001868
1.375  -4.219546883619984  -1.408413585564656
1.3800000000000001  -4.237476295376214  -1.0865275310453946
1.385  -4.254723252549166  -0.7620907443964318
1.3900000000000001  -4.271277961588758  -0.4356479870147093
1.395  -4.28713059752552  -0.10774794958265443
1.4000000000000001  -4.3022713099879155  0.2210576937251505
1.405  -4.316690229345042  0.5502152365251283
1.41  -4.330377472970915  0.8791698953427729
1.415  -4.3433231516263415  1.2073667669030703
1.42  -4.355517375954397  1.5342517859269889
1.425  -4.366950263085348  1.8592726817671361
1.43  -4.377611943346785  2.181879932216558
1.435  -4.38749256707467  2.501527712830483
1.44  -4.396582311520873  2.817674840107485
1.445  -4.404871387852702  3.1297857068879553
1.45  -4.412350048239861  3.4373312083403373
1.455  -4.419008593024171  3.7397896569226607
1.46  -4.424837377967312  4.036647684725139
1.465  -4.429826821571793  4.3274011316222865
1.47  -4.433967412470259  4.611555917686757
1.475  -4.437249716878175  4.888628898345311
1.48  -4.439664386104914  5.158148700786222
1.485  -4.441202164118109  5.41965654016117
1.49  -4.441853895156207  5.67270701415864
1.495  -4.441610531383975  5.916868874564343
1.5  -4.4404631405857655  6.151725774463472
1.5050000000000001  -4.438402913891205  6.376876989782591
1.51  -4.435421173528028  6.591938113912978
1.5150000000000001  -4.431509380596625  6.796541724204647
1.52  -4.426659142860915  6.990338019168695
1.5250000000000001  -4.420862222550129  7.172995425277072
1.53  -4.414110544165949  7.344201172301336
1.5350000000000001  -4.406396202289562  7.503661836187158
1.54  -4.397711469383071  7.651103848517461
1.545  -4.388048803579722  7.786273971675565
1.55  -4.377400856457358  7.908939738879245
1.555  -4.36576048078956  8.018889858317825
1.56  -4.353120738268836  8.115934580687094
1.565  -4.3394749071963155  8.199906029480243
1.57  -4.324816490132298  8.270658493458331
1.575  -4.3091392215021145  8.328068680789269
1.58  -4.292437075151666  8.372035934411361
1.585  -4.274704271847094  8.402482408244822
1.59  -4.255935286712981  8.419353203943013
1.595  -4.236124856603555  8.422616467943778
1.6  -4.215267987401373  8.41226344865054
1.605  -4.193359961237948  8.388308513642178
1.61  -4.170396343630846  8.35078912688042
1.615  -4.146372990531829  8.299765785953156
1.62  -4.121286055280618  8.235321919461684
1.625  -4.095131995458865  8.157563744729421
1.6300000000000001  -4.0679075796390665  8.066620086078602
1.635  -4.039609894023084  7.962642153990414
1.6400000000000001  -4.010236348965019  7.845803285531888
1.645  -3.979784685373327  7.716298646500639
1.6500000000000001  -3.948252980986962  7.574344895804988
1.655  -3.915639656520535  7.420179812663049
1.6600000000000001  -3.881943481673436  7.2540618872688345
1.665  -3.847163580998028  7.076269875637431
1.67  -3.8112994396220072  6.887102319403369
1.675  -3.774350908820132  6.686877031407597
1.68  -3.736318211430638  6.475930547967968
1.685  -3.6972019471116235  6.254617548786077
1.69  -3.6570030974329573  6.0233102454999745
1.695  -3.615723030799095  5.782397739946405
1.7  -3.5733635071985876  5.532285353249515
1.705  -3.5299266827758142  5.273393926903205
1.71  -3.4854151142209147  5.006159097063644
1.715  -3.4398317629736743  4.731030543314481
1.72  -3.3931799992374754  4.448471213212404
1.725  -3.3454636057993663  4.158956523962037
1.73  -3.2966867816524896  3.8629735426099674
1.735  -3.2468541454171467  3.561020146183874
1.74  -3.1959707385570066  3.2536041632387898
1.745  -3.144042028386954  2.941242498303838
1.75  -3.0910739108692593  2.624460240753385
1.7550000000000001  -3.0370727131948536  2.30378975965272
1.76  -2.9820451961466437  1.9797697861536614
1.7650000000000001  -2.9259985562418414  1.6529444850361543
1.77  -2.868940427650531  1.3238625170116118
1.7750000000000001  -2.8108788838877246  0.9930760934189375
1.78  -2.7518224392763386  0.6611400249580943
1.7850000000000001  -2.691780050178605  0.32861076611556794
1.79  -2.6307611159936655  -0.003954543055794846
1.795  -2.568775479919119  -0.3359990361361693
1.8  -2.505833429474488  -0.6669670788490918
1.805  -2.441945696784742  -0.9963052252158411
1.81  -2.3771234586220267  -1.3234631696914683
1.815  -2.311378336204115  -1.647894693626642
1.82  -2.2447223947479378  -1.9690586044103342
1.825  -2.1771681427770613  -2.2864196656603646
1.83  -2.1087285311817228  -2.599449516845507
1.835  -2.0394169520305674  -2.907627580740545
1.84  -1.9692472371330678  -3.2104419571378733
1.845  -1.8982336563519722  -3.507390301262558
1.85  -1.8263909156651605  -3.7979806853654634
1.855  -1.7537341549764862  -4.081732441997489
1.86  -1.6802789456752785  -4.3581769875013086
1.865  -1.6060412879444455  -4.626858624290426
1.87  -1.5310376078171384  -4.88733532052355
1.875  -1.4552847539821974  -5.139179465821004
1.8800000000000001  -1.3787999943386349  -5.381978601712659
1.885  -1.301601012299756  -5.615336125550241
1.8900000000000001  -1.2237059028474162  -5.838871966664153
1.895  -1.1451331683373167  -6.0522232335927315
1.9000000000000001  -1.0659017140562133  -6.255044831263142
1.905  -0.9860308435321845  -6.447010047055075
1.9100000000000001  -0.9055402535991349  -6.627811104733386
1.915  -0.8244500292170326  -6.7971596852915
1.92  -0.7427806380493593  -6.954787413805653
1.925  -0.660552924799511  -7.100446311459217
1.93  -0.5777881053080226  -7.233909211957396
1.935  -0.49450776041255884  -7.35497014161475
1.94  -0.4107338295729457  -7.46344466246141
1.945  -0.32648860426338033  -7.559170177778794
1.95  -0.2417947211344944  -7.642006199540804
1.955  -0.15667515494762552  -7.711834577303548
1.96  -0.07115321128425711  -7.76855968815361
1.965  0.014747480966645798  -7.812108587393152
1.97  0.10100297734026153  -7.842431119708551
1.975  0.1875890257433941  -7.859499990638496
1.98  0.2744810746144519  -7.863310798226597
1.985  0.36165428129254285  -7.853882024813258
1.99  0.44908352059201484  -7.8312549889910965
1.995  0.5367433935787945  -7.795493757817778
2.0  0.6246082365446096  -7.746685019449465
2.005  0.7126521301752075  -7.684937916427306
2.0100000000000002  0.8008489089083529  -7.6103838399179065
2.015  0.889172170477419  -7.523176185277105
2.02  0.9775952856362657  -7.423490069373479
2.025  1.0660914080608253  -7.311522010175362
2.0300000000000002  1.1546334844228765  -7.187489569170239
2.035  1.2431942646312142  -7.051630957251049
2.04  1.331746312235555  -6.904204604766721
2.045  1.4202620149879825  -6.7454886964978735
2.05  1.50871359555711  -6.5757806723786025
2.055  1.5970731223897143  -6.3953966948461165
2.06  1.6853125207145507  -6.204671083757215
2.065  1.773403583683117  -6.003955719867834
2.07  1.8613179836417824  -5.793619417926218
2.075  1.9490272835297873  -5.574047270483515
2.08  2.036502948397491  -5.345639963576608
2.085  2.12371635703918  -5.108813065486249
2.09  2.210638813734519  -4.863996289822003
2.095  2.2972415600928735  -4.611632734228245
2.1  2.3834957869944318  -4.352178096049779
2.105  2.4693726466222268  -4.086099866333776
2.11  2.554843264578781  -3.813876503584505
2.115  2.6398787520813363  -3.535996588720368
2.12  2.7244502182293178  -3.252957962717425
2.125  2.8085287823378504  -2.965266848451509
2.13  2.8920855863308503  -2.673436958280642
2.1350000000000002  2.975091807187355  -2.3779885889324355
2.14  3.0575186694345815  -2.0794477052837506
2.145  3.1393374576812967  -1.7783450146393158
2.15  3.2205195291848367  -1.4752150331317893
2.1550000000000002  3.3010363264452733  -1.170595145879984
2.16  3.3808593898200376  -0.8650246625517367
2.165  3.4599603701525012  -0.5590438699865485
2.17  3.5383110414076056  -0.2531930835373172
2.1750000000000003  3.615883313308058  0.051988301206839393
2.18  3.692649243964225  0.3559627546565278
2.185  3.768581052491149  0.6581955557595607
2.19  3.8436511316057453  0.9581557291901965
2.195  3.91783206019763  1.2553169755494205
2.2  3.9910966158666703  1.54915859294846
2.205  4.063417787420599  1.8391663883630467
2.21  4.134768787325956  2.1248335771637414
2.215  4.2051230641055275  2.4056616692491137
2.22  4.274454314675666  2.6811613402316143
2.225  4.342736496616697  2.9508532861532655
2.23  4.409943840369817  3.2142690602365187
2.235  4.476050861353737  3.4709518902079823
2.24  4.541032371994492  3.7204574747663317
2.245  4.604863493661785  3.962354757803288
2.25  4.667519668505361  4.196226679024922
2.255  4.728976671184812  4.421670899662663
2.2600000000000002  4.789210620486388  4.638300502006859
2.265  4.848197990820359  4.845744661541901
2.27  4.90591562359259  5.043649290510629
2.275  4.962340738443961  5.2316776517847075
2.2800000000000002  5.017450944351392  5.409510941971447
2.285  5.0712242505842555  5.576848842740139
2.29  5.123639077510133  5.7334100394082155
2.295  5.1746742672437  5.878932705883586
2.3000000000000003  5.224309094132891  6.01317495512006
2.305  5.272523275076363  6.135915254302069
2.31  5.319296979666497  6.2469528040379965
2.315  5.364610840152086  6.346107880903443
2.32  5.4084459612151905  6.433222142741192
2.325  5.450783929556481  6.508158896189256
2.33  5.491606823283686  6.5708033259749925
2.335  5.530897221097746  6.621062685580522
2.34  5.568638211271388  6.65886644895202
2.345  5.604813400415011  6.684166422994355
2.35  5.639406922024754  6.696936820660915
2.355  5.672403444807902  6.697174294517913
2.36  5.703788180780711  6.684897930731559
2.365  5.733546893133998  6.660149203496133
2.37  5.7616659038618705  6.622991889990234
2.375  5.788132101149168  6.573511946017749
2.38  5.8129329465132304  6.511817342559157
2.3850000000000002  5.836056481695794  6.438037863527102
2.39  5.85749133530094  6.352324865088528
2.395  5.877226729175141  6.254850996982744
2.4  5.895252484525573  6.14580988633164
2.4050000000000002  5.911559027773038  6.025415784504043
2.41  5.926137396135933  5.893903177660817
2.415  5.9389792429419135  5.751526361671201
2.42  5.950076842663943  5.598558982153123
2.4250000000000003  5.959423095677665  5.4352935404517115
2.43  5.9670115327371285  5.2620408664294445
2.435  5.972836319166065  5.079129559000087
2.44  5.976892258762048  4.886905395394621
2.445  5.979174797411055  4.685730710202667
2.45  5.979680026410069  4.47598374528549
2.455  5.978404685495544  4.258057971707804
2.46  5.975346165575693  4.032361384884868
2.465  5.970502511164723  3.79931577418793
2.47  5.963872422517343  3.559355968296393
2.475  5.95545525746193  3.312929057626754
2.48  5.945251032931029  3.0604935952094428
2.485  5.933260426187934  2.802518777421652
2.49  5.919484775748286  2.539483606020361
2.495  5.903926081995821  2.271876032951535
2.5  5.886587007491508  2.0001920894426206
2.505  5.867470876975544  1.7249350009122295
2.5100000000000002  5.846581677061796  1.44661428925632
2.515  5.823924055624469  1.1657448640920633
2.52  5.7995033208769335  0.8828461045592584
2.525  5.773325440142825  0.5984409332974293
2.5300000000000002  5.745397038319696  0.31305488422809896
2.535  5.7157253960356655  0.02721516578495406
2.54  5.684318447499629  -0.2585502787598663
2.545  5.6511847780459  -0.5437137122174707
2.5500000000000003  5.6163336213741335  -0.8277485439964183
2.555  5.579774856485709  -1.1101302685522971
2.56  5.541519004317775  -1.3903374001215987
2.565  5.501577224076503  -1.6678524020927967
2.57  5.459961309271038  -1.942162609379402
2.575  5.41668368345001  -2.2127611421702156
2.58  5.371757395642499  -2.4791478094479755
2.585  5.325196115505503  -2.740830000686088
2.59  5.277014128180259  -2.997323564152132
2.595  5.227226328859743  -3.2481536702726035
2.6  5.175848217069989  -3.492855658537415
2.605  5.122895890667861  -3.7309758664536474
2.61  5.068386039558269  -3.9620724390873487
2.615  5.012335939133795  -4.185716117768398
2.62  4.954763443439932  -4.401491006568076
2.625  4.895686978069275  -4.608995315199848
2.63  4.835125532788128  -4.807842077033361
2.6350000000000002  4.773098653899204  -4.997659840956782
2.64  4.709626436344205  -5.178093335867901
2.645  4.644729515550029  -5.348804106622276
2.65  4.578429059022949  -5.5094711203172135
2.6550000000000002  4.510746757694678  -5.659791341841929
2.66  4.441704817024863  -5.799480277678722
2.665  4.371325947864312  -5.928272486995119
2.67  4.299633357083622  -6.045922059124823
2.6750000000000003  4.226650737971971  -6.1522030565938115
2.68  4.152402260410802  -6.246909922908846
2.685  4.076912560827422  -6.329857854387091
2.69  4.000206731933687  -6.400883135368899
2.695  3.9223103122547736  -6.459843436219813
2.7  3.8432492754535876  -6.506618073593409
2.705  3.7630500194560423  -6.5411082324926015
2.71  3.681739355382815  -6.56323714973416
2.715  3.599344496293286  -6.572950258488902
2.72  3.51589304574722  -6.57021529363827
2.725  3.4314129861902587  -6.555022357756939
2.73  3.34593266716892  -6.527383947599908
2.735  3.2594807933812664  -6.487334941042173
2.74  3.172086412569353  -6.434932544488209
2.745  3.08377890325956  -6.370256200838072
2.75  2.994587962357145  -6.293407458166011
2.755  2.904543592601324  -6.204509799336572
2.7600000000000002  2.8136760898873483  -6.103708432851649
2.765  2.722016030462103  -5.991170045290174
2.77  2.629594257999552  -5.8670825157691375
2.775  2.536441870563014  -5.731654592922059
2.7800000000000002  2.442590207460605  -5.585115534955962
2.785  2.348070836000842  -5.427714713413664
2.79  2.25291553815497  -5.2597211813309
2.795  2.1571562971329756  -5.081423206541583
2.8000000000000003  2.0608252838801775  -4.8931277709444165
2.805  1.963954843501184  -4.695160036605163
2.81  1.8665774816182004  -4.48786277962577
2.815  1.7687258506708146  -4.271595792769798
2.82  1.6704327361639644  -4.046735257886896
2.825  1.5717310428714428  -3.8136730892334527
2.83  1.4726537810017148  -3.572816248837159
2.835  1.3732340523332203  -3.3245860351019463
2.84  1.273505036326313  -3.0694173458982434
2.845  1.1734999762186769  -2.8077579174265495
2.85  1.0732521651116005  -2.540067540186861
2.855  0.9727949320539013  -2.2668172534248145
2.86  0.8721616281307372  -1.9884885194655486
2.865  0.7713856125643672  -1.7055723793794961
2.87  0.670500238833829  -1.4185685914593404
2.875  0.5695388408206048  -1.127984754015559
2.88  0.4685347189872756  -0.8343354140280543
2.8850000000000002  0.3675211265961786  -0.5381411632140013
2.89  0.2665312559750658  -0.23992772309635835
2.895  0.16559822483641762  0.05977497932453957
2.9  0.06475506265773284  0.3604337436763262
2.9050000000000002  -0.03596530287078531  0.6615130344630258
2.91  -0.1365300593240234  0.9624759238124166
2.915  -0.23690652293873365  1.2627850370691713
2.92  -0.3370621519224645  1.561903499576108
2.9250000000000003  -0.43696455966796105  1.859295882982808
2.93  -0.5365815278666084  2.1544291494223895
2.935  -0.6358810195143384  2.446773591899735
2.94  -0.7348311918034214  2.735803769241612
2.945  -0.8334004088940481  3.020999433967784
2.95  -0.9315572545590867  3.301846451454796
2.955  -1.029270544696046  3.577837708779074
2.96  -1.1265093397000068  3.8484740116434364
2.965  -1.2232429566913763  4.113264967812246
2.97  -1.3194409815927297  4.3717298555031565
2.975  -1.4150732810485827  4.623398475210371
2.98  -1.5101100141825772  4.867811983462181
2.985  -1.6045216441862618  5.1045237070477025
2.99  -1.6982789497338602  5.333099936280932
2.995  -1.7913530362176782  5.553120695907598
3.0  -1.8837153467986907  5.764180492298328
3.005  -1.975337673267116  5.9658890356135785
3.0100000000000002  -2.0661921667077725  6.157871935668907
3.015  -2.1562513479651755  6.339771370275173
3.02  -2.245488117903712  6.511246724876658
3.025  -2.333875767457701  6.6719752023589365
3.0300000000000002  -2.421387987467085  6.821652401951894
3.035  -2.507998878293917  6.959992866205667
3.04  -2.593682959215461  7.086730595074407
3.045  -2.678415177589543  7.201619526198716
3.0500000000000003  -2.7621709177879494  7.304433980537913
3.055  -2.84492600989404  7.394969072562628
3.06  -2.9266567381606254  7.473041084281072
3.065  -3.007339849224309  7.5384878024345285
3.0700000000000003  -3.0869525600729424  7.591168818262697
3.075  -3.1654725657624883  7.630965789304356
3.08  -3.2428780468802474  7.657782662765366
3.085  -3.3191476767512005  7.6715458600531035
3.09  -3.3942606283844095  7.672204422144108
3.095  -3.4681965811568567  7.659730115520417
3.1  -3.5409357272317656  7.634117498478678
3.105  -3.6124587777091186  7.595383947685497
3.11  -3.682746968505871  7.5435696449219805
3.115  -3.75178206596361  7.478737524029854
3.12  -3.819546372181723  7.400973178141321
3.125  -3.886022730074061  7.310384727343923
3.13  -3.95119452814743  7.207102647001198
3.1350000000000002  -4.015045705000264  7.091279557018438
3.14  -4.077560753540041  6.963089972411208
3.145  -4.138724724918361  6.822730015602003
3.15  -4.198523232182279  6.670417090937257
3.1550000000000002  -4.256942453641257  6.506389521983147
3.16  -4.313969135948714  6.3309061522235
3.165  -4.369590596897744  6.144245909847333
3.17  -4.423794727930465  5.946707337376255
3.1750000000000003  -4.476569996360646  5.738608086943689
3.18  -4.527905447309643  5.520284382097569
3.185  -4.577790705355552  5.292090447057196
3.19  -4.62621597589578  5.054397904411591
3.1950000000000003  -4.673172046223497  4.8075951423021355
3.2  -4.718650286318324  4.552086652185748
3.205  -4.762642649352087  4.288292338325662
3.21  -4.80514167191041  4.016646800207914
3.215  -4.846140473931079  3.7375985891271983
3.22  -4.885632758360484  3.4516094402326645
3.225  -4.923612810529275  3.1591534813660234
3.23  -4.960075497248839  2.860716420065799
3.235  -4.995016265630154  2.5567947101493527
3.24  -5.028431141626772  2.2478946993206907
3.245  -5.060316728303917  1.9345317592845417
3.25  -5.090670203835728  1.6172293998787586
3.255  -5.119489319232906  1.2965183687645698
3.2600000000000002  -5.1467723958031035  0.9729357382399971
3.265  -5.172518322346565  0.6470239807643529
3.27  -5.196726552089777  0.31933003480077393
3.275  -5.219397099359789  -0.009595637397173506
3.2800000000000002  -5.240530536002257  -0.3391999984171483
3.285  -5.260127987546243  -0.6689283890862481
3.29  -5.278191129118988  -0.9982254849782762
3.295  -5.294722181114062  -1.3265362543640764
3.3000000000000003  -5.309723904616277  -1.6533069159390283
3.305  -5.323199596587056  -1.977985894659564
3.31  -5.3351530848139985  -2.3000247740260265
3.315  -5.345588722628396  -2.618879243152712
3.3200000000000003  -5.354511383394853  -2.9340100369773583
3.325  -5.3619264547769525  -3.244883867971963
3.33  -5.367839832783281  -3.5509743477332067
3.335  -5.372257915598119  -3.8517628968471467
3.34  -5.375187597201239  -4.1467396414433075
3.345  -5.376636260781338  -4.4354042948771975
3.35  -5.376611771947805  -4.717267023004471
3.355  -5.375122471745525  -4.9918492915405634
3.36  -5.3721771694776335  -5.258684694028275
3.365  -5.367785135341109  -5.517319758971876
3.37  -5.361956092880295  -5.767314734730389
3.375  -5.35470021126343  -6.008244350803371
3.38  -5.34602809738747  -6.239698554181455
3.3850000000000002  -5.335950787816438  -6.461283219479335
3.39  -5.324479740558692  -6.672620831612788
3.395  -5.311626826688599  -6.873351139830337
3.4  -5.297404321818092  -7.063131781959281
3.4050000000000002  -5.281824897423717  -7.241638877777771
3.41  -5.264901612034857  -7.408567590478748
3.415  -5.246647902288779  -7.56363265524659
3.42  -5.227077573858371  -7.706568874024956
3.4250000000000003  -5.206204792258331  -7.8371315756128626
3.43  -5.184044073535691  -7.955097040286805
3.435  -5.16061027485066  -8.060262888208113
3.44  -5.135918584953662  -8.152448430938106
3.4450000000000003  -5.1099845145646645  -8.231494985447636
3.45  -5.082823886660807  -8.297266150073085
3.455  -5.0544528266783635  -8.3496480419373
3.46  -5.024887752635208  -8.38854949542058
3.465  -4.994145365179885  -8.41390222133536
3.47  -4.962242637573384  -8.425660926526096
3.475  -4.9291968056098785  -8.423803393685237
3.48  -4.895025357482489  -8.408330521245187
3.485  -4.859746023600345  -8.379266323275903
3.49  -4.823376766363102  -8.336657889387366
3.495  -4.785935769899084  -8.280575304705879
3.5  -4.747441429773244  -8.211111530062674
3.505  -4.707912342671159  -8.128382242602694
3.5100000000000002  -4.667367296065172  -8.032525637090304
3.515  -4.625825257868908  -7.923702188257306
3.52  -4.583305366086174  -7.802094374606123
3.525  -4.539826918460536  -7.667906364148861
3.5300000000000002  -4.495409362131472  -7.5213636626284055
3.535  -4.450072283303341  -7.362712724834016
3.54  -4.403835396933034  -7.192220529687082
3.545  -4.3567185364423935  -7.010174119837073
3.5500000000000003  -4.3087416434613655  -6.816880106568275
3.555  -4.259924757607683  -6.612664140879509
3.56  -4.210288006309055  -6.397870351656678
3.565  -4.159851594673611  -6.172860751916783
3.5700000000000003  -4.108635795414344  -5.9380146141561045
3.575  -4.056660938833306  -5.693727815890434
3.58  -4.00394740287111  -5.440412156526017
3.585  -3.9505156032273456  -5.1784946467504644
3.59  -3.8963859835574683  -4.908416771680746
3.595  -3.841579005751442  -4.630633729050254
3.6  -3.7861151402996702  -4.345613643761801
3.605  -3.730014856751338  -4.053836760172572
3.61  -3.673298614270445  -3.7557946135181184
3.615  -3.6159868522946548  -3.4519891819164075
3.62  -3.558099981301903  -3.142932020428864
3.625  -3.4996583736897806  -2.829143378684361
3.63  -3.4406823547724854  -2.511151303602893
3.6350000000000002  -3.381192193900116  -2.189490728779815
3.64  -3.321208095704991  -1.8647025521153355
3.645  -3.2607501914793815  -1.537332703294508
3.65  -3.1998385306893566  -1.2079312027401004
3.6550000000000002  -3.138493072628819  -0.8770512136760368
3.66  -3.0767336782181745  -0.545248088950215
3.665  -3.0145801019515956  -0.21307841427526397
3.67  -2.9520519839969483  0.11890095044863558
3.6750000000000003  -2.8891688424523254  0.4501338300609204
3.68  -2.8259500657628274  0.7800656916505179
3.685  -2.762414905301343  1.1081445989826633
3.69  -2.69858246811685  1.4338221621833562
3.6950000000000003  -2.6344717098535613  1.7565544810298417
3.7  -2.5701014278443273  2.0758030802070935
3.705  -2.5054902543813062  2.391035834905201
3.71  -2.440656650166989  2.7017278851475988
3.715  -2.3756188979485438  3.007362537262346
3.72  -2.3103950963380453  3.307432150929123
3.725  -2.2450031538214406  3.601439010261425
3.73  -2.1794607829585657  3.888896177410529
3.735  -2.113785494776621  4.169328327208968
3.74  -2.047994593359395  4.442272561403967
3.745  -1.982105170634183  4.707279201067849
3.75  -1.9161341013584323  4.963912555809761
3.755  -1.85009803830785  5.211751668454356
3.7600000000000002  -1.7840134076676826  5.4503910338956
3.765  -1.717896404628696  5.679441290879205
3.77  -1.6517629891890384  5.89852988551511
3.775  -1.5856288821635354  6.107301705369502
3.7800000000000002  -1.519509561401167  6.3054196830391955
3.785  -1.4534202582119413  6.492565368162756
3.79  -1.3873759540037485  6.668439466879669
3.795  -1.321391377129948  6.832762347804119
3.8000000000000003  -1.2554809999482281  6.985274513639978
3.805  -1.1896590360909967  7.125737037622563
3.81  -1.1239394379475462  7.2539319640350755
3.815  -1.0583358943581922  7.369662672109624
3.8200000000000003  -0.9928618285200713  7.472754202687545
3.825  -0.9275303961046446  7.5630535470781055
3.83  -0.8623544835863539  7.640429897621331
3.835  -0.7973467067819856  7.704774859527199
3.84  -0.7325194096001971  7.756002623631274
3.845  -0.6678846630002341  7.794050099775248
3.85  -0.6034542641591107  7.818877010589383
3.855  -0.5392397358460497  7.830465945523313
3.86  -0.47525232600300793  7.8288223750408275
3.865  -0.4115030075300502  7.813974624964082
3.87  -0.3480024782739415  7.785973811022105
3.875  -0.28476116121847883  7.744893733728035
3.88  -0.22178920487471643  7.690830733778801
3.8850000000000002  -0.15909648386931097  7.623903508239771
3.89  -0.09669259972897326  7.544252887845735
3.895  -0.034586881858711616  7.4520415758166445
3.9  0.02721161128805849  7.347453848654899
3.9050000000000002  0.08869409085025559  7.230695219456103
3.91  0.14985203601297725  7.101992064331464
3.915  0.21067719227723003  6.961591212604036
3.92  0.2711615695482672  6.809759501504258
3.9250000000000003  0.3312974400452898  6.646783296151948
3.93  0.39107733603562445  6.472967975673392
3.935  0.45049404739644716  6.288637386359157
3.94  0.509540619007098  6.094133262828686
3.9450000000000003  0.5682103479755708  5.889814618220533
3.95  0.6264967807022997  5.676057104483128
3.955  0.6843937097849704  5.45325234389219
3.96  0.7418951707679111  5.221807232970941
3.9650000000000003  0.7989954387396864  4.982143220038189
3.97  0.8556890247828446  4.734695557653881
3.975  0.9119706722796577  4.479912531276739
3.98  0.9678353530777632  4.2182546654892175
3.985  1.0232782635199777  3.9501939091843026
3.99  1.0782948203422111  3.6762128011448523
3.995  1.132880656443914  3.396803617481626
4.0  1.187031616535242  3.1124675024245776
4.005  1.2407437526654463  2.823713583995305
4.01  1.2940133196368286  2.5310580761103636
4.015  1.3468367703088444  2.235023368691345
4.0200000000000005  1.3992107507970655  1.9361371073779519
4.025  1.4511320955713645  1.6349312644572427
4.03  1.5025978224583967  1.3319412026379351
4.035  1.553605127552912  1.0277047333113964
4.04  1.6041513800426896  0.722761170949909
4.045  1.6542341169522115  0.41765038529851295
4.05  1.7038510378096827  0.11291185302184992
4.055  1.7529999992426126  -0.1909162895332993
4.0600000000000005  1.8016790095067365  -0.4932981907998859
4.065  1.8498862229534685  -0.7937012240236484
4.07  1.8976199344408817  -1.0915969212213101
4.075  1.9448785736932481  -1.3864618994284479
4.08  1.9916606996142885  -1.6777787776156927
4.085  2.037964994559342  -1.9650370826691956
4.09  2.083790258571415  -2.247734142849647
4.095  2.129135403586461  -2.525375967166267
4.1  2.1739994476128737  -2.7974781091285053
4.105  2.2183815088905905  -3.063566513364049
4.11  2.2622808000346666  -3.3231783436231055
4.115  2.305696622168838  -3.575862790721309
4.12  2.3486283590540182  -3.8211818590091067
4.125  2.39107547121686  -4.0587111299932275
4.13  2.4330374900837506  -4.288040501776328
4.135  2.474514012125132  -4.50877490302271
4.14  2.5155046930153526  -4.720534980204134
4.1450000000000005  2.5560092418132383  -4.922957756925642
4.15  2.5960274151681837  -5.115697264180334
4.155  2.6355590115571057  -5.298425140434712
4.16  2.674603865557052  -5.470831200496944
4.165  2.713161842158412  -5.632623972177316
4.17  2.751232831123839  -5.7835311998052035
4.175  2.788816741397537  -5.923300313726394
4.18  2.8259134955699086  -6.051698864963304
4.1850000000000005  2.862523024402226  -6.168514924282554
4.19  2.898645261416133  -6.273557444976152
4.195  2.9342801375526313  -6.366656588727364
4.2  2.9694275759050974  -6.44766401399583
4.205  3.004087486530925  -6.5164531264231895
4.21  3.0382597613463247  -6.572919290826986
4.215  3.0719442691085437  -6.616980004417768
4.22  3.105140850490004  -6.648575030942656
4.225  3.1378493132484744  -6.6676664955269835
4.23  3.1700694274976144  -6.674238940054812
4.235  3.2018009210817815  -6.668299338998174
4.24  3.233043475059351  -6.649877075674362
4.245  3.2637967192983304  -6.6190238789800375
4.25  3.294060228188075  -6.575813720720241
4.255  3.323833516471025  -6.520342673719421
4.26  3.3531160351979254  -6.45272873097065
4.265  3.3819071678101857  -6.373111586147172
4.2700000000000005  3.410206226352851  -6.281652375868504
4.275  3.438012447821416  -6.1785333841802315
4.28  3.4653249906458887  -6.0639577097729696
4.285  3.4921429313151386  -5.938148896531214
4.29  3.518465261144535  -5.801350528067301
4.295  3.544290883189926  -5.653825786958482
4.3  3.5696186093106097  -5.495856979467678
4.305  3.5944471573841184  -5.327745026588085
4.3100000000000005  3.6187751486752697  -5.1498089223116565
4.315  3.6426011053620435  -4.962385160078516
4.32  3.665923448220574  -4.765827128420326
4.325  3.688740494471437  -4.560504476864515
4.33  3.711050455789358  -4.3468024532183085
4.335  3.732851436478326  -4.125121213402379
4.34  3.754141431813868  -3.895875105050736
4.345  3.774918326554282  -3.6594919261408565
4.3500000000000005  3.7951798936223264  -3.416412159960647
4.355  3.814923792958871  -3.1670881877617973
4.36  3.834147570549812  -2.9119834804857687
4.365  3.852848657627386  -2.651571770988328
4.37  3.87102437004702  -2.3863362082200155
4.375  3.8886719078405356  -2.1167684948538215
4.38  3.9057883549465773  -1.843368009878241
4.385  3.9223706791188464  -1.5666409177016956
4.39  3.9384157320126647  -1.2870992653380098
4.3950000000000005  3.9539202494502814  -1.0052600692618907
4.4  3.968880851865075  -0.7216443935437828
4.405  3.983294044924844  -0.436776420886056
4.41  3.9971562203340936  -0.15118251819823975
4.415  4.010463656815119  0.13460970164504857
4.42  4.023212521267661  0.4200723202103325
4.425  4.0353988701065795  0.7046780544204542
4.43  4.047018650777043  0.9879011963211067
4.4350000000000005  4.058067703446466  1.26921855004518
4.44  4.068541762872329  1.5481103643239955
4.445  4.07843646044494  1.824061258904816
4.45  4.087747326403939  2.096561143241651
4.455  4.096469792227328  2.3651061258433614
4.46  4.104599193191616  2.6291994126770177
4.465  4.112130771101534  2.888352193044104
4.47  4.119059677187696  3.1420845113703404
4.4750000000000005  4.125380975170361  3.3899261233730984
4.48  4.131089644487416  3.631417335098732
4.485  4.136180583684514  3.8661098233517697
4.49  4.140648613965184  4.093567436070855
4.495  4.1444884828986055  4.313366971241218
4.5  4.147694868282647  4.52509893297148
4.505  4.150262382159575  4.728368263401862
4.51  4.152185574981794  4.9227950491545585
4.515  4.153458939924822  5.108015201080573
4.5200000000000005  4.154076917344555  5.28368110610425
4.525  4.154033899375875  5.449462250016484
4.53  4.153324234669361  5.605045810117905
4.535  4.15194223326293  5.7501372166661495
4.54  4.149882171585023  5.8844606821361864
4.545  4.14713829758585  6.007759697359652
4.55  4.14370483599315  6.119797493666336
4.555  4.139575993688762  6.220357470211334
4.5600000000000005  4.134745965202262  6.309243585731866
4.565  4.129208938317746  6.386280714040823
4.57  4.122959099789836  6.451314962627212
4.575  4.115990641164812  6.5042139537985015
4.58  4.108297764702735  6.5448670678656065
4.585  4.099874689396293  6.573185647938093
4.59  4.090715657082088  6.589103165964132
4.595  4.080814938639895  6.5925753497179045
4.6000000000000005  4.070166840275482  6.583580270505875
4.605  4.058765709882331  6.562118391431956
4.61  4.046605943477713  6.528212576130981
4.615  4.033681991708378  6.481908057949292
4.62  4.019988366421012  6.42327236962058
4.625  4.0055196472927985  6.3523952335544855
4.63  3.990270488516974  6.269388412924579
4.635  3.9742356255385762  6.174385523811285
4.64  3.957409881835332  6.067541808723427
4.6450000000000005  3.9397881757385504  5.949033871889994
4.65  3.921365527289071  5.819059376781193
4.655  3.902137065122936  5.677836706383269
4.66  3.8820980333816837  5.525604586818151
4.665  3.861243798642101  5.362621674962275
4.67  3.8395698568599816  5.189166110783134
4.675  3.8170718403227974  5.005535035173105
4.68  3.7937455246058147  4.8120440741215855
4.6850000000000005  3.7695868355264075  4.609026790124894
4.69  3.744591856091134  4.396834101792018
4.695  3.718756833430222  4.17583367265837
4.7  3.692078185714102  3.9464092702758946
4.705  3.664552509046559  3.7089600966990632
4.71  3.6361765843290463  3.4639000915361984
4.715  3.606947384090873  3.211657208784973
4.72  3.5768620792797337  2.952672668715918
4.7250000000000005  3.5459180460072934  2.6874001861128898
4.73  3.514112872244332  2.4163051762198062
4.735  3.4814443644601267  2.139863939782858
4.74  3.4479105542007713  1.8585628286145524
4.745  3.4135097046009073  1.5728973931400543
4.75  3.378240316823827  1.283371513417283
4.755  3.342101136424349  0.9904965151528162
4.76  3.305091159629474  0.6947902722608542
4.765  3.2672096395314707  0.3967762975377198
4.7700000000000005  3.22845609218815  0.09698282304356687
4.775  3.1888303026254072  -0.20405812819692015
4.78  3.148332330736662  -0.5058116775487461
4.785  3.1069625170743076  -0.8077410315366325
4.79  3.064721488528235  -1.1093084263820174
4.795  3.021610163886266  -1.4099760746517433
4.8  2.977629759271881  -1.7092071123580492
4.805  2.932781793454193  -2.0064665448502836
4.8100000000000005  2.887068093025614  -2.301222189838816
4.815  2.8404907974423814  -2.5929456158974524
4.82  2.7930523639233877  -2.8811130747979217
4.825  2.7447555722028256  -3.165206426040664
4.83  2.6956035291321694  -3.44471405195977
4.835  2.6455996731270224  -3.7191317617951913
4.84  2.5947477784547397  -3.987963683146179
4.845  2.5430519593584155  -4.250723139239854
4.8500000000000005  2.4905166740133224  -4.506933510474938
4.855  2.437146728311643  -4.756129078726211
4.86  2.382947279471603  -4.997855852927863
4.865  2.3279238394673354  -5.231672374483205
4.87  2.272082278275487  -5.457150501086099
4.875  2.215428826935291  -5.673876167574842
4.88  2.1579700804182824  -5.8814501224811
4.885  2.0997130003045035  -6.07948863897742
4.89  2.0406649172618576  -6.267624198971626
4.8950000000000005  1.9808335333253073  -6.445506149144228
4.9  1.9202269239731888  -6.612801327772237
4.905  1.8588535399973436  -6.769194661235556
4.91  1.7967222091645267  -6.914389729152753
4.915  1.7338421376664037  -7.048109297150097
4.92  1.6702229113553844  -7.1700958163223465
4.925  1.6058744967641474  -7.280111888502976
4.93  1.5408072419063048  -7.3779406965203105
4.9350000000000005  1.4750318768562711  -7.463386398678217
4.94  1.40855951410617  -7.536274486761292
4.945  1.3414016486978684  -7.5964521069291555
4.95  1.2735701581285448  -7.643788342928258
4.955  1.2050773020280576  -7.678174461116431
4.96  1.135935721606581  -7.699524116861301
4.965  1.0661584388713865  -7.707773521941416
4.97  0.9957588556113138  -7.702881572647181
4.9750000000000005  0.9247507521481461  -7.684829938347092
4.98  0.8531482858538085  -7.653623110354028
4.985  0.7809659894326245  -7.609288410995496
4.99  0.7082187689682451  -7.551875962861541
4.995  0.6349219017344596  -7.481458618273374
5.0  0.5610910337699054  -7.398131849085329
