0.0  1.2303244844720176  1.4721074042821405
0.01  1.2266688656699596  1.4986490813561872
0.02  1.2204959836405775  1.5244052545528344
0.03  1.211815469044885  1.5492613617576665
0.04  1.200643172098854  1.5731037602937623
0.05  1.1870011235879194  1.5958200327081444
0.06  1.170917480441023  1.6172992900925771
0.07  1.1524264560001263  1.6374324721715305
0.08  1.1315682351593774  1.656112643397897
0.09  1.1083888745859305  1.673235284306808
0.1  1.0829401882717005  1.6886985773894587
0.11  1.0552796187020097  1.7024036867623005
0.12  1.0254700939630201  1.71425503092222
0.13  0.9935798711449945  1.7241605478953477
0.14  0.9596823664326872  1.7320319521059155
0.15  0.9238559723074297  1.7377849823120326
0.16  0.8861838623176927  1.74133963997734
0.17  0.8467537839059844  1.7426204174711821
0.18  0.8056578398097844  1.7415565155151342
0.19  0.7629922585827793  1.7380820493203653
0.2  0.7188571548098568  1.7321362428883833
0.21  0.6733562796150732  1.723663610977075
0.22  0.6265967620860684  1.7126141282645693
0.23  0.5786888422611121  1.698943385275265
0.24  0.5297455963460471  1.6826127306652359
0.25  0.479882654847817  1.6635893994981448
0.26  0.42921791432897294  1.6418466271776175
0.27  0.3778712435034923  1.617363748737702
0.28  0.3259641844083889  1.5901262832294574
0.29  0.2736196493978994  1.5601260029788069
0.3  0.22096161471747172  1.5273609875284235
0.31  0.16811481142333123  1.491835662114562
0.32  0.11520441442002867  1.453560820568227
0.33  0.062355730393083605  1.41255363256888
0.34  0.009693885416594245  1.3688376352178295
0.35000000000000003  -0.04265648698350294  1.3224427089375344
0.36  -0.09457155653097943  1.2734050377420747
0.37  -0.14592860488921328  1.2217670539630054
0.38  -0.1966063315680059  1.1675773675535355
0.39  -0.24648515628285897  1.1108906801324112
0.4  -0.29544751701109473  1.051767683966935
0.41000000000000003  -0.3433781629999868  0.990274946132083
0.42  -0.3901644419946608  0.9264847781196585
0.43  -0.4356965809679952  0.8604750912076928
0.44  -0.4798679596509771  0.7923292379358385
0.45  -0.5225753761799713  0.7221358400671349
0.46  -0.5637193041970698  0.6499886034502531
0.47000000000000003  -0.6032041407610382  0.5759861202290208
0.48  -0.6409384444493601  0.5002316588775849
0.49  -0.6768351630563871  0.4228329425699674
0.5  -0.7108118503186112  0.3439019164219014
0.51  -0.7427908711255045  0.2635545041705988
0.52  -0.7726995947031488  0.1819103548844967
0.53  -0.8004705752879377  0.09909258031992607
0.54  -0.8260417198389125  0.01522748356502479
0.55  -0.849356442369675  -0.06955572036701824
0.56  -0.8703638045142782  -0.15512519131316344
0.5700000000000001  -0.8890186419758954  -0.2413467574034993
0.58  -0.9052816765423595  -0.32808421445467884
0.59  -0.919119613388736  -0.4151996305815558
0.6  -0.9305052234238687  -0.5025536552817013
0.61  -0.9394174104752221  -0.5900058322362671
0.62  -0.9458412631442383  -0.6774149150613089
0.63  -0.9497680912027432  -0.7646391852362563
0.64  -0.9511954464395744  -0.8515367714307188
0.65  -0.9501271279054736  -0.9379659694472331
0.66  -0.9465731715432762  -1.0237855619959737
0.67  -0.9405498242294681  -1.10885513751773
0.68  -0.9320795022921317  -1.1930354072738054
0.6900000000000001  -0.921190734609117  -1.2761885199256697
0.7000000000000001  -0.9079180904288021  -1.3581783728334005
0.71  -0.8923020920940049  -1.4388709193100202
0.72  -0.8743891128873303  -1.518134471078839
0.73  -0.8542312602534361  -1.595839995192749
0.74  -0.8318862446902444  -1.6718614046881717
0.75  -0.8074172346369451  -1.7460758422618192
0.76  -0.7808926977216427  -1.818363956275788
0.77  -0.7523862287655873  -1.8886101684154637
0.78  -0.7219763649740361  -1.9567029323454646
0.79  -0.68974638877581  -2.0225349827311687
0.8  -0.6557841188044924  -2.0860035740172655
0.81  -0.6201816895438477  -2.1470107083802135
0.8200000000000001  -0.5830353201883783  -2.205463352298352
0.8300000000000001  -0.5444450732968794  -2.261273641211671
0.84  -0.5045146038423878  -2.3143590717728078
0.85  -0.46335089928589906  -2.364642681221671
0.86  -0.42106401132367965  -2.412053213448034
0.87  -0.37776677997880265  -2.4565252713395287
0.88  -0.33357455072667563  -2.4979994550464952
0.89  -0.2886048853617418  -2.5364224858301427
0.9  -0.2429772673281636  -2.5717473151962613
0.91  -0.19681280225116193  -2.603933219053252
0.92  -0.1502339144176516  -2.632945876670459
0.93  -0.10336403996495898  -2.658757434250493
0.9400000000000001  -0.056327317544611795  -2.681346552967458
0.9500000000000001  -0.009248277234533336  -2.700698441361549
0.96  0.03774847152268028  -2.716804872019322
0.97  0.08453855217526991  -2.7296641825079444
0.98  0.13099813273100294  -2.739281260570808
0.99  0.17700423605989615  -2.74566751363096
1.0  0.22243504805525854  -2.7488408226877032
1.01  0.26717022288266534  -2.748825480730494
1.02  0.3110911845537821  -2.7456521158326
1.03  0.3540814240711299  -2.7393575991250234
1.04  0.39602679140095276  -2.7299849378886676
1.05  0.4368157815442919  -2.717583154039591
1.06  0.47633981399109854  -2.7022071483184193
1.07  0.5144935048587777  -2.6839175505303796
1.08  0.5511749310348409  -2.6627805562169797
1.09  0.5862858856633133  -2.638867750173931
1.1  0.6197321243362001  -2.6122559172624786
1.11  0.6514236013745397  -2.58302684099271
1.12  0.6812746956083396  -2.551267090387667
1.1300000000000001  0.7092044250909549  -2.517067795666016
1.1400000000000001  0.735136650211107  -2.480524413308655
1.1500000000000001  0.759000264694756  -2.4417364811008193
1.16  0.7807293740193137  -2.400807363765961
1.17  0.8002634607941307  -2.3578439898308314
1.18  0.817547536693783  -2.3129565803827923
1.19  0.832532280564299  -2.266258370400258
1.2  0.8451741623570153  -2.2178653233553924
1.21  0.8554355525801863  -2.1678958398046655
1.22  0.8632848169946687  -2.1164704606974882
1.23  0.8686963963168822  -2.0637115661460603
1.24  0.8716508707297279  -2.0097430704104697
1.25  0.8721350090401174  -1.9546901138622412
1.26  0.8701418023601403  -1.8986787526966822
1.27  0.8656704822275854  -1.8418356471696584
1.28  0.8587265231204239  -1.7842877491377303
1.29  0.849321629358873  -1.7261619896819906
1.3  0.8374737064276782  -1.6675849675953134
1.31  0.8232068167902018  -1.6086826395102647
1.32  0.8065511203046654  -1.5495800124404115
1.33  0.7875427993913788  -1.4904008395013584
1.34  0.766223969137913  -1.4312673195695838
1.35  0.7426425725668142  -1.3722998016268693
1.36  0.716852261327549  -1.313616494526081
1.37  0.6889122621108039  -1.25533318290014
1.3800000000000001  0.6588872291189438  -1.197562949920274
1.3900000000000001  0.6268470829613008  -1.140415907592201
1.4000000000000001  0.5928668363768854  -1.0839989352596553
1.41  0.5570264072200417  -1.0284154269638046
1.42  0.5194104191764078  -0.9737650482846234
1.43  0.48010799070721677  -0.9201435032662115
1.44  0.43921251274938033  -0.8676423120024951
1.45  0.39682141572692664  -0.8163485994327494
1.46  0.3530359264560677  -0.7663448958680109
1.47  0.3079608155514296  -0.7177089497397721
1.48  0.2617041359647424  -0.6705135530314636
1.49  0.21437695330943396  -0.6248263798211768
1.5  0.16609306864510334  -0.5807098383309708
1.51  0.11696873441471989  -0.5382209368440125
1.52  0.06712236424448381  -0.4974111638157991
1.53  0.016674237331640862  -0.45832638246989554
1.54  -0.034253801840926024  -0.42100674013210604
1.55  -0.08553864771283935  -0.38548659251981743
1.56  -0.13705624101678204  -0.35179444316555697
1.57  -0.18868187854325755  -0.31995289811567373
1.58  -0.24029052452536473  -0.28997863600654805
1.59  -0.2917571228653194  -0.26188239358198173
1.6  -0.34295690942238044  -0.23566896667655668
1.61  -0.3937657235816635  -0.21133722665075594
1.62  -0.44406031832512516  -0.18888015222473775
1.6300000000000001  -0.49371866802974723  -0.16828487661889613
1.6400000000000001  -0.5426202732236318  -0.1495327498707686
1.6500000000000001  -0.5906464615382875  -0.13259941615964366
1.6600000000000001  -0.6376806841049656  -0.11745490593246288
1.67  -0.6836088066541901  -0.10406374258731521
1.68  -0.7283193945909723  -0.0923850634341834
1.69  -0.7717039913331474  -0.08237275461666937
1.7  -0.8136573892172134  -0.07397559964327005
1.71  -0.8540778922945294  -0.0671374411425032
1.72  -0.8928675703610799  -0.06179735542291176
1.73  -0.9299325035858734  -0.05788983938672776
1.74  -0.9651830171265405  -0.055345009314856086
1.75  -0.9985339051457662  -0.05408881101098173
1.76  -1.0299046436686128  -0.05404324076395406
1.77  -1.0592195917487464  -0.05512657656040243
1.78  -1.0864081804407604  -0.05725361895367409
1.79  -1.1114050891062626  -0.06033594097087652
1.8  -1.134150408613091  -0.06428214641705282
1.81  -1.1545897910197227  -0.06899813591427739
1.82  -1.1726745853707745  -0.07438737999405542
1.83  -1.1883619592641694  -0.08035119854353528
1.84  -1.2016150058861144  -0.08678904589002909
1.85  -1.2124028362463701  -0.0935988007941069
1.86  -1.2207006563832627  -0.10067706060912235
1.87  -1.2264898293454625  -0.10791943885442663
1.8800000000000001  -1.229757921795606  -0.11522086544095983
1.8900000000000001  -1.2304987351192715  -0.12247588878106588
1.9000000000000001  -1.228712320961534  -0.12957897900961649
1.9100000000000001  -1.2244049811522675  -0.13642483154064794
1.92  -1.2175892520203597  -0.14290867018272682
1.93  -1.2082838731360361  -0.14892654903736124
1.94  -1.1965137405594048  -0.15437565240764206
1.95  -1.1823098447120535  -0.15915459194930281
1.96  -1.1657091930269745  -0.16316370030311217
1.97  -1.1467547175701271  -0.1663053204563481
1.98  -1.1254951678645058  -0.16848409009168053
1.99  -1.1019849891845892  -0.16960722019425534
2.0  -1.0762841866253194  -0.16958476720220006
2.0100000000000002  -1.0484581752853634  -0.1683298980017473
2.02  -1.01857761693907  -0.16575914708618056
2.0300000000000002  -0.986718243605329  -0.16179266521727054
2.04  -0.9529606684543053  -0.15635445894922062
2.05  -0.9173901845245898  -0.14937262039792387
2.06  -0.8800965517539128  -0.1407795466627244
2.07  -0.8411737728556137  -0.1305121483338858
2.08  -0.800719858601058  -0.11851204654611514
2.09  -0.758836583094633  -0.10472575806731477
2.1  -0.7156292296529299  -0.08910486794163486
2.11  -0.6712063279232741  -0.07160618923706186
2.12  -0.6256793828985783  -0.05219190948010166
2.13  -0.579162596505844  -0.030829723393504427
2.14  -0.531772582464058  -0.0074929515872232955
2.15  -0.4836280751242539  0.017839355111897603
2.16  -0.4348496330192969  0.04518232597028626
2.17  -0.3855593378644241  0.07454519553946548
2.18  -0.3358804897607313  0.10593124393409048
2.19  -0.2859372993634461  0.1393377523628181
2.2  -0.23585457778428218  0.17475597404050014
2.21  -0.18575742500294945  0.21217112057142284
2.22  -0.135770917566514  0.25156236385467323
2.23  -0.08601979635716028  0.29290285352358525
2.24  -0.03662815520867968  0.3361597498923342
2.25  0.01228086885005697  0.38129427234373336
2.2600000000000002  0.06058540295053516  0.4282617630535679
2.27  0.1081651425707311  0.47701176590816907
2.2800000000000002  0.15490165179177262  0.5274881204338954
2.29  0.20067865887465358  0.5796290705192881
2.3000000000000003  0.24538234641838375  0.6333673876736285
2.31  0.2889016353742911  0.6886305085289133
2.32  0.33112846220680475  0.7453406862565923
2.33  0.37195804850793796  0.8034151555352077
2.34  0.4112891623917138  0.8627663106710989
2.35  0.44902437101527565  0.9233018964411602
2.36  0.48507028359556303  0.9849252111944967
2.37  0.5193377843142776  1.0475353217190615
2.38  0.5517422545290342  1.111027289349505
2.39  0.5822037837354493  1.1752924067642583
2.4  0.6106473687528784  1.2402184448926432
2.41  0.6370031006361321  1.3056899093275234
2.42  0.6612063388460074  1.3715883056146105
2.43  0.6831978722434544  1.4377924127673625
2.44  0.7029240665050379  1.5041785643352656
2.45  0.7203369975913676  1.570620936334303
2.46  0.7353945709349685  1.6369918413307505
2.47  0.7480606260498126  1.7031620279538802
2.48  0.7583050263011353  1.7690009850991153
2.49  0.7661037336112713  1.8343772500712092
2.5  0.7714388679148887  1.8991587199067277
2.5100000000000002  0.7742987512151318  1.9632129651069241
2.52  0.7746779361306584  2.0264075450055716
2.5300000000000002  0.7725772188623359  2.088610323992016
2.54  0.7680036365472993  2.1496897878070365
2.5500000000000003  0.7609704490070958  2.2095153591287553
2.56  0.7514971049356609  2.2679577116669485
2.57  0.7396091926117427  2.324889081987785
2.58  0.7253383752590974  2.380183578296013
2.59  0.7087223112161378  2.4337174854089874
2.6  0.6898045591146817  2.485369565166053
2.61  0.6686344683049428  2.5350213515277016
2.62  0.6452670548007425  2.582557439631936
2.63  0.6197628630551719  2.6278657680898196
2.64  0.5921878139122692  2.670837893818854
2.65  0.5626130391149451  2.71136925873086
2.66  0.5311147027828531  2.749359447611218
2.67  0.4977738103066098  2.784712436547689
2.68  0.46267600513610885  2.8173368312904588
2.69  0.4259113539710208  2.847146094949597
2.7  0.38757412089048293  2.874058764462531
2.71  0.3477625309867045  2.8979986552916284
2.72  0.30657852409338293  2.918895053841091
2.73  0.26412749922463236  2.9366828971125636
2.74  0.2205180503633119  2.9513029391503576
2.75  0.17586169425930614  2.9627019038597773
2.7600000000000002  0.13027259091821292  2.9708326238156717
2.77  0.0838672574792575  2.975654164712919
2.7800000000000002  0.0367642761976702  2.977131935146009
2.79  -0.010916002738378006  2.9752377814411455
2.8000000000000003  -0.059051762813431746  2.969950067301192
2.81  -0.10752002645888259  2.961253738061353
2.82  -0.15619696323254634  2.949140369391498
2.83  -0.2049582001331471  2.933608200319493
2.84  -0.25367913327399777  2.914662150488658
2.85  -0.3022352401367203  2.892313821601479
2.86  -0.3505023916243525  2.8665814830407736
2.87  -0.39835716313378355  2.837490041698646
2.88  -0.4456771438697922  2.8050709960826596
2.89  -0.4923412436275122  2.769362374807459
2.9  -0.5382299962762637  2.730408659618772
2.91  -0.583225859186192  2.688260693134909
2.92  -0.6272135078490413  2.642975571528709
2.93  -0.670080124956607  2.5946165224100644
2.94  -0.7117156832141156  2.543252768205836
2.95  -0.752013221181555  2.4889593753696824
2.96  -0.7908691114533006  2.4318170897895035
2.97  -0.8281833205056252  2.3719121587941725
2.98  -0.8638596595624374  2.309336140194429
2.99  -0.8978060258520881  2.2441856988247504
3.0  -0.9299346336520595  2.17656239108399
3.0100000000000002  -0.9601622345439343  2.106572438002025
3.02  -0.9884103263279387  2.0343264873881752
3.0300000000000002  -1.0146053500747743  1.9599393656438455
3.04  -1.0386788748220246  1.8835298198475612
3.0500000000000003  -1.0605677694533986  1.8052202507442499
3.06  -1.0802143613309911  1.7251364372933389
3.0700000000000003  -1.0975665812839868  1.6434072534505983
3.08  -1.1125780945912065  1.560164377878139
3.09  -1.1252084176300001  1.475541997293958
3.1  -1.1354230198997655  1.3896765041882488
3.11  -1.143193411164936  1.3027061896473437
3.12  -1.1484972134994984  1.2147709320380227
3.13  -1.1513182180528003  1.1260118823151182
3.14  -1.1516464263946373  1.036571146723273
3.15  -1.1494780763361183  0.946591467670178
3.16  -1.1448156521616366  0.8562159035525874
3.17  -1.1376678792462243  0.7655875083191109
3.18  -1.1280497030715977  0.6748490115537966
3.19  -1.1159822526932062  0.5841424998632678
3.2  -1.1014927887494455  0.49360910034642513
3.21  -1.084614636142853  0.4033886669204392
3.22  -1.0653871015613965  0.3136194702692234
3.23  -1.043855376045871  0.22443789217146892
3.24  -1.0200704228467898  0.1359781249539252
3.25  -0.9940888508509518  0.04837187680285038
3.2600000000000002  -0.9659727738938528  -0.03825191634860914
3.27  -0.9357896563095299  -0.12376737165564594
3.2800000000000002  -0.9036121451036712  -0.20805193223688606
3.29  -0.8695178891693734  -0.29098663142637987
3.3000000000000003  -0.8335893459972521  -0.37245634776152214
3.31  -0.7959135763629225  -0.45235005008900775
3.3200000000000003  -0.7565820275048482  -0.5305610321960019
3.33  -0.7156903053343937  -0.6069871363998682
3.34  -0.6733379362472784  -0.6815309655576689
3.35  -0.629628119131683  -0.7541000829855706
3.36  -0.5846674681926705  -0.8246071998088129
3.37  -0.5385657472356368  -0.8929703492942707
3.38  -0.49143559607279463  -0.9591130477503478
3.39  -0.44339224973638625  -1.0229644416126358
3.4  -0.39455325120036067  -1.0844594403682577
3.41  -0.34503815832836754  -1.1435388350074813
3.42  -0.29496824578046643  -1.2001494017272212
3.43  -0.2444662026234754  -1.254243990648106
3.44  -0.19365582640066292  -1.3057815993442103
3.45  -0.14266171442529296  -1.354727431022618
3.46  -0.0916089530695631  -1.4010529372282496
3.47  -0.04062280582535094  -1.444735844988253
3.48  0.010171599083610011  -1.4857601683489854
3.49  0.06064958075748833  -1.5241162042977228
3.5  0.11068721656410976  -1.55980051310021
3.5100000000000002  0.16016165119377718  -1.5928158831241048
3.52  0.20895140305262333  -1.6231712802570653
3.5300000000000002  0.2569366672289358  -1.6508817820667792
3.54  0.30399961427523103  -1.6759684968882038
3.5500000000000003  0.3500246840594414  -1.6984584680609829
3.56  0.3948988739508013  -1.7183845635769932
3.5700000000000003  0.43851202062029626  -1.7357853514343993
3.58  0.4807570747513843  -1.7507049610301428
3.59  0.5215303679745016  -1.763192930957698
3.6  0.5607318713582213  -1.7733040436107144
3.61  0.5982654448111371  -1.781098147025976
3.62  0.6340390767711632  -1.786639964431028
3.63  0.667965113583273  -1.789998891992192
3.64  0.699960477992467  -1.7912487852882228
3.65  0.7299468762059231  -1.7904677350627576
3.66  0.757850993006928  -1.7877378328353544
3.67  0.7836046744329749  -1.7831449269761066
3.68  0.8071450975615404  -1.776778369872464
3.69  0.8284149269792588  -1.768730756838882
3.7  0.8473624575435108  -1.7590976574404567
3.71  0.8639417430796662  -1.7479773399203709
3.72  0.8781127106924334  -1.7354704894379762
3.73  0.8898412604056625  -1.721679920839616
3.74  0.8990993498816625  -1.7067102866976527
3.75  0.9058650640083495  -1.6906677813648432
3.7600000000000002  0.9101226691804112  -1.673659841800681
3.77  0.911862652138868  -1.6557948459344056
3.7800000000000002  0.9110817432720613  -1.637181809335012
3.79  0.907782924319901  -1.6179300809626456
3.8000000000000003  0.9019754204621994  -1.598149038777764
3.81  0.8936746768109498  -1.5779477859844615
3.8200000000000003  0.8829023193653838  -1.5574348486824758
3.83  0.869686100527477  -1.5367178756985123
3.84  0.8540598293141581  -1.5159033413618137
3.85  0.836063286440742  -1.4950962519811484
3.86  0.8157421244878864  -1.4743998567707917
3.87  0.7931477534016911  -1.4539153639616482
3.88  0.7683372116131904  -1.433741662820278
3.89  0.7413730230994344  -1.4139750522835262
3.9  0.712323040743525  -1.3947089768994916
3.91  0.6812602763851487  -1.376033770746944
3.92  0.6482627179864859  -1.3580364099849738
3.93  0.6134131343705342  -1.3408002746627086
3.94  0.5767988680199615  -1.324404920395347
3.95  0.5385116164544247  -1.3089258604877307
3.96  0.4986472027328944  -1.294434359060161
3.97  0.45730533565460907  -1.2809972357031787
3.98  0.41458936025812543  -1.2686766821588802
3.99  0.3706059992421024  -1.2575300914958039
4.0  0.3254650859542494  -1.2476099002127765
4.01  0.27927928961575077  -1.2389634436743289
4.0200000000000005  0.2321638334681393  -1.2316328252465878
4.03  0.1842362065470896  -1.225654799467822
4.04  0.13561586980354345  -1.2210606695522612
4.05  0.0864239573068244  -1.2178761994896128
4.0600000000000005  0.036782973276598394  -1.216121540965696
4.07  -0.013183514299045046  -1.2158111752921104
4.08  -0.06335118269358202  -1.2169538704949265
4.09  -0.11359526534758736  -1.2195526536739834
4.1  -0.16379086387274677  -1.223604798705757
4.11  -0.2138132603744683  -1.2291018293239415
4.12  -0.2635382293123949  -1.236029537572989
4.13  -0.31284234811931944  -1.2443680175909138
4.14  -0.3616033058021105  -1.2540917146389383
4.15  -0.40970020875323504  -1.2651694892568932
4.16  -0.4570138830085593  -1.2775646963850629
4.17  -0.5034271721958711  -1.2912352792552448
4.18  -0.5488252304294116  -1.3061338778163991
4.19  -0.5930958094183355  -1.3222079514234513
4.2  -0.6361295390714001  -1.3393999154816703
4.21  -0.6778202008966366  -1.3576472917037323
4.22  -0.7180649935124781  -1.3768828716019408
4.23  -0.7567647896068498  -1.3970348928046987
4.24  -0.7938243837018238  -1.4180272277535964
4.25  -0.8291527301046742  -1.439779584306202
4.26  -0.8626631704504861  -1.4622077177393238
4.2700000000000005  -0.8942736502676268  -1.4852236536185446
4.28  -0.9239069240247566  -1.5087359209722098
4.29  -0.9514907481469246  -1.532649795181819
4.3  -0.9769580615182593  -1.5568675499760043
4.3100000000000005  -1.0002471530201227  -1.581288717891994
4.32  -1.0213018156859897  -1.6058103585469443
4.33  -1.0400714870877668  -1.630327334041458
4.34  -1.0565113756026363  -1.6547325907992572
4.3500000000000005  -1.0705825722448759  -1.678917447130567
4.36  -1.082252147783138  -1.7027718857919099
4.37  -1.0914932349004802  -1.7261848508020827
4.38  -1.0982850951917829  -1.7490445477629653
4.39  -1.1026131708311555  -1.771238746924721
4.4  -1.1044691207801907  -1.7926550882274697
4.41  -1.103850841446606  -1.8131813875462897
4.42  -1.1007624717416657  -1.8327059433628645
4.43  -1.0952143825237692  -1.8511178430856625
4.44  -1.0872231504546295  -1.8683072682409207
4.45  -1.0768115163334273  -1.8841657977591415
4.46  -1.064008328013109  -1.8985867085862416
4.47  -1.048848468041566  -1.911465272854528
4.48  -1.0313727662085734  -1.9226990508572155
4.49  -1.01162789721715  -1.9321881790799686
4.5  -0.9896662637351121  -1.9398356525551144
4.51  -0.9655458651192131  -1.945547600817937
4.5200000000000005  -0.939330152140021  -1.9492335567600274
4.53  -0.9110878680707164  -1.9508067176920694
4.54  -0.8808928765370158  -1.9501841979476264
4.55  -0.8488239765586032  -1.9472872723801835
4.5600000000000005  -0.8149647052444167  -1.9420416101280917
4.57  -0.7794031286349963  -1.9343774980462132
4.58  -0.7422316212147176  -1.9242300532283818
4.59  -0.7035466346451328  -1.911539424071784
4.6000000000000005  -0.6634484562974841  -1.896250979362764
4.61  -0.6220409581880126  -1.8783154848931294
4.62  -0.5794313369436237  -1.8576892671468328
4.63  -0.5357298454480177  -1.8343343636290879
4.64  -0.49104951683898085  -1.8082186594429772
4.65  -0.4455058815468823  -1.7793160097526621
4.66  -0.3992166780816203  -1.747606347807504
4.67  -0.35230155829102494  -1.7130757782370152
4.68  -0.3048817878274791  -1.6757166553632836
4.69  -0.2570799425714916  -1.6355276463146815
4.7  -0.20901960177115966  -1.5925137787624384
4.71  -0.16082503866445338  -1.5466864731397798
4.72  -0.11262090935786344  -1.4980635592421307
4.73  -0.0645319407389698  -1.4466692771455025
4.74  -0.016682618203224336  -1.392534262419294
4.75  0.030803126024587568  -1.3356955156488077
4.76  0.07780222319497909  -1.2761963563218717
4.7700000000000005  0.12419277618883759  -1.2140863611727455
4.78  0.16985436475260351  -1.149421287115414
4.79  0.21466834705059332  -1.0822629789365035
4.8  0.2585181567805724  -1.0126792619562217
4.8100000000000005  0.301289595109869  -0.9407438199031111
4.82  0.3428711167022632  -0.8665360582852639
4.83  0.38315410912064984  -0.7901409535766878
4.84  0.42203316490694387  -0.7116488885731974
4.8500000000000005  0.4594063456591318  -0.6311554743063359
4.86  0.49517543744528575  -0.5487613589376695
4.87  0.5292461969160686  -0.46457202408798254
4.88  0.5615285875003886  -0.37869756908771623
4.89  0.5919370050938362  -0.29125248366462825
4.9  0.6203904926756008  -0.20235540961399467
4.91  0.6468129433173911  -0.11212889202393994
4.92  0.6711332910767942  -0.02069912065462748
4.93  0.6932856892978431  0.07180433790515556
4.94  0.713209675873024  0.16524881665765934
4.95  0.7308503250535123  0.25949883252395184
4.96  0.7461583854281323  0.3544163778922831
4.97  0.7590904037259754  0.4498612186808237
4.98  0.7696088341331846  0.5456911981927671
4.99  0.7776821328504971  0.64176254602682
5.0  0.7832848376551249  0.7379301912936638
5.01  0.7863976322679567  0.8340480793778026
5.0200000000000005  0.7870073953650881  0.9299694914755378
5.03  0.7851072341110539  1.0255473661324443
5.04  0.7806965021298214  1.120634621998904
5.05  0.7737808018684995  1.215084481018752
5.0600000000000005  0.7643719713477297  1.308750791264991
5.07  0.7524880553317571  1.401488348637245
5.08  0.738153260990094  1.493153216638353
5.09  0.7213978981614927  1.5836030434518078
5.1000000000000005  0.7022583043693945  1.6726973755486674
5.11  0.6807767547761521  1.7602979670607857
5.12  0.6570013573009381  1.8462690841676896
5.13  0.6309859331634113  1.9304778037564492
5.14  0.6027898831515186  2.0127943056283066
5.15  0.5724780399476224  2.093092157541316
5.16  0.5401205068818796  2.1712485923961604
5.17  0.5057924835157939  2.2471447768916084
5.18  0.46957407849175453  2.320666070996964
5.19  0.43155011011618133  2.391702277611751
5.2  0.3918098951746356  2.4601478818068805
5.21  0.35044702650650655  2.5259022790675
5.22  0.3075591398952136  2.5888699919845872
5.23  0.26324767085631057  2.6489608748712437
5.24  0.21761760193137686  2.706090305809152
5.25  0.1707772011190674  2.760179365662009
5.26  0.12283775209705966  2.8111550036247483
5.2700000000000005  0.07391327690902322  2.858950188910765
5.28  0.024120251809634286  2.9035040482135894
5.29  -0.026422683022336357  2.944761988614703
5.3  -0.07759501917735742  2.9826758056450178
5.3100000000000005  -0.12927468037598255  3.0172037762444033
5.32  -0.18133832674661657  3.0483107364009188
5.33  -0.2336616622598413  3.0759681432893053
5.34  -0.2861197445509322  3.100154121766565
5.3500000000000005  -0.33858729635638546  3.1208534951212163
5.36  -0.3909390177861454  3.1380578000116515
5.37  -0.4430498986512044  3.1517652855681595
5.38  -0.49479553006595245  3.161980896672279
5.39  -0.5460524145467194  3.168716241466247
5.4  -0.5966982738314477  3.1719895431842873
5.41  -0.6466123536513388  3.1718255764361722
5.42  -0.6956757246928016  3.168255588111922
5.43  -0.7437715789976118  3.161317203114425
5.44  -0.7907855210606021  3.1510543151642287
5.45  -0.8366058528973676  3.1375169629576156
5.46  -0.8811238523697416  3.12076119199509
5.47  -0.9242340440733559  3.100848902432869
5.48  -0.9658344621105037  3.0778476833442703
5.49  -1.0058269040915273  3.0518306338114787
5.5  -1.0441171757301226  3.0228761713004677
5.51  -1.0806153254212576  2.9910678278032323
5.5200000000000005  -1.1152358682155614  2.9564940342614983
5.53  -1.1478979986304956  2.9192478938148807
5.54  -1.178525791766579  2.8794269444438076
5.55  -1.2070483922260702  2.8371329116036215
5.5600000000000005  -1.23340019036207  2.7924714514707274
5.57  -1.2575209854176737  2.745551885444533
5.58  -1.2793561351475589  2.6964869265703317
5.59  -1.2988566915481328  2.64539239856797
5.6000000000000005  -1.3159795223571749  2.592386948169011
5.61  -1.3306874180194073  2.5375917514813695
5.62  -1.3429491838507972  2.481130215114734
5.63  -1.352739717171338  2.423127672812795
5.64  -1.3600400692136951  2.3637110783487882
5.65  -1.3648374916530943  2.3030086954499094
5.66  -1.3671254676423035  2.2411497855228366
5.67  -1.3669037272742777  2.1782642939577466
5.68  -1.3641782474339519  2.1144825357911397
5.69  -1.3589612360396957  2.0499348815088663
5.7  -1.3512711007139622  1.9847514437699936
5.71  -1.3411324019615596  1.9190617658290856
5.72  -1.3285757909727391  1.8529945124300329
5.73  -1.3136379322066645  1.7866771639375596
5.74  -1.2963614109489356  1.7202357144642166
5.75  -1.276794626074325  1.6537943747398518
5.76  -1.2549916682829219  1.587475280458544
5.7700000000000005  -1.2310121841141584  1.5213982068235277
5.78  -1.204921226078756  1.4556802899947603
5.79  -1.1767890892832846  1.3904357561259624
5.8  -1.1466911349558493  1.3257756586586358
5.8100000000000005  -1.1147076013141364  1.26180762451928
5.82  -1.080923402248654  1.1986356098434137
5.83  -1.0454279143244782  1.1363596658256023
5.84  -1.008314752634064  1.0750757152690582
5.8500000000000005  -0.9696815360614571  1.0148753403810442
5.86  -0.9296296425447745  0.9558455823318172
5.87  -0.8882639549487452  0.8980687530648674
5.88  -0.8456925981827268  0.8416222598153962
5.89  -0.8020266682212613  0.7865784427614589
5.9  -0.7573799537047154  0.7330044261991359
5.91  -0.7118686508158923  0.6809619835988368
5.92  -0.6656110721454493  0.6305074168646408
5.93  -0.6187273502739065  0.581691450082753
5.94  -0.571339136811239  0.5345591380084905
5.95  -0.523569297646485  0.48914978950401133
5.96  -0.4755416051690644  0.44549690610109516
5.97  -0.4273804282313884  0.4036281358253634
5.98  -0.3792104206276312  0.36356524237951837
5.99  -0.3311562088675759  0.3253240897446482
6.0  -0.28334208002590094  0.28891464221953356
6.01  -0.2358916704473386  0.2543409798792078
6.0200000000000005  -0.18892765608584805  0.22160132939492583
6.03  -0.1425714452519261  0.19068811011903875
6.04  -0.0969428745360642  0.16158799529985535
6.05  -0.05215990866857162  0.13428198825334114
6.0600000000000005  -0.008338345066039865  0.1087455132808891
6.07  0.03440847619699189  0.0849485210852392
6.08  0.07596995626616276  0.06285560839999793
6.09  0.11623851452549133  0.04242615151260776
6.1000000000000005  0.15510985806321542  0.02361445332540968
6.11  0.1924832429116256  0.006369903565535684
6.12  0.22826172640786618  -0.009362848278922198
6.13  0.2623524100447582  -0.023643707750884535
6.140000000000001  0.2946666722046595  -0.03653693842979844
6.15  0.32512039019444816  -0.04811095366584184
6.16  0.35363415102668294  -0.05843809758614327
6.17  0.3801334504198937  -0.067594415943526
6.18  0.4045488795206056  -0.07565941740379428
6.19  0.42681629888027184  -0.08271582589156512
6.2  0.44687699925215496  -0.08884932463729744
6.21  0.4646778488062331  -0.09414829258894764
6.22  0.4801714263940099  -0.09870353387093889
6.23  0.49331614053012707  -0.10260800099057649
6.24  0.5040763337932553  -0.10595651250794055
6.25  0.512422372385288  -0.10884546589897817
6.26  0.5183307206248766  -0.1113725463537892
6.2700000000000005  0.5217840001890562  -0.11363643226235721
6.28  0.5227710339548162  -0.11573649814815255
6.29  0.5212868743309695  -0.11777251581659562
6.3  0.5173328160094288  -0.11984435448986375
6.3100000000000005  0.510916393103963  -0.12205168070202607
6.32  0.502051360683518  -0.12449365872910362
6.33  0.4907576607461911  -0.12726865232741397
6.34  0.4770613727188584  -0.13047392855014156
6.3500000000000005  0.4609946486061134  -0.13420536440695957
6.36  0.442595632950559  -0.13855715712435218
6.37  0.4219083678044389  -0.1436215387552131
6.38  0.3989826829501143  -0.1494884958754376
6.390000000000001  0.3738740716436747  -0.1562454950923583
6.4  0.3466435521922705  -0.16397721507533558
6.41  0.3173575157110309  -0.17276528580233097
6.42  0.2860875604401182  -0.1826880356982844
6.43  0.252910313035974  -0.193820247321135
6.44  0.21790723728333983  -0.20623292222984213
6.45  0.18116443070624766  -0.21999305564585403
6.46  0.14277240958616688  -0.23516342149454939
6.47  0.10282588292473593  -0.2518023683872944
6.48  0.0614235159159644  -0.2699636270771838
6.49  0.018667683519053402  -0.28969612989253757
6.5  -0.025335785252241505  -0.31104384262229734
6.51  -0.07047787168455566  -0.3340456092959905
6.5200000000000005  -0.11664663970350864  -0.35873501026848775
6.53  -0.1637275155151966  -0.38514023398632247
6.54  -0.21160357385176226  -0.41328396277795965
6.55  -0.2601558301054254  -0.443183272974927
6.5600000000000005  -0.30926353762102077  -0.47484954963479653
6.57  -0.3588044894037652  -0.5082884161001577
6.58  -0.4086553234883741  -0.5434996785903923
6.59  -0.4586918312061017  -0.5804772859850923
6.6000000000000005  -0.5087892675792817  -0.6192093049198484
6.61  -0.5588226630676248  -0.6596779102763578
6.62  -0.6086671358869011  -0.7018593911101685
6.63  -0.6581982041195931  -0.7457241720203277
6.640000000000001  -0.7072920968372323  -0.7912368499263146
6.65  -0.755826063456851  -0.8383562461787369
6.66  -0.8036786805583813  -0.8870354738916785
6.67  -0.850730155395993  -0.9372220203459827
6.68  -0.8968626253448075  -0.9888578442748702
6.69  -0.9419604525345953  -1.041879487805635
6.7  -0.9859105129338441  -1.0962182027940854
6.71  -1.0286024791618353  -1.151800091252144
6.72  -1.0699290963216677  -1.208546259533163
6.73  -1.1097864501648507  -1.266372985904945
6.74  -1.1480742269172022  -1.325191901106364
6.75  -1.1846959641165706  -1.3849101814507327
6.76  -1.2195592918353841  -1.445430754007123
6.7700000000000005  -1.2525761636851205  -1.506652513360316
6.78  -1.2836630770252413  -1.5684705494205584
6.79  -1.3127412818262258  -1.6307763857263753
6.8  -1.339736977664525  -1.6934582276566923
6.8100000000000005  -1.3645814983571452  -1.756401219943656
6.82  -1.3872114837742267  -1.8194877128534108
6.83  -1.4075690384002475  -1.8825975363803162
6.84  -1.4256018762474174  -1.945608281779197
6.8500000000000005  -1.441263451759057  -2.0083955897416423
6.86  -1.454513076375754  -2.0708334445051775
6.87  -1.4653160204728448  -2.13279447316865
6.88  -1.473643600414458  -2.1941502494739415
6.890000000000001  -1.479473250506437  -2.2547716013020636
6.9  -1.4827885796682734  -2.314528921122173
6.91  -1.4835794126823645  -2.3732924786240748
6.92  -1.4818418159174225  -2.4309327347586125
6.93  -1.477578107461711  -2.487320656406507
6.94  -1.4707968516407184  -2.5423280308940597
6.95  -1.4615128379329274  -2.5958277795737628
6.96  -1.4497470443363114  -2.647694269690028
6.97  -1.435526585277083  -2.6978036237535856
6.98  -1.4188846441908294  -2.7460340256540654
6.99  -1.3998603909444853  -2.7922660227477856
7.0  -1.378498884305477  -2.836382823167259
7.01  -1.3548509597017748  -2.878270587610302
7.0200000000000005  -1.3289731025532996  -2.917818714879968
7.03  -1.3009273074912617  -2.954920120461484
7.04  -1.270780923817172  -2.989471507439351
7.05  -1.238606487587833  -3.0213736290761473
7.0600000000000005  -1.204481540745814  -3.050531542395155
7.07  -1.1684884377475462  -3.0768548521305394
7.08  -1.1307141401721603  -3.100257944432654
7.09  -1.091249999824473  -3.1206602097408176
7.1000000000000005  -1.050191530874129  -3.1379862542626094
7.11  -1.007638171600297  -3.1521660995266796
7.12  -0.9636930363374874  -3.163135369505108
7.13  -0.9184626582422495  -3.170835464832213
7.140000000000001  -0.8720567235237531  -3.1752137236781044
7.15  -0.8245877978023999  -3.1762235688682927
7.16  -0.7761710452802789  -3.173824640874436
7.17  -0.7269239414254152  -3.167982916336101
7.18  -0.6769659798878107  -3.15867081180902
7.19  -0.6264183743796676  -3.1458672724718153
7.2  -0.5754037562650209  -3.129557845560132
7.21  -0.5240458686143413  -3.109734738334822
7.22  -0.4724692574888925  -3.086396860429023
7.23  -0.4207989612262995  -3.0595498504573997
7.24  -0.369160198503826  -3.029206086809783
7.25  -0.31767805595896936  -2.995384682590319
7.26  -0.2664771761480973  -2.958111464702557
7.2700000000000005  -0.21568144662288513  -2.9174189371199155
7.28  -0.16541369090167896  -2.873346228420053
7.29  -0.11579536210796831  -2.8259390237005366
7.3  -0.06694624004178645  -2.7752494810318318
7.3100000000000005  -0.018984132440879153  -2.7213361326416527
7.32  0.02797541882155774  -2.6642637710626977
7.33  0.07381942586853946  -2.604103320512626
7.34  0.11843773656011791  -2.5409316938118667
7.3500000000000005  0.16172330913935062  -2.4748316351804363
7.36  0.20357247909711096  -2.4058915492898274
7.37  0.24388521758868564  -2.3342053169799986
7.38  0.282565380756545  -2.259872098084417
7.390000000000001  0.31952094933608266  -2.18299612183795
7.4  0.3546642579456125  -2.103686465373022
7.41  0.3879122134876858  -2.022056820838786
7.42  0.4191865021158622  -1.9382252517063514
7.43  0.4484137842498024  -1.8523139388495031
7.44  0.4755258771514049  -1.764448917015688
7.45  0.5004599246056674  -1.6747598023258332
7.46  0.5231585532823979  -1.5833795114633429
7.47  0.543570015387988  -1.4904439732334587
7.48  0.5616483172508632  -1.3960918331925976
7.49  0.5773533335193479  -1.300464152064583
7.5  0.5906509066866221  -1.2037040986755323
7.51  0.601512931694134  -1.1059566381532164
7.5200000000000005  0.6099174254021555  -1.00736821614751
7.53  0.615848580753954  -0.9080864398390034
7.54  0.6192968054983472  -0.8082597565098096
7.55  0.6202587453739696  -0.7080371304574423
7.5600000000000005  0.6187372916974515  -0.6075677190355088
7.57  0.6147415733366709  -0.5070005486078619
7.58  0.6082869330892771  -0.4064841912021063
7.59  0.599394888525667  -0.3061664426470935
7.6000000000000005  0.5880930773944251  -0.20619400297460816
7.61  0.5744151877268023  -0.1067121598598792
7.62  0.5584008728151206  -0.007864475867897736
7.63  0.5400956512776849  0.09020751973746655
7.640000000000001  0.51955079246019  0.18736463387564212
7.65  0.49682318746017723  0.28347030649073585
7.66  0.47197520609701826  0.37839090063498393
7.67  0.4450745401851257  0.4719959850941465
7.68  0.41619403350224593  0.5641586088734174
7.69  0.38541149887791687  0.6547555668830849
7.7  0.3528095228595242  0.7436676561847776
7.71  0.3184752584442017  0.830779922183221
7.72  0.2825002063948901  0.915981894173294
7.73  0.2449799856872535  0.999167809678841
7.74  0.20601409366132867  1.0802368270479148
7.75  0.16570565647758195  1.1590932257982098
7.76  0.12416117050126602  1.2356465942372032
7.7700000000000005  0.08149023526157323  1.3098120039131707
7.78  0.037805278653259444  1.3815101704863184
7.79  -0.006778724932369584  1.4506676006429693
7.8  -0.052144542842278374  1.5172167247105603
7.8100000000000005  -0.09817297804193992  1.5810960146670747
7.82  -0.14474316790609043  1.6422500872745949
7.83  -0.19173288717324374  1.7006297921041509
7.84  -0.23901885430641862  1.7561922842563051
7.8500000000000005  -0.28647704049426004  1.808901081620327
7.86  -0.3339829805201372  1.8587261065530152
7.87  -0.38141208472188703  1.905643711897472
7.88  -0.428639951262529  1.9496366913004766
7.890000000000001  -0.47554267793111915  1.9906942738267965
7.9  -0.5219971726943247  2.0288121029074135
7.91  -0.5678814622224216  2.0639921996977897
7.92  -0.6130749976182892  2.0962429109609295
7.930000000000001  -0.6574589565851612  2.1255788416286374
7.94  -0.7009165412777532  2.1520207722321825
7.95  -0.7433332710921083  2.1755955614313534
7.96  -0.7845972696621751  2.196336033907811
7.97  -0.8245995453456879  2.2142808539248295
7.98  -0.863234264498078  2.2294743848913856
7.99  -0.9003990168512882  2.2419665353027587
8.0  -0.935995072334007  2.2518125914641423
8.01  -0.9699276286912355  2.2590730374358894
8.02  -1.0021060492841758  2.2638133626711237
8.03  -1.0324440904758982  2.266103857846588
8.040000000000001  -1.060860118034278  2.266019399416842
8.05  -1.0872773120112202  2.2636392234497746
8.06  -1.1116238595858983  2.259046689327883
8.07  -1.1338331353898337  2.2523290339245414
8.08  -1.1538438688630452  2.2435771168880865
8.09  -1.1716002982227303  2.2328851576883624
8.1  -1.187052310659541  2.2203504651004353
8.11  -1.2001555684109249  2.2060731598187764
8.120000000000001  -1.210871620396214  2.1901558909120276
8.13  -1.2191679991343294  2.1727035468432727
8.14  -1.2250183027017456  2.153822961793963
8.15  -1.2284022615256658  2.1336226180410676
8.16  -1.229305789845373  2.1122123451461645
8.17  -1.2277210217129806  2.089703016722965
8.18  -1.2236463314434596  2.066206245555246
8.19  -1.2170863384627055  2.041834077840668
8.2  -1.2080518965413851  2.016698687338012
8.21  -1.1965600674413484  1.9909120701948357
8.22  -1.1826340790403458  1.964585741230347
8.23  -1.1663032680395709  1.9378304324444324
8.24  -1.1476030073971368  1.9107557945174771
8.25  -1.1265746186686882  1.8834701020575777
8.26  -1.1032652694741694  1.8560799633421785
8.27  -1.0777278563468737  1.8286900352890858
8.28  -1.0500208732574756  1.8014027443783605
8.290000000000001  -1.0202082661415506  1.7743180142312656
8.3  -0.9883592737940449  1.7475330005350758
8.31  -0.9545482555282507  1.7211418339838387
8.32  -0.9188545060299921  1.695235371884576
8.33  -0.8813620578695549  1.669900959056064
8.34  -0.84215947216497  1.6452221986237676
8.35  -0.801339617919721  1.6212787332891077
8.36  -0.7589994405862506  1.5981460376244574
8.370000000000001  -0.7152397204337073  1.5758952219173017
8.38  -0.6701648213237704  1.5545928480574744
8.39  -0.6238824305222135  1.5343007579306616
8.4  -0.576503290196672  1.5150759147497483
8.41  -0.5281409212714363  1.4969702577224824
8.42  -0.47891134032944427  1.4800305704201304
8.43  -0.42893277026899324  1.464298363177009
8.44  -0.37832534543816915  1.4498097698150652
8.45  -0.32721081198402646  1.4365954589514107
8.46  -0.27571222416531693  1.4246805601096382
8.47  -0.22395363738770577  1.4140846048181772
8.48  -0.17205979872864013  1.404821482840978
8.49  -0.12015583572538088  1.3968994136474038
8.5  -0.06836694420379204  1.3903209331895385
8.51  -0.016818075928234866  1.3850828960163415
8.52  0.03436637314693122  1.3811764927151753
8.53  0.08506287324509135  1.3785872826323404
8.540000000000001  0.13514906897866905  1.3772952417855804
8.55  0.184504084633757  1.3772748258429237
8.56  0.2330088257650985  1.3784950480040759
8.57  0.2805462763475961  1.3809195715827445
8.58  0.32700179074188085  1.384506817051099
8.59  0.3722633797440995  1.3892100832707026
8.6  0.41622199000509996  1.394977682598424
8.61  0.4587717761207486  1.4017530895206245
8.620000000000001  0.4998103647132677  1.4094751024344232
8.63  0.5392391098436368  1.4180780181616615
8.64  0.5769633391168665  1.427491818748757
8.65  0.6128925898648659  1.4376423700743786
8.66  0.6469408348168175  1.4484516317569471
8.67  0.6790266966930065  1.4598378778252319
8.68  0.7090736511857909  1.4717159275877574
8.69  0.7370102178205009  1.4839973861110733
8.700000000000001  0.7627701382191998  1.4965908936920658
8.71  0.786292541321834  1.5094023836868282
8.72  0.807522095151946  1.5223353480372008
8.73  0.8264091447475432  1.5352911098162765
8.74  0.8429098359125253  1.5481691020962363
8.75  0.8569862244794018  1.560867152425824
8.76  0.8686063708102221  1.573281772189924
8.77  0.8777444192996061  1.5853084501114403
8.78  0.8843806626811983  1.5968419491447816
8.790000000000001  0.8885015909768644  1.6077766060012477
8.8  0.8900999249663413  1.6180066325398668
8.81  0.8891746340937285  1.6274264182520166
8.82  0.8857309387661079  1.635930833065023
8.83  0.8797802970385951  1.6434155296889654
8.84  0.8713403757191485  1.649777244731473
8.85  0.8604350059654025  1.6549140978080903
8.86  0.8470941234845331  1.6587258878805804
8.870000000000001  0.8313536934856837  1.661114386061964
8.88  0.8132556205725772  1.6619836241356316
8.89  0.7928476438015057  1.6612401780464041
8.9  0.7701832171671236  1.6587934456335227
8.91  0.7453213758147292  1.6545559178897011
8.92  0.7183265883134864  1.6484434430462875
8.93  0.6892685953598712  1.640375482802294
8.94  0.6582222353144704  1.6302753600343358
8.950000000000001  0.6252672570082857  1.618070497345548
8.96  0.5904881202864547  1.6036926458344296
8.97  0.5539737847878254  1.587078103488479
8.98  0.5158174874885197  1.5681679226333909
8.99  0.47611650956542173  1.5469081058957723
9.0  0.4349719331622957  1.5232497901657123
9.01  0.3924883886666068  1.4971494180753924
9.02  0.34877379312864637  1.4685688965411554
9.03  0.3039390804768124  1.437475741948294
9.040000000000001  0.25809792420340144  1.4038432115913038
9.05  0.2113664532139965  1.36765042101666
9.06  0.16386296155070942  1.3288824469498577
9.07  0.11570761271489075  1.2875304155248934
9.08  0.06702213932818527  1.2435915755707834
9.09  0.01792953888278248  1.1970693567468338
9.1  -0.03144623365874475  1.147973412356432
9.11  -0.0809805756457437  1.09631964670733
9.120000000000001  -0.13054854812952274  1.0421302269247426
9.13  -0.18002518808284879  0.9854335791627362
9.14  -0.22928582066869735  0.926264369198099
9.15  -0.2782063707774852  0.8646634674300863
9.16  -0.32666367305433336  0.8006778983482723
9.17  -0.37453577964139406  0.7343607745697759
9.18  -0.42170226486604034  0.6657712155854709
9.19  -0.4680445261134807  0.5949742513932418
9.200000000000001  -0.5134460801316738  0.5220407112341954
9.21  -0.557792854027988  0.44704709768490614
9.22  -0.6009734702304445  0.3700754463953838
9.23  -0.6428795247010746  0.2912131717988974
9.24  -0.6834058577061916  0.21055289915429343
9.25  -0.7224508164668386  0.12819228331615662
9.26  -0.7599165090328523  0.044233814661463144
9.27  -0.795709048746114  -0.041215387366659306
9.28  -0.8297387886819682  -0.128043792606103
9.290000000000001  -0.8619205454828491  -0.21613568989202725
9.3  -0.8921738120247322  -0.3053714275919328
9.31  -0.9204229583848806  -0.3956276643820208
9.32  -0.9465974206085702  -0.4867776296611356
9.33  -0.9706318768031272  -0.5786913929749953
9.34  -0.9924664101190808  -0.6712361418000123
9.35  -1.0120466582111627  -0.764276467015149
9.36  -1.0293239488056585  -0.8576746553709487
9.370000000000001  -1.0442554210352533  -0.9512909882468308
9.38  -1.0568041322381903  -1.0449840459717805
9.39  -1.066939149954893  -1.1386110169699029
9.4  -1.0746356288920902  -1.232028010979078
9.41  -1.079874872662197  -1.3250903755812067
9.42  -1.08264438014368  -1.4176530152736868
9.43  -1.0829378763465898  -1.5095707123050277
9.44  -1.0807553277061914  -1.6006984484928801
9.450000000000001  -1.0761029417665238  -1.6908917272399266
9.46  -1.0689931512547663  -1.780006894962148
9.47  -1.0594445825862642  -1.8679014611454037
9.48  -1.0474820088790366  -1.9544344162487972
9.49  -1.0331362875952708  -2.0394665466788253
9.5  -1.0164442829657259  -2.1228607460649536
9.51  -0.9974487733910562  -2.204482322076169
9.52  -0.9761983440515589  -2.284199298028871
9.53  -0.9527472649938524  -2.361882708548925
9.540000000000001  -0.927155354999303  -2.437406888565337
9.55  -0.8994878315745201  -2.5106497549291014
9.56  -0.8698151474389508  -2.581493079968843
9.57  -0.838212813918416  -2.6498227563144816
9.58  -0.8047612116859951  -2.7155290523417803
9.59  -0.7695453893235047  -2.7785068576132357
9.6  -0.7326548502071131  -2.8386559177156854
9.61  -0.6941833282498128  -2.895881057920864
9.620000000000001  -0.6542285530614564  -2.950092395122513
9.63  -0.6128920051134263  -3.001205537532644
9.64  -0.5702786615198525  -3.0491417716497105
9.65  -0.526496733071119  -3.0938282360423695
9.66  -0.4816573931768653  -3.13519808152551
9.67  -0.4358744993961531  -3.173190617338353
9.68  -0.3892643082509548  -3.207751442968996
9.69  -0.34194518403578994  -3.2388325653052914
9.700000000000001  -0.29403730235155967  -3.2663925008278287
9.71  -0.24566234910467816  -3.2903963625979147
9.72  -0.1969432157237927  -3.310815931830824
9.73  -0.14800369135626007  -3.3276297138825166
9.74  -0.09896815281367767  -3.340822978516563
9.75  -0.04996125304153165  -3.3503877843567507
9.76  -0.0011076088918691301  -3.356322987469774
9.77  0.04746851102059406  -3.3586342340615793
9.78  0.0956434975985772  -3.3573339373101345
9.790000000000001  0.14329471090037021  -3.3524412383964144
9.8  0.19030078736200892  -3.3439819518344276
9.81  0.2365419438354485  -3.331988495239742
9.82  0.2819002776825995  -3.316499803714392
9.83  0.3262600621751952  -3.297561229063816
9.84  0.3695080364618512  -3.2752244240990187
9.85  0.4115336893775028  -3.2495472123137286
9.86  0.4522295363857718  -3.220593443262361
9.870000000000001  0.491491388961815  -3.1884328339998724
9.88  0.5292186157422442  -3.1531407969787955
9.89  0.5653143947893751  -3.114798254831973
9.9  0.599685956338933  -3.073491442501994
9.91  0.63224481542451  -3.0293116972091285
9.92  0.6629069937971434  -2.9823552367795756
9.93  0.6915932305851791  -2.93272292688438
9.94  0.7182291811678254  -2.8805200377664386
9.950000000000001  0.742745603765089  -2.825855991058917
9.96  0.765078533277618  -2.7688440973225594
9.97  0.7851694419418825  -2.7096012849518476
9.98  0.8029653863988693  -2.64824782112144
9.99  0.8184191408086504  -2.5849070254632798
10.0  0.8314893156779735  -2.519704977182553
