0.0  0.03040984304985133  -0.01303904723565695
0.01  0.03052078309092319  -0.013768260831190517
0.02  0.03063089577690169  -0.014482791095252492
0.03  0.030740178122860402  -0.015181876008235437
0.04  0.030848627166381728  -0.015864770022416954
0.05  0.03095623996763714  -0.016530744857058237
0.06  0.031063013609466908  -0.017179090275088044
0.07  0.03116894519745918  -0.017809114840543788
0.08  0.031274031860028445  -0.018420146655961932
0.09  0.031378270748493337  -0.019011534078931316
0.1  0.031481659037153914  -0.01958264641704525
0.11  0.03158419392336822  -0.02013287460051119
0.12  0.031685872627628266  -0.020661631831700757
0.13  0.03178669239363538  -0.02116835421094725
0.14  0.031886650488374926  -0.02165250133792345
0.15  0.03198574420219039  -0.022113556887958165
0.16  0.03208397084885683  -0.02255102916267708
0.17  0.03218132776565369  -0.022964451614380516
0.18  0.03227781231343699  -0.023353383343598995
0.19  0.032373421876710856  -0.023717409569295897
0.2  0.03246815386369844  -0.024056142071215827
0.21  0.03256200570641216  -0.02436921960390688
0.22  0.03265497486072332  -0.024656308281975316
0.23  0.032747058806431084  -0.024917101936161735
0.24  0.03283825504733076  -0.025151322439859077
0.25  0.03292856111128152  -0.025358720005724165
0.26  0.03301797455027336  -0.025539073452066494
0.27  0.03310649294049351  -0.025692190438730157
0.28  0.033194113882392094  -0.025817907672217415
0.29  0.03328083500074721  -0.025916091079835005
0.3  0.0333666539447293  -0.02598663595267767
0.31  0.033451568387964876  -0.026029467057296224
0.32  0.03353557602859961  -0.026044538715931213
0.33  0.03361867458936069  -0.026031834855226504
0.34  0.03370086181761857  -0.025991369023370937
0.35000000000000003  0.033782135485448055  -0.025923184375649683
0.36  0.033862493389688664  -0.025827353628420743
0.37  0.03394193335200438  -0.025703978981565723
0.38  0.03402045321894266  -0.025553192009497475
0.39  0.03409805086199287  -0.025375153520840965
0.4  0.034174724177643924  -0.02517005338693694
0.41000000000000003  0.03425047108744135  -0.02493811033935127
0.42  0.03432528953804362  -0.02467957173660599
0.43  0.034399177501277786  -0.024394713300380764
0.44  0.034472132974194505  -0.024083838821466072
0.45  0.034544153979122305  -0.023747279835781808
0.46  0.034615238563721194  -0.023385395270806696
0.47000000000000003  0.0346853848010356  -0.022998571062795663
0.48  0.03475459078954658  -0.022587219745193347
0.49  0.034822854653223434  -0.02215178000868274
0.5  0.03489017454157445  -0.021692716233338093
0.51  0.03495654862969716  -0.02121051799338106
0.52  0.03502197511832778  -0.020705699535068248
0.53  0.03508645223388998  -0.020178799228266923
0.54  0.03514997822854295  -0.019630378992303882
0.55  0.035212551380228795  -0.01906102369669961
0.56  0.035274169992719234  -0.018471340537427015
0.5700000000000001  0.03533483239566156  -0.017861958389359743
0.58  0.035394536944623904  -0.0172335271356009
0.59  0.03545328202113984  -0.016586716974407098
0.6  0.03551106603275225  -0.01592221770444736
0.61  0.03556788741305652  -0.015240737989158785
0.62  0.0356237446217429  -0.014543004600983686
0.63  0.0356786361446384  -0.013829761646294176
0.64  0.03573256049374775  -0.013101769771830751
0.65  0.03578551620729373  -0.012359805353501181
0.66  0.03583750184975685  -0.011604659668404897
0.67  0.03588851601191423  -0.0108371380509657
0.68  0.03593855731087778  -0.010058059034073039
0.6900000000000001  0.03598762439013174  -0.009268253476147419
0.7000000000000001  0.03603571591956942  -0.008468563675061288
0.71  0.03608283059552925  -0.007659842469860007
0.72  0.03612896714083012  -0.0068429523312412074
0.73  0.036174124304806064  -0.00601876444176222
0.74  0.03621830086334005  -0.005188157766756782
0.75  0.03626149561889726  -0.004352018116951524
0.76  0.036303707400557494  -0.0035112372037822796
0.77  0.036344935064046964  -0.0026667116884174173
0.78  0.03638517749176927  -0.0018193422255024273
0.79  0.03642443359283569  -0.0009700325026457748
0.8  0.03646270230309481  -0.00011968827667000088
0.81  0.03649998258516128  0.0007307835923436989
0.8200000000000001  0.03653627342844405  0.001580476108187687
0.8300000000000001  0.03657157384917365  0.00242848310580507
0.84  0.036605882890428924  0.0032739002176806805
0.85  0.03663919962216298  0.004115825838314914
0.86  0.03667152314122834  0.004953362085752045
0.87  0.03670285257140148  0.005785615759137462
0.88  0.036733187063406586  0.006611699291282812
0.89  0.0367625257949385  0.007430731695222877
0.9  0.03679086797068511  0.00824183950375507
0.91  0.036818212822348845  0.009044157700959206
0.92  0.03684455960866752  0.009836830644704496
0.93  0.036869907615434426  0.010619012979159537
0.9400000000000001  0.03689425615551771  0.011389870536332562
0.9500000000000001  0.03691760456887898  0.012148581225680076
0.96  0.036939952222591194  0.012894335910835535
0.97  0.03696129851085584  0.013626339272522752
0.98  0.03698164285501934  0.01434381065673396
0.99  0.037000984703588743  0.015045984907267869
1.0  0.03701932353224666  0.015732113181739983
1.01  0.03703665884386552  0.016401463750194734
1.02  0.037052990168521  0.017053322775467943
1.03  0.03706831706350476  0.017686995074467284
1.04  0.03708263911333651  0.0183018048595588
1.05  0.037095955929775166  0.018897096459269024
1.06  0.037108267151829494  0.01947223501753384
1.07  0.03711957244576781  0.02002660717074862
1.08  0.037129871505127046  0.02055962170189734
1.09  0.03713916405072108  0.02107071017106331
1.1  0.03714744983064829  0.021559327521648866
1.11  0.03715472862029838  0.02202495266165779
1.12  0.03716100022235845  0.02246708901942018
1.1300000000000001  0.03716626446681839  0.022885265073167523
1.1400000000000001  0.03717052121097546  0.023279034853892832
1.1500000000000001  0.03717377033943816  0.023647978420959843
1.16  0.03717601176412936  0.02399170230995382
1.17  0.037177245424288685  0.02430983995229662
1.18  0.037177471286474174  0.024602052066178173
1.19  0.03717668934456316  0.024868027018387813
1.2  0.03717489961975248  0.02510748115665934
1.21  0.03717210216055786  0.02532015911217547
1.22  0.03716829704281259  0.025505834071909064
1.23  0.037163484369665545  0.025664308020510677
1.24  0.03715766427157828  0.025795411951484465
1.25  0.03715083690632161  0.025899006047427255
1.26  0.0371430024589712  0.02597497982913852
1.27  0.0371341611419027  0.026023252273442293
1.28  0.037124313194785825  0.026043771899595343
1.29  0.037113458884578024  0.02603651682418943
1.3  0.03710159850551709  0.02600149478448915
1.31  0.037088732379113316  0.02593874313018043
1.32  0.03707486085414067  0.025848328783538474
1.33  0.03705998430662742  0.025730348168057717
1.34  0.03704410313984589  0.025584927105619777
1.35  0.03702721778430155  0.02541222068230915
1.36  0.037009328697721354  0.025212413083019764
1.37  0.036990436365041325  0.024985717395028712
1.3800000000000001  0.03697054129839339  0.024732375380746727
1.3900000000000001  0.036949644037091514  0.02445265721988764
1.4000000000000001  0.03692774514761708  0.024146861221331906
1.41  0.03690484522360357  0.023815313504991453
1.42  0.03688094488582036  0.023458367654015037
1.43  0.03685604478215604  0.02307640433770516
1.44  0.03683014558760074  0.0226698309055486
1.45  0.03680324800422787  0.02223908095279351
1.46  0.036775352761175106  0.02178461385803647
1.47  0.036746460614624596  0.02130691429331245
1.48  0.036716572347782486  0.0208064917072104
1.49  0.036685688770857657  0.02028387978156548
1.5  0.03665381072103978  0.019739635862307564
1.51  0.036620939062476654  0.0191743403650727
1.52  0.03658707468625072  0.018588596156211758
1.53  0.03655221851035494  0.017983027909856213
1.54  0.03651637147966791  0.017358281441726634
1.55  0.03647953456592824  0.01671502302039462
1.56  0.036441708767708234  0.016053938656732398
1.57  0.03640289511038676  0.015375733372308197
1.58  0.036363094646121544  0.014681130447507155
1.59  0.036322308453820576  0.013970870650180132
1.6  0.036280537639112875  0.013245711445642662
1.61  0.03623778333431856  0.012506426188866805
1.62  0.03619404669841811  0.011753803299727089
1.6300000000000001  0.03614932891702096  0.010988645422180504
1.6400000000000001  0.03610363120233337  0.010211768568276904
1.6500000000000001  0.03605695479312555  0.009424001247912988
1.6600000000000001  0.036009300954698086  0.008626183585257604
1.67  0.035960670978847656  0.007819166422791034
1.68  0.03591106618383198  0.007003810413913458
1.69  0.03586048791433413  0.006180985105090726
1.7  0.035808937541426014  0.005351568008515583
1.71  0.035756416462531276  0.0045164436662741055
1.72  0.03570292610138737  0.0036765027070148285
1.73  0.03564846790800698  0.0028326408961269495
1.74  0.03559304335863872  0.001985758180440148
1.75  0.03553665395572712  0.0011367577284652503
1.76  0.03547930122787185  0.00028654496719913297
1.77  0.03542098672978637  -0.0005639733834792212
1.78  0.035361712042255695  -0.001413890277791206
1.79  0.0353014787720936  -0.0022622993113887904
1.8  0.03524028855209905  -0.0031082956880005234
1.81  0.035178143041011925  -0.003950977184362802
1.82  0.035115043923468064  -0.004789445112406908
1.83  0.03505099290995359  -0.0056228052776760035
1.84  0.03498599173675859  -0.006450168932949765
1.85  0.03492004216592996  -0.007270653726059927
1.86  0.03485314598522371  -0.008083384640885542
1.87  0.03478530500805649  -0.00888749493052477
1.8800000000000001  0.034716521073456394  -0.009682127041647674
1.8900000000000001  0.034646796046013145  -0.010466433529044708
1.9000000000000001  0.03457613181582756  -0.011239577959394986
1.9100000000000001  0.034504530298460276  -0.012000735803290974
1.92  0.034431993434879835  -0.012749095314567924
1.93  0.034358523191410084  -0.013483858396000782
1.94  0.03428412155967686  -0.014204241450444615
1.95  0.034208790556554  -0.014909476216511558
1.96  0.03413253222410867  -0.01559881058789255
1.97  0.03405534862954603  -0.01627150941545048
1.98  0.033977241865153135  -0.01692685529122899
1.99  0.03389821404824231  -0.01756414931354105
2.0  0.03381826732109364  -0.018182711832321213
2.0100000000000002  0.03373740385089702  -0.01878188317394694
2.02  0.03365562582969331  -0.019361024344755503
2.0300000000000002  0.033572935474314954  -0.01991951771250681
2.04  0.03348933502632591  -0.020456767665064768
2.05  0.03340482675196081  -0.02097220124559533
2.06  0.03331941294206362  -0.021465268763603326
2.07  0.03323309591202548  -0.021935444381156525
2.08  0.03314587800172193  -0.022382226673672245
2.09  0.03305776157544955  -0.02280513916466753
2.1  0.032968749021861775  -0.023203730833903577
2.11  0.032878842753904236  -0.023577576598381604
2.12  0.03278804520874927  -0.023926277765678097
2.13  0.032696358847729916  -0.02424946245913505
2.14  0.03260378615627314  -0.024546786014452582
2.15  0.03251032964383252  -0.02481793134726025
2.16  0.032415991843820165  -0.025062609291275774
2.17  0.032320775313538046  -0.02528055890668982
2.18  0.03222468263410873  -0.0254715477584486
2.19  0.03212771641040535  -0.025635372164136992
2.2  0.03202987927098098  -0.025771857411198258
2.21  0.03193117386799746  -0.025880857943258343
2.22  0.03183160287715343  -0.025962257515356295
2.23  0.031731168997611824  -0.026015969317915097
2.24  0.03162987495192669  -0.02604193606932087
2.25  0.03152772348596942  -0.026040130077011513
2.2600000000000002  0.03142471736885425  -0.02601055326700977
2.27  0.031320859392863276  -0.025953237181869253
2.2800000000000002  0.031216152373370696  -0.025868242947035422
2.29  0.03111059914876653  -0.025755661205657664
2.3000000000000003  0.03100420258037964  -0.02561561202192176
2.31  0.030896965552400214  -0.025448244753005965
2.32  0.03078889097180154  -0.025253737889797182
2.33  0.030679981768261227  -0.025032298866537166
2.34  0.030570240894081772  -0.02478416383960177
2.35  0.03045967132411054  -0.024509597435648966
2.36  0.030348276055659124  -0.02420889246940459
2.37  0.030236058108422087  -0.023882369631386357
2.38  0.030123020524395104  -0.02353037714589966
2.39  0.0300091663677925  -0.023153290399669266
2.4  0.02989449872496421  -0.02275151154150373
2.41  0.02977902070431205  -0.022325469053418628
2.42  0.02966273543620554  -0.02187561729367686
2.43  0.029545646072896968  -0.02140243601223244
2.44  0.029427755788436014  -0.020906429839095474
2.45  0.02930906777858363  -0.02038812774616302
2.46  0.029189585260725466  -0.019848082483090782
2.47  0.02906931147378463  -0.019286869987806116
2.48  0.028948249678133905  -0.018705088772292208
2.49  0.02882640315550734  -0.01810335928429734
2.5  0.028703775208911313  -0.017482323245650994
2.5100000000000002  0.02858036916253497  -0.016842642967891393
2.52  0.028456188361660154  -0.016185000645935626
2.5300000000000002  0.028331236172570665  -0.015510097630543958
2.54  0.028205515982461064  -0.014818653680356113
2.5500000000000003  0.028079031199344788  -0.014111406194295458
2.56  0.02795178525196186  -0.013389109425161149
2.57  0.027823781589685837  -0.012652533675245645
2.58  0.027695023682430372  -0.011902464474836427
2.59  0.02756551502055514  -0.01113970174447782
2.6  0.027435259114771196  -0.010365058941885337
2.61  0.02730425949604587  -0.009579362194424167
2.62  0.027172519715506945  -0.008783449418075082
2.63  0.02704004334434651  -0.007978169423828969
2.64  0.02690683397372406  -0.007164381012461512
2.65  0.026772895214669207  -0.006342952058654898
2.66  0.02663823069798376  -0.0055147585854417435
2.67  0.026502844074143314  -0.004680683829960088
2.68  0.026366739013198283  -0.0038416173015136165
2.69  0.026229919204674434  -0.0029984538329440574
2.7  0.026092388357472837  -0.0021520926263252377
2.71  0.025954150199769377  -0.0013034362939983342
2.72  0.025815208478913627  -0.0004533898959694412
2.73  0.025675566961327313  0.0003971400253024674
2.74  0.025535229432402183  0.001247246411699321
2.75  0.025394199696397446  0.0020960226567867096
2.7600000000000002  0.025252481576336562  0.0029425635726761535
2.77  0.02511007891390369  0.003785966355373307
2.7800000000000002  0.024966995569339477  0.004625331547584835
2.79  0.024823235421336482  0.005459763997955363
2.8000000000000003  0.024678802366933986  0.0062883738157130335
2.81  0.024533700321412378  0.007110277319704176
2.82  0.02438793321818699  0.007924597980806095
2.83  0.02424150500870149  0.008730467356712495
2.84  0.02409441966232078  0.00952702601809418
2.85  0.023946681166223373  0.01031342446514838
2.86  0.023798293525293317  0.011088824033557973
2.87  0.023649260762011612  0.011852397788895705
2.88  0.023499586916347213  0.01260333140851827
2.89  0.02334927604564746  0.013340824050011106
2.9  0.02319833222452816  0.014064089205256161
2.91  0.023046759544763044  0.014772355539213751
2.92  0.022894562115172937  0.015464867712521828
2.93  0.02274174406151429  0.01614088718703731
2.94  0.02258830952636745  0.016799693013458877
2.95  0.02243426266902424  0.017440582600192548
2.96  0.022279607665375283  0.01806287246263885
2.97  0.022124348707796795  0.0186658989521037
2.98  0.021968490005036926  0.019249018963554358
2.99  0.021812035782101672  0.01981161062146714
3.0  0.02165499028014035  0.020353073943033873
3.0100000000000002  0.02149735775633061  0.020872831478021235
3.02  0.02133914248376307  0.021370328924599426
3.0300000000000002  0.021180348751325417  0.02184503572048442
3.04  0.021020980863586246  0.022296445608762476
3.0500000000000003  0.020861043140678253  0.022724077177794125
3.06  0.02070053991818122  0.02312747437462155
3.0700000000000003  0.020539475547004415  0.023506206991331963
3.08  0.02037785439326872  0.023859871123857936
3.09  0.020215680838188217  0.024188089602726094
3.1  0.020052959277951435  0.02449051239529402
3.11  0.019889694123602215  0.02476681697904688
3.12  0.01972588980092005  0.02501670868555562
3.13  0.019561550750300246  0.025239921014729615
3.14  0.0193966814266334  0.025436215919029125
3.15  0.019231286299184764  0.025605384057333896
3.16  0.019065369851473002  0.02574724501819769
3.17  0.01889893658114871  0.02586164751225018
3.18  0.01873199099987247  0.025948469533541477
3.19  0.018564537633192546  0.026007618489656784
3.2  0.018396581020422208  0.026039031300462794
3.21  0.0182281257145167  0.02604267446538022
3.22  0.018059176281949762  0.02601854409911093
3.23  0.017889737302589942  0.02596666593578147
3.24  0.017719813369576336  0.02588709530149856
3.25  0.01754940908919415  0.02577991705534594
3.2600000000000002  0.017378529080749803  0.025645245498885288
3.27  0.01720717797644571  0.025483224254257968
3.2800000000000002  0.017035360421254735  0.025294026111017387
3.29  0.016863081072794245  0.02507785284185549
3.3000000000000003  0.016690344601199857  0.0248349349874197
3.31  0.016517155688998857  0.024565531610450133
3.3200000000000003  0.016343519030983265  0.024269930019498794
3.33  0.01616943933408255  0.023948445462526002
3.34  0.01599492131723605  0.02360142079070014
3.35  0.015819969711265026  0.023229226092759882
3.36  0.015644589258744474  0.02283225830032861
3.37  0.015468784713874514  0.022410940764601553
3.38  0.015292560842351536  0.021965722804857906
3.39  0.015115922421238989  0.021497079229278557
3.4  0.014938874238837923  0.021005509828581265
3.41  0.014761421094557137  0.020491538843012448
3.42  0.014583567798783151  0.01995571440326495
3.43  0.014405319172749715  0.01939860794591705
3.44  0.014226680048407197  0.018820813604017224
3.45  0.01404765526829153  0.01822294757346321
3.46  0.013868249685393005  0.017605647455852688
3.47  0.013688468163024676  0.016969571578504882
3.48  0.013508315574690543  0.016315398292379556
3.49  0.013327796803953403  0.015643825248640993
3.5  0.013146916744302538  0.014955568654639562
3.5100000000000002  0.012965680299021  0.014251362510103421
3.52  0.01278409238105273  0.013531957824355515
3.5300000000000002  0.012602157912869344  0.012798121815390301
3.54  0.01241988182633674  0.01205063709166491
3.5500000000000003  0.012237269062581341  0.011290300817476413
3.56  0.012054324571856255  0.010517923862816431
3.5700000000000003  0.011871053313406956  0.009734329938608528
3.58  0.011687460255336951  0.008940354718251838
3.59  0.011503550374473055  0.008136844946406714
3.6  0.011319328656230468  0.007324657535973358
3.61  0.011134800094477712  0.0065046586542267665
3.62  0.010949969691401143  0.005677722799081634
3.63  0.010764842457369448  0.004844731866473613
3.64  0.01057942341079775  0.004006574209850174
3.65  0.010393717578011628  0.003164143692775484
3.66  0.010207729993110842  0.002318338735658171
3.67  0.010021465697832866  0.0014700613576203673
3.68  0.009834929741416197  0.0006202162145276455
3.69  0.009648127180463527  -0.00023029036579182843
3.7  0.00946106307880462  -0.0010805513501121796
3.71  0.009273742507359102  -0.0019296599671262335
3.72  0.009086170543998922  -0.0027767106744833216
3.73  0.008898352273410775  -0.003620800124515709
3.74  0.008710292786958194  -0.004461028127625262
3.75  0.008521997182543633  -0.005296498612301196
3.7600000000000002  0.008333470564470157  -0.006126320580747219
3.77  0.008144718043303165  -0.006949609059096572
3.7800000000000002  0.007955744735731794  -0.00776548604120372
3.79  0.007766555764430274  -0.008573081425004472
3.8000000000000003  0.007577156257919007  -0.009371533940447407
3.81  0.007387551350425589  -0.010159992068005629
3.8200000000000003  0.007197746181745577  -0.010937614946790429
3.83  0.007007745897103233  -0.011703573271297677
3.84  0.006817555647011966  -0.012457050175831012
3.85  0.0066271805871348025  -0.013197242105658244
3.86  0.006436625878144527  -0.013923359673972086
3.87  0.006245896685583877  -0.014634628503741745
3.88  0.006054998179725464  -0.015330290053556494
3.89  0.00586393553543163  -0.016009602426581896
3.9  0.005672713932014191  -0.01667184116176436
3.91  0.005481338553093946  -0.017316300006442076
3.92  0.005289814586460346  -0.017942291669536436
3.93  0.005098147223930623  -0.018549148554522405
3.94  0.004906341661209252  -0.01913622347139478
3.95  0.004714403097747007  -0.019702890326872217
3.96  0.0045223367366000345  -0.020248544792101867
3.97  0.004330147784288812  -0.020772604947153616
3.98  0.004137841450657024  -0.02127451190161541
3.99  0.003945422948730277  -0.02175373039062921
4.0  0.0037528974945748635  -0.0222097493457305
4.01  0.003560270307156327  -0.02264208243988372
4.0200000000000005  0.0033675466081979754  -0.023050268606131706
4.03  0.003174731622039356  -0.023433872529306052
4.04  0.0029818305754946237  -0.023792485110274632
4.05  0.0027888486977108266  -0.024125723902230153
4.0600000000000005  0.0025957912200261918  -0.02443323351855549
4.07  0.0024026633758283573  -0.02471468601182985
4.08  0.0022094704004123507  -0.02496978122357263
4.09  0.0020162175308388666  -0.02519824710435095
4.1  0.0018229100057921277  -0.025399840003910174
4.11  0.0016295530654379872  -0.025574344931017744
4.12  0.0014361519512818936  -0.02572157578274316
4.13  0.0012427119060266674  -0.025841375542929822
4.14  0.0010492381734305417  -0.02593361644964684
4.15  0.0008557359981648596  -0.025998200131442283
4.16  0.0006622106256720973  -0.026035057712252625
4.17  0.0004686673020234955  -0.02604414988485651
4.18  0.00027511127377688807  -0.026025466952794403
4.19  8.154778783454192e-05  -0.025979028840709465
4.2  -0.00011201790869906983  -0.025904885073098745
4.21  -0.00030558056865966077  -0.025803114721497114
4.22  -0.0004991349449651461  -0.025673826320150455
4.23  -0.0006926757907581051  -0.02551715775026798
4.24  -0.0008861978595477889  -0.025333276092977183
4.25  -0.0010796959053525103  -0.025122377451137996
4.26  -0.0012731646828418215  -0.02488468674020656
4.2700000000000005  -0.0014665989474786298  -0.02462045744837129
4.28  -0.0016599934556614307  -0.02432997136621742
4.29  -0.0018533429648664446  -0.0240135382862078
4.3  -0.0020466422337896903  -0.023671495672300966
4.3100000000000005  -0.00223988602248917  -0.02330420830005851
4.32  -0.002433069092526722  -0.022912067867625837
4.33  -0.002626186207110255  -0.022495492578000608
4.34  -0.0028192321312355342  -0.022054926693035184
4.3500000000000005  -0.0030122016318281583  -0.02159084005964796
4.36  -0.0032050894778854165  -0.021103727608749536
4.37  -0.0033978904406180635  -0.020594108827417346
4.38  -0.003590599293592126  -0.0200625272048823
4.39  -0.003783210812870492  -0.019509549652918047
4.4  -0.003975719777154579  -0.01893576590125084
4.41  -0.004168120967925862  -0.018341787868635252
4.42  -0.004360409169587298  -0.017728249010265505
4.43  -0.004552579169604814  -0.017095803642219583
4.44  -0.0047446257586484936  -0.016445126243655774
4.45  -0.0049365437307337945  -0.015776910737506165
4.46  -0.0051283278833628085  -0.015091869750433671
4.47  -0.005319973017665113  -0.014390733852842806
4.48  -0.005511473938538857  -0.013674250779753698
4.49  -0.005702825454791432  -0.012943184633371208
4.5  -0.005894022379280323  -0.012198315068198217
4.51  -0.006085059529053711  -0.011440436459563757
4.5200000000000005  -0.006275931725490879  -0.010670357056451646
4.53  -0.006466633794442676  -0.009888898119533493
4.54  -0.006657160566371761  -0.009096893045324787
4.55  -0.0068475068764927115  -0.008295186477399203
4.5600000000000005  -0.007037667564912102  -0.007484633405607892
4.57  -0.007227637476768228  -0.006666098254265347
4.58  -0.007417411462371053  -0.005840453960272888
4.59  -0.007606984377341622  -0.005008581042164858
4.6000000000000005  -0.007796351082751611  -0.0041713666610683365
4.61  -0.00798550644526261  -0.0033297036745797686
4.62  -0.008174445337265267  -0.0024844896845653743
4.63  -0.00836316263701829  -0.001636626079902951
4.64  -0.008551653228787337  -0.000787017075184495
4.65  -0.008739912002983609  6.343125359469133e-05
4.66  -0.008927933856302396  0.0009138119353315783
4.67  -0.009115713691861446  0.0017632180710663008
4.68  -0.009303246419339068  0.0026107438011556336
4.69  -0.00949052695511224  0.003455485271338177
4.7  -0.009677550222394218  0.004296541596660552
4.71  -0.009864311151372372  0.005133015822237816
4.72  -0.010050804679345476  0.005964015879821681
4.73  -0.010237025750860987  0.00678865553915789
4.74  -0.010422969317852094  0.007606055353117062
4.75  -0.010608630339774558  0.008415343595592298
4.76  -0.010794003783743384  0.009215657191162133
4.7700000000000005  -0.010979084624669188  0.010006142635527956
4.78  -0.011163867845394405  0.010785956905743896
4.79  -0.011348348436829423  0.011554268359269544
4.8  -0.01153252139808821  0.01231025762088505
4.8100000000000005  -0.011716381736624025  0.013053118456524085
4.82  -0.011899924468364588  0.013782058633091827
4.83  -0.01208314461784733  0.01449630076335203
4.84  -0.01226603721835424  0.015195083134981137
4.8500000000000005  -0.012448597312046446  0.01587766052290578
4.86  -0.012630819950098638  0.01654330498405698
4.87  -0.012812700192833261  0.017191306633694454
4.88  -0.012994233109854344  0.01782097440247165
4.89  -0.013175413780181257  0.018431636773435282
4.9  -0.01335623729238199  0.019022642498172773
4.91  -0.013536698744706376  0.019593361291344095
4.92  -0.013716793245218925  0.020143184502857726
4.93  -0.013896515911931445  0.020671525766972537
4.94  -0.014075861872935455  0.021177821627635054
4.95  -0.014254826266534048  0.02166153213938405
4.96  -0.014433404241373954  0.02212214144318199
4.97  -0.014611590956576846  0.02255915831655944
4.98  -0.014789381581870641  0.022972116697485057
4.99  -0.014966771297720428  0.02336057618140335
5.0  -0.015143755295459123  0.023724122490909494
5.01  -0.015320328777417841  0.02406236791756071
5.0200000000000005  -0.015496486957055921  0.024374951735352507
5.03  -0.01567222505909062  0.024661540585419382
5.04  -0.015847538319626726  0.024921828831549774
5.05  -0.01602242198628554  0.025155538886135212
5.0600000000000005  -0.016196871318333774  0.025362421506207336
5.07  -0.016370881586812047  0.025542256059245844
5.08  -0.016544448074663078  0.02569485075847506
5.09  -0.01671756607685959  0.02582004286739707
5.1000000000000005  -0.016890230900531787  0.02591769887334421
5.11  -0.017062437865094576  0.025987714629865207
5.12  -0.01723418230237455  0.02603001546779351
5.13  -0.01740545955673638  0.026044556274879116
5.14  -0.017576264985209172  0.02603132154389907
5.15  -0.017746593957612203  0.025990325389195355
5.16  -0.01791644185668046  0.025921611531622483
5.17  -0.018085804078189906  0.025825253251920834
5.18  -0.01825467603108214  0.0257013533125655
5.19  -0.018423053137589004  0.02555004384817401
5.2  -0.018590930833356514  0.02537148622458971
5.21  -0.018758304567568718  0.0251658708667912
5.22  -0.018925169803071032  0.02493341705581119
5.23  -0.01909152201649319  0.024674372694881652
5.24  -0.01925735669837189  0.02438901404505429
5.25  -0.019422669353273053  0.02407764543057856
5.26  -0.019587455499913645  0.023740598914351343
5.2700000000000005  -0.019751710671283222  0.023378233943784212
5.28  -0.019915430414764904  0.02299093696746671
5.29  -0.02007861029225623  0.022579121023032948
5.3  -0.02024124588028934  0.022143225296673015
5.3100000000000005  -0.020403332770150936  0.021683714654757016
5.32  -0.0205648665680018  0.021201079148073107
5.33  -0.02072584289499586  0.020695833489206398
5.34  -0.020886257387398986  0.02016851650361734
5.3500000000000005  -0.02104610569670717  0.01961969055500501
5.36  -0.021205383489764425  0.01904994094556716
5.37  -0.02136408644888035  0.01845987529179759
5.38  -0.02152221027194704  0.017850122876485817
5.39  -0.021679750672555807  0.01722133397761104
5.4  -0.021836703380113322  0.016574179174844945
5.41  -0.02199306413995734  0.015909348634403804
5.42  -0.02214882871347219  0.01522755137301227
5.43  -0.0223039928782035  0.014529514501763468
5.44  -0.022458552427972768  0.013815982450682848
5.45  -0.022612503172991336  0.01308771617482131
5.46  -0.022765840939973962  0.012345492342725469
5.47  -0.02291856157225202  0.01159010250814959
5.48  -0.0230706609298861  0.01082235226589371
5.49  -0.023222134889778197  0.010043060392667265
5.5  -0.02337297934578364  0.009253057973893787
5.51  -0.02352319020882223  0.008453187517390553
5.5200000000000005  -0.023672763406989226  0.007644302054864875
5.53  -0.02382169488566558  0.006827264232188967
5.54  -0.023969980607627964  0.006002945389419407
5.55  -0.02411761655315819  0.005172224631546743
5.5600000000000005  -0.024264598720152155  0.004335987890962702
5.57  -0.024410923124228313  0.0034951269826467724
5.58  -0.02455658579883572  0.0026505386530792114
5.59  -0.02470158279536153  0.0018031236238943253
5.6000000000000005  -0.02484591018323811  0.0009537856312953636
5.61  -0.024989564050049425  0.00010343046225350268
5.62  -0.02513254050163729  -0.0007470350114797148
5.63  -0.02527483566220679  -0.0015967038005168643
5.64  -0.0254164456744314  -0.002444669765105007
5.65  -0.025557366699557594  -0.0032900285814890483
5.66  -0.025697594917508775  -0.004131878706339329
5.67  -0.025837126526988975  -0.004969322338213433
5.68  -0.025975957745585816  -0.005801466375027959
5.69  -0.026114084809873057  -0.0066274233665177176
5.7  -0.026251503975512624  -0.007446312460668351
5.71  -0.026388211517356097  -0.00825726034311174
5.72  -0.02652420372954573  -0.009059402168482791
5.73  -0.026659476925614857  -0.00985188248274486
5.74  -0.026794027438587824  -0.010633856135498315
5.75  -0.02692785162107947  -0.011404489181302787
5.76  -0.027060945845393893  -0.012162959769047563
5.7700000000000005  -0.0271933065036229  -0.012908459018425642
5.78  -0.027324930007743695  -0.013640191882573222
5.79  -0.027455812789716212  -0.014357377995957973
5.8  -0.027585951301579866  -0.015059252506609364
5.8100000000000005  -0.027715342015549663  -0.015745066891804094
5.82  -0.02784398142411182  -0.016414089756337697
5.83  -0.027971866040118955  -0.017065607612529815
5.84  -0.02809899239688449  -0.01769892564113222
5.8500000000000005  -0.02822535704827674  -0.018313368432326928
5.86  -0.0283509565688122  -0.018908280706025626
5.87  -0.028475787553748508  -0.019483028010701113
5.88  -0.028599846619176736  -0.020036997400005897
5.89  -0.028723130402113037  -0.020569598086456628
5.9  -0.028845635560589937  -0.021080262071486316
5.91  -0.028967358773746763  -0.02156844475119366
5.92  -0.029088296741919817  -0.02203362549714248
5.93  -0.029208446186731764  -0.02247530821159252
5.94  -0.02932780385118048  -0.02289302185656875
5.95  -0.02944636649972737  -0.02328632095620559
5.96  -0.029564130918385067  -0.023654786071830552
5.97  -0.02968109391480456  -0.023998024249279274
5.98  -0.02979725231836177  -0.02431566943796676
5.99  -0.029912602980243376  -0.02460738288126609
6.0  -0.030027142773532342  -0.024872853477780073
6.01  -0.030140868593292555  -0.02511179811311883
6.0200000000000005  -0.030253777356653043  -0.025323961961830767
6.03  -0.030365866002891533  -0.025509118759164277
6.04  -0.030477131493517426  -0.02566707104237058
6.05  -0.030587570812354182  -0.025797650361290357
6.0600000000000005  -0.030697180965621053  -0.0259007174579994
6.07  -0.030805958982014218  -0.025976162415322024
6.08  -0.030913901912787412  -0.026023904774053537
6.09  -0.031021006831831763  -0.02604389361876701
6.1000000000000005  -0.031127270835755214  -0.026036107632112608
6.11  -0.0312326910439611  -0.026000555117551782
6.12  -0.03133726459872634  -0.02593727399050189
6.13  -0.031440988665278904  -0.0258463317379009
6.140000000000001  -0.03154386043187457  -0.025727825346235016
6.15  -0.03164587710987324  -0.025581881198106404
6.16  -0.03174703593381446  -0.025408654937450703
6.17  -0.03184733416149245  -0.0252083313035488
6.18  -0.031946769074030386  -0.024981123934009287
6.19  -0.03204533797595415  -0.02472727513693191
6.2  -0.03214303819526533  -0.02444705563249536
6.21  -0.03223986708351376  -0.024140764264244063
6.22  -0.03233582201586918  -0.02380872768038312
6.23  -0.03243090039119255  -0.02345129998541996
6.24  -0.03252509963210637  -0.023068862362525668
6.25  -0.03261841718506471  -0.022661822667017134
6.26  -0.032710850520422385  -0.022230614991394726
6.2700000000000005  -0.03280239713250348  -0.021775699202399246
6.28  -0.03289305453966929  -0.021297560450581166
6.29  -0.03298282028438568  -0.02079670865290599
6.3  -0.03307169193328955  -0.02027367794894675
6.3100000000000005  -0.03315966707725496  -0.019729026131244647
6.32  -0.033246743331458294  -0.01916333405044406
6.33  -0.03333291833544302  -0.018577204995837312
6.34  -0.03341818975318359  -0.017971264051979397
6.3500000000000005  -0.03350255527314884  -0.017346157432058557
6.36  -0.033586012608364586  -0.01670255178873496
6.37  -0.03366855949647567  -0.01604113350317983
6.38  -0.033750193699807245  -0.015362607953076623
6.390000000000001  -0.03383091300542548  -0.014667698760361546
6.4  -0.03391071522519748  -0.01395714701950888
6.41  -0.033989598195850686  -0.013231710507180954
6.42  -0.03406755977903146  -0.012492162874087939
6.43  -0.034144597861363084  -0.011739292819919006
6.44  -0.03422071035450299  -0.010973903252223083
6.45  -0.03429589519519944  -0.010196810430139194
6.46  -0.03437015034534743  -0.009408843093885684
6.47  -0.03444347379204394  -0.008610841580940899
6.48  -0.03451586354764248  -0.007803656929854524
6.49  -0.034587317649807  -0.006988149972647094
6.5  -0.034657834161565065  -0.0061651904167651945
6.51  -0.034727411171360384  -0.005335655917570849
6.5200000000000005  -0.03479604679310461  -0.0045004311423556854
6.53  -0.03486373916622845  -0.0036604068268762512
6.54  -0.034930486455732164  -0.0028164788254179656
6.55  -0.03499628685223523  -0.00196954715540037
6.5600000000000005  -0.03506113857202547  -0.0011205150375419876
6.57  -0.035125039857107306  -0.0002702879326104881
6.58  -0.03518798897524954  0.0005802274242184147
6.59  -0.035249984220032185  0.0014301239903587622
6.6000000000000005  -0.035311023910892816  0.0022784953831420044
6.61  -0.03537110639317209  0.0031244368464388803
6.62  -0.03543023003815858  0.003967046215549023
6.63  -0.03548839324313297  0.004805424879324613
6.640000000000001  -0.03554559443141149  0.005638678738505778
6.65  -0.03560183205238859  0.006465919159243667
6.66  -0.0356571045815791  0.007286263920794899
6.67  -0.03571141052065944  0.008098838156377089
6.68  -0.035764748397508296  0.008902775286180704
6.69  -0.035817116766246535  0.009697217941544557
6.7  -0.03586851420727632  0.010481318879306244
6.71  -0.03591893932731971  0.011254241885355828
6.72  -0.03596839075945632  0.012015162666426597
6.73  -0.036016867163160465  0.01276326972917235
6.74  -0.03606436722433744  0.013497765245594822
6.75  -0.036110889655359135  0.014217865903897025
6.76  -0.03615643319509901  0.014922803743856078
6.7700000000000005  -0.03620099660896621  0.015611826975823381
6.78  -0.036244578688939044  0.016284200782480277
6.79  -0.036287178253597785  0.016939208102492942
6.8  -0.03632879414815663  0.017576150395231242
6.8100000000000005  -0.03636942524449504  0.018194348385736307
6.82  -0.03640907044118831  0.01879314278914096
6.83  -0.03644772866353742  0.019371895013773125
6.84  -0.036485398863598195  0.01992998784218899
6.8500000000000005  -0.03652208002020969  0.020466826089412794
6.86  -0.03655777113902185  0.02098183723767852
6.87  -0.03659247125252253  0.021474472046999052
6.88  -0.036626179420063645  0.02194420514090986
6.890000000000001  -0.03665889472788674  0.022390535566762945
6.9  -0.036690616289147694  0.022812987329974162
6.91  -0.03672134324394082  0.023211109901653433
6.92  -0.036751074759322135  0.02358447869907701
6.93  -0.03677981002933195  0.023932695538488667
6.94  -0.03680754827501674  0.024255389059747882
6.95  -0.03683428874445021  0.024552215122371372
6.96  -0.03686003071275373  0.024822857172545933
6.97  -0.03688477348211597  0.025067026580721276
6.98  -0.03690851638181178  0.025284462949422375
6.99  -0.03693125876822043  0.025474934390953698
7.0  -0.03695300002484302  0.02563823777469866
7.01  -0.036973739562319204  0.02577419894375078
7.0200000000000005  -0.03699347681844315  0.02588267290064549
7.03  -0.0370122112581788  0.02596354396199436
7.04  -0.037029942373674386  0.026016725881857227
7.05  -0.037046669684276154  0.026042161943720124
7.0600000000000005  -0.03706239273654142  0.026039825020981344
7.07  -0.037077111104250875  0.02600971760588095
7.08  -0.037090824388420096  0.025951871806842882
7.09  -0.037103532217310435  0.025866349314232536
7.1000000000000005  -0.037115234246439  0.0257532413345663
7.11  -0.037125930158588075  0.025612668493243278
7.12  -0.037135619663813665  0.025444780705902805
7.13  -0.03714430249945341  0.02524975701854507
7.140000000000001  -0.03715197843013364  0.025027805416585322
7.15  -0.03715864724777582  0.02477916260304527
7.16  -0.03716430877160211  0.024504093746118186
7.17  -0.037168962848140384  0.02420289219637709
7.18  -0.037172609351228264  0.023875879173927257
7.19  -0.03717524818201662  0.023523403425837294
7.2  -0.037176879268972236  0.02314584085421337
7.21  -0.03717750256787972  0.022743594115313907
7.22  -0.037177118061842734  0.022317092190131612
7.23  -0.03717572576128444  0.021866789926901727
7.24  -0.03717332570394721  0.02139316755602332
7.25  -0.037169917954891635  0.020896730177911695
7.26  -0.037165502606494705  0.02037800722432791
7.2700000000000005  -0.037160079778447354  0.019837551893759443
7.28  -0.03715364961775121  0.019275940561455495
7.29  -0.037146212298714565  0.018693772164743654
7.3  -0.037137768022947715  0.01809166756428656
7.3100000000000005  -0.037128317019357454  0.01747026888195674
7.32  -0.037117859544140874  0.016830238816038547
7.33  -0.03710639588077844  0.016172259934484824
7.34  -0.03709392634002625  0.015497033946983936
7.3500000000000005  -0.03708045125990769  0.014805280956613188
7.36  -0.03706597100570423  0.014097738691875743
7.37  -0.03705048596994551  0.013375161719941095
7.38  -0.03703399657239869  0.012638320641927325
7.390000000000001  -0.03701650326005714  0.011888001271084499
7.4  -0.036998006507128256  0.011125003794754115
7.41  -0.03697850681502063  0.010350141920999548
7.42  -0.03695800471233043  0.009564242010817126
7.43  -0.03693650075482714  0.00876814219685293
7.44  -0.0369139955254384  0.00796269148956641
7.45  -0.03689048963423429  0.007148748871792367
7.46  -0.03686598371841073  0.006327182382668306
7.47  -0.03684047844227226  0.005498868191903044
7.48  -0.03681397449721397  0.0046646896653751505
7.49  -0.03678647260170283  0.0038255364230566375
7.5  -0.03675797350125813  0.002982303390265943
7.51  -0.03672847796843137  0.0021358898432647933
7.5200000000000005  -0.03669798680278522  0.0012871984502130368
7.53  -0.03666650083087191  0.00043713430850817435
7.54  -0.036634020906210804  -0.000413396020468226
7.55  -0.036600547909265244  -0.0012634854781630577
7.5600000000000005  -0.036566082747418724  -0.0021122274761959294
7.57  -0.03653062635495025  -0.0029587168632014063
7.58  -0.03649417969300907  -0.003802050890138759
7.59  -0.03645674374958853  -0.004641330173040177
7.6000000000000005  -0.03641831953949937  -0.005475659652169324
7.61  -0.0363789081043422  -0.006304149546569198
7.62  -0.036338510512479244  -0.007125916302979922
7.63  -0.03629712785900538  -0.007940083538114895
7.640000000000001  -0.03625476126571846  -0.008745782973291018
7.65  -0.03621141188108891  -0.009542155360414206
7.66  -0.0361670808802286  -0.010328351398336356
7.67  -0.03612176946485896  -0.011103532638601966
7.68  -0.03607547886327844  -0.011866872379622612
7.69  -0.03602821033032917  -0.012617556548322436
7.7  -0.035979965147363006  -0.013354784568316763
7.71  -0.03593074462220673  -0.014077770213696569
7.72  -0.03588055008912664  -0.014785742447508705
7.73  -0.03582938290879236  -0.015477946244038164
7.74  -0.03577724446823998  -0.016153643394013692
7.75  -0.03572413618083442  -0.01681211329188126
7.76  -0.03567005948623114  -0.017452653704301803
7.7700000000000005  -0.035615015850337106  -0.018074581519057383
7.78  -0.03555900676527107  -0.018677233473563835
7.79  -0.03550203374932311  -0.019259966862215972
7.8  -0.03544409834691345  -0.019822160221808792
7.8100000000000005  -0.03538520212855059  -0.020363213994304276
7.82  -0.035325346690788836  -0.020882551166237696
7.83  -0.035264533656184885  -0.021379617884080618
7.84  -0.03520276467325389  -0.021853884044905035
7.8500000000000005  -0.035140041416424794  -0.02230484386171786
7.86  -0.03507636558599496  -0.022732016402863903
7.87  -0.03501173890808398  -0.023134946104921315
7.88  -0.03494616313458699  -0.023513203258542767
7.890000000000001  -0.03487964004312713  -0.023866384466724483
7.9  -0.034812171437007364  -0.02419411307501352
7.91  -0.03474375914516159  -0.024496039573196075
7.92  -0.03467440502210506  -0.024771841968036546
7.930000000000001  -0.03460411094788415  -0.025021226126671486
7.94  -0.03453287882802532  -0.025243926090290913
7.95  -0.03446071059348353  -0.025439704357773624
7.96  -0.034387608200589864  -0.025608352138973133
7.97  -0.034313573630998476  -0.025749689577384386
7.98  -0.034238608891632924  -0.025863565941954096
7.99  -0.03416271601463171  -0.025949859787829575
8.0  -0.03408589705729326  -0.026008479085875266
8.01  -0.034008154102020086  -0.026039361320818202
8.02  -0.033929489256262366  -0.026042473557918278
8.03  -0.033849904652460835  -0.026017812478091887
8.040000000000001  -0.033769402447988935  -0.02596540438145156
8.05  -0.03368798482509438  -0.025885305159257962
8.06  -0.033605653990839986  -0.025777600234313917
8.07  -0.033522412177043805  -0.025642404469864183
8.08  -0.03343826164021867  -0.025479862047098192
8.09  -0.03335320466151098  -0.02529014631138624
8.1  -0.033267243546638965  -0.02507345958741307
8.11  -0.033180380625830036  -0.024830032963406405
8.120000000000001  -0.0330926182537577  -0.024560126044689788
8.13  -0.03300395880947779  -0.02426402667682374
8.14  -0.032914404696363836  -0.023942050638628747
8.15  -0.03282395834204198  -0.02359454130541949
8.16  -0.032732622198325234  -0.023221869282807714
8.17  -0.03264039874114688  -0.022824432011465542
8.18  -0.03254729047049349  -0.02240265334326987
8.19  -0.03245329991033703  -0.02195698308928017
8.2  -0.03235842960856657  -0.02148789654003225
8.21  -0.0322626821369191  -0.02099589395865833
8.22  -0.03216606009090989  -0.020481500047376082
8.23  -0.0320685660897621  -0.019945263387912412
8.24  -0.03197020277633579  -0.019387755856462543
8.25  -0.03187097281705624  -0.018809572013805308
8.26  -0.031770878901841756  -0.018211328471226307
8.27  -0.03166992374403065  -0.01759366323292563
8.28  -0.03156811008030776  -0.01695723501560989
8.290000000000001  -0.031465440670630174  -0.01630272254599608
8.3  -0.031361918298152616  -0.015630823836975116
8.31  -0.03125754576915174  -0.014942255443207087
8.32  -0.031152325912950186  -0.014237751696942701
8.33  -0.03104626158183995  -0.013518063924885974
8.34  -0.03093935565100492  -0.012783959646932406
8.35  -0.030831611018443027  -0.012036221757637657
8.36  -0.03072303060488769  -0.011275647691290584
8.370000000000001  -0.030613617353728577  -0.010503048571478765
8.38  -0.030503374230931874  -0.009719248346057124
8.39  -0.030392304224959893  -0.008925082908436875
8.4  -0.030280410346689997  -0.008121399206137976
8.41  -0.030167695629333004  -0.0073090543375510676
8.42  -0.03005416312835099  -0.006488914637874077
8.43  -0.029939815921374503  -0.005661854755198977
8.44  -0.029824657108118997  -0.004828756717731843
8.45  -0.029708689810300913  -0.003990508993143623
8.46  -0.02959191717155306  -0.0031480055410523927
8.47  -0.02947434235733937  -0.0023021448596496387
8.48  -0.02935596855486903  -0.0014538290274848844
8.49  -0.02923679897301021  -0.0006039627414338097
8.5  -0.029116836842202957  0.0002465476481272426
8.51  -0.028996085414371695  0.0010967951039100865
8.52  -0.028874547962837036  0.0019458728690351316
8.53  -0.028752227782227115  0.0027928754340541713
8.540000000000001  -0.02862912818838815  0.0036368995026415593
8.55  -0.028505252518294694  0.004477044954925681
8.56  -0.028380604129959127  0.005312415807433379
8.57  -0.02825518640234056  0.006142121168622087
8.58  -0.028129002735253303  0.006965276188982562
8.59  -0.02800205654927477  0.007781003004696916
8.6  -0.02787435128565259  0.008588431673848027
8.61  -0.027745890406211452  0.009386701104179192
8.620000000000001  -0.02761667739325918  0.010174959971417012
8.63  -0.0274867157494925  0.010952367627176156
8.64  -0.02735600899790183  0.011718094995480034
8.65  -0.027224560681675954  0.012471325456938246
8.66  -0.02709237436410598  0.01321125571964074
8.67  -0.02695945362848865  0.013937096675838603
8.68  -0.026825802078029246  0.014648074243497199
8.69  -0.02669142333574399  0.015343430191826109
8.700000000000001  -0.026556321044361696  0.016022422949903248
8.71  -0.026420498866225144  0.01668432839753232
8.72  -0.0262839604831917  0.017328440637490106
8.73  -0.02614670959653362  0.01795407274833888
8.74  -0.02600874992683761  0.01856055751700259
8.75  -0.02587008521390399  0.019147248150324012
8.76  -0.02573071921664542  0.019713518964845793
8.77  -0.025590655712984856  0.02025876605407784
8.78  -0.025449898499753203  0.020782407932541047
8.790000000000001  -0.02530845139258643  0.02128388615589987
8.8  -0.02516631822582212  0.02176266591652159
8.81  -0.02502350285239541  0.02221823661382909
8.82  -0.024880009143734762  0.022650112398836804
8.83  -0.024735840989656817  0.023057832692290572
8.84  -0.024591002298261055  0.02344096267585779
8.85  -0.02444549699582381  0.023799093755845074
8.86  -0.024299329026691928  0.0241318439989478
8.870000000000001  -0.024152502353175676  0.024438858539567745
8.88  -0.02400502095544151  0.024719809958263728
8.89  -0.023856888831404095  0.024974398630932267
8.9  -0.023708109996617883  0.02520235304834538
8.91  -0.02355868848416832  0.025403430105704783
8.92  -0.023408628344562588  0.02557741536190423
8.93  -0.023257933645619632  0.025724123268222664
8.94  -0.02310660847236003  0.025843397366205056
8.950000000000001  -0.022954656926895148  0.025935110454519465
8.96  -0.022802083128316157  0.02599916472461237
8.97  -0.022648891212582067  0.026035491865017905
8.98  -0.02249508533240779  0.026044053134209412
8.99  -0.022340669657151608  0.026024839401915842
9.0  -0.022185648372702017  0.025977871158858825
9.01  -0.022030025681364307  0.0259031984949001
9.02  -0.021873805801746752  0.025800901045622562
9.03  -0.021716992968646077  0.025671087907401934
9.040000000000001  -0.021559591432932745  0.025513897521059488
9.05  -0.021401605461435776  0.025329497524220382
9.06  -0.021243039336827037  0.025118084572534085
9.07  -0.021083897357505085  0.02487988412994886
9.08  -0.020924183837478703  0.024615150228262717
9.09  -0.02076390310625004  0.024324165196208256
9.1  -0.020603059508697077  0.024007239358359644
9.11  -0.020441657404955942  0.023664710704183023
9.120000000000001  -0.02027970117030275  0.023296944527583657
9.13  -0.020117195195034958  0.02290433303733376
9.14  -0.01995414388435231  0.022487294938796466
9.15  -0.019790551658237444  0.022046274987392294
9.16  -0.019626422951336174  0.021581743514284494
9.17  -0.01946176221283713  0.021094195924788454
9.18  -0.0192965739063512  0.02058415217004042
9.19  -0.019130862509790632  0.020052156192489567
9.200000000000001  -0.01896463251524744  0.019498775345803326
9.21  -0.018797888428871867  0.018924599789807005
9.22  -0.018630634770750082  0.01833024186109936
9.23  -0.01846287607478165  0.01771633542001967
9.24  -0.018294616888556662  0.01708353517465894
9.25  -0.01812586177323254  0.016432515982638812
9.26  -0.017956615303410244  0.015763972131401183
9.27  -0.017786882067010346  0.015078616597776557
9.28  -0.017616666665148627  0.014377180287621642
9.290000000000001  -0.017445973712011432  0.013660411256335027
9.3  -0.01727480783473054  0.012929073911085515
9.31  -0.017103173673257616  0.012183948195599138
9.32  -0.016931075880238664  0.011425828758379697
9.33  -0.01675851912088769  0.010655524105245718
9.34  -0.016585508072860328  0.009873855737089174
9.35  -0.016412047426127115  0.009081657273776331
9.36  -0.01623814188284619  0.008279773565122892
9.370000000000001  -0.01606379615723592  0.007469059789894001
9.38  -0.015889014975447154  0.006650380543788314
9.39  -0.015713803075435056  0.005824608917378921
9.4  -0.015538165206830615  0.004992625564995122
9.41  -0.015362106130811928  0.004155317765538222
9.42  -0.015185630619975259  0.003313578476231734
9.43  -0.015008743458205458  0.002468305380315868
9.44  -0.01483144944054637  0.0016203999297028128
9.450000000000001  -0.01465375337307093  0.0007707663836113363
9.46  -0.01447566007275081  -7.96891557901646e-05
9.47  -0.014297174367325768  -0.0009300597097093143
9.48  -0.01411830109517286  -0.0017794383899870907
9.49  -0.013939045105175362  -0.002626919366260338
9.5  -0.013759411256591136  -0.0034715988319960114
9.51  -0.013579404418921026  -0.004312575968366135
9.52  -0.013399029471776904  -0.005148953904937893
9.53  -0.01321829130474925  -0.005979840676151504
9.540000000000001  -0.013037194817274646  -0.006804350172568355
9.55  -0.012855744918503179  -0.00762160308587278
9.56  -0.012673946527165003  -0.008430727846622164
9.57  -0.012491804571437242  -0.009230861553742007
9.58  -0.012309323988810308  -0.010021150894777786
9.59  -0.012126509725954176  -0.010800753055920783
9.6  -0.011943366738584111  -0.011568836620836671
9.61  -0.011759899991326412  -0.01232458245734038
9.620000000000001  -0.011576114457583896  -0.01306718459096921
9.63  -0.01139201511940103  -0.013795851064524252
9.64  -0.011207606967328775  -0.014509804782663283
9.65  -0.011022895000289504  -0.015208284340643296
9.66  -0.010837884225441312  -0.01589054483633035
9.67  -0.010652579658042335  -0.0165558586646091
9.68  -0.010466986321314915  -0.01720351629334683
9.69  -0.010281109246309246  -0.01783282702008225
9.700000000000001  -0.01009495347176707  -0.018443119708633986
9.71  -0.009908524043985154  -0.01903374350484164
9.72  -0.009721826016678444  -0.019604068530677893
9.73  -0.009534864450843  -0.020153486555989024
9.74  -0.009347644414618857  -0.020681411647149726
9.75  -0.009160170983152739  -0.021187280791939433
9.76  -0.00897244923846031  -0.0216705544999732
9.77  -0.008784484269288474  -0.02213071737804835
9.78  -0.008596281170977544  -0.022567278679791518
9.790000000000001  -0.0084078450453229  -0.02297977282902143
9.8  -0.00821918100043694  -0.023367759916268133
9.81  -0.008030294150610328  -0.023730826167920088
9.82  -0.00784118961617366  -0.0240685843874981
9.83  -0.0076518725233584075  -0.024380674368585743
9.84  -0.007462348004158058  -0.02466676327897572
9.85  -0.007272621196189089  -0.02492654601562326
9.86  -0.007082697242551514  -0.025159745530026832
9.870000000000001  -0.00689258129168953  -0.02536611312368981
9.88  -0.0067022784972521655  -0.025545428713348195
9.89  -0.006511794017953196  -0.0256975010656812
9.9  -0.00632113301743157  -0.02582216800125425
9.91  -0.00613030066411132  -0.0259192965674772
9.92  -0.005939302131061596  -0.025988783180393417
9.93  -0.005748142595856246  -0.026030553735148072
9.94  -0.00555682724043354  -0.02604456368501816
9.950000000000001  -0.005365361250955783  -0.026030798088919966
9.96  -0.005173749817668657  -0.025989271627343123
9.97  -0.0049819981347604195  -0.025920028586694423
9.98  -0.004790111400221344  -0.02582314281206809
9.99  -0.0045980948157025685  -0.025698717628492677
10.0  -0.00440595358637523  -0.025546885730738877
