0.0  3.6061879403076915  5.392725536660765
0.005  3.6754499730902426  5.634747765029401
0.01  3.7424063974656216  5.866973269628613
0.015  3.8070536530007155  6.089024429467996
0.02  3.869391140046246  6.300541320209718
0.025  3.9294211900824694  6.501182325328588
0.03  3.987149030732199  6.690624715415743
0.035  4.042582745520754  6.868565194625145
0.04  4.09573322847301  7.034720413319196
0.045  4.1466141336481455  7.188827446028584
0.05  4.195241819722837  7.33064423390188
0.055  4.241635289743636  7.459949990882093
0.06  4.285816126178945  7.576545572910601
0.065  4.327808421410467  7.680253809523123
0.07  4.3676387038130695  7.770919797267874
0.075  4.405335859580943  7.848411154442455
0.08  4.440931050466309  7.912618236713319
0.085  4.4744576276051555  7.963454313249719
0.09  4.505951041612256  8.000855703072736
0.095  4.5354487491350906  8.024781871389226
0.1  4.562990116063339  8.035215485750093
0.105  4.588616317597199  8.03216243194221
0.11  4.612370235383956  8.015651789593432
0.115  4.634296351937961  7.985735767540108
0.12  4.654440642564491  7.942489599076577
0.125  4.672850465012775  7.8860113972759605
0.13  4.689574447087842  7.816421970640922
0.135  4.704662372454717  7.733864599412188
0.14  4.7181650648719415  7.638504772930956
0.145  4.730134271094215  7.530529888519189
0.15  4.74062254268647  7.410148912408625
0.155  4.749683116993502  7.277592003315418
0.16  4.75736979751074  7.133110099322272
0.165  4.763736833902607  6.976974468793774
0.17  4.768838801915303  6.809476226113182
0.17500000000000002  4.772730483430694  6.630925813090107
0.18  4.775466746907385  6.4416524469482574
0.185  4.777102428453839  6.2420035358605
0.19  4.7776922137768185  6.032344063054978
0.195  4.777290521246171  5.813055940570652
0.2  4.775951386314388  5.584537333793398
0.20500000000000002  4.7737283475261645  5.34720195795464
0.21  4.770674334349581  5.101478347823213
0.215  4.766841557056331  4.8478091018677505
0.22  4.762281398873909  4.586650102211307
0.225  4.757044310627586  4.31846971174195
0.23  4.751179708084454  4.043747949782793
0.23500000000000001  4.744735872205939  3.762975647762179
0.24  4.737759852508801  3.4766535863594656
0.245  4.73029737372782  3.1852916156340436
0.25  4.722392745966258  2.8894077596747474
0.255  4.714088778512545  2.589527307333735
0.26  4.705426697493821  2.2861818906329465
0.265  4.696446067528549  1.979908552452744
0.27  4.687184717531969  1.6712488051308556
0.275  4.677678670819099  1.360747681615424
0.28  4.66796207964085  1.0489527808288928
0.28500000000000003  4.658067164279335  0.7364133089094591
0.29  4.648024156818639  0.42367911800377367
0.295  4.637861249697425  0.11129974428883183
0.3  4.627604549139447  -0.2001765530977352
0.305  4.617278033547759  -0.510203750541667
0.31  4.606903516937763  -0.8182390141774547
0.315  4.596500617473558  -1.123743648189842
0.32  4.586086731161231  -1.4261840355366524
0.325  4.575677010741746  -1.7250325694514022
0.33  4.565284349815113  -2.019768574100423
0.335  4.554919372216408  -2.309879212788174
0.34  4.544590426653093  -2.5948603821263356
0.34500000000000003  4.53430358660198  -2.8742175906068153
0.35000000000000003  4.524062655453086  -3.1474668200460862
0.355  4.5138691768764705  -3.4141353683983446
0.36  4.503722450377213  -3.673762672467541
0.365  4.4936195519927224  -3.925901109083431
0.37  4.483555360075688  -4.170116773344652
0.375  4.473522586095362  -4.405990232571779
0.38  4.4635118103792095  -4.633117254655856
0.385  4.4535115227066795  -4.851109509532692
0.39  4.443508167656556  -5.059595242560206
0.395  4.433486194599448  -5.258219918625173
0.4  4.423428112217211  -5.446646835856975
0.405  4.4133145474215665  -5.624557707879074
0.41000000000000003  4.40312430853508  -5.7916532135838725
0.41500000000000004  4.392834452588607  -5.947653513473514
0.42  4.382420356580823  -6.092298731667523
0.425  4.371855792537157  -6.225349402738225
0.43  4.361113006197475  -6.346586882596439
0.435  4.350162799154407  -6.455813722712691
0.44  4.338974614256911  -6.5528540070233365
0.445  4.327516624087017  -6.637553650936219
0.45  4.315755822311227  -6.709780661916724
0.455  4.303658117702145  -6.769425361202274
0.46  4.291188430620439  -6.81640056626124
0.465  4.2783107917420695  -6.8506417336809164
0.47000000000000003  4.264988442811246  -6.872107062238368
0.47500000000000003  4.25118393919533  -6.880777555977539
0.48  4.236859254014304  -6.876657047186033
0.485  4.221975883614238  -6.859772179234987
0.49  4.206494954151469  -6.830172349315729
0.495  4.190377329052055  -6.7879296111769865
0.5  4.173583717109343  -6.733138538036399
0.505  4.156074780981347  -6.66591604590972
0.51  4.137811245848864  -6.58640117767034
0.515  4.118754007995175  -6.494754848220425
0.52  4.098864243068469  -6.39115955122304
0.525  4.078103513788918  -6.275819027911812
0.53  4.056433876863766  -6.14895789856111
0.535  4.0338179888755645  -6.010821257264974
0.54  4.010219210911047  -5.861674230737275
0.545  3.9856017117009825  -5.701801501908586
0.55  3.959930569044659  -5.5315067991567695
0.555  3.933171869296415  -5.351112352068528
0.56  3.905292804695971  -5.16095831468775
0.5650000000000001  3.8762617683289684  -4.961402157263324
0.5700000000000001  3.846048446509365  -4.7528180275644
0.5750000000000001  3.814623908380934  -4.535596082884239
0.58  3.7819606925411353  -4.310141793905275
0.585  3.7480328904971767  -4.076875221647118
0.59  3.7128162267708786  -3.8362302687667458
0.595  3.6762881354761947  -3.58865390652461
0.6  3.638427833201  -3.3346053787734937
0.605  3.599216388032568  -3.074555384366997
0.61  3.558636784574633  -2.808985239422483
0.615  3.5166739848124626  -2.5383860209086144
0.62  3.4733149846914295  -2.263257693060527
0.625  3.4285488662836845  -1.984108218155655
0.63  3.382366845427125  -1.701452653210914
0.635  3.334762314730553  -1.4158122341865818
0.64  3.2857308818488944  -1.1277134493042782
0.645  3.235270402942502  -0.8376871031056043
0.65  3.1833810112449488  -0.5462673728943443
0.655  3.1300651406742084  -0.253990859218709
0.66  3.07532754443276  0.03860436793951749
0.665  3.019175308552931  0.33097972559417177
0.67  2.961617860354658  0.622597075122886
0.675  2.902666971793722  0.9129196788930161
0.68  2.842336757689555  1.201413154465277
0.685  2.7806436688326293  1.48754642469897
0.6900000000000001  2.7176064799825146  1.7707926620899193
0.6950000000000001  2.6532462727785813  2.050630225681885
0.7000000000000001  2.587586413596286  2.32654358890525
0.705  2.5206525263928796  2.598024256712311
0.71  2.4524724605969896  2.8645716703972623
0.715  2.3830762541073636  3.125694098509969
0.72  2.3124960914764174  3.380909512297287
0.725  2.2407662573646316  3.629746444132124
0.73  2.1679230853620366  3.8717448274202626
0.735  2.094004902282926  4.10645681650718
0.74  2.019051968049703  4.333447585141894
0.745  1.9431064112912897  4.552296102092176
0.75  1.8662121607906665  4.762595882545419
0.755  1.7884148729251637  4.963955713971524
0.76  1.7097618552516614  5.15600035516877
0.765  1.6303019863972277  5.338371207260406
0.77  1.5500856324237122  5.510726955458607
0.775  1.4691645598423586  5.672744180463506
0.78  1.3875918454618628  5.824117938417943
0.785  1.305421783260033  5.964562308393542
0.79  1.2227097884757678  6.093810906440399
0.795  1.1395122991240867  6.211617365291028
0.8  1.0558866751424882  6.317755778869276
0.805  0.9718910953822287  6.412021110816387
0.81  0.8875844526626452  6.494229566309223
0.8150000000000001  0.803026247111115  6.5642189265099375
0.8200000000000001  0.7182764780148421  6.621848845051604
0.8250000000000001  0.6333955344140828  6.667001106030754
0.8300000000000001  0.5484440846692535  6.6995798430450595
0.835  0.4634829652365793  6.719511718882577
0.84  0.3785730688889352  6.726746065537771
0.845  0.29377523261974625  6.721254984298961
0.85  0.20915012546867057  6.703033405721735
0.855  0.12475813650816814  6.672099109373088
0.86  0.04065926322979124  6.628492703301449
0.865  -0.04308699943159594  6.5722775632583055
0.87  -0.12642176919866308  6.503539731767634
0.875  -0.2092868854422577  6.422387777209668
0.88  -0.2916250168286972  6.328952613155602
0.885  -0.37337976739333895  6.223387278259487
0.89  -0.45449578081316455  6.105866677082742
0.895  -0.5349188426547965  5.9765872822951325
0.9  -0.6145959803785395  5.835766798763905
0.905  -0.6934755608835584  5.683643790109534
0.91  -0.7715073853844607  5.520477268372427
0.915  -0.8486427814149737  5.346546247499692
0.92  -0.9248346917603779  5.1621492614245765
0.925  -1.0000377601267503  4.967603847573363
0.93  -1.0742084133617547  4.763245996695224
0.935  -1.1473049400490116  4.549429569969827
0.9400000000000001  -1.2192875653054605  4.326525684404808
0.9450000000000001  -1.2901185216191955  4.094922067591206
0.9500000000000001  -1.3597621155734214  3.855022382938742
0.9550000000000001  -1.4281847903107356  3.6072455265648307
0.96  -1.4953551836009704  3.3520248970611046
0.965  -1.561244181384854  3.0898076394091403
0.97  -1.6258249666753513  2.821053864362423
0.975  -1.689073063708196  2.5462358446551785
0.98  -1.7509663772430941  2.2658371894394147
0.985  -1.8114852269272557  1.9803519983899396
0.99  -1.8706123766432774  1.6902839969534855
0.995  -1.928333058773888  1.3961456542508395
1.0  -1.984634993326822  1.0984572851723966
1.0050000000000001  -2.039508401873806  0.7977461382348537
1.01  -2.0929460162686215  0.4945454707929321
1.0150000000000001  -2.1449430821201547  0.1893936132217422
1.02  -2.195497357007386  -0.1171669762939761
1.025  -2.244609103434408  -0.4245906647114504
1.03  -2.292281076534551  -0.7323296031552763
1.035  -2.3385185065438576  -1.039834690338897
1.04  -2.383329076075201  -1.3465565386964071
1.045  -2.4267228922351736  -1.6519464415328884
1.05  -2.468712453637022  -1.9554573395004926
1.055  -2.509312612373438  -2.256544784706776
1.06  -2.5485405310238893  -2.5546679007666535
1.065  -2.586415634781558  -2.849290337114926
1.07  -2.622959558795366  -3.1398812159067417
1.075  -2.6581960908327162  -3.42591606984502
1.08  -2.6921511093784605  -3.7068777692899837
1.085  -2.7248525172953797  -3.982257437023462
1.09  -2.7563301711808434  -4.251555349062441
1.095  -2.786615806563508  -4.514281819939504
1.1  -2.815742959092809  -4.769958070895318
1.105  -2.843746881882465  -5.018117079456682
1.11  -2.8706644591775827  -5.258304408906943
1.115  -2.8965341165226577  -5.490079016189087
1.12  -2.921395727615415  -5.7130140368200415
1.125  -2.9452905180384628  -5.926697545433693
1.1300000000000001  -2.9682609660675063  -6.13073329061296
1.135  -2.9903507007611547  -6.324741402715175
1.1400000000000001  -3.011604397543276  -6.508359073442391
1.145  -3.0320676714942505  -6.681241205956663
1.1500000000000001  -3.0517869685725696  -6.843061034391984
1.155  -3.0708094549926295  -6.993510711667204
1.16  -3.0891829049887902  -7.132301864559681
1.165  -3.106955587199277  -7.259166115056039
1.17  -3.1241761499065728  -7.373855567055044
1.175  -3.1408935053737315  -7.4761432575581
1.18  -3.1571567135179235  -7.565823571544223
1.185  -3.1730148651643613  -7.6427126197899105
1.19  -3.1885169651247036  -7.706648578958548
1.195  -3.2037118153447137  -7.757491993349884
1.2  -3.218647898366022  -7.795126037766716
1.205  -3.2333732613464035  -7.819456741023778
1.21  -3.247935400882068  -7.830413169692354
1.215  -3.262381148873984  -7.827947571743441
1.22  -3.2767565596783887  -7.812035479822271
1.225  -3.2911067987790927  -7.782675773957301
1.23  -3.3054760332162867  -7.739890703577671
1.235  -3.3199073240031685  -7.6837258687840055
1.24  -3.3344425207576975  -7.61425016088868
1.245  -3.3491221587724445  -7.531555662312674
1.25  -3.3639853587406585  -7.435757505997181
1.2550000000000001  -3.379069729351304  -7.326993694558844
1.26  -3.3944112729600944  -7.205424879487834
1.2650000000000001  -3.4100442945373346  -7.0712341007577555
1.27  -3.4260013140867818  -6.924626487285742
1.2750000000000001  -3.4423129827226964  -6.765828918749301
1.28  -3.4590080025847936  -6.595089649334387
1.285  -3.4761130507631384  -6.412677894055462
1.29  -3.493652707396704  -6.218883378354048
1.295  -3.511649388100906  -6.01401585174658
1.3  -3.5301232808706153  -5.798404566354989
1.305  -3.5490922875959425  -5.572397721215536
1.31  -3.568571970318689  -5.336361873320793
1.315  -3.5885755023476924  -5.090681316408569
1.32  -3.609113624341311  -4.835757428567549
1.325  -3.630194605455091  -4.572007989784825
1.33  -3.651824209642374  -4.29986647061248
1.335  -3.6740056671848866  -4.019781293181954
1.34  -3.696739651519746  -3.732215065842696
1.345  -3.7200242614183683  -3.437643792748768
1.35  -3.743855008561759  -3.1365560597603466
1.355  -3.768224810545623  -2.8294521980697267
1.36  -3.7931239893375235  -2.516843426999571
1.365  -3.8185402751970723  -2.199250977459032
1.37  -3.8444588160589603  -1.8772051975765403
1.375  -3.870862192367315  -1.551244642060415
1.3800000000000001  -3.8977304373386725  -1.2219151468664617
1.385  -3.9250410626196537  -0.8897688907786525
1.3900000000000001  -3.952769089294323  -0.5553634455313389
1.395  -3.98088708418513  -0.219260816122832
1.4000000000000001  -4.0093652013805  0.11797352701320396
1.405  -4.03817122891121  0.4557716222964639
1.41  -4.0672706404872505  0.7935639960559929
1.415  -4.096626652196211  1.1307806446510316
1.42  -4.12620028405413  1.466852017948788
1.425  -4.155950426289694  1.8012100024488003
1.43  -4.185833910232802  2.1332889023427555
1.435  -4.215805583669119  2.4625264168028345
1.44  -4.245818390512896  2.7883646117968035
1.445  -4.275823454641473  3.1102508847380435
1.45  -4.30577016772622  3.427638920289888
1.455  -4.335606280886462  3.73998963565948
1.46  -4.365277999984893  4.046772113733381
1.465  -4.394730084375625  4.3474645224287745
1.47  -4.423905948908684  4.641555018656884
1.475  -4.452747768988108  4.928542635322498
1.48  -4.481196588474488  5.2079381498116515
1.485  -4.509192430216783  5.479264932452551
1.49  -4.536674408992913  5.7420597734681955
1.495  -4.563580846633538  5.995873686977215
1.5  -4.589849389098903  6.240272690638339
1.5050000000000001  -4.6154171252746075  6.474838559576675
1.51  -4.640220707248508  6.699169553273796
1.5150000000000001  -4.664196471827951  6.912881114151088
1.52  -4.6872805630538155  7.115606536624205
1.5250000000000001  -4.709409055465928  7.306997605458229
1.53  -4.730518077872599  7.486725202305802
1.5350000000000001  -4.750543937376181  7.654479879366161
1.54  -4.769423243405777  7.809972399159656
1.545  -4.787093031508369  7.952934239471428
1.55  -4.803490886649882  8.083118062578192
1.555  -4.818555065778872  8.200298147934234
1.56  -4.832224619406885  8.30427078755618
1.565  -4.844439511961538  8.394854643410817
1.57  -4.8551407406709215  8.471891066176479
1.575  -4.8642704527408185  8.53524437481548
1.58  -4.871772060589828  8.584802096463363
1.585  -4.877590354911336  8.620475166209703
1.59  -4.8816716153357715  8.642198086414997
1.595  -4.883963718471504  8.649929045278597
1.6  -4.884416243108093  8.643649994443592
1.605  -4.882980572371326  8.62336668549579
1.61  -4.879609992625885  8.589108665285666
1.615  -4.874259788927977  8.54092923007369
1.62  -4.866887336837454  8.478905338571332
1.625  -4.857452190406305  8.403137484021588
1.6300000000000001  -4.845916166168322  8.313749525534208
1.635  -4.8322434229629  8.210888478961978
1.6400000000000001  -4.816400537434417  8.09472426767471
1.645  -4.7983565750576105  7.965449433657808
1.6500000000000001  -4.778083156548428  7.8232788094311205
1.655  -4.7555545195293325  7.668449151352522
1.6600000000000001  -4.730747575327749  7.501218734937623
1.665  -4.703641960796322  7.321866912893656
1.67  -4.674220085053834  7.130693636630369
1.675  -4.642467171056012  6.928018942074688
1.68  -4.608371291916097  6.7141824006781645
1.685  -4.571923401905676  6.489542536566879
1.69  -4.533117362077338  6.254476210842966
1.695  -4.491949960461481  6.009377974103751
1.7  -4.4484209268009405  5.754659388300649
1.705  -4.402532941798018  5.490748319112913
1.71  -4.354291640859961  5.218088200063485
1.715  -4.303705612339878  4.937137269652992
1.72  -4.250786390281637  4.648367782835747
1.725  -4.195548441688193  4.352265198205753
1.73  -4.138009148344197  4.049327342304173
1.735  -4.07818878323463  3.7400635524985892
1.74  -4.016110481612413  3.42499379992312
1.745  -3.951800206778645  3.1046477940022905
1.75  -3.8852867106499764  2.779564070114806
1.7550000000000001  -3.8166014891981526  2.450289061981966
1.76  -3.745778732857259  2.117376160393259
1.7650000000000001  -3.6728552720042225  1.7813847599046695
1.77  -3.5978705176283365  1.4428792951673224
1.7750000000000001  -3.5208663973150793  1.1024282685614124
1.78  -3.4418872866791306  0.7606032708266093
1.7850000000000001  -3.3609799363904997  0.41797799639158684
1.79  -3.2781933949467743  0.07512725511555951
1.795  -3.1935789273528026  -0.26737401783947734
1.8  -3.1071899298775065  -0.6089517522833952
1.805  -3.019081841065322  -0.9490337316966706
1.81  -2.929312049187144  -1.2870505786332789
1.815  -2.837939796322981  -1.6224367351128457
1.82  -2.7450260792748384  -1.954631436296561
1.825  -2.6506335475150893  -2.283079675752024
1.83  -2.554826398380874  -2.6072331606276675
1.835  -2.4576702697310147  -2.926551255073958
1.84  -2.3592321302863875  -3.2405019102698387
1.845  -2.259580167879539  -3.5485625794352673
1.85  -2.1587836758430776  -3.850221116237683
1.855  -2.056912937770056  -4.144976655028052
1.86  -1.9540391108824333  -4.432340471374948
1.865  -1.8502341082464477  -4.711836821398208
1.87  -1.7455704800755365  -4.983003758441611
1.875  -1.6401212943631835  -5.245393925662634
1.8800000000000001  -1.5339600170888732  -5.498575323160108
1.885  -1.4271603922411447  -5.742132048304111
1.8900000000000001  -1.319796321901379  -5.9756650079799245
1.895  -1.211941746631831  -6.198792601506152
1.9000000000000001  -1.1036705264100748  -6.411151373038802
1.905  -0.995056322350791  -6.6123966323258045
1.9100000000000001  -0.8861724794535322  -6.802203042732147
1.915  -0.7770919106129015  -6.980265175512428
1.92  -0.6678869821242577  -7.146298029366887
1.925  -0.5586294009148158  -7.300037514377258
1.93  -0.44939010372587607  -7.441240899481164
1.935  -0.34023914846754677  -7.569687222707321
1.94  -0.23124560796245208  -7.68517766345864
1.945  -0.1224774662894289  -7.787535876197032
1.95  -0.01400151793267601  -7.876608284950502
1.955  0.09411673006473764  -7.952264338132078
1.96  0.2018131527503625  -8.014396723229067
1.965  0.3090250985295705  -8.062921540991356
1.97  0.41569147687229846  -8.097778438818198
1.975  0.5217528422892095  -8.118930703114192
1.98  0.627151474415029  -8.126365310456842
1.985  0.7318314540455401  -8.120092937490028
1.99  0.8357387349832074  -8.100147929529886
1.995  0.9388212115557645  -8.066588227941667
2.0  1.0410287816811916  -8.019495256418267
2.005  1.1423134053624167  -7.958973766362909
2.0100000000000002  1.2426291585046  -7.885151641649942
2.015  1.341932281958171  -7.798179663108812
2.02  1.440181225701045  -7.698231233146393
2.025  1.5373366880836845  -7.585502060993086
2.0300000000000002  1.6333616500715213  -7.460209809126232
2.035  1.7282214044297515  -7.322593701493075
2.04  1.8218835798066522  -7.172914094221396
2.045  1.9143181596820051  -7.01145200957258
2.05  2.005497496158722  -6.8385086339551
2.055  2.0953963185864306  -6.654404780880243
2.06  2.1839917370168798  -6.459480319802405
2.065  2.2712632405022206  -6.254093571846568
2.07  2.3571926902579294  -6.038620673483079
2.075  2.4417643077232816  -5.813454909266266
2.08  2.524964657563093  -5.579006014807481
2.085  2.606782625665253  -5.335699451204592
2.09  2.6872093921990334  -5.083975652201425
2.095  2.766238399809888  -4.824289245396416
2.1  2.8438653170365895  -4.557108248867123
2.105  2.9200879970468776  -4.2829132446182605
2.11  2.994906431797448  -4.0021965303036815
2.115  3.068322701734117  -3.7154612507085707
2.12  3.140340921157158  -3.42322051051559
2.125  3.210967179386235  -3.1259964699093974
2.13  3.28020947786797  -2.82431942460619
2.1350000000000002  3.348077663377988  -2.5187268719204723
2.14  3.414583357477354  -2.2097625645063865
2.145  3.4797398823913746  -1.8979755534327256
2.15  3.5435621834860687  -1.5839192222688694
2.1550000000000002  3.606066748524967  -1.2681503138753947
2.16  3.667271523895528  -0.9512279516048957
2.165  3.727195828000963  -0.6337126566293213
2.17  3.785860262018949  -0.3161653631161505
2.1750000000000003  3.8432866182345395  0.0008535670197163947
2.18  3.899497786159365  0.3167853280617279
2.185  3.9545176566540383  0.6310736514097866
2.19  4.008371024274603  0.9431657817513994
2.195  4.061083488067789  1.2525134467743277
2.2  4.1126813510427676  1.558573818720932
2.205  4.163191518550006  1.8608104660986582
2.21  4.212641395799963  2.158694293878032
2.215  4.261058784755997  2.451704470530179
2.22  4.308471780637186  2.739329340278333
2.225  4.354908668267408  3.0210673189645765
2.23  4.40039781850726  3.2964277719608956
2.235  4.444967585005037  3.5649318725857997
2.24  4.488646201502223  3.8261134395212695
2.245  4.531461679927647  4.079519751762448
2.25  4.57344170951263  4.3247123396710645
2.255  4.614613557157091  4.5612677507461
2.2600000000000002  4.655003969273858  4.788778288769063
2.265  4.694639075335095  5.0068527250282076
2.27  4.733544293341027  5.215116980375389
2.275  4.771744237426832  5.41321477691918
2.2800000000000002  4.8092626278189785  5.600808258212771
2.285  4.846122203347036  5.777578576848901
2.29  4.882344636711528  5.943226448432703
2.295  4.917950452702139  6.097472670960824
2.3000000000000003  4.952958949554464  6.240058608697371
2.305  4.987388123626384  6.370746639698235
2.31  5.021254597568092  6.489320566200328
2.315  5.054573552152067  6.5955859871562525
2.32  5.087358661921461  6.689370632262484
2.325  5.119622034806958  6.770524656895906
2.33  5.1513741558536  6.838920897442576
2.335  5.182623835190174  6.894455086572194
2.34  5.2133781603644405  6.9370460280816655
2.345  5.243642453158142  6.966635731002658
2.35  5.273420230985863  6.983189502739179
2.355  5.302713172972041  6.986696001073442
2.36  5.331521090790056  6.9771672449503255
2.365  5.35984190433719  6.954638584023281
2.37  5.387671622308616  6.919168627016959
2.375  5.4150043277230235  6.870839129034073
2.38  5.441832168441653  6.809754838006411
2.3850000000000002  5.46814535271173  6.73604330056136
2.39  5.49393214975433  6.649854627646996
2.395  5.519178895405782  6.551361220329244
2.4  5.543870002810638  6.440757456244716
2.4050000000000002  5.567987978153351  6.318259337262185
2.41  5.591513441404727  6.184104098973486
2.415  5.614425152048402  6.038549782702176
2.42  5.636700039741592  5.881874770783829
2.4250000000000003  5.6583132398537215  5.7143772859368775
2.43  5.679238133815819  5.536374855605583
2.435  5.699446394203047  5.348203742218845
2.44  5.718908034462401  5.150218340368109
2.445  5.737591463187378  4.942790541966315
2.45  5.755463542831514  4.726309070505838
2.455  5.772489652742827  4.50117878558783
2.46  5.788633756391834  4.267819958948028
2.465  5.803858472656387  4.026667523253839
2.47  5.81812515101775  3.7781702949961993
2.475  5.831393950513604  3.522790172844377
2.48  5.843623922285369  3.261001312876217
2.485  5.854773095549137  2.9932892821362165
2.49  5.864798566811999  2.7201501920129574
2.495  5.873656592148154  2.442089812962024
2.5  5.88130268234236  2.1596226721344753
2.505  5.8876917007017635  1.8732711355004232
2.5100000000000002  5.8927779633311355  1.5835644760852414
2.515  5.896515341660796  1.291037929960335
2.52  5.898857367011417  0.9962317416514087
2.525  5.899757336975069  0.6996902006477798
2.5300000000000002  5.899168423387626  0.401960670709713
2.535  5.897043781663805  0.1035926136860664
2.54  5.893336661262796  -0.19486339043809603
2.545  5.888000517049582  -0.49285662553477927
2.5500000000000003  5.8809891213147125  -0.789837221636929
2.555  5.872256676213382  -1.0852571358193528
2.56  5.861757926383364  -1.3785711299279693
2.565  5.849448271500514  -1.6692377434312795
2.57  5.835283878530106  -1.9567202596788957
2.575  5.819221793432603  -2.240487663861388
2.58  5.8012200520829635  -2.5200155909809303
2.585  5.781237790163901  -2.794787262160171
2.59  5.759235351795119  -3.064294407635153
2.595  5.735174396662773  -3.3280381748037113
2.6  5.709018005416097  -3.585530019724557
2.605  5.680730783101291  -3.8362925804933203
2.61  5.6502789604064265  -4.0798605309512
2.615  5.6176304924953255  -4.315781413218481
2.62  5.582755155212893  -4.54361644758019
2.625  5.545624638449544  -4.762941318292731
2.63  5.506212636457789  -4.97334693392054
2.6350000000000002  5.46449493492013  -5.174440160857896
2.64  5.420449494573747  -5.36584452873741
2.645  5.374056531204084  -5.547200906475764
2.65  5.325298591827072  -5.718168147759224
2.6550000000000002  5.274160626886784  -5.878423704824466
2.66  5.220630058303751  -6.027664209446465
2.665  5.164696843217067  -6.165606020102129
2.67  5.10635353327236  -6.291985734338147
2.6750000000000003  5.0455953293165114  -6.406560665432145
2.68  4.982420131369275  -6.509109282499393
2.685  4.916828583751445  -6.599431613261043
2.69  4.8488241152592435  -6.677349608755689
2.695  4.778412974284206  -6.742707469342722
2.7  4.705604258788599  -6.795371931414028
2.705  4.630409941056399  -6.835232514299585
2.71  4.552844887150785  -6.8622017269224065
2.715  4.472926871019816  -6.876215233829033
2.72  4.390676583202669  -6.877231980293164
2.725  4.306117634100248  -6.865234276262042
2.73  4.2192765517845485  -6.840227838987393
2.735  4.130182774332784  -6.802241794255604
2.74  4.038868636683279  -6.751328636204423
2.745  3.9453693520212947  -6.68756414578648
2.75  3.8497229877142987  -6.611047268012579
2.755  3.7519704358272934  -6.521899948180318
2.7600000000000002  3.6521553782599803  -6.42026692736574
2.765  3.5503242465586258  -6.306315497527581
2.77  3.446526176466123  -6.180235216644385
2.775  3.3408129572852268  -6.042237584375851
2.7800000000000002  3.2332389761398366  -5.892555678808492
2.785  3.123861157230387  -5.731443754915131
2.79  3.012738896189167  -5.5591768054241975
2.795  2.8999339896519274  -5.37605008486235
2.8000000000000003  2.7855105601718417  -5.182378597597491
2.805  2.6695349766113634  -4.978496550774117
2.81  2.5520757701570718  -4.7647567730934455
2.815  2.433203546111732  -4.541530100452654
2.82  2.312990891626072  -4.309204729514502
2.825  2.1915122795418736  -4.068185540336447
2.83  2.0688439685253814  -3.8188933892425854
2.835  1.9450638996781435  -3.561764373173779
2.84  1.820251589819676  -3.2972490668033028
2.845  1.694488021642955  -3.025811733751559
2.85  1.5678555309508013  -2.747929513281292
2.855  1.4404376911866423  -2.464091583896057
2.86  1.3123191954793767  -2.174798305307974
2.865  1.183585736426972  -1.8805603402768598
2.87  1.0543238838481623  -1.5818977578607536
2.875  0.9246209607359475  -1.2793391196486796
2.88  0.7945649176504229  -0.9734205505792684
2.8850000000000002  0.664244205791721  -0.6646847959738728
2.89  0.5337476489967534  -0.3536802664395935
2.895  0.4031643149053429  -0.04096007231771848
2.9  0.2725833855439976  0.27291895062714355
2.9050000000000002  0.14209402757586115  0.5873972225661943
2.91  0.011785262467039648  0.9019134062906938
2.915  -0.11825416318091458  1.215905397487452
2.92  -0.247935906882298  1.5288113168656954
2.9250000000000003  -0.3771721588532155  1.840070502390965
2.93  -0.5058757696845053  2.1491244998820505
2.935  -0.6339603768554848  2.4554180502283867
2.94  -0.7613405298445605  2.758400071491605
2.945  -0.8879318135959756  3.0575246341628306
2.95  -1.0136509701046301  3.3522519278593452
2.955  -1.1384160178851954  3.6420492177587884
2.96  -1.2621463690957009  3.9263917890862707
2.965  -1.3847629440904377  4.204763877990822
2.97  -1.5061882831825328  4.476659587170426
2.975  -1.6263466554016577  4.741583784632121
2.98  -1.7451641640389641  4.999052984001899
2.985  -1.8625688487773937  5.248596204831883
2.99  -1.9784907842125394  5.489755811386212
2.995  -2.092862174576697  5.722088328425387
3.0  -2.205617444486238  5.94516523254786
3.005  -2.316693325540574  6.158573717690923
3.0100000000000002  -2.4260289386093503  6.3619174334374025
3.015  -2.533565871653222  6.554817194822281
3.02  -2.6392482529329704  6.736911662383477
3.025  -2.743022819470293  6.907857991251662
3.0300000000000002  -2.8448389806341803  7.067332448129662
3.035  -2.9446488767358767  7.215030995066428
3.04  -3.0424074325261343  7.350669838990042
3.045  -3.1380724054984603  7.473985946022562
3.0500000000000003  -3.231604428912632  7.584737519662403
3.055  -3.322967049463715  7.6827044419819455
3.06  -3.412126759532418  7.767688677053795
3.065  -3.4990530239635818  7.8395146358840755
3.0700000000000003  -3.5837183013310705  7.898029502199513
3.075  -3.6660980596579393  7.943103518502748
3.08  -3.7461707865725558  7.97463023188037
3.085  -3.82391799389224  7.9925266991184065
3.09  -3.8993242166373374  7.996733650751191
3.095  -3.9723770064901744  7.987215613741678
3.1  -4.043066919724116  7.963960992563531
3.105  -4.111387499639633  7.926982108528288
3.11  -4.177335253555014  7.876315197274072
3.115  -4.240909624410447  7.812020364405633
3.12  -4.30211295705525  7.734181499348947
3.125  -4.360950459298444  7.642906147556651
3.13  -4.417430157813678  7.538325341273982
3.1350000000000002  -4.471562848999694  7.42059338914729
3.14  -4.523362044907675  7.289887625029503
3.145  -4.5728439143570085  7.1464081164085735
3.15  -4.620027219370037  6.990377332955705
3.1550000000000002  -4.66493324706648  6.822039775760374
3.16  -4.70758573716664  6.641661567887863
3.165  -4.748010805261703  6.449530006963272
3.17  -4.786236862017701  6.245953080552459
3.1750000000000003  -4.822294528487671  6.031258945176018
3.18  -4.856216547714578  5.805795369855838
3.185  -4.888037692814544  5.569929145156675
3.19  -4.917794671737065  5.324045458745405
3.1950000000000003  -4.945526028905436  5.068547238549866
3.2  -4.971272043946525  4.803854464656128
3.205  -4.995074627724854  4.530403451137382
3.21  -5.01697721590116  4.248646099062129
3.215  -5.03702466024015  3.9590491219781865
3.22  -5.055263117896754  3.662093245219208
3.225  -5.0717399389136695  3.358272380425346
3.23  -5.086503552166543  3.048092776714139
3.235  -5.099603349995855  2.732072149978467
3.24  -5.111089571766783  2.4107387918275607
3.245  -5.121013186600429  2.084630659722182
3.25  -5.129425775520777  1.7542944498892474
3.255  -5.136379413262789  1.4202846546309869
3.2600000000000002  -5.141926549987226  1.0831626056718346
3.265  -5.146119893147525  0.7434955052109421
3.27  -5.149012289753549  0.40185544636918924
3.275  -5.1506566092754085  0.05881842474056431
3.2800000000000002  -5.151105627429234  -0.2850366572290395
3.285  -5.150411911084187  -0.6291289912969122
3.29  -5.148627704527432  -0.9728768681667515
3.295  -5.14580481732056  -1.3156986841645057
3.3000000000000003  -5.141994513977074  -1.657013948090508
3.305  -5.137247405686588  -1.9962442864883552
3.31  -5.13161334430651  -2.3328144455759223
3.315  -5.1251413188369535  -2.6661532880867833
3.3200000000000003  -5.117879354589128  -2.9956947832814937
3.325  -5.109874415251275  -3.3208789883976317
3.33  -5.101172308049927  -3.6411530198238804
3.335  -5.0918175921974544  -3.9559720123000632
3.34  -5.0818534908094914  -4.264800064465841
3.345  -5.071321806468394  -4.567111169105239
3.35  -5.060262840600801  -4.862390126459076
3.355  -5.048715316829099  -5.150133439008889
3.36  -5.036716308447997  -5.429850186165603
3.365  -5.024301170168338  -5.701062877333569
3.37  -5.011503474261203  -5.963308281856048
3.375  -4.9983549512256555  -6.216138234390472
3.38  -4.9848854350939655  -6.4591204143024195
3.3850000000000002  -4.971122813477857  -6.691839097714595
3.39  -4.957092982449369  -6.9138958808930315
3.395  -4.9428198063394175  -7.124910373703918
3.4  -4.928325082526572  -7.324520861925926
3.4050000000000002  -4.913628511277912  -7.512384937257321
3.41  -4.8987476706930035  -7.688180093913911
3.415  -4.883697996791021  -7.851604290771659
3.42  -4.8684927687702215  -8.0023764780683
3.4250000000000003  -4.85314309945773  -8.140237087739822
3.43  -4.837657930956618  -8.264948486531656
3.435  -4.822044035486242  -8.376295391088913
3.44  -4.806306021400524  -8.47408524429676
3.4450000000000003  -4.790446344358083  -8.558148552209557
3.45  -4.774465323606981  -8.628339180976257
3.455  -4.758361163336018  -8.684534613239673
3.46  -4.742129979033797  -8.726636163557602
3.465  -4.725765828786083  -8.754569152465914
3.47  -4.709260749431478  -8.768283038875651
3.475  -4.692604797485243  -8.767751510569212
3.48  -4.675786094730834  -8.752972532633887
3.485  -4.658790878368966  -8.723968353744523
3.49  -4.641603555604297  -8.680785470280929
3.495  -4.624206762540449  -8.623494548339211
3.5  -4.606581427244981  -8.55219030377
3.505  -4.58870683683714  -8.466991340449864
3.5100000000000002  -4.570560708442666  -8.368039947065302
3.515  -4.552119263851863  -8.255501852761348
3.52  -4.533357307709206  -8.129565942078457
3.525  -4.514248309055501  -7.990443929673205
3.5300000000000002  -4.494764486036348  -7.838369995387851
3.535  -4.474876893584236  -7.673600380304145
3.54  -4.454555513875147  -7.496412944483902
3.545  -4.43376934935485  -7.307106687167217
3.5500000000000003  -4.412486518124719  -7.106001230263521
3.555  -4.3906743514718025  -6.893436266036243
3.56  -4.368299493323676  -6.669770969943071
3.565  -4.345328001404345  -6.435383379656397
3.5700000000000003  -4.3217254498640685  -6.190669741346063
3.575  -4.297457033153045  -5.936043824365298
3.58  -4.272487670906033  -5.671936205534805
3.585  -4.246782113603282  -5.398793524273928
3.59  -4.2203050487714115  -5.117077709878818
3.595  -4.193021207486774  -4.827265182295467
3.6  -4.164895470943526  -4.529846027783284
3.605  -4.135892976848247  -4.225323150906893
3.61  -4.105979225403804  -3.9142114043375402
3.615  -4.075120184645844  -3.597036697981995
3.62  -4.043282394896845  -3.274335088995147
3.625  -4.010433072104715  -2.9466518542637483
3.63  -3.976540209835336  -2.614540546981709
3.6350000000000002  -3.941572679691383  -2.2785620389633303
3.64  -3.905500329933317  -1.939283550366567
3.645  -3.868294082082091  -1.5972776685205123
3.65  -3.8299260252880134  -1.2531213575699254
3.6550000000000002  -3.7903695082543907  -0.9073949606662388
3.66  -3.749599228510529  -0.560681196446646
3.665  -3.7075913188339036  -0.2135641515536607
3.67  -3.664323430627729  0.1333717290462081
3.6750000000000003  -3.619774814066756  0.4795426521815657
3.68  -3.573926394830854  0.8243664852701741
3.685  -3.5267608472535716  1.167263762026441
3.69  -3.47826266372045  1.5076586833271293
3.6950000000000003  -3.428418220159873  1.844980111488037
3.7  -3.3772158374778516  2.1786625562161883
3.705  -3.3246458387966378  2.508147150517534
3.71  -3.270700602366206  2.832882614855869
3.715  -3.2153746100270255  3.1523262078817362
3.72  -3.1586644911118094  3.4659446620716476
3.725  -3.1005690616841535  3.7732151026458793
3.73  -3.0410893590215795  4.073625948161619
3.735  -2.9802286712609725  4.366677791210909
3.74  -2.917992562134787  4.651884257687251
3.745  -2.854388890736737  4.928772843123171
3.75  -2.7894278262666266  5.196885724640419
3.755  -2.723121857714542  5.455780547097923
3.7600000000000002  -2.655485798455672  5.705031182067508
3.765  -2.5865367857378896  5.944228458315177
3.77  -2.5162942750550035  6.172980862516361
3.775  -2.444780029410101  6.390915208984316
3.7800000000000002  -2.3720181034837045  6.597677277247098
3.785  -2.298034822733075  6.792932416363157
3.79  -2.222858757459374  6.9763661149256375
3.795  -2.146520691890525  7.147684535764014
3.8000000000000003  -2.069053588338347  7.306615014415104
3.805  -1.9904925464989112  7.452906520497917
3.81  -1.9108747579757144  7.586330081192803
3.815  -1.8302394561156723  7.706679166090939
3.8200000000000003  -1.7486278612576367  7.813770032748792
3.825  -1.6660831215035807  7.907442032350449
3.83  -1.5826502491317629  7.9875578749511735
3.835  -1.4983760527809258  8.054003853846094
3.84  -1.4133090655437064  8.106690028679738
3.845  -1.3274994691160433  8.145550366984583
3.85  -1.2409990141582796  8.170542843909486
3.855  -1.1538609370315924  8.181649499972355
3.86  -1.0661398730813887  8.178876456744884
3.865  -0.9778917666468773  8.162253890451053
3.87  -0.8891737779830069  8.131835963534778
3.875  -0.8000441872878858  8.08770071432588
3.88  -0.7105622960350021  8.029949905006882
3.8850000000000002  -0.6207883258155944  7.958708828156261
3.89  -0.5307833149020448  7.874126072216702
3.895  -0.440609012747879  7.776373246308051
3.9  -0.3503277726452314  7.665644664877153
3.9050000000000002  -0.2600024427639187  7.542156992745924
3.91  -0.16969625580071312  7.4061488511891795
3.915  -0.07947271747000517  7.257880385741737
3.92  0.01060450593004758  7.097632796501392
3.9250000000000003  0.10047170063940658  6.925707831759832
3.93  0.1900652190083134  6.742427245858751
3.935  0.2793215932804626  6.54813222222895
3.94  0.36817764934723335  6.343182762634221
3.9450000000000003  0.4565706202331463  6.1279570436979425
3.95  0.5444382590725615  5.902850741849667
3.955  0.6317189513389808  5.668276327883362
3.96  0.7183518260892776  5.424662332372042
3.9650000000000003  0.8042768659871047  5.17245258323542
3.97  0.8894350158722211  4.912105416804416
3.975  0.97376828964519  4.644092863774142
3.98  1.0572198752400739  4.36889981148002
3.985  1.1397342374619752  4.087023143973386
3.99  1.2212572184700106  3.798970861411246
3.995  1.3017361356915191  3.5052611803124405
4.0  1.3811198769581978  3.206421616262667
4.005  1.4593589926606545  2.9029880506859485
4.01  1.536405784723808  2.595503783323444
4.015  1.6122143922121592  2.2845185720880616
4.0200000000000005  1.6867408733809537  1.9705876619849252
4.025  1.759943283996078  1.6542708048056545
4.03  1.8317817517539918  1.3361312713210203
4.035  1.9022185466402028  1.0167348577099253
4.04  1.9712181470735863  0.6966488879721677
4.045  2.0387473016927005  0.37644121407834985
4.05  2.1047750866487354  0.05667921561568412
4.055  2.169272958279589  -0.2620711993124655
4.0600000000000005  2.23221480104866  -0.5792465901764028
4.065  2.293576970642123  -0.8942869753495496
4.07  2.35333833212832  -1.2066368169355408
4.075  2.411480293093071  -1.51574599736235
4.08  2.467986831675347  -1.8210707860278865
4.085  2.5228445194383227  -2.122074794300014
4.09  2.576042539021331  -2.4182299171935018
4.095  2.6275726965295028  -2.709017260070095
4.1  2.6774294286284355  -2.993928048735878
4.105  2.7256098043227204  -3.2724645213377626
4.11  2.7721135214076833  -3.544140800494284
4.115  2.8169428975955006  -3.808483744130482
4.12  2.8601028563273996  -4.065033773524357
4.125  2.9016009072949633  -4.31334567711266
4.13  2.9414471217048788  -4.552989388646888
4.135  2.97965410233202  -4.783550738334804
4.14  3.0162369484169793  -5.004632175651931
4.1450000000000005  3.0512132154750313  -5.215853462556279
4.15  3.084602870093769  -5.4168523358917575
4.155  3.1164282398077594  -5.607285137821713
4.16  3.146713958148438  -5.786827413188005
4.165  3.175486904977703  -5.955174472751592
4.17  3.202776142223917  -6.1120419213290775
4.175  3.228612845148139  -6.257166149903003
4.18  3.2530302292784077  -6.390304790845971
4.1850000000000005  3.2760634731585534  -6.511237135464623
4.19  3.2977496370672412  -6.619764513135001
4.195  3.318127577871183  -6.715710631369823
4.2  3.337237860184775  -6.798921876225558
4.205  3.3551226640162133  -6.86926757252806
4.21  3.3718256890876557  -6.926640203466139
4.215  3.387392056023894  -6.970955589173739
4.22  3.4018682046109356  -7.002153023993954
4.225  3.4153017893318287  -7.020195372190643
4.23  3.4277415723932636  -7.025069121946817
4.235  3.439237314461414  -7.01678439756228
4.24  3.449839663330901  -6.995374929836617
4.245  3.459600040754842  -6.960897984697354
4.25  3.4685705276680756  -6.9134342502065715
4.255  3.476803748039321  -6.8530876821524185
4.26  3.4843527515907704  -6.779985308505221
4.265  3.4912708956263327  -6.694276993089828
4.2700000000000005  3.49761172621183  -6.596135158897999
4.275  3.5034288589517075  -6.485754471535556
4.28  3.508775859608183  -6.363351483369106
4.285  3.513706124809001  -6.229164239006385
4.29  3.5182727630900295  -6.083451842812408
4.295  3.5225284765185645  -5.926493989230023
4.3  3.526525443141917  -5.758590456739713
4.305  3.5303152005045786  -5.580060566356363
4.3100000000000005  3.533948530475026  -5.391242605624101
4.315  3.5374753456208703  -5.192493219130399
4.32  3.5409445773677923  -4.984186766619851
4.325  3.5444040661744185  -4.76671464984481
4.33  3.54790045395108  -4.54048460934497
4.335  3.551479078946078  -4.305919992401617
4.34  3.555183873317951  -4.063458993461558
4.345  3.5590572636070315  -3.8135538683756343
4.3500000000000005  3.5631400743135266  -3.556670123841457
4.355  3.5674714347832777  -3.293285683485266
4.36  3.5720886895954433  -3.0238900320562236
4.365  3.577027312639422  -2.7489833392481127
4.37  3.5823208250607568  -2.469075564696375
4.375  3.588000717247814  -2.1846855457338212
4.38  3.594096375022996  -1.8963400695164687
4.385  3.600635010193443  -1.6045729311599524
4.39  3.6076415956074532  -1.3099239795514779
4.3950000000000005  3.6151388048535753  -1.0129381525223968
4.4  3.6231469567298262  -0.7141645030873754
4.405  3.6316839646007724  -0.41415521846913506
4.41  3.6407652907502  -0.11346463364372864
4.415  3.650403905826799  0.18735175885280833
4.42  3.660610253470008  0.48773830110620087
4.425  3.6713922201923554  0.7871401622421621
4.43  3.682755110584033  1.0850043293273135
4.4350000000000005  3.6947016278943954  1.38078059500381
4.44  3.707231860034104  1.6739225401121562
4.445  3.7203432710305417  1.9638885095681238
4.45  3.7340306979578095  2.250142579768479
4.455  3.74828635335153  2.5321555158187303
4.46  3.763099833107296  2.809405716891591
4.465  3.778458129850412  3.081380148046226
4.47  3.7943456517532876  3.3475752568635153
4.4750000000000005  3.8107442467656867  3.6074978732777927
4.48  3.8276332322118676  3.860666091016125
4.485  3.8449894296977063  4.1066101290882235
4.49  3.862787205259843  4.3448731718055305
4.495  3.8809985146782386  4.575012185845599
4.5  3.8995929538629066  4.796598712918773
4.505  3.918537814215023  5.009219636636296
4.51  3.9377981428525906  5.2124779222258555
4.515  3.9573368075806683  5.405993327787188
4.5200000000000005  3.9771145664765086  5.589403085830748
4.525  3.997090141950448  5.762362553895444
4.53  4.017220299134191  5.924545833095495
4.535  4.037459928439198  6.075646353502673
4.54  4.0577621321194375  6.215377425328912
4.545  4.078078314664376  6.343472754934993
4.55  4.0983582768403455  6.459686924752039
4.555  4.118550313190882  6.563795836266875
4.5600000000000005  4.138601312799546  6.655597115286816
4.565  4.1584568631119865  6.734910478766448
4.57  4.178061356607871  6.801578062546302
4.575  4.197358100107329  6.855464709422148
4.58  4.216289426491215  6.896458217033576
4.585  4.234796808609539  6.924469545131563
4.59  4.2528209751480475  6.939432981855817
4.595  4.270302028218727  6.941306268725077
4.6000000000000005  4.287179562436748  6.930070684116438
4.605  4.303392785243056  6.905731085082561
4.61  4.31888063822965  6.868315907429178
4.615  4.333581919222205  6.817877124048807
4.62  4.347435404873358  6.754490161580064
4.625  4.360379973519111  6.678253775535323
4.63  4.372354728049936  6.5892898841126435
4.635  4.383299118548585  6.4877433609807795
4.64  4.393153064446905  6.373781787398023
4.6450000000000005  4.401857075954977  6.2475951640974525
4.65  4.409352374517747  6.109395583442325
4.655  4.415581012055921  5.959416862424346
4.66  4.4204859887508325  5.7979141371478535
4.665  4.424011369135956  5.625163419509504
4.67  4.4261023962610855  5.441461116850749
4.675  4.426705603699567  5.24712351542456
4.68  4.4257689251731165  5.042486228582475
4.6850000000000005  4.423241801574097  4.827903610649486
4.69  4.419075285170121  4.603748137515746
4.695  4.4132221407821275  4.370409755030889
4.7  4.405636943733073  4.12829519634559
4.705  4.396276174371265  3.877827269398555
4.71  4.385098308979298  3.6194441157993933
4.715  4.3720639068873135  3.3535984424093312
4.72  4.357135693616896  3.080756726968759
4.7250000000000005  4.340278639890376  2.8013983991674882
4.73  4.321460036348683  2.5160149985956837
4.735  4.300649563829943  2.225109311054725
4.74  4.2778193590701585  1.929194484745871
4.745  4.252944075696631  1.628793127889739
4.75  4.226000940394843  1.3244363893616453
4.755  4.196969804139111  1.0166630239592276
4.76  4.165833188387838  0.7060184439446043
4.765  4.1325763261544575  0.39305375852899127
4.7700000000000005  4.097187197875625  0.0783248029871696
4.775  4.059656562009334  -0.23760884089064827
4.78  4.019977980305937  -0.5541848312877176
4.785  3.978147837706557  -0.8708390580559267
4.79  3.934165356834232  -1.1870066378733801
4.795  3.888032607054096  -1.5021229111148193
4.8  3.8397545080904814  -1.8156244386808928
4.805  3.7893388281996057  -2.1269499970342194
4.8100000000000005  3.7367961769080584  -2.435541569691255
4.815  3.682139992338174  -2.7408453334262535
4.82  3.6253865231526596  -3.042312637452282
4.825  3.5665548051619154  -3.339400973856624
4.83  3.505666632648315  -3.631574937583337
4.835  3.4427465244725086  -3.9183071742729676
4.84  3.377821685037753  -4.19907931429242
4.845  3.3109219601984075  -4.473382891310203
4.8500000000000005  3.2420797882094403  -4.740720243800834
4.855  3.1713301458236147  -5.000605397890288
4.86  3.098710489653045  -5.2525649299897115
4.865  3.0242606929215854  -5.4961388076967586
4.87  2.9480229777435256  -5.730881207484718
4.875  2.8700418430736514  -5.956361307738175
4.88  2.7903639884819382  -6.172164055738876
4.885  2.7090382339151384  -6.377890907249865
4.89  2.626115435615275  -6.573160537393986
4.8950000000000005  2.541648398372795  -6.757609521574311
4.9  2.4556917842999493  -6.930892985234874
4.905  2.3683020183161294  -7.092685221316495
4.91  2.2795371905443433  -7.242680274316948
4.915  2.189456955823643  -7.38059248992557
4.92  2.0981224305479915  -7.506157029260949
4.925  2.005596087047749  -7.619130346803365
4.93  1.9119416457342688  -7.719290631176568
4.9350000000000005  1.8172239652329203  -7.806438207999527
4.94  1.7215089307333455  -7.880395904094236
4.945  1.6248633407893023  -7.941009372404334
4.95  1.527354792803553  -7.988147377047226
4.955  1.4290515674353366  -8.021702037993288
4.96  1.3300225121699647  -8.041589034935715
4.965  1.2303369242917757  -8.047747769986422
4.97  1.1300644335021035  -8.040141488905679
4.9750000000000005  1.0292748844247686  -8.018757360645651
4.98  0.9280382192412207  -7.9836065150612505
4.985  0.8264243606967538  -7.934724038714865
4.99  0.7245030957186042  -7.8721689287752366
4.995  0.6223439598843135  -7.796024005084035
5.0  0.5200161229774247  -7.706395780536972
