0.0  0.0  0.0
0.01  1.0281883744457694  -2.036507893444051
0.02  1.7025501996075982  -3.205789480718343
0.03  2.118293619957342  -3.7933954886071795
0.04  2.4041458995569127  -4.0958662592868045
0.05  2.622537247828286  -4.251465783627964
0.06  2.802546016823802  -4.323600215837298
0.07  2.9588093261964055  -4.34395027614218
0.08  3.0993294688222255  -4.329784459240819
0.09  3.228799829970542  -4.291234589055082
0.1  3.3501357601579493  -4.2346166581596085
0.11  3.465234896693655  -4.164070694908862
0.12  3.575380776302704  -4.082427598499166
0.13  3.6814696040618866  -3.9916945703072115
0.14  3.784143966227988  -3.893340585065853
0.15  3.8838749966840265  -3.7884714211292265
0.16  3.981014696693794  -3.6779408945655776
0.17  4.075830295113193  -3.562423781503375
0.18  4.168527432621582  -3.4424649397473597
0.19  4.259266182669957  -3.3185131974177278
0.2  4.348172359332822  -3.1909452318015075
0.21  4.435345650983812  -3.0600827144672262
0.22  4.52086557105788  -2.9262048302829466
0.23  4.604795879044664  -2.7895575575797547
0.24  4.68718791097737  -2.650360641547809
0.25  4.768083120382182  -2.5088128989506373
0.26  4.847515039419991  -2.365096298480467
0.27  4.925510808658685  -2.2193791310116815
0.28  5.002092382039973  -2.0718184952205068
0.29  5.077277484553635  -1.9225622624825771
0.3  5.15108037968874  -1.771750641670158
0.31  5.223512489155153  -1.6195174336221208
0.32  5.294582896847805  -1.4659910428056295
0.33  5.364298761346011  -1.3112952974500598
0.34  5.432665655573703  -1.155550117458037
0.35000000000000003  5.499687848024166  -0.9988720604781496
0.36  5.56536853677747  -0.8413747698170404
0.37  5.629710045129677  -0.6831693427815767
0.38  5.692713985810187  -0.5243646341513883
0.39  5.754381399343145  -0.36506750648350517
0.4  5.81471287100596  -0.20538303662270604
0.41000000000000003  5.873708629975616  -0.045414685970781715
0.42  5.931368633574987  0.11473555936471017
0.43  5.987692638993949  0.27496707355632755
0.44  6.042680264432188  0.4351804970953868
0.45  6.0963310412678435  0.5952776605259216
0.46  6.148644458580092  0.7551615230999507
0.47000000000000003  6.199620001130512  0.9147361240526827
0.48  6.249257181726375  1.0739065445807263
0.49  6.29755556874071  1.2325788789208123
0.5  6.344514809442236  1.3906602131846437
0.51  6.390134649687946  1.5480586108184993
0.52  6.434414950448166  1.7046831037324728
0.53  6.4773557015650285  1.860443688290871
0.54  6.518957033087771  2.01525132547755
0.55  6.559219224480353  2.1690179446524094
0.56  6.59814271195641  2.3216564504012283
0.5700000000000001  6.635728094162718  2.473080732053527
0.58  6.6719761364035355  2.623205675504344
0.59  6.706887773573918  2.7719471770276565
0.6  6.740464111949425  2.9192221588132172
0.61  6.772706429961956  3.0649485859960275
0.62  6.803616178076407  3.209045484979561
0.63  6.833194977869908  3.3514329628810873
0.64  6.861444620404238  3.4920322279507245
0.65  6.888367063972449  3.630765610835671
0.66  6.9139644312924515  3.7675565865781433
0.67  6.938239006213027  3.9023297972499473
0.68  6.961193229991581  4.0350110751391215
0.6900000000000001  6.982829697197399  4.165527466414546
0.7000000000000001  7.003151151289413  4.293807255203437
0.71  7.022160479913281  4.419779988024237
0.72  7.039860709958905  4.543376498523809
0.73  7.0562550024161945  4.66452893247319
0.74  7.071346647064006  4.783170772980664
0.75  7.085139057024632  4.8992368658845304
0.76  7.097635763213847  5.012663445290945
0.77  7.108840408714496  5.123388159224571
0.78  7.118756743099717  5.23135009536157
0.79  7.127388616730185  5.336489806815922
0.8  7.134739975048281  5.438749337950876
0.81  7.140814852890631  5.538072250188084
0.8200000000000001  7.145617368839144  5.6344036477871375
0.8300000000000001  7.149151719629624  5.727690203568303
0.84  7.151422174635717  5.817880184551041
0.85  7.152433070445116  5.904923477480443
0.86  7.1521888055438705  5.9887716142131495
0.87  7.15069383512375  6.069377796933599
0.88  7.147952666026782  6.1466969231706114
0.89  7.143969851840268  6.220685610583324
0.9  7.138749988154713  6.29130222148455
0.91  7.132297707996496  6.358506887068541
0.92  7.124617677446244  6.422261531309003
0.93  7.115714591453263  6.482529894492134
0.9400000000000001  7.1055931698556805  6.539277556348339
0.9500000000000001  7.094258153615236  6.592471958745118
0.96  7.081714301275132  6.6420824279025785
0.97  7.0679663856485835  6.6880801960920175
0.98  7.053019190745185  6.730438422776898
0.99  7.0368775089415925  6.769132215154779
1.0  7.0195461384023465  6.804138648057758
1.01  7.001029880756193  6.835436783168285
1.02  6.981333539032554  6.863007687506507
1.03  6.960461915862316  6.886834451144671
1.04  6.938419811946486  6.906902204103715
1.05  6.915212024795723  6.923198132386679
1.06  6.890843347743191  6.935711493103463
1.07  6.8653185692326355  6.944433628641206
1.08  6.838642472383038  6.949357979834637
1.09  6.810819834830662  6.950480098090842
1.1  6.781855428848797  6.947797656423206
1.11  6.7517540217449294  6.941310459349644
1.12  6.720520376534635  6.931020451610834
1.1300000000000001  6.68815925289087  6.916931725664852
1.1400000000000001  6.654675408366949  6.899050527915432
1.1500000000000001  6.620073599890897  6.877385263632095
1.16  6.584358585528444  6.851946500521492
1.17  6.547535126511435  6.822746970910616
1.18  6.509607989527912  6.7898015725039365
1.19  6.4705819492697465  6.753127367678093
1.2  6.430461791233142  6.712743581279468
1.21  6.389252314766986  6.668671596891828
1.22  6.346958336363525  6.62093495154319
1.23  6.303584693185428  6.56955932882313
1.24  6.259136246822929  6.5145725503840755
1.25  6.213617887274265  6.4560045658023615
1.26  6.167034537142338  6.393887440777399
1.27  6.119391156040038  6.328255343649782
1.28  6.070692745196406  6.259144530221938
1.29  6.020944352255395  6.186593326867587
1.3  5.970151076258671  6.110642111919244
1.31  5.918318072803601  6.031333295325883
1.32  5.865450559367218  5.94871129657589
1.33  5.811553820786707  5.862822520883566
1.34  5.756633214886628  5.773715333640534
1.35  5.700694178242895  5.6814400331366475
1.36  5.643742232073208  5.586048821558156
1.37  5.585782988243485  5.487595774274218
1.3800000000000001  5.526822155379536  5.386136807426111
1.3900000000000001  5.466865545073113  5.281729643836769
1.4000000000000001  5.405919078171235  5.17443377726159
1.41  5.343988791137534  5.064310435004782
1.42  5.281080842474228  4.951422538928741
1.43  5.217201519193207  4.835834664887267
1.44  5.152357243324581  4.717613000616583
1.45  5.0865545784509765  4.59682530212136
1.46  5.019800236255758  4.4735408485960475
1.47  4.952101083073362  4.347830395924831
1.48  4.88346414642978  4.219766128806607
1.49  4.813896621561304  4.08942161155419
1.5  4.743405877899658  3.956871737619847
1.51  4.671999465511486  3.8221926779019255
1.52  4.599685121480474  3.685461827889972
1.53  4.526470776220165  3.546757753708252
1.54  4.452364559705759  3.406160137119923
1.55  4.377374807613247  3.2637497195563467
1.56  4.3015100673542825  3.119608245238191
1.57  4.224779103995368  2.973818403456879
1.58  4.147190906050064  2.8264637700867503
1.59  4.06875469113303  2.677628748399999
1.6  3.9894799114649837  2.5273985092578997
1.61  3.9093762592177517  2.37585893075319
1.62  3.8284536716888344  2.223096537379598
1.6300000000000001  3.7467223362951505  2.069198438805533
1.6400000000000001  3.6641926953758066  1.914252268329698
1.6500000000000001  3.580875450794035  1.7583461210970452
1.6600000000000001  3.4967815683287067  1.6015684921539226
1.67  3.4119222818460613  1.444008214421471
1.68  3.326309097242658  1.2857543966664604
1.69  3.2399537961507976  1.1268963615485592
1.7  3.1528684393980275  0.9675235838227475
1.71  3.0650653702126553  0.8077256287750748
1.72  2.9765572171675427  0.6475920909692764
1.73  2.8873568968548358  0.48721253338087694
1.74  2.7974776162845694  0.3266764269943355
1.75  2.7069328750006143  0.16607309093760259
1.76  2.6157364669076446  0.005491633226936013
1.77  2.523902481803353  -0.1549791078066744
1.78  2.431445306610429  -0.31525062133993387
1.79  2.338379626303337  -0.4752347810609184
1.8  2.2447204245252186  -0.6348439012884761
1.81  2.1504829838908424  -0.7939907921440703
1.82  2.055682885971781  -0.9525888137151997
1.83  1.9603360109605656  -1.1105519291520398
1.84  1.864458537010955  -1.2677947566416496
1.85  1.7680669392518826  -1.4242326202068603
1.86  1.6711779884731777  -1.5797815992799085
1.87  1.5738087494815225  -1.7343585770038779
1.8800000000000001  1.4759765791256072  -1.8878812872181827
1.8900000000000001  1.3776991239899257  -2.0402683600875124
1.9000000000000001  1.2789943177570189  -2.1914393663370006
1.9100000000000001  1.1798803782385816  -2.3413148600597493
1.92  1.080375804076157  -2.489816420066305
1.93  0.9804993711126966  -2.636866689749198
1.94  0.8802701284366745  -2.7823894154391304
1.95  0.7797073941009199  -2.926309483233149
1.96  0.6788307505187599  -3.0685529542785717
1.97  0.5776600395405319  -3.2090470985001924
1.98  0.47621535721394437  -3.3477204267618452
1.99  0.37451704823223114  -3.48450272145707
2.0  0.27258570007440563  -3.6193250655272333
2.0100000000000002  0.1704421368424492  -3.7521198699089897
2.02  0.06810741280061763  -3.8828208994165503
2.0300000000000002  -0.03439719437761772  -4.01136329706778
2.04  -0.13705019064882318  -4.1376836068663465
2.05  -0.23982987291885294  -4.2617197950558525
2.06  -0.3427143366351859  -4.383411269864875
2.07  -0.4456814836452201  -4.502698899765129
2.08  -0.5487090303131075  -4.619525030268242
2.09  -0.6517745158871534  -4.7338334992892275
2.1  -0.754855311109672  -4.845569651108137
2.11  -0.8579286270607109  -4.954680348963599
2.12  -0.9609715242269007  -5.0611139863150845
2.13  -1.0639609217861496  -5.164820496812731
2.14  -1.1668736070989214  -5.265751363016402
2.15  -1.269686245396254  -5.363859623907327
2.16  -1.372375389654688  -5.459099881238213
2.17  -1.474917490647746  -5.551428304769101
2.18  -1.5772889071637248  -5.6408026364383375
2.19  -1.6794659163789345  -5.727182193519275
2.2  -1.7814247243757282  -5.810527870814793
2.21  -1.8831414767941312  -5.890802141942845
2.22  -1.9845922696060028  -5.96796905976722
2.23  -2.0857531600002246  -6.041994256028482
2.24  -2.1866001773675796  -6.112844940230646
2.25  -2.2871093343735884  -6.180489897839583
2.2600000000000002  -2.3872566381076594  -6.244899487849259
2.27  -2.4870181012967  -6.306045639772102
2.2800000000000002  -2.586369753571399  -6.363901850109404
2.29  -2.6852876527731397  -6.418443178357482
2.3000000000000003  -2.7837478962897118  -6.469646242604656
2.31  -2.8817266324077533  -6.517489214773392
2.32  -2.9792000716699953  -6.561951815561065
2.33  -3.0761444982253425  -6.603015309131585
2.34  -3.1725362811598066  -6.6406624976089885
2.35  -3.2683518857965286  -6.674877715422488
2.36  -3.3635678849529382  -6.705646823550982
2.37  -3.4581609701434424  -6.732957203713094
2.38  -3.5521079627158976  -6.75679775254701
2.39  -3.6453858249104534  -6.777158875822166
2.4  -3.737971670829304  -6.794032482722673
2.41  -3.829842777306148  -6.807411980239937
2.42  -3.9209765946642383  -6.817292267709489
2.43  -4.011350757352203  -6.823669731524349
2.44  -4.100943094446796  -6.826542240054563
2.45  -4.189731640012222  -6.825909138799718
2.46  -4.277694643305636  -6.821771245798259
2.47  -4.36481057881886  -6.814130847314489
2.48  -4.451058156146412  -6.802991693821004
2.49  -4.536416329670476  -6.788358996291186
2.5  -4.620864308053325  -6.770239422813177
2.5100000000000002  -4.704381563528449  -6.7486410955335
2.52  -4.786947840981531  -6.723573587935267
2.5300000000000002  -4.868543166813024  -6.695047922452535
2.54  -4.949147857574152  -6.663076568419186
2.5500000000000003  -5.028742528368777  -6.6276734403472854
2.56  -5.107308101013552  -6.588853896526684
2.57  -5.1848258119495245  -6.546634737934274
2.58  -5.261277219898362  -6.501034207438165
2.59  -5.336644213256959  -6.452071989278828
2.6  -5.410909017224478  -6.399769208806004
2.61  -5.484054200656259  -6.34414843244739
2.62  -5.556062682639421  -6.285233667881757
2.63  -5.626917738785377  -6.223050364386629
2.64  -5.696603007234885  -6.157625413327475
2.65  -5.76510249437162  -6.088987148753018
2.66  -5.832400580240745  -6.017165348058342
2.67  -5.89848202366922  -5.942191232675329
2.68  -5.963331967085214  -5.864097468747311
2.69  -6.026935941034116  -5.7829181677429675
2.7  -6.089279868389347  -5.698688886962076
2.71  -6.150350068256375  -5.611446629884249
2.72  -6.210133259568854  -5.52122984630964
2.73  -6.268616564376176  -5.428078432239456
2.74  -6.325787510822184  -5.332033729442319
2.75  -6.381634035815153  -5.23313852465173
2.7600000000000002  -6.436144487389588  -5.131437048338486
2.77  -6.489307626760777  -5.026974973001356
2.7800000000000002  -6.541112630073476  -4.919799410918528
2.79  -6.591549089846392  -4.809958911301935
2.8000000000000003  -6.640607016114727  -4.697503456796345
2.81  -6.688276837273156  -4.582484459265023
2.82  -6.734549400622289  -4.46495475480395
2.83  -6.779415972621772  -4.344968597926878
2.84  -6.822868238853761  -4.222581654864256
2.85  -6.8648983037007305  -4.09785099591943
2.86  -6.905498689741988  -3.970835086827015
2.87  -6.944662336873588  -3.8415937790589267
2.88  -6.982382601156681  -3.7101882990254356
2.89  -7.018653253399681  -3.5766812361197218
2.9  -7.053468477479845  -3.441136529556434
2.91  -7.086822868410368  -3.3036194539565478
2.92  -7.1187114301591015  -3.1641966036329356
2.93  -7.149129573225606  -3.022935875533369
2.94  -7.17807311198321  -2.8799064508000685
2.95  -7.205538261793257  -2.735178774907589
2.96  -7.231521635898787  -2.588824536343528
2.97  -7.256020242105253  -2.44091664379951
2.98  -7.279031479255984  -2.2915292018429216
2.99  -7.300553133510437  -2.1407374850430685
3.0  -7.32058337443334  -1.9886179105287627
3.0100000000000002  -7.339120750903098  -1.8352480089577214
3.02  -7.356164186847955  -1.6807063938817506
3.0300000000000002  -7.371712976818581  -1.5250727294952382
3.04  -7.385766781405845  -1.368427696758385
3.0500000000000003  -7.398325622512719  -1.2108529578899863
3.06  -7.409389878489275  -1.0524311192290596
3.0700000000000003  -7.418960279139933  -0.893245692467779
3.08  -7.427037900612084  -0.7333810542628971
3.09  -7.433624160175375  -0.5729224042360727
3.1  -7.438720810900899  -0.4119557213782275
3.11  -7.4423299362496325  -0.25056771887650614
3.12  -7.444453944579413  -0.08884579738678827
3.13  -7.445095563579836  0.07312200322145368
3.14  -7.444257834644329  0.23524705361713777
3.15  -7.441944107188733  0.3974401862216315
3.16  -7.43815803292559  0.5596117478462865
3.17  -7.432903560103363  0.7216716537108125
3.18  -7.4261849277196506  0.883529442796504
3.19  -7.4180066597174505  1.0450943344839945
3.2  -7.408373559173361  1.206275286422394
3.21  -7.397290702486573  1.366981053572345
3.22  -7.384763433577265  1.527120248362951
3.23  -7.370797358102989  1.6866014018984636
3.24  -7.355398337701396  1.8453330261482697
3.25  -7.338572484267525  2.003223677049908
3.2600000000000002  -7.320326154273689  2.1601820184527982
3.27  -7.300665943139802  2.3161168868268778
3.2800000000000002  -7.279598679661766  2.4709373566585513
3.29  -7.25713142050537  2.624552806453266
3.3000000000000003  -7.233271444772891  2.7768729852625524
3.31  -7.208026248649346  2.9278080796506485
3.3200000000000003  -7.181403540135142  3.0772687810147024
3.33  -7.153411233871574  3.2251663531702692
3.34  -7.12405744606536  3.371412700112949
3.35  -7.093350489518187  3.515920433865427
3.36  -7.061298868766853  3.658602942318242
3.37  -7.027911275339443  3.7993744569720356
3.38  -6.993196583132549  3.9381501204879634
3.39  -6.957163843914318  4.074846053953161
3.4  -6.91982228295783  4.209379423767399
3.41  -6.881181294808874  4.341668508057675
3.42  -6.841250439192069  4.471632762527216
3.43  -6.800039437058709  4.599192885646385
3.44  -6.757558166779674  4.724270883093131
3.45  -6.713816660486105  4.846790131352103
3.46  -6.668825100560524  4.966675440382078
3.47  -6.622593816280521  5.083853115263244
3.48  -6.575133280616859  5.19825101673688
3.49  -6.526454107187611  5.30979862055221
3.5  -6.476567047369452  5.418427075536588
3.5100000000000002  -6.425482987567013  5.524069260307861
3.52  -6.37321294664085  5.626659838549438
3.5300000000000002  -6.319768073494145  5.726135312771651
3.54  -6.265159644818189  5.822434076485124
3.5500000000000003  -6.209399062995968  5.915496464715056
3.56  -6.152497854163335  6.005264802787961
3.5700000000000003  -6.094467666426452  6.091683453325822
3.58  -6.035320268234268  6.1746988613855205
3.59  -5.975067546904262  6.254259597685109
3.6  -5.913721507299406  6.330316399861691
3.61  -5.851294270654147  6.402822211709448
3.62  -5.787798073546695  6.471732220350062
3.63  -5.723245267014837  6.537003891291409
3.64  -5.657648315812067  6.598597001334508
3.65  -5.591019797800663  6.656473669292403
3.66  -5.523372403478007  6.710598384488942
3.67  -5.454718935632267  6.760938033009151
3.68  -5.385072309123226  6.807461921677327
3.69  -5.3144455507839945  6.8501417997427945
3.7  -5.242851799438861  6.888951878257643
3.71  -5.170304306032612  6.923868847134738
3.72  -5.096816433866276  6.954871889878598
3.73  -5.022401658934104  6.981942695985655
3.74  -4.947073570356502  7.005065471014753
3.75  -4.870845870903376  7.024226944332563
3.7600000000000002  -4.7937323776022955  7.039416374542858
3.77  -4.715747022425704  7.05062555261229
3.7800000000000002  -4.636903853051264  7.057848802709451
3.79  -4.557217033689509  7.06108298077764
3.8000000000000003  -4.476700845972532  7.060327470865635
3.81  -4.395369689897869  7.055584179244245
3.8200000000000003  -4.313238084821137  7.0468575263401645
3.83  -4.230320670491459  7.034154436521901
3.84  -4.146632208123306  7.01748432577593
3.85  -4.062187581498637  6.996859087314475
3.86  -3.9770017980930814  6.972293075159251
3.87  -3.8910899902200304  6.943803085748513
3.88  -3.804467416186521  6.911408337617501
3.89  -3.717149461454885  6.87513044920496
3.9  -3.629151639804206  6.834993414840953
3.91  -3.540489594485765  6.791023578973415
3.92  -3.4511790993668088  6.7432496086931275
3.93  -3.361236060056958  6.691702464618666
3.94  -3.270676515012152  6.636415370204839
3.95  -3.179516636610595  6.577423779539608
3.96  -3.087772732196144  6.514765343696146
3.97  -2.9954612450840625  6.448479875707762
3.98  -2.902598755524966  6.378609314234839
3.99  -2.8092019816226697  6.305197685993608
4.0  -2.715287780202159  6.2282910670176275
4.01  -2.620873147624185  6.147937542823248
4.0200000000000005  -2.525975220543383  6.064187167551014
4.03  -2.430611276607263  5.977091922155154
4.04  -2.334798735093714  5.886705671713369
4.05  -2.2385551574853517  5.793084121929427
4.0600000000000005  -2.14189824797941  5.69628477490063
4.07  -2.044845853932446  5.596366884222132
4.08  -1.9474159662397008  5.493391409499595
4.09  -1.849626719649742  5.387420970341207
4.1  -1.7514963930154617  5.278519799899481
4.11  -1.6530434094835091  5.166753698032405
4.12  -1.5542863366247912  5.052189984152921
4.13  -1.4552438865096653  4.934897449834434
4.14  -1.3559349157324259  4.814946311239678
4.15  -1.2563784253905483  4.692408161438701
4.16  -1.1565935610253864  4.567355922681138
4.17  -1.0565996125320043  4.439863798686486
4.18  -0.9564160140474537  4.31000722701562
4.19  -0.8560623438277564  4.17786283158526
4.2  -0.7555583241257952  4.043508375386495
4.21  -0.6549238210836379  3.907022713467415
4.22  -0.5541788446549579  3.7684857462392802
4.23  -0.4533435485749287  3.6279783731649893
4.24  -0.35243823039748196  3.485582446888154
4.25  -0.2514833316218726  3.341380727860768
4.26  -0.15049943793361906  3.1954568395276204
4.2700000000000005  -0.049507279587536236  3.04789522412585
4.28  0.05147226803589555  2.8987810991586906
4.29  0.1524181836660624  2.7482004146034207
4.3  0.2533092991305318  2.5962398109152938
4.3100000000000005  0.35412429805256124  2.442986577891197
4.32  0.4548417142089872  2.288528614459557
4.33  0.5554399294938409  2.1329543894663177
4.34  0.655897171426299  1.976352903531622
4.3500000000000005  0.756191510134355  1.8188136520564604
4.36  0.856300854736773  1.660426589465763
4.37  0.9562029490368082  1.5012820947814374
4.38  1.0558753664294187  1.3414709386288979
4.39  1.1552955039119106  1.1810842517909728
4.4  1.254440575073066  1.020213495436845
4.41  1.353287601919441  0.8589504331688115
4.42  1.4518134053786151  0.6973871050479978
4.43  1.5499945942968112  0.5356158037818918
4.44  1.647807552723318  0.37372905328194245
4.45  1.7452284252441346  0.21181958982935084
4.46  1.8422331000931353  0.04998034612234595
4.47  1.938797189728538  -0.1116955614797169
4.48  2.034896008515572  -0.2731148421516791
4.49  2.1305045471005712  -0.4341840358147385
4.5  2.2255974429968095  -0.5948095138748575
4.51  2.3201489468247645  -0.7548974749144086
4.5200000000000005  2.414132883558238  -0.9143539346676733
4.53  2.5075226080185513  -1.0730847094940754
4.54  2.600290953728988  -1.230995392425085
4.55  2.6924101740851523  -1.3879913206933732
4.5600000000000005  2.783851874609416  -1.5439775334528978
4.57  2.8745869348301336  -1.698858718155231
4.58  2.9645854180511217  -1.8525391437536933
4.59  3.053816466940894  -2.004922578547313
4.6000000000000005  3.142248182460588  -2.155912190037741
4.61  3.2298474831440176  -2.3054104236320034
4.62  3.316579941119457  -2.453318856356457
4.63  3.402409590487131  -2.5995380209185455
4.64  3.4872987026988067  -2.74396719441833
4.65  3.571207522370436  -2.8865041447128625
4.66  3.6540939554237175  -3.0270448257955795
4.67  3.735913199502027  -3.165483011468903
4.68  3.8166173041099327  -3.3017098539210568
4.69  3.8961546447114683  -3.435613350384348
4.7  3.9744692908504393  -3.5670776965953666
4.71  4.0515002429014  -3.6959824999514344
4.72  4.127180504867337  -3.822201817574916
4.73  4.201435951073768  -3.945602974280505
4.74  4.274183931765809  -4.066045101724003
4.75  4.345331545200211  -4.1833773214145324
4.76  4.41477347995904  -4.297436468786674
4.7700000000000005  4.482389298131384  -4.408044220204987
4.78  4.548039983590575  -4.515003435207335
4.79  4.6115635135939  -4.618093455819744
4.8  4.6727691167408  -4.717064003136138
4.8100000000000005  4.731429740896714  -4.811627162485079
4.82  4.787272047001826  -4.901446726758747
4.83  4.8399629295960205  -4.986123831069582
4.84  4.88909107716377  -5.065177291181812
4.8500000000000005  4.934141313580303  -5.138016234157924
4.86  4.974458210362309  -5.20390127350029
4.87  5.009193374145689  -5.261888254939453
4.88  5.037227232858553  -5.310744776344207
4.89  5.057049782584934  -5.3488228946503265
4.9  5.066573015580754  -5.373858899833175
4.91  5.062825117760613  -5.3826468800494185
4.92  5.041430690605217  -5.37048388681217
4.93  4.99568304761742  -5.330179711625291
4.94  4.914790281467106  -5.250184903290199
4.95  4.780326337293141  -5.110803437109104
4.96  4.558464863339439  -4.8759064032313315
4.97  4.181533479713093  -4.473256967546669
4.98  3.502232581829751  -3.7457098142029706
4.99  2.2062512009531154  -2.3582886070773528
5.0  4.858927222644356e-14  -5.189069788686963e-14
5.01  -2.244810347501209  2.394375045511792
5.0200000000000005  -3.6257565165273773  3.8612913387983094
5.03  -4.404805283094771  4.682109141530144
5.04  -4.886074122776107  5.182227018785884
5.05  -5.213944769311791  5.516022476278554
5.0600000000000005  -5.45510121938763  5.754770696098073
5.07  -5.642967564066293  5.934187748182048
5.08  -5.795777735113  6.073753745484875
5.09  -5.924217991023949  6.184883445090377
5.1000000000000005  -6.034929061360144  6.2746698290534715
5.11  -6.132240262087822  6.347737575823184
5.12  -6.219088002861698  6.407224713187455
5.13  -6.297530968307986  6.4553331869759765
5.14  -6.369053477141705  6.493653044500695
5.15  -6.4347516867644305  6.523361415333754
5.16  -6.495452047064409  6.54534908977254
5.17  -6.551789029230643  6.56030357740959
5.18  -6.604257534401879  6.568765108187486
5.19  -6.653249085698738  6.571165304092454
5.2  -6.699077357686637  6.56785445640909
5.21  -6.741996529135495  6.5591211333392305
5.22  -6.782214702992193  6.545206515644631
5.23  -6.819903871252832  6.526315039205884
5.24  -6.855207418036306  6.5026224058046305
5.25  -6.888245841120571  6.474281688948082
5.26  -6.919121165799399  6.441428041014722
5.2700000000000005  -6.947920386310434  6.4041823599032695
5.28  -6.974718175430973  6.362654172234637
5.29  -6.999579037193646  6.316943920021522
5.3  -7.022559031495621  6.267144788384444
5.3100000000000005  -7.0437071664594155  6.213344176727835
5.32  -7.063066530652341  6.155624890417057
5.33  -7.080675219937704  6.0940661114802355
5.34  -7.096567100944826  6.028744193201699
5.3500000000000005  -7.11077244361985  5.959733313299904
5.36  -7.123318448156858  5.887106012733829
5.37  -7.1342296861759005  5.810933641380213
5.38  -7.143528471859446  5.731286727387971
5.39  -7.151235175556231  5.648235283597562
5.4  -7.1573684898751555  5.561849061759559
5.41  -7.161945656347905  5.472197763212903
5.42  -7.164982659209474  5.3793512130516365
5.43  -7.16649439163443  5.283379503518031
5.44  -7.1664947988021  5.184353111331576
5.45  -7.1649970013910975  5.082342992840525
5.46  -7.162013402481287  4.977420660220053
5.47  -7.157555780337686  4.869658241405739
5.48  -7.151635369141055  4.759128526015187
5.49  -7.144262929395236  4.645904999155428
5.5  -7.1354488094665065  4.5300618647219375
5.51  -7.125202999483709  4.411674059555152
5.5200000000000005  -7.113535178640479  4.2908172596217895
5.53  -7.10045475678511  4.167567879223367
5.54  -7.085970911053566  4.0420030640969316
5.55  -7.0700926181925245  3.914200679158154
5.5600000000000005  -7.052828683127764  3.784239291540432
5.57  -7.034187764256281  3.6521981495022686
5.58  -7.014178395875239  3.518157157706351
5.59  -6.992809008105682  3.3821968493154504
5.6000000000000005  -6.970087944621715  3.2443983553004743
5.61  -6.946023478455791  3.1048433713133265
5.62  -6.920623826116217  2.963614122440576
5.63  -6.893897160223547  2.820793326122732
5.64  -6.865851620846931  2.676464153496001
5.65  -6.836495325699636  2.5307101893901924
5.66  -6.805836379333816  2.383615391195228
5.67  -6.773882881458089  2.235264046790504
5.68  -6.740642934487111  2.085740731715234
5.69  -6.7061246504197465  1.9351302657435703
5.7  -6.670336157131403  1.7835176690152996
5.71  -6.633285604156452  1.6309881178613932
5.72  -6.594981168028218  1.4776269004532723
5.73  -6.555431057236392  1.3235193723951457
5.74  -6.5146435168552586  1.1687509123699247
5.75  -6.4726268328900325  1.013406877941034
5.76  -6.4293893363836325  0.8575725616054207
5.7700000000000005  -6.384939407321291  0.7013331471853005
5.78  -6.3392854783664765  0.5447736666404159
5.79  -6.292436038457657  0.3879789573755404
5.8  -6.24439963629222  0.23103362011281578
5.8100000000000005  -6.195184883720837  0.07402197739210152
5.82  -6.144800459072781  -0.08297196724215133
5.83  -6.093255110430242  -0.2398645693149693
5.84  -6.04055765886747  -0.3965725827075866
5.8500000000000005  -5.98671700166863  -0.5530131981142111
5.86  -5.931742115536168  -0.7091040806301488
5.87  -5.875642059800025  -0.8647634064379415
5.88  -5.818425979636398  -1.0199098985619879
5.89  -5.760103109303308  -1.174462861666861
5.9  -5.700682775398865  -1.3283422158787668
5.91  -5.640174400147163  -1.4814685296132983
5.92  -5.5785875047153  -1.633763051397312
5.93  -5.515931712564185  -1.7851477406758893
5.94  -5.452216752834906  -1.9355452975999161
5.95  -5.3874524637713685  -2.08487919179272
5.96  -5.321648796179197  -2.233073690098511
5.97  -5.254815816920137  -2.380053883318079
5.98  -5.186963712440557  -2.525745711941268
5.99  -5.118102792331906  -2.670075990888185
6.0  -5.0482434929202435  -2.812972433274911
6.01  -4.977396380881858  -2.9543636732216836
6.0200000000000005  -4.905572156880951  -3.094179287725028
6.03  -4.832781659225181  -3.232349817617233
6.04  -4.759035867534307  -3.3688067876397954
6.05  -4.684345906416884  -3.5034827256591248
6.0600000000000005  -4.608723049149418  -3.6363111810554365
6.07  -4.5321787213521425  -3.7672267423176566
6.08  -4.45472450465519  -3.8961650538789625
6.09  -4.37637214034887  -4.023062832229238
6.1000000000000005  -4.297133533011036  -4.147857881342365
6.11  -4.217020754104906  -4.270489107457568
6.12  -4.1360460455398345  -4.390896533255105
6.13  -4.054221823188008  -4.509021311467592
6.140000000000001  -3.971560680349186  -4.624805737969121
6.15  -3.8880753911562045  -4.738193264384889
6.16  -3.803778913913153  -4.849128510264481
6.17  -3.718684394358493  -4.957557274862098
6.18  -3.632805168845199  -5.063426548567267
6.19  -3.5461547674299183  -5.16668452402922
6.2  -3.458746916863024  -5.267280607018022
6.21  -3.3705955434716084  -5.365165427064853
6.22  -3.281714775927498  -5.460290847923216
6.23  -3.1921189478919945  -5.552609977892065
6.24  -3.1018226005297707  -5.642077180040761
6.25  -3.0108404848836443  -5.728648082374565
6.26  -2.9191875641028147  -5.81227958797797
6.2700000000000005  -2.826879015516468  -5.892929885171748
6.28  -2.7339302325455552  -5.97055845771786
6.29  -2.6403568264449704  -6.045126095104542
6.3  -2.5461746278689863  -6.1165949029418565
6.3100000000000005  -2.451399688252836  -6.184928313496055
6.32  -2.356048281003448  -6.250091096388609
6.33  -2.2601369024925386  -6.3120493694837405
6.34  -2.163682272845562  -6.370770609985412
6.3500000000000005  -2.066701336520248  -6.426223665762533
6.36  -1.9692112626686948  -6.478378766918155
6.37  -1.871229445276878  -6.527207537615983
6.38  -1.772773503076499  -6.57268300817432
6.390000000000001  -1.673861279223581  -6.6147796274349755
6.4  -1.574510840738872  -6.653473275411493
6.41  -1.4747404777054007  -6.688741276218194
6.42  -1.3745687022188549  -6.720562411278267
6.43  -1.274014247086715  -6.748916932806273
6.44  -1.1730960642722474  -6.773786577557151
6.45  -1.0718333230803228  -6.7951545808308245
6.46  -0.9702454080816847  -6.813005690718318
6.47  -0.8683519167731563  -6.8273261825721905
6.48  -0.766172656971503  -6.838103873681117
6.49  -0.6637276439389599  -6.845328138125265
6.5  -0.5610370972388043  -6.848989921786279
6.51  -0.4581214373198353  -6.84908175748258
6.5200000000000005  -0.3550012818290809  -6.845597780197961
6.53  -0.25169744165211055  -6.838533742368595
6.54  -0.14823091668104352  -6.827887029190807
6.55  -0.04462289131070924  -6.813656673909499
6.5600000000000005  0.05910527033633164  -6.795843373044404
6.57  0.16293202945477275  -6.77444950150916
6.58  0.2668356778699147  -6.74947912757571
6.59  0.3707943436172628  -6.7209380276345465
6.6000000000000005  0.4747859967863079  -6.6888337006992575
6.61  0.5787884556252858  -6.653175382601951
6.62  0.6827793929041593  -6.613974059824416
6.63  0.7867363425317999  -6.571242482908443
6.640000000000001  0.8906367064238206  -6.524995179387169
6.65  0.9944577616162802  -6.4752484661782885
6.66  1.0981766676208335  -6.422020461378816
6.67  1.201770474016037  -6.365331095400229
6.68  1.305216128269272  -6.3052021213823375
6.69  1.4084904837834424  -6.241657124823495
6.7  1.5115703081622616  -6.17472153236477
6.71  1.6144322916874743  -6.104422619665272
6.72  1.7170530560010067  -6.030789518306376
6.73  1.819409162984824  -5.9538532216624995
6.74  1.9214771238309  -5.873646589676931
6.75  2.0232334082933563  -5.7902043524815765
6.76  2.1246544541143484  -5.703563112800842
6.7700000000000005  2.22571667661548  -5.613761347080602
6.78  2.326396478445518  -5.5208394052847405
6.79  2.426670259475668  -5.424839509303157
6.8  2.5265144268326627  -5.325805749916849
6.8100000000000005  2.625905405060386  -5.223784082267682
6.82  2.724819646399789  -5.118822319782356
6.83  2.823233641177306  -5.010970126502419
6.84  2.921123928291295  -4.900279007774597
6.8500000000000005  3.0184671057859602  -4.786802299258382
6.86  3.115239841502105  -4.670595154210454
6.87  3.2114188837938715  -4.551714529008451
6.88  3.306981072300406  -4.430219166879733
6.890000000000001  3.4019033487611745  -4.306169579804014
6.9  3.496162767863815  -4.179628028561942
6.91  3.5897365081130266  -4.050658500905221
6.92  3.682601882708947  -3.9193266878275765
6.93  3.774736350423498  -3.7856999579193578
6.94  3.8661175264631535  -3.6498473297925527
6.95  3.956723193306213  -3.511839442566481
6.96  4.046531311503107  -3.3717485244090057
6.97  4.135520030427939  -3.229648359131459
6.98  4.223667698969452  -3.085614250840039
6.99  4.310952876149829  -2.9397229866500187
7.0  4.397354341659705  -2.7920527974739784
7.01  4.48285110629772  -2.642683316898693
7.0200000000000005  4.567422422303098  -2.491695538169915
7.03  4.651047793569756  -2.339171769308465
7.04  4.733706985730915  -2.1851955863847428
7.05  4.815380036102549  -2.0298517849837103
7.0600000000000005  4.896047263474928  -1.8732263298956664
7.07  4.975689277741273  -1.715406303072844
7.08  5.054286989352756  -1.5564798498951713
7.09  5.131821618589269  -1.396536123793353
7.1000000000000005  5.208274704635603  -1.2356652292803751
7.11  5.283628114452998  -1.0739581634470061
7.12  5.357864051436082  -0.9115067559797962
7.13  5.430965063845455  -0.7484036077645372
7.140000000000001  5.502914053006744  -0.5847420281406563
7.15  5.5736942812667465  -0.42061597087601255
7.16  5.643289379698073  -0.2561199689340211
7.17  5.711683355543513  -0.09134906810890144
7.18  5.77886059939215  0.07360124039313032
7.19  5.84480589207908  0.2386350883457818
7.2  5.909504411301401  0.40365629978423784
7.21  5.972941737943136  0.5685684610910335
7.22  6.035103862102262  0.7332749917979444
7.23  6.095977188813376  0.8976792160145257
7.24  6.15554854345993  1.0616844343914755
7.25  6.213805176870318  1.2251939965261671
7.26  6.270734770092418  1.3881113737154434
7.2700000000000005  6.326325438841858  1.550340231960533
7.28  6.380565737619312  1.7117845051273477
7.29  6.433444663492983  1.8723484681653975
7.3  6.484951659542364  2.0319368102872004
7.3100000000000005  6.535076617960372  2.1904547080106953
7.32  6.583809882810777  2.3478078979664185
7.33  6.631142252438831  2.5039027493721013
7.34  6.6770649815331105  2.658646336076827
7.3500000000000005  6.721569782837127  2.8119465080784267
7.36  6.7646488285097295  2.9637119624179302
7.37  6.806294751133824  3.1138523133565945
7.38  6.84650064437326  3.2622781617414907
7.390000000000001  6.8852600632782845  3.408901163467904
7.4  6.922567024240393  3.553634096947869
7.41  6.958416004597916  3.6963909294966433
7.42  6.992801941893959  3.8370868825502105
7.43  7.0257202327889745  3.975638495629946
7.44  7.057166731630615  4.111963688972573
7.45  7.087137748683849  4.2459818247461625
7.46  7.115630048024929  4.377613766776149
7.47  7.142640845103168  4.506781938707548
7.48  7.168167803974825  4.633410380533403
7.49  7.192209034213977  4.757424803422201
7.5  7.2147630875055695  4.878752642780891
7.51  7.235828953926274  4.997323109492956
7.5200000000000005  7.255406057919133  5.11306723927535
7.53  7.273494253968473  5.225917940101264
7.54  7.290093821981866  5.335810037640041
7.55  7.305205462386289  5.442680318668851
7.5600000000000005  7.318830290946012  5.546467572415321
7.57  7.330969833310151  5.647112629793941
7.58  7.34162601929807  5.744558400503566
7.59  7.350801176931193  5.83874990795698
7.6000000000000005  7.358498026220093  5.929634322018157
7.61  7.364719672716067  6.017160989526717
7.62  7.369469600836612  6.10128146259359
7.63  7.372751666974589  6.181949524655684
7.640000000000001  7.374570092401048  6.259121214281963
7.65  7.374929455971966  6.332754846727252
7.66  7.373834686649414  6.402811033234398
7.67  7.371291055847809  6.469252698089232
7.68  7.367304169616203  6.532045093437111
7.69  7.361879960667645  6.591155811873597
7.7  7.35502468026694  6.646554796825683
7.71  7.346744889988146  6.698214350743985
7.72  7.337047453353434  6.746109141129717
7.73  7.325939527364927  6.790216204424084
7.74  7.313428553941318  6.830514947791093
7.75  7.29952225127112  6.866987148828234
7.76  7.284228605094479  6.8996169532425125
7.7700000000000005  7.267555859925533  6.928390870532631
7.78  7.249512510227345  6.9532977677208185
7.79  7.2301072915513815  6.974328861180826
7.8  7.209349171653676  6.991477706610971
7.8100000000000005  7.187247341599565  7.004740187203768
7.82  7.163811206869081  7.014114500065868
7.83  7.139050378474838  7.019601140944143
7.84  7.112974664104326  7.0212028873157255
7.8500000000000005  7.085594059298332  7.018924779901476
7.86  7.056918738677182  7.012774102663997
7.87  7.026959047226313  7.002760361352641
7.88  6.995725491652571  6.988895260659089
7.890000000000001  6.963228731822497  6.971192680048208
7.9  6.929479572293695  6.949668648329471
7.91  6.8944889539500425  6.924341317035073
7.92  6.858267945751589  6.895230932671092
7.930000000000001  6.8208277366095045  6.862359807908348
7.94  6.782179627396293  6.825752291779672
7.95  6.742335023101285  6.785434738950018
7.96  6.701305425141119  6.7414354781257035
7.97  6.6591024238346606  6.6937847796683405
7.98  6.615737691051403  6.642514822478454
7.99  6.571222973042376  6.587659660212895
8.0  6.525570083461898  6.529255186899021
8.01  6.47879089658846  6.4673391020075695
8.02  6.430897340752621  6.401950875044678
8.03  6.381901391979352  6.333131709722023
8.040000000000001  6.331815067851965  6.260924507762406
8.05  6.280650421604523  6.185373832396429
8.06  6.22841953644887  6.106525871603599
8.07  6.175134520142581  6.024428401149857
8.08  6.120807499803145  5.9391307474706245
8.09  6.06545061697376  5.850683750446741
8.1  6.009076022945469  5.759139726118026
8.11  5.951695874339884  5.664552429376926
8.120000000000001  5.893322328956576  5.56697701668206
8.13  5.833967541888591  5.466470008829076
8.14  5.773643661909023  5.363089253813299
8.15  5.712362828131423  5.256893889816266
8.16  5.650137166946158  5.147944308345396
8.17  5.586978789234461  5.036302117553183
8.18  5.522899787861363  4.9220301057596885
8.19  5.457912235448488  4.805192205199194
8.2  5.392028182427038  4.685853456009203
8.21  5.325259655370772  4.5640799704770405
8.22  5.2576186556087485  4.439938897556936
8.23  5.189117158116484  4.313498387666844
8.24  5.119767110684556  4.184827557772954
8.25  5.0495804333623795  4.0539964567658835
8.26  4.978569018175192  3.921076031130695
8.27  4.9067447291113915  3.7861380909101863
8.28  4.834119402376986  3.64925527595841
8.290000000000001  4.760704846913807  3.510501022479056
8.3  4.68651284517727  3.369949529841168
8.31  4.611555154169418  3.22767572766217
8.32  4.535843506722359  3.0837552431464674
8.33  4.459389613026963  2.9382643686658523
8.34  4.382205162401227  2.7912800295658866
8.35  4.304301825292189  2.642879752180937
8.36  4.225691255505346  2.49314163203891
8.370000000000001  4.146385092654538  2.3421443022352046
8.38  4.066394964825654  2.1899669019542802
8.39  3.9857324914463117  2.0366890451155926
8.4  3.9044092863542805  1.882390789120525
8.41  3.8224369610563946  1.7271526036748281
8.42  3.739827128169579  1.5710553396616522
8.43  3.6565914050356936  1.414180198038682
8.44  3.572741417500981  1.256608698732998
8.45  3.488288803851303  1.0984226495068943
8.46  3.403245218893664  0.9397041147677121
8.47  3.3176223381744183  0.780535384295041
8.48  3.2314318623244698  0.6209989418584143
8.49  3.144685521521346  0.4611774336994083
8.5  3.057395080058183  0.3011536368525117
8.51  2.969572341009017  0.14101042727950405
8.52  2.8812291509801438  -0.01916925220679432
8.53  2.792377404936876  -0.17930242425273088
8.540000000000001  2.703029051094825  -0.33930610953017715
8.55  2.613196095865252  -0.49909735957988766
8.56  2.5228906088430914  -0.6585932899518191
8.57  2.432124727827281  -0.8177111136599168
8.58  2.3409106638618815  -0.9763681749685761
8.59  2.24926070628734  -1.134481983524946
8.6  2.1571872277907307  -1.2919702488503995
8.61  2.064702689443895  -1.4487509152020568
8.620000000000001  1.9718196457186525  -1.6047421968133908
8.63  1.8785507494681724  -1.7598626135206665
8.64  1.7849087568633677  -1.914031026780261
8.65  1.6909065322738543  -2.067166676078847
8.66  1.5965570530826652  -2.2191892157367703
8.67  1.5018734144242027  -2.370018752102572
8.68  1.4068688338348583  -2.5195758811335383
8.69  1.311556655806289  -2.6677817263554635
8.700000000000001  1.215950356231107  -2.8145579771919285
8.71  1.1200635467311446  -2.9598269276508415
8.72  1.0239099788584445  -3.1035115153539405
8.73  0.9275035481598415  -3.245535360891716
8.74  0.8308582980956816  -3.3858228074842898
8.75  0.7339884238036706  -3.524298960926342
8.76  0.6369082756993861  -3.660889729791079
8.77  0.5396323629049578  -3.7955218658665983
8.78  0.44217535649770456  -3.9281230047951032
8.790000000000001  0.34455209257129094  -4.058621706883383
8.8  0.24677757510165632  -4.186947498050455
8.81  0.1488669786109084  -4.313030910876544
8.82  0.050835650622329163  -4.4368035257148115
8.83  -0.04730088609964898  -4.558198011825748
8.84  -0.1455269315304433  -4.677148168492212
8.85  -0.24382660659292218  -4.793588966070813
8.86  -0.34218385159629544  -4.907456586934154
8.870000000000001  -0.44058242491133526  -5.018688466256578
8.88  -0.5390059018855283  -5.127223332594562
8.89  -0.6374376740024305  -5.233001248211892
8.9  -0.7358609482877821  -5.335963649097933
8.91  -0.8342587469653828  -5.436053384626927
8.92  -0.9326139073648826  -5.533214756804731
8.93  -1.0309090820828  -5.627393559049192
8.94  -1.129126739398177  -5.718537114449113
8.950000000000001  -1.227249163943057  -5.806594313446841
8.96  -1.3252584576277213  -5.891515650888805
8.97  -1.4231365408203076  -5.9732532623885755
8.98  -1.5208651537788989  -6.051760959946488
8.99  -1.618425858334742  -6.126994266770608
9.0  -1.715800039823474  -6.198910451243725
9.01  -1.8129689092615027  -6.267468559981953
9.02  -1.9099135057632348  -6.332629449930743
9.03  -2.0066146991945946  -6.394355819445373
9.040000000000001  -2.1030531930575256  -6.452612238303746
9.05  -2.1992095275988888  -6.5073651766004845
9.06  -2.2950640831373104  -6.558583032472885
9.07  -2.390597083599582  -6.60623615861038
9.08  -2.4857886002582354  -6.650296887501208
9.09  -2.580618555660713  -6.690739555371477
9.1  -2.675066727739303  -6.727540524774056
9.11  -2.769112754090651  -6.760678205786473
9.120000000000001  -2.8627361364119426  -6.790133075779593
9.13  -2.9559162450801058  -6.815887697720983
9.14  -3.0486323238594473  -6.837926736979568
9.15  -3.140863494721023  -6.856236976600671
9.16  -3.232588762756827  -6.870807331023464
9.17  -3.3237870211694234  -6.881628858215665
9.18  -3.4144370563169555  -6.888694770203377
9.19  -3.504517552791099  -6.892000441977128
9.200000000000001  -3.594007098504188  -6.891543418758362
9.21  -3.6828841897596565  -6.887323421614071
9.22  -3.771127236277702  -6.879342351410678
9.23  -3.8587145661459  -6.867604291101882
9.24  -3.9456244306616983  -6.852115506348833
9.25  -4.031835009031306  -6.832884444474806
9.26  -4.1173244128858695  -6.809921731760448
9.27  -4.202070690572653  -6.783240169089586
9.28  -4.286051831175246  -6.752854725959787
9.290000000000001  -4.3692457682119885  -6.718782532876023
9.3  -4.451630382957525  -6.681042872150165
9.31  -4.533183507326867  -6.6396571671334375
9.32  -4.61388292625506  -6.594648969913761
9.33  -4.693706379498914  -6.546043947514507
9.34  -4.772631562779506  -6.4938698666363885
9.35  -4.850636128175422  -6.438156576989287
9.36  -4.927697683666519  -6.378935993266301
9.370000000000001  -5.00379379171689  -6.316242075818247
9.38  -5.078901966772594  -6.250110810092818
9.39  -5.152999671534992  -6.180580184909117
9.4  -5.2260643118531345  -6.1076901696456485
9.41  -5.298073230059411  -6.031482690427147
9.42  -5.369003696549859  -5.952001605404203
9.43  -5.438832899384179  -5.86929267922889
9.44  -5.507537931650254  -5.783403556839494
9.450000000000001  -5.5750957763027555  -5.69438373667946
9.46  -5.641483288143712  -5.602284543488027
9.47  -5.706677172565525  -5.50715910081487
9.48  -5.770653960619452  -5.409062303428002
9.49  -5.8333899799070466  -5.308050789803253
9.5  -5.8948613207130345  -5.204182914906176
9.51  -5.955043796705642  -5.097518723503339
9.52  -6.013912899420451  -4.988119924270812
9.53  -6.071443745612378  -4.8760498650035355
9.540000000000001  -6.127611016404245  -4.761373509272848
9.55  -6.182388886971979  -4.644157414930466
9.56  -6.2357509452809055  -4.524469714918689
9.57  -6.2876700981135745  -4.402380100921502
9.58  -6.338118462298407  -4.277959810480622
9.59  -6.387067238643955  -4.151281618310509
9.6  -6.434486565588694  -4.022419832680261
9.61  -6.48034534896811  -3.8914502978954206
9.620000000000001  -6.524611063548642  -3.7584504041159823
9.63  -6.5672495210444755  -3.62349910600097
9.64  -6.608224598167354  -3.4866769519851624
9.65  -6.647497916795225  -3.3480661263921143
9.66  -6.685028466497095  -3.207750507089148
9.67  -6.720772157301066  -3.0658157420293657
9.68  -6.754681287586974  -2.922349348843582
9.69  -6.78670390811258  -2.7774408426996513
9.700000000000001  -6.81678305815846  -2.6311818990155653
9.71  -6.844855843206846  -2.483666559405447
9.72  -6.870852314908011  -2.3349914916007637
9.73  -6.894694102567987  -2.185256317237338
9.74  -6.916292729926716  -2.034564025625888
9.75  -6.935547530028813  -1.883021497361515
9.76  -6.952343042257739  -1.730740169495803
9.77  -6.966545735783108  -1.5778368849104587
9.78  -6.977999847799682  -1.424434983860708
9.790000000000001  -6.986522045505288  -1.2706657174711897
9.8  -6.99189450621933  -1.1166700944610028
9.81  -6.9938558422886  -0.9626013185492615
9.82  -6.992089047586859  -0.808628042852378
9.83  -6.986205263443143  -0.6549387721783159
9.84  -6.975721575336411  -0.5017479062467246
9.85  -6.9600301237753035  -0.34930417380972956
9.86  -6.938354308456326  -0.1979026250180079
9.870000000000001  -6.909685359118273  -0.04790204611011586
9.88  -6.872688245043922  0.10024914037680394
9.89  -6.825558256632242  0.2459732909819307
9.9  -6.765795500203282  0.38850111951402105
9.91  -6.689837398729569  0.5267696363277616
9.92  -6.592434348450315  0.6592480874305084
9.93  -6.465536058569932  0.7836260052104692
9.94  -6.296187689098195  0.8962203190391915
9.950000000000001  -6.062277388251933  0.990767187053505
9.96  -5.7232449638508704  1.055751117583749
9.97  -5.198069171221431  1.0679569190155356
9.98  -4.310910430110308  0.975946266194735
9.99  -2.6892357856685387  0.664996800759277
10.0  -1.1730708595872797e-13  3.1453325054375496e-14
