0.0  0.0  0.0
0.01  1.009650089984028  -2.024100968163557
0.02  1.672493556761548  -3.186553049611348
0.03  2.0816686635857606  -3.7710209943497204
0.04  2.363428156161831  -4.07217151107674
0.05  2.579022643781261  -4.227401179324899
0.06  2.7569849214104227  -4.299718767373533
0.07  2.911678552655747  -4.320605857123452
0.08  3.0509566214108617  -4.30722160240489
0.09  3.1794251120390835  -4.269632847492964
0.1  3.299945099007808  -4.214114268351674
0.11  3.41437885725978  -4.144778034020746
0.12  3.523985944318458  -4.064435254089026
0.13  3.629645743999791  -3.975078397145821
0.14  3.731988690587957  -3.8781649930760658
0.15  3.8314769073942236  -3.7747915811119133
0.16  3.928455554388681  -3.6658042581834356
0.17  4.023186550442223  -3.5518711535371827
0.18  4.115871327394584  -3.433531250454548
0.19  4.206666553965602  -3.311228069594649
0.2  4.295695234127337  -3.1853334047094255
0.21  4.383054690252606  -3.0561643664376636
0.22  4.468822403887154  -2.9239958287300376
0.23  4.55306035516151  -2.789069656531843
0.24  4.635818291953064  -2.6516016410201804
0.25  4.717136224178784  -2.511786776515261
0.26  4.797046349059716  -2.369803320624694
0.27  4.875574553042667  -2.2258159499206487
0.28  4.952741594967135  -2.079978235211447
0.29  5.028564046553387  -1.9324345992943837
0.3  5.103055046223327  -1.7833218770551043
0.31  5.17622490795976  -1.6327705671214605
0.32  5.248081616583875  -1.4809058421636172
0.33  5.318631233292818  -1.3278483687944467
0.34  5.3878782297378  -1.173714976122925
0.35000000000000003  5.455825764779093  -1.0186192031482693
0.36  5.522475914937669  -0.8626717485173885
0.37  5.587829867198684  -0.7059808411128565
0.38  5.651888081013416  -0.54865254607246
0.39  5.714650424952095  -0.3907910178615431
0.4  5.776116292377538  -0.23249870970586248
0.41000000000000003  5.836284699663163  -0.0738765468837085
0.42  5.895154369812893  0.08497593004748742
0.43  5.9527238038130905  0.24396044714230503
0.44  6.0089913416265714  0.40297990002665623
0.45  6.0639552144023625  0.5619382745953837
0.46  6.117613589203883  0.720740582697817
0.47000000000000003  6.169964607339104  0.8792928105303992
0.48  6.221006417197869  1.0375018778372855
0.49  6.270737202355992  1.1952756063320065
0.5  6.319155205586225  1.3525226960095025
0.51  6.366258749317723  1.5091527082292149
0.52  6.4120462530041795  1.6650760546247618
0.53  6.456516247793208  1.8202039910411312
0.54  6.4996673888330125  1.9744486158214802
0.55  6.54149846550541  2.1277228718671
0.56  6.582008409834485  2.2799405519791724
0.5700000000000001  6.621196303286928  2.431016307062639
0.58  6.659061382151852  2.5808656568329758
0.59  6.695603041664002  2.7294050027177956
0.6  6.730820839014043  2.8765516426886064
0.61  6.764714495372147  3.0222237877948976
0.62  6.797283897036425  3.166340580204017
0.63  6.828529095804968  3.308822112577015
0.64  6.858450308659382  3.4495894486333403
0.65  6.887047916838211  3.5885646447766355
0.66  6.914322464370604  3.7256707726703953
0.67  6.940274656133359  3.860831942666242
0.68  6.964905355488487  3.9939733279995577
0.6900000000000001  6.988215581552945  4.125021189677264
0.7000000000000001  7.010206506147547  4.2539029019911005
0.71  7.03087945046794  4.3805469785969064
0.72  7.050235881516895  4.504883099106428
0.73  7.068277408333936  4.62684213614307
0.74  7.085005778055498  4.746356182817148
0.75  7.1004228718363  4.863358580579412
0.76  7.114530700660303  4.977783947414253
0.77  7.127331401067639  5.089568206335974
0.78  7.138827230822067  5.198648614152979
0.79  7.149020564541793  5.304963790465802
0.8  7.157913889315131  5.408453746865457
0.81  7.165509800320949  5.509059916298901
0.8200000000000001  7.171810996472683  5.6067251825683995
0.8300000000000001  7.176820276103557  5.70139390993124
0.84  7.180540532709476  5.793011972765835
0.85  7.18297475076518  5.881526785269457
0.86  7.184126001628226  5.966887331152096
0.87  7.1839974395444965  6.049044193289916
0.88  7.182592297768172  6.127949583300704
0.89  7.179913884808209  6.203557371002559
0.9  7.175965580812697  6.275823113715866
0.91  7.170750834101716  6.3447040853673204
0.92  7.164273157858612  6.410159305353508
0.93  7.156536126988979  6.472149567120256
0.9400000000000001  7.14754337515594  6.530637466412744
0.9500000000000001  7.137298591999717  6.58558742915006
0.96  7.125805520548899  6.636965738876746
0.97  7.113067954830134  6.684740563742737
0.98  7.099089737682475  6.728881982961964
0.99  7.083874758781991  6.769362012698974
1.0  7.067426952881677  6.806154631331954
1.01  7.049750298271196  6.839235804039744
1.02  7.030848815460374  6.868583506659752
1.03  7.010726566089881  6.894177748763052
1.04  6.989387652071971  6.916000595892508
1.05  6.96683621496365  6.9340361909093975
1.06  6.943076435574093  6.948270774393838
1.07  6.918112533807661  6.958692704044235
1.08  6.891948768743321  6.965292473021063
1.09  6.864589438950815  6.96806272718048
1.1  6.83603888304339  6.96699828114375
1.11  6.806301480466455  6.962096133148863
1.12  6.775381652521026  6.953355478631552
1.1300000000000001  6.743283863620356  6.9407777224836815
1.1400000000000001  6.710012622777692  6.92436648993803
1.1500000000000001  6.675572485322625  6.904127636029657
1.16  6.639968054843072  6.880069253585385
1.17  6.603203985349485  6.852201679694394
1.18  6.565284983657417  6.820537500614605
1.19  6.526215811984214  6.785091555071316
1.2  6.486001290755124  6.745880935906511
1.21  6.444646301613766  6.702924990039369
1.22  6.402155790631465  6.656245316700764
1.23  6.358534771709598  6.6058657639068805
1.24  6.313788330168734  6.551812423139708
1.25  6.267921626517951  6.494113622204689
1.26  6.220939900397418  6.432799916238704
1.27  6.172848474686959  6.367904076844388
1.28  6.123652759772977  6.299461079329847
1.29  6.07335825796587  6.227508088035892
1.3  6.0219705680596824  6.152084439736179
1.31  5.969495390025557  6.073231625098915
1.32  5.915938529830162  5.990993268202143
1.33  5.861305904370143  5.905415104098128
1.34  5.805603546513296  5.816544954425835
1.35  5.748837610236997  5.724432701074054
1.36  5.691014375854199  5.629130257901378
1.37  5.632140255317117  5.530691540522824
1.3800000000000001  5.572221797588506  5.429172434176617
1.3900000000000001  5.511265694070351  5.324630759688305
1.4000000000000001  5.449278784079543  5.217126237553039
1.41  5.386268060360102  5.106720450160603
1.42  5.3222406746212645  4.9934768021913705
1.43  5.257203943090767  4.877460479215057
1.44  5.191165352072526  4.758738404527688
1.45  5.124132563497846  4.637379194265818
1.46  5.056113420459267  4.513453110840502
1.47  4.987115952716144  4.387032014736922
1.48  4.9171483821609705  4.258189314729021
1.49  4.846219128235553  4.126999916561628
1.5  4.774336813286148  3.9935401701559035
1.51  4.701510267846613  3.857887815396821
1.52  4.627748535838862  3.720121926564493
1.53  4.553060879679815  3.58032285547393
1.54  4.477456785284219  3.4385721733905115
1.55  4.400945966952828  3.294952611791021
1.56  4.323538372135486  3.149548002042519
1.57  4.245244186058888  3.002443214073606
1.58  4.16607383620887  2.853724094114664
1.59  4.086037996657293  2.7034774015856753
1.6  4.005147592223784  2.551790745211935
1.61  3.923413802462773  2.3987525184495584
1.62  3.840848065466489  2.244451834304091
1.6300000000000001  3.75746208147483  2.08897845962675
1.6400000000000001  3.673267816283251  1.9324227489738122
1.6500000000000001  3.588277504440074  1.7748755781155097
1.6600000000000001  3.502503652224929  1.6164282772814473
1.67  3.4159590404002724  1.4571725642298956
1.68  3.328656726728279  1.297200477228647
1.69  3.2406100482456908  1.1366043080350603
1.7  3.15183262328953  0.9754765349627642
1.71  3.062338353266938  0.8139097561221074
1.72  2.972141424162718  0.6519966229208559
1.73  2.881256307778577  0.48982977391083765
1.74  2.789697762698306  0.32750176906523754
1.75  2.6974808349737027  0.16510502457011106
1.76  2.6046208585262223  0.0027317482122077895
1.77  2.511133455259891  -0.15952612455628337
1.78  2.417034534881319  -0.32157699379725213
1.79  2.32234029442313  -0.4833296574335808
1.8  2.2270672174674377  -0.6446933726886918
1.81  2.13123207306657  -0.8055779165462401
1.82  2.0348519143584847  -0.965893645159947
1.83  1.937944076874906  -1.1255515521461414
1.84  1.8405261765405454  -1.284463325694368
1.85  1.7426161073622188  -1.4425414044343017
1.86  1.6442320388071743  -1.5996990320002566
1.87  1.5453924128702818  -1.755850310237735
1.8800000000000001  1.446115940830255  -1.9109102509997558
1.8900000000000001  1.3464215996954936  -2.064794826484075
1.9000000000000001  1.2463286283405173  -2.217421018065905
1.9100000000000001  1.1458565233345261  -2.368706863584331
1.92  1.045025034463923  -2.5185715030442593
1.93  0.9438541599511551  -2.666935222699493
1.94  0.842364141372632  -2.813719497486229
1.95  0.7405754582789101  -2.958847031780251
1.96  0.638508822520755  -3.102241798454801
1.97  0.5361851722851225  -3.2438290762201305
1.98  0.43362566584549195  -3.383535485229563
1.99  0.33085167503143176  -3.5212890209408516
2.0  0.227884778422599  -3.6570190862255396
2.0100000000000002  0.12474675427288072  -3.790656521722853
2.02  0.021459573170699676  -3.9221336344385778
2.0300000000000002  -0.08195460955818971  -4.051384224593239
2.04  -0.18547346169846754  -4.178343610727443
2.05  -0.2890744822366361  -4.302948653076314
2.06  -0.3927350096884078  -4.425137775228256
2.07  -0.4964322306542877  -4.544850984086974
2.08  -0.6001431885952944  -4.662029888159283
2.09  -0.7038447928202333  -4.776617714194212
2.1  -0.8075138276758475  -4.888559322202697
2.11  -0.9111269619307242  -4.997801218889716
2.12  -1.0146607583437133  -5.104291569534276
2.13  -1.1180916834071246  -5.207980208355011
2.14  -1.2213961172550127  -5.308818647402376
2.15  -1.32455036372633  -5.406760084020504
2.16  -1.427530660572771  -5.501759406924678
2.17  -1.530313189800635  -5.593773200942184
2.18  -1.6328740881362178  -5.682759750466764
2.19  -1.7351894576036222  -5.768679041678515
2.2  -1.8372353762041551  -5.851492763582966
2.21  -1.9389879086859667  -5.931164307924511
2.22  -2.0404231173927556  -6.007658768030786
2.23  -2.141517073179973  -6.080942936645679
2.24  -2.2422458663871483  -6.150985302809642
2.25  -2.342585617854631  -6.217756047846783
2.2600000000000002  -2.442512489973145  -6.281227040518641
2.27  -2.5420026977543997  -6.34137183140514
2.2800000000000002  -2.641032519911101  -6.398165646573116
2.29  -2.739578309934488  -6.451585380592999
2.3000000000000003  -2.837616507157785  -6.501609588963875
2.31  -2.935123647793739  -6.54821848000676
2.32  -3.0320763759346168  -6.5913939062853375
2.33  -3.1284514545030153  -6.631119355612479
2.34  -3.2242257761418727  -6.667379941700022
2.35  -3.3193763740323305  -6.7001623945079745
2.36  -3.4138804326279217  -6.729455050347993
2.37  -3.5077152982939803  -6.755247841794454
2.38  -3.6008584898410243  -6.7775322874546875
2.39  -3.6932877089412712  -6.796301481648133
2.4  -3.78498085041741  -6.811550084042096
2.41  -3.8759160123930485  -6.823274309289613
2.42  -3.9660715062943983  -6.831471916712647
2.43  -4.05542586669305  -6.836142200071368
2.44  -4.143957860979754  -6.837285977457666
2.45  -4.231646498859596  -6.834905581348396
2.46  -4.318471041658973  -6.829004848851028
2.47  -4.404411011435232  -6.81958911217148
2.48  -4.489446199879936  -6.8066651893309205
2.49  -4.573556677007259  -6.790241375155271
2.5  -4.65672279961896  -6.770327432558
2.5100000000000002  -4.73892521953811  -6.746934584133589
2.52  -4.820144891603714  -6.720075504075857
2.5300000000000002  -4.90036308141896  -6.689764310431994
2.54  -4.979561372845953  -6.656016557699922
2.5500000000000003  -5.0577216752404315  -6.6188492297732004
2.56  -5.134826230419954  -6.578280733234469
2.57  -5.210857619359821  -6.534330890995009
2.58  -5.285798768611016  -6.487020936274803
2.59  -5.3596329564350835  -6.436373506914157
2.6  -5.432343818651131  -6.382412640004663
2.61  -5.503915354190593  -6.325163766824277
2.62  -5.574331930355764  -6.2646537080579465
2.63  -5.6435782877785154  -6.200910669282421
2.64  -5.711639545076112  -6.133964236690627
2.65  -5.778501203201255  -6.063845373028461
2.66  -5.844149149484194  -5.99058641371372
2.67  -5.9085696613648215  -5.91422106310456
2.68  -5.971749409813454  -5.83478439088204
2.69  -6.03367546243906  -5.752312828509144
2.7  -6.094335286284427  -5.666844165726157
2.71  -6.153716750307992  -5.578417547040378
2.72  -6.211808127552551  -5.4870734681658995
2.73  -6.268598097001456  -5.392853772367622
2.74  -6.3240757451233645  -5.295801646661722
2.75  -6.378230567106968  -5.195961617823604
2.7600000000000002  -6.431052467787579  -5.093379548152733
2.77  -6.482531762267816  -4.988102630942822
2.7800000000000002  -6.532659176235112  -4.880179385604806
2.79  -6.581425845979001  -4.769659652389208
2.8000000000000003  -6.628823318111776  -4.656594586654024
2.81  -6.674843548996209  -4.541036652623782
2.82  -6.719478903884661  -4.423039616585261
2.83  -6.7627221557740596  -4.302658539465297
2.84  -6.804566483981738  -4.179949768736489
2.85  -6.845005472447411  -4.054970929596621
2.86  -6.8840331077668875  -3.927780915368731
2.87  -6.9216437769635  -3.7984398770689762
2.88  -6.957832265003498  -3.6670092120909294
2.89  -6.9925937520620485  -3.5335515519556706
2.9  -7.02592381054663  -3.3981307490787165
2.91  -7.057818401885121  -3.260811862506174
2.92  -7.088273873085859  -3.121661142574286
2.93  -7.117286953077576  -2.9807460144484486
2.94  -7.144854748836978  -2.8381350604997677
2.95  -7.170974741312288  -2.693898001479553
2.96  -7.195644781151115  -2.5481056764544228
2.97  -7.2188630842412795  -2.4008300214673266
2.98  -7.240628227073396  -2.2521440468924006
2.99  -7.260939141934265  -2.102121813454424
3.0  -7.279795111940169  -1.9508384068866207
3.0100000000000002  -7.297195765919433  -1.7983699112035383
3.02  -7.313141073153676  -1.6447933805690154
3.0300000000000002  -7.3276313379873335  -1.4901868097424171
3.04  -7.340667194315127  -1.3346291030899173
3.0500000000000003  -7.352249599957242  -1.1782000421506353
3.06  -7.362379830932033  -1.0209802517516189
3.0700000000000003  -7.371059475636211  -0.8630511646685023
3.08  -7.378290428942366  -0.7044949848330974
3.09  -7.384074886223873  -0.5453946490921137
3.1  -7.388415337317112  -0.38583378752563996
3.11  -7.391314560430997  -0.22589668233718355
3.12  -7.39277561601374  -0.06566822533120127
3.13  -7.392801840586813  0.0947661260023638
3.14  -7.391396840555927  0.2553203937732259
3.15  -7.388564486008879  0.41590812631854024
3.16  -7.384308904509925  0.5764424461426568
3.17  -7.37863447490037  0.7368360991343332
3.18  -7.371545821114837  0.8970015050237183
3.19  -7.363047806022632  1.0568508090372533
3.2  -7.353145525303418  1.2162959347059583
3.21  -7.341844301366347  1.3752486377783937
3.22  -7.329149677321509  1.5336205611871214
3.23  -7.315067411012493  1.6913232910135299
3.24  -7.299603469118589  1.8482684133936214
3.25  -7.282764021334965  2.004367572303645
3.2600000000000002  -7.264555434638966  2.159532528162437
3.27  -7.2449842676504215  2.313675217183913
3.2800000000000002  -7.2240572650935695  2.4667078114113767
3.29  -7.201781352368068  2.6185427793622296
3.3000000000000003  -7.178163630236156  2.7690929472101913
3.31  -7.153211369632849  2.918271560429388
3.3200000000000003  -7.1269320066057436  3.065992345823519
3.33  -7.09933313739069  3.212169573860957
3.34  -7.070422513629317  3.3567181212357107
3.35  -7.04020803773407  3.4995535335725303
3.36  -7.008697758406101  3.6405920881933387
3.37  -6.975899866311034  3.779750856861546
3.38  -6.941822689917279  3.9169477684195644
3.39  -6.9064746915012565  4.0521016712349205
3.4  -6.869864463323523  4.185132395369423
3.41  -6.8320007239794345  4.315960814386317
3.42  -6.7928923149277125  4.444508906709846
3.43  -6.752548197199731  4.5706998164525015
3.44  -6.710977448292274  4.694457913625137
3.45  -6.6681892592458  4.815708853646395
3.46  -6.624192931910228  4.934379636068169
3.47  -6.578997876399646  5.050398662435464
3.48  -6.5326136087370665  5.163695793199759
3.49  -6.485049748690035  5.274202403606898
3.5  -6.4363160177974335  5.381851438481705
3.5100000000000002  -6.386422237587532  5.486577465833794
3.52  -6.33537832798697  5.5883167292105345
3.5300000000000002  -6.283194305919877  5.687007198725782
3.54  -6.229880284096275  5.782588620694839
3.5500000000000003  -6.175446469988089  5.875002565808943
3.56  -6.119903164991301  5.964192475784875
3.5700000000000003  -6.063260763771892  6.05010370842836
3.58  -6.0055297537933185  6.132683581052442
3.59  -5.94672071502267  6.211881412195416
3.6  -5.886844319812422  6.287648561585674
3.61  -5.825911332954401  6.359938468304253
3.62  -5.763932611902203  6.428706687099215
3.63  -5.700919107158092  6.4939109228091985
3.64  -5.636881862819991  6.555511062857252
3.65  -5.571832017284042  6.613469207779351
3.66  -5.505780804097807  6.667749699755877
3.67  -5.438739552959026  6.718319149117736
3.68  -5.37071969085445  6.765146458802802
3.69  -5.301732743333289  6.808202846741782
3.7  -5.231790335909217  6.847461866156676
3.71  -5.16090419558504  6.88289942375848
3.72  -5.089086152493651  6.914493795834802
3.73  -5.016348141648856  6.942225642221572
3.74  -4.94270220479942  6.966078018156963
3.75  -4.868160492379541  6.986036384019177
3.7600000000000002  -4.792735265548822  7.00208861295353
3.77  -4.716438898314664  7.014224996397791
3.7800000000000002  -4.639283879729842  7.0224382475183065
3.79  -4.561282816158133  7.026723502572951
3.8000000000000003  -4.482448433600388  7.0270783202203075
3.81  -4.402793580073884  7.02350267879778
3.8200000000000003  -4.322331228037244  7.015998971594662
3.83  -4.241074476853567  7.004572000149179
3.84  -4.159036555284169  6.9892289656016136
3.85  -4.07623082400545  6.969979458138552
3.86  -3.992670778141371  6.946835444565971
3.87  -3.9083700498041023  6.919811254051614
3.88  -3.823342410635465  6.888923562079636
3.89  -3.737601774341843  6.8541913726627826
3.9  -3.6511621992153724  6.81563599885974
3.91  -3.564037890634342  6.773281041647284
3.92  -3.476243203535903  6.7271523671988795
3.93  -3.3877926448541937  6.677278082623088
3.94  -3.298700875917579  6.623688510216918
3.95  -3.208982714798289  6.566416160290571
3.96  -3.1186531386087317  6.505495702621572
3.97  -3.027727285738272  6.440963936597219
3.98  -2.936220458025165  6.372859760105534
3.99  -2.844148122858278  6.301224137235581
4.0  -2.7515259152037244  6.226100064848898
4.01  -2.658369639551879  6.147532538084161
4.0200000000000005  -2.564695271780637  6.06556851485782
4.03  -2.470518960931264  5.980256879423641
4.04  -2.3758570308935223  5.89164840505407
4.05  -2.2807259819974406  5.799795715906685
4.0600000000000005  -2.1851424925095317  5.704753248138549
4.07  -2.089123420031831  5.60657721033124
4.08  -1.9926858028027528  5.505325543288868
4.09  -1.8958468608995809  5.401057879270993
4.1  -1.7986239973428582  5.293835500721852
4.11  -1.701034799104032  5.183721298556549
4.12  -1.6030970380182497  5.070779730064324
4.13  -1.5048286716052675  4.955076776487972
4.14  -1.4062478438024202  4.836679900338147
4.15  -1.3073728856145215  4.71565800249994
4.16  -1.208222315686822  4.592081379188692
4.17  -1.1088148408081842  4.466021678810705
4.18  -1.0091693563533093  4.337551858784288
4.19  -0.9093049466738252  4.20674614237522
4.2  -0.8092408854500566  4.073679975600361
4.21  -0.7089966360166414  3.938429984252333
4.22  -0.6085918516773569  3.801073931097807
4.23  -0.5080463760262751  3.661690673301562
4.24  -0.4073802432949274  3.5203601201282995
4.25  -0.3066136787472626  3.377163190974157
4.26  -0.2057670991473617  3.232181773780369
4.2700000000000005  -0.10486111332756863  3.08549868388206
4.28  -0.0039165228882868395  2.9371976233461514
4.29  0.09704567693574137  2.7873631408536625
4.3  0.19800429620343374  2.6360805921838213
4.3100000000000005  0.29893794894587733  2.4834361013597106
4.32  0.3998250515462878  2.3295165225183365
4.33  0.5006438207664524  2.1744094025716976
4.34  0.6013722713578775  2.01820294473063
4.3500000000000005  0.7019882131885643  1.8609859729682499
4.36  0.8024692478074252  1.7028478975074286
4.37  0.9027927643592032  1.5438786814242178
4.38  1.002935934750875  1.3841688084695927
4.39  1.1028757079586704  1.2238092522227
4.4  1.2025888033497971  1.062891446703013
4.41  1.3020517028765155  0.9015072585844193
4.42  1.4012406419811265  0.7397489611730937
4.43  1.5001315990279651  0.5777092103332692
4.44  1.598700283053301  0.415481022570909
4.45  1.6969221195938773  0.25315775551573877
4.46  1.794772234320462  0.090833091077825
4.47  1.8922254341620486  -0.07139897840244411
4.48  1.9892561855591653  -0.23344416064306284
4.49  2.085838589428774  -0.39520787012035985
4.5  2.1819463523579534  -0.5565952304840129
4.51  2.2775527534655096  -0.7175110721077157
4.5200000000000005  2.372630606278898  -0.8778599240988201
4.53  2.4671522148640253  -1.0375459999725716
4.54  2.561089323314782  -1.1964731760575147
4.55  2.6544130575517886  -1.3545449615300449
4.5600000000000005  2.747093858191379  -1.5116644587747854
4.57  2.8391014030171386  -1.667734312522464
4.58  2.930404517309698  -1.822656645921321
4.59  3.020971069952727  -1.9763329813362989
4.6000000000000005  3.1107678528203824  -2.1286641432287325
4.61  3.1997604404433413  -2.279550139925792
4.62  3.287913026323514  -2.428890020417601
4.63  3.375188231487851  -2.5765817014864125
4.64  3.461546879899148  -2.722521759431821
4.65  3.54694773411999  -2.8666051793498433
4.66  3.63134718308302  -3.0087250532737544
4.67  3.7146988718602545  -3.148772216389145
4.68  3.7969532608150844  -3.286634807853911
4.69  3.878057098290021  -3.422197739301472
4.7  3.957952786789899  -3.5553420496244947
4.71  4.036577617137535  -3.685944118778756
4.72  4.113862837849241  -3.813874705622465
4.73  4.189732517362035  -3.938997764534675
4.74  4.2641021438351405  -4.06116898176569
4.75  4.336876889744149  -4.180233953775396
4.76  4.40794944449799  -4.296025904192363
4.7700000000000005  4.477197285058172  -4.40836280051179
4.78  4.544479207881593  -4.51704368181665
4.79  4.609630879167466  -4.621843937952082
4.8  4.672459064706889  -4.722509178394467
4.8100000000000005  4.73273406048516  -4.818747179380976
4.82  4.790179636426578  -4.91021717491963
4.83  4.844459488955385  -4.996515419070684
4.84  4.89515870779695  -5.077155423354683
4.8500000000000005  4.941757986626738  -5.151540444674767
4.86  4.983597049113798  -5.218924455744347
4.87  5.019821665812725  -5.278355591818102
4.88  5.0493050378148805  -5.328592224116737
4.89  5.070527928529379  -5.367974982900522
4.9  5.081390122298213  -5.3942254521850055
4.91  5.07890303834511  -5.404117970803424
4.92  5.058667255527845  -5.392921792820475
4.93  5.013939983486347  -5.35340549100901
4.94  4.933871980448399  -5.273954795533348
4.95  4.799940042719067  -5.134764619391513
4.96  4.578139965221241  -4.899507428228397
4.97  4.2004428342237485  -4.495550025302363
4.98  3.5187664074103018  -3.7648818701212914
4.99  2.2170899735075045  -2.370657410084978
5.0  4.883696352388342e-14  -5.2168989270168476e-14
5.01  -2.2566533431536526  2.4074798483210693
5.0200000000000005  -3.6455061634872568  3.88281933302435
5.03  -4.429523680948638  4.708655086974008
5.04  -4.914265479578264  5.212057035258177
5.05  -5.244817832479369  5.548209011403104
5.0600000000000005  -5.4881934457398165  5.78876053714958
5.07  -5.677981719781133  5.969615507666624
5.08  -5.8325066791253475  6.110356347631826
5.09  -5.962507129189319  6.222457574876841
5.1000000000000005  -6.074656167943825  6.313049137291299
5.11  -6.173303936564384  6.386779690103704
5.12  -6.261400714675052  6.446803451988027
5.13  -6.341014681241005  6.495333696278127
5.14  -6.413636795754647  6.533968657255721
5.15  -6.480367938771221  6.563891569383664
5.16  -6.542037962099586  6.58599791954379
5.17  -6.599283809604814  6.600978947873742
5.18  -6.65260219059688  6.60937794697212
5.19  -6.702385955007765  6.61162913930795
5.2  -6.74894975228927  6.608085099308859
5.21  -6.792548477415743  6.599036464745577
5.22  -6.8333907591939225  6.584726347834401
5.23  -6.871648976004841  6.56536103335877
5.24  -6.907466797282312  6.541118030772436
5.25  -6.9409649344176  6.512152210978819
5.26  -6.9722455773374055  6.478600536767011
5.2700000000000005  -7.001395853697092  6.440585746999673
5.28  -7.028490552499785  6.398219252977162
5.29  -7.053594287976683  6.351603434893666
5.3  -7.0767632331525325  6.300833476702647
5.3100000000000005  -7.098046519438556  6.245998842356422
5.32  -7.1174873747242  6.187184470877003
5.33  -7.135124055017666  6.12447174909983
5.34  -7.150990611834587  6.057939307202341
5.3500000000000005  -7.165117527960969  5.987663671901434
5.36  -7.177532247017965  5.913719804514357
5.37  -7.18825961679567  5.836181545245345
5.38  -7.197322262147002  5.755121980600736
5.39  -7.204740900014169  5.670613747398803
5.4  -7.210534606661217  5.582729284173034
5.41  -7.2147210452324515  5.4915410386829855
5.42  -7.2173166602193275  5.3971216386065946
5.43  -7.218336844200934  5.299544031190319
5.44  -7.217796081253729  5.198881596599617
5.45  -7.215708070649515  5.095208238885372
5.46  -7.212085833835239  4.988598457815741
5.47  -7.2069418071820515  4.879127404284926
5.48  -7.200287922579326  4.766870921572198
5.49  -7.192135677612933  4.651905574367556
5.5  -7.182496196790959  4.534308667187157
5.51  -7.1713802850523996  4.414158253560452
5.5200000000000005  -7.15879847460608  4.2915331371714265
5.53  -7.1447610659903935  4.1665128659705655
5.54  -7.129278164113941  4.039177720136112
5.55  -7.112359709927901  3.9096086946477047
5.5600000000000005  -7.094015508288995  3.7778874771384783
5.57  -7.074255252494656  3.644096421609862
5.58  -7.053088545906394  3.5083185185241095
5.59  -7.030524921021911  3.3706373617308976
5.6000000000000005  -7.006573856309168  3.231137112634234
5.61  -6.981244791075263  3.0899024619629514
5.62  -6.9545471386083895  2.947018589471095
5.63  -6.926490297801518  2.8025711218630724
5.64  -6.897083663440814  2.6566460892102195
5.65  -6.8663366353197715  2.509329880101994
5.66  -6.8342586263209455  2.360709195753521
5.67  -6.8008590695904685  2.2108710032727648
5.68  -6.766147424916251  2.059902488274222
5.69  -6.730133184407986  1.9078910070114194
5.7  -6.692825877566171  1.7549240381872675
5.71  -6.654235075817531  1.6010891345894973
5.72  -6.614370396585907  1.4464738746877228
5.73  -6.573241506959919  1.291165814318895
5.74  -6.530858127012281  1.1352524385787417
5.75  -6.487230032819551  0.9788211140283264
5.76  -6.4423670592260756  0.8219590413175196
5.7700000000000005  -6.396279102390992  0.6647532083191001
5.78  -6.348976122153202  0.5072903438611212
5.79  -6.300468144245266  0.349656872137801
5.8  -6.2507652623839896  0.19193886787371495
5.8100000000000005  -6.199877640262386  0.03422201230931158
5.82  -6.147815513464951  -0.12340844992923657
5.83  -6.094589191325714  -0.28086775301918016
5.84  -6.040209058746297  -0.43807165113727753
5.8500000000000005  -5.984685577989255  -0.5949364586167851
5.86  -5.928029290459935  -0.751379089023637
5.87  -5.870250818488532  -0.9073170931158123
5.88  -5.811360867122454  -1.0626686956540754
5.89  -5.751370225937646  -1.2173528310374107
5.9  -5.690289770876094  -1.3712891777410792
5.91  -5.628130466115846  -1.524398191539334
5.92  -5.564903365978363  -1.67660113749988
5.93  -5.500619616877243  -1.8278201207406983
5.94  -5.435290459311383  -1.9779781159448162
5.95  -5.368927229904636  -2.126998995631888
5.96  -5.301541363493265  -2.2748075571901607
5.97  -5.233144395261708  -2.421329548675484
5.98  -5.16374796292654  -2.566491693388475
5.99  -5.0933638089677755  -2.7102217132437705
6.0  -5.022003782905835  -2.852448350949478
6.01  -4.949679843622458  -2.993101391017532
6.0200000000000005  -4.8764040617227415  -3.1321116796295008
6.03  -4.802188621935282  -3.2694111433847186
6.04  -4.727045825546847  -3.404932806961152
6.05  -4.650988092867687  -3.5386108097214675
6.0600000000000005  -4.574027965722989  -3.6703804212997233
6.07  -4.496178109965801  -3.8001780562063425
6.08  -4.417451318006227  -3.9279412874911523
6.09  -4.3378605113517  -4.05360885950625
6.1000000000000005  -4.257418743152319  -4.1771206998123995
6.11  -4.176139200745663  -4.2984179302742485
6.12  -4.094035208194505  -4.417442877391048
6.13  -4.011120228811397  -4.534139081910775
6.140000000000001  -3.9274078676631383  -4.648451307776755
6.15  -3.8429118740487453  -4.760325550456649
6.16  -3.7576461439436994  -4.869709044704328
6.17  -3.6716247224035645  -4.976550271805582
6.18  -3.5848618059198514  -5.080798966359022
6.19  -3.4973717447208927  -5.182406122643395
6.2  -3.4091690450103305  -5.281324000622622
6.21  -3.3202683711359673  -5.3775061316393575
6.22  -3.2306845476817103  -5.4709073238474
6.23  -3.1404325614749493  -5.56148366743262
6.24  -3.04952756350239  -5.649192539671163
6.25  -2.957984870726605  -5.733992609872547
6.26  -2.8658199677964245  -5.815843844253988
6.2700000000000005  -2.7730485086435306  -5.894707510790952
6.28  -2.6796863179585197  -5.970546184087238
6.29  -2.5857493925390513  -6.043323750306138
6.3  -2.4912539025033107  -6.113005412202217
6.3100000000000005  -2.3962161923620005  -6.179557694291328
6.32  -2.300652781942146  -6.242948448194006
6.33  -2.2045803671561854  -6.3031468581853005
6.34  -2.1080158206100315  -6.360123446981285
6.3500000000000005  -2.010976192044008  -6.413850081790118
6.36  -1.9134787086007763  -6.464299980652598
6.37  -1.8155407749141603  -6.511447719094553
6.38  -1.7171799730138857  -6.555269237110132
6.390000000000001  -1.6184140620406149  -6.595741846492355
6.4  -1.519260977766322  -6.632844238524005
6.41  -1.4197388319152744  -6.666556492038917
6.42  -1.3198659112811786  -6.696860081860284
6.43  -1.2196606766362703  -6.723737887619658
6.44  -1.1191417614282617  -6.747174202956722
6.45  -1.0183279702618733  -6.767154745096835
6.46  -0.9172382771613128  -6.783666664799899
6.47  -0.8158918236108679  -6.796698556670803
6.48  -0.7143079163709878  -6.806240469818417
6.49  -0.6125060250674699  -6.812283918846782
6.5  -0.510505779551709  -6.814821895158944
6.51  -0.40832696703040056  -6.813848878550555
6.5200000000000005  -0.3059895289635242  -6.8093608490673665
6.53  -0.20351355772943752  -6.8013552990975
6.54  -0.10091929305660584  -6.789831245666444
6.55  0.0017728817781969852  -6.7747892428998
6.5600000000000005  0.10454244398514749  -6.756231394615883
6.57  0.20736873552964263  -6.734161367007691
6.58  0.31023096763265595  -6.708584401370976
6.59  0.41310822550180604  -6.679507326832787
6.6000000000000005  0.515979473291857  -6.646938573032457
6.61  0.6188235592922616  -6.610888182704761
6.62  0.7216192213398285  -6.571367824112876
6.63  0.8243450924533767  -6.52839080327699
6.640000000000001  0.9269797066877243  -6.4819720759424735
6.65  1.029501505203168  -6.432128259230085
6.66  1.1318888425469917  -6.378877642909205
6.67  1.234119993142698  -6.322240200233824
6.68  1.3361731579824434  -6.262237598280117
6.69  1.4380264715178734  -6.198893207723393
6.7  1.5396580087442309  -6.132232111991717
6.71  1.6410457924721824  -6.062281115732834
6.72  1.742167800781451  -5.9890687525310335
6.73  1.8430019746501798  -5.912625291810268
6.74  1.9435262257535741  -5.832982744860179
6.75  2.0437184444250494  -5.75017486992177
6.76  2.143556507772657  -5.6642371762703885
6.7700000000000005  2.2430182879437703  -5.57520692723407
6.78  2.342081660530024  -5.483123142086445
6.79  2.4407245131050086  -5.388026596754484
6.8  2.5389247538862105  -5.289959823282719
6.8100000000000005  2.636660320513204  -5.188967107997207
6.82  2.733909188933099  -5.085094488314104
6.83  2.8306493823847516  -4.97838974813969
6.84  2.926858980472561  -4.868902411810823
6.8500000000000005  3.02251612832059  -4.7566837365271235
6.86  3.1175990457976845  -4.6417867032285525
6.87  3.21208603680405  -4.524266005874664
6.88  3.305955498609542  -4.404178039084715
6.890000000000001  3.399185931233721  -4.281580884100699
6.9  3.491755946857868  -4.156534293038399
6.91  3.583644279258793  -4.029099671394748
6.92  3.6748297932542053  -3.8993400587833404
6.93  3.7652914941494435  -3.767320107873105
6.94  3.8550085371753338  -3.633106061509063
6.95  3.9439602369065807  -3.4967657279972415
6.96  4.032126076650508  -3.358368454540338
6.97  4.119485717795668  -3.2179850988138265
6.98  4.2060190091097915  -3.0756879986766865
6.99  4.291705995976766  -2.931550940014297
7.0  4.376526929562305  -2.7856491227158933
7.01  4.460462275897881  -2.6380591247921963
7.0200000000000005  4.543492724872677  -2.4888588646434195
7.03  4.6255991991232674  -2.338127561491918
7.04  4.70676286281124  -2.185945693997406
7.05  4.786965130278296  -2.0323949570775475
7.0600000000000005  4.866187674569264  -1.8775582169599876
7.07  4.944412435813204  -1.7215194644965812
7.08  5.021621629453019  -1.564363766773898
7.09  5.09779775431407  -1.406177217058912
7.1000000000000005  5.172923600502596  -1.24704688312178
7.11  5.246982257124965  -1.0870607539821315
7.12  5.319957119818797  -0.9263076851282905
7.13  5.391831898087334  -0.7648773422633971
7.140000000000001  5.462590622428803  -0.6028601436350141
7.15  5.532217651252436  -0.4403472010089045
7.16  5.600697677573497  -0.27743025935026855
7.17  5.668015735479452  -0.1142016352797332
7.18  5.734157206360246  0.049245845626418684
7.19  5.799107824895363  0.21281891261899624
7.2  5.8628536847912285  0.37642391456611607
7.21  5.9253812442623826  0.5399668856733384
7.22  5.986677331250394  0.703353612052969
7.23  6.046729148374791  0.8664896990604786
7.24  6.105524277610643  1.029280639313289
7.25  6.163050684687757  1.1916318813060938
7.26  6.219296723206724  1.3534488985343576
7.2700000000000005  6.27425113846771  1.5146372590371278
7.28  6.327903071007848  1.6751026952684114
7.29  6.380242059843927  1.8347511742060312
7.3  6.4312580454169845  1.993488967605221
7.3100000000000005  6.480941372236311  2.1512227223045244
7.32  6.5292827912202664  2.3078595304904943
7.33  6.576273461732163  2.463306999828239
7.34  6.621904953309567  2.6174733233640124
7.3500000000000005  6.66616924708591  2.7702673491072245
7.36  6.709058736903672  2.9215986491990438
7.37  6.750566230118904  3.0713775885760874
7.38  6.790684948097122  3.219515393037805
7.390000000000001  6.829408526401124  3.365924216628051
7.4  6.866731014671669  3.510517208242033
7.41  6.902646876202408  3.653208577371939
7.42  6.937150987210752  3.7939136589054363
7.43  6.970238635806897  3.9325489768938935
7.44  7.00190552066363  4.069032307208806
7.45  7.0321477493898055  4.20328273900712
7.46  7.060961836610935  4.335220734929015
7.47  7.088344701760695  4.464768189953474
7.48  7.114293666587422  4.59184848884053
7.49  7.138806452380228  4.716386562091297
7.5  7.161881176919647  4.838308940360475
7.51  7.183516351158097  4.9575438072584745
7.5200000000000005  7.203710875635788  5.074021050484212
7.53  7.222464036638117  5.187672311232533
7.54  7.239775502100944  5.2984310318241
7.55  7.255645317270345  5.406232501508595
7.5600000000000005  7.270073900123915  5.511013900396295
7.57  7.283062036560964  5.612714341476354
7.58  7.294610875369219  5.711274910684319
7.59  7.304721922975951  5.806638704984685
7.6000000000000005  7.313397037991739  5.898750868438707
7.61  7.320638425555396  5.987558626231168
7.62  7.326448631488707  6.073011316634099
7.63  7.330830536270039  6.155060420888871
7.640000000000001  7.3337873488359815  6.233659590992484
7.65  7.33532260022045  6.308764675377435
7.66  7.33544013704089  6.380333742478727
7.67  7.334144114841387  6.448327102185026
7.68  7.331438991302671  6.51270732517519
7.69  7.327329519329158  6.573439260144884
7.7  7.321820740023313  6.630490048931682
7.71  7.314917975557744  6.683829139550893
7.72  7.306626821955577  6.733428297157505
7.73  7.296953141789695  6.779261612953411
7.74  7.285903056811564  6.821305511062183
7.75  7.273482940520415  6.859538753397082
7.76  7.259699410683555  6.893942442550847
7.7700000000000005  7.244559321818707  6.92450002273905
7.78  7.228069757649182  6.9511972788314225
7.79  7.210238023542741  6.974022333508507
7.8  7.191071638945029  6.992965642583297
7.8100000000000005  7.170578329818317  7.008019988530155
7.82  7.14876602109634  7.019180472265479
7.83  7.12564282916589  7.02644450322666
7.84  7.101217054385781  7.029811787797902
7.8500000000000005  7.075497173653662  7.029284316133144
7.86  7.048491833031059  7.024866347428028
7.87  7.02020984043692  7.016564393694224
7.88  6.9906601584197166  7.004387202090675
7.890000000000001  6.959851897018078  6.9883457358674805
7.9  6.927794306719746  6.968453153978908
7.91  6.894496771528291  6.944724789422907
7.92  6.859968802147119  6.917178126364909
7.930000000000001  6.824220029289802  6.885832776104151
7.94  6.787260197125649  6.8507104519409685
7.95  6.749099156869179  6.811834943003395
7.96  6.70974686052191  6.769232087091518
7.97  6.669213354774577  6.722929742597443
7.98  6.627508775077533  6.672957759558427
7.99  6.584643339887015  6.619347949900099
8.0  6.54062734509434  6.562134056925734
8.01  6.495471158645008  6.50135172410686
8.02  6.4491852153542935  6.437038463229169
8.03  6.401780011925528  6.369233621946593
8.040000000000001  6.35326610217687  6.297978350795
8.05  6.3036540924822875  6.223315569715619
8.06  6.252954637431572  6.145289934136294
8.07  6.201178435714523  6.063947800657628
8.08  6.1483362262333525  5.979337192388574
8.09  6.094438784447533  5.8915077639745475
8.1  6.039496918954597  5.8005107663589595
8.11  5.983521468310026  5.706399011317023
8.120000000000001  5.926523298089121  5.609226835798521
8.13  5.868513298193235  5.509050066114082
8.14  5.809502380402164  5.405925981997032
8.15  5.749501476174444  5.299913280570813
8.16  5.68852153469657  5.191072040249536
8.17  5.626573521181898  5.079463684596734
8.18  5.56366841541939  4.96515094616515
8.19  5.499817210572246  4.848197830337882
8.2  5.435030912225735  4.728669579188894
8.21  5.369320537683208  4.606632635378372
8.22  5.3026971155090985  4.482154606096421
8.23  5.235171685316741  4.355304227065307
8.24  5.166755297799205  4.226151326609655
8.25  5.09745901500007  4.094766789800218
8.26  5.027293910821429  3.9612225226756324
8.27  4.9562710717655225  3.825591416543983
8.28  4.884401597906073  3.6879473123640953
8.290000000000001  4.811696604085313  3.5483649652043705
8.3  4.738167221331864  3.406920008775253
8.31  4.663824598494593  3.2636889200292503
8.32  4.588679904087051  3.1187489838210465
8.33  4.512744328336782  2.9721782576185873
8.34  4.436029085433475  2.8240555362542605
8.35  4.358545415969377  2.674460316704121
8.36  4.280304589565532  2.523472762881817
8.370000000000001  4.201317907676419  2.3711736704326216
8.38  4.121596706566043  2.2176444315121495
8.39  4.041152360447326  2.0629669995329993
8.4  3.959996284777314  1.907223853862674
8.41  3.878139939699767  1.7504979644543044
8.42  3.7955948336265406  1.5928727563924947
8.43  3.7123725269493737  1.4344320743352916
8.44  3.6284846358727503  1.2752601468336042
8.45  3.5439428363589887  1.1154415505092
8.46  3.458758868176031  0.9550611740724658
8.47  3.372944539038376  0.7942041821615518
8.48  3.2865117288315187  0.6329559789844816
8.49  3.199472393909896  0.47140217174674953
8.5  3.1118385714585273  0.3096285338475023
8.51  3.0236223839079317  0.14772096782790825
8.52  2.9348360433923086  -0.0142345319434536
8.53  2.845491856240595  -0.17615191686245732
8.540000000000001  2.7556022274898107  -0.33794512197160553
8.55  2.6651796654106112  -0.49952810414417154
8.56  2.5742367860340116  -0.6608148805810365
8.57  2.482786317669352  -0.8217195676284637
8.58  2.3908411054024468  -0.9821564199247368
8.59  2.298414115563773  -1.142039869880566
8.6  2.205518440156061  -1.3012845674973368
8.61  2.112167301230784  -1.459805420524867
8.620000000000001  2.018374055203329  -1.6175176349585485
8.63  1.9241521970965796  -1.774336755873533
8.64  1.8295153647024474  -1.9301787085919946
8.65  1.7344773426516154  -2.0849598401765514
8.66  1.6390520663814176  -2.2385969612413774
8.67  1.5432536259921288  -2.3910073880703
8.68  1.4470962699818908  -2.542108985028236
8.69  1.3505944088511188  -2.6918202072508155
8.700000000000001  1.2537626185670092  -2.8400601435942887
8.71  1.1566156438792132  -2.9867485598254837
8.72  1.0591684014777596  -3.131805942029729
8.73  0.9614359829850546  -3.275153540211597
8.74  0.8634336577734816  -3.416713412061693
8.75  0.7651768756006162  -3.5564084668604434
8.76  0.6666812690546198  -3.6941625094870574
8.77  0.5679626558023854  -3.829900284500399
8.78  0.4690370406333029  -3.9635475202559536
8.790000000000001  0.36992061729232173  -4.095030973021245
8.8  0.2706297700956879  -4.224278471049911
8.81  0.17118107532369842  -4.35121895857319
8.82  0.07159130238479121  -4.4757825396651265
8.83  -0.028122585253984537  -4.597900521936659
8.84  -0.12794342937486264  -4.717505460012137
8.85  -0.22785387656001874  -4.8345311987398585
8.86  -0.32783637798845194  -4.948912916087432
8.870000000000001  -0.4278731894828765  -5.060587165671198
8.88  -0.5279463718089658  -5.169491918867857
8.89  -0.6280377912299474  -5.2755666064557545
8.9  -0.7281291203178237  -5.378752159731883
8.91  -0.8282018390229214  -5.478991051050611
8.92  -0.9282372360026333  -5.576227333729023
8.93  -1.0282164102093498  -5.670406681263961
8.94  -1.128120272737684  -5.76147642580487
8.950000000000001  -1.2279295489298525  -5.849385595827231
8.96  -1.3276247807378347  -5.934084952950803
8.97  -1.4271863293406122  -6.015527027847713
8.98  -1.5265943780132503  -6.093666155185189
8.99  -1.6258289352451625  -6.168458507548892
9.0  -1.7248698381031198  -6.239862128293081
9.01  -1.8236967558348258  -6.307836963265106
9.02  -1.9222891937074549  -6.372344891352353
9.03  -2.0206264970752694  -6.433349753801376
9.040000000000001  -2.1186878556697284  -6.490817382260084
9.05  -2.2164523081041927  -6.544715625495398
9.06  -2.3138987465855143  -6.595014374740675
9.07  -2.411005921822824  -6.6416855876286895
9.08  -2.507752448123888  -6.684703310668318
9.09  -2.604116808668205  -6.7240437002248825
9.1  -2.700077360944781  -6.7596850419667565
9.11  -2.7956123423421664  -6.791607768742801
9.120000000000001  -2.8906998758766576  -6.819794476858177
9.13  -2.9853179760438198  -6.844229940718485
9.14  -3.079444554777579  -6.864901125815179
9.15  -3.1730574274990393  -6.881797200027939
9.16  -3.266134319236977  -6.89490954322294
9.17  -3.35865287079954  -6.904231755128972
9.18  -3.450590644975992  -6.909759661476698
9.19  -3.5419251327450274  -6.911491318389709
9.200000000000001  -3.6326337594648304  -6.909427015019469
9.21  -3.722693891018039  -6.903569274419879
9.22  -3.812082839882515  -6.893922852660753
9.23  -3.900777871096716  -6.880494736183392
9.24  -3.9887562080856664  -6.863294137405117
9.25  -4.07599503831115  -6.842332488583706
9.26  -4.162471518706142  -6.817623433956599
9.27  -4.248162780850413  -6.789182820173881
9.28  -4.333045935840446  -6.75702868504828
9.290000000000001  -4.417098078802198  -6.721181244649677
9.3  -4.500296292990783  -6.681662878776149
9.31  -4.582617653415859  -6.638498114837892
9.32  -4.664039229925071  -6.591713610195374
9.33  -4.744538089671463  -6.541338132997546
9.34  -4.824091298882936  -6.487402541571266
9.35  -4.902675923843213  -6.429939762418099
9.36  -4.980269030983551  -6.368984766880167
9.370000000000001  -5.056847685973481  -6.304574546542589
9.38  -5.132388951685666  -6.236748087446087
9.39  -5.206869884895379  -6.165546343189634
9.4  -5.280267531557717  -6.091012207010487
9.41  -5.352558920486479  -6.013190482936037
9.42  -5.423721055235864  -5.932127856110458
9.43  -5.493730903959887  -5.847872862408276
9.44  -5.5625653869941445  -5.760475857456758
9.450000000000001  -5.630201361869482  -5.669988985200891
9.46  -5.696615605425394  -5.576466146157032
9.47  -5.761784792643697  -5.479962965515915
9.48  -5.825685471765622  -5.380536761272626
9.49  -5.888294035189982  -5.278246512579981
9.5  -5.9495866855711474  -5.173152828544241
9.51  -6.009539396443212  -5.065317917708013
9.52  -6.068127866586804  -4.954805558495983
9.53  -6.125327467223708  -4.84168107093488
9.540000000000001  -6.181113180968374  -4.726011290002614
9.55  -6.235459531277116  -4.607864541012498
9.56  -6.288340500910358  -4.487310617499964
9.57  -6.339729437649431  -4.364420762154133
9.58  -6.389598945178443  -4.239267651426125
9.59  -6.4379207566375065  -4.111925384556169
9.6  -6.484665587858925  -3.9824694778958407
9.61  -6.529802966690172  -3.85097686556731
9.620000000000001  -6.573301034055625  -3.717525907705483
9.63  -6.6151263114759224  -3.5821964077838553
9.64  -6.655243428598524  -3.445069640841375
9.65  -6.693614802829462  -3.3062283948277993
9.66  -6.730200261308636  -3.165757027788709
9.67  -6.764956593121747  -3.023741544253547
9.68  -6.797837016637819  -2.8802696950116173
9.69  -6.8287905429905695  -2.7354311055204317
9.700000000000001  -6.857761211700494  -2.589317439566154
9.71  -6.884687167867571  -2.4420226065971598
9.72  -6.9094995417070555  -2.293643023526314
9.73  -6.932121079686219  -2.144277944961002
9.74  -6.95246446106263  -1.9940298800676721
9.75  -6.970430212667365  -1.8430051200432327
9.76  -6.985904106058809  -1.69131440807225
9.77  -6.998753881370509  -1.5390737946173447
9.78  -7.008825086331929  -1.386405736294127
9.790000000000001  -7.015935739547865  -1.233440518502577
9.8  -7.019869412631784  -1.08031811363341
9.81  -7.020366158115057  -0.9271906330659467
9.82  -7.017110460335984  -0.7742256003655879
9.83  -7.009715007728125  -0.6216103781847632
9.84  -6.997698498722347  -0.4695582442688292
9.85  -6.980454766025266  -0.31831687013395327
9.86  -6.957209000477519  -0.16818037532242636
9.870000000000001  -6.926954351312748  -0.019506830136135602
9.88  -6.888357880424091  0.12725571556483364
9.89  -6.8396172137861875  0.27152945440239856
9.9  -6.778235148576132  0.41254409943595693
9.91  -6.700652341166047  0.5492343399106973
9.92  -6.601623289844093  0.6800649687707293
9.93  -6.4731032729953855  0.8027175049645222
9.94  -6.3021456573680465  0.9134946487766026
9.950000000000001  -6.066651908811926  1.0061068597996086
9.96  -5.7260860079783535  1.0689903515004113
9.97  -5.199476659669013  1.078834029963406
9.98  -4.311103407122632  0.9840010298693453
9.99  -2.688747559345826  0.6694105791320702
10.0  -1.1725921282716364e-13  3.161887163956013e-14
