0.0  0.0  0.0
0.01  1.0097721661332768  -2.043156683971624
0.02  1.673037121612668  -3.2143162562252914
0.03  2.0827425789280936  -3.8010944921860155
0.04  2.36507013089151  -4.101489056894702
0.05  2.581247240902004  -4.2543906503031765
0.06  2.7597978050902565  -4.323485265467296
0.07  2.91508123147244  -4.340593508173172
0.08  3.054948290703673  -4.323061884375291
0.09  3.1840034696869335  -4.281070113398287
0.1  3.3051067469870903  -4.220966162535412
0.11  3.4201195172824117  -4.146913018197296
0.12  3.530300582578587  -4.06175912630149
0.13  3.6365286483249095  -3.9675258210092075
0.14  3.73943352124675  -3.865693958231324
0.15  3.8394767326619985  -3.7573796505254276
0.16  3.9370028769805323  -3.6434459431321318
0.17  4.032273328330465  -3.5245760214020465
0.18  4.125488991113127  -3.4013225205509583
0.19  4.216806021700679  -3.2741415407101595
0.2  4.306346925420657  -3.143416611844594
0.21  4.3942085388550876  -3.0094758979587346
0.22  4.4804678701211165  -2.872604756808886
0.23  4.56518643803338  -2.7330550479993945
0.24  4.648413541182549  -2.5910521253314376
0.25  4.7301887522593145  -2.446800154077372
0.26  4.810543843429951  -2.300486199305437
0.27  4.8895042884244395  -2.1522834007878493
0.28  4.967090445907896  -2.0023534608777362
0.29  5.043318500198719  -1.8508486099356407
0.3  5.118201215335965  -1.6979131704219155
0.31  5.191748544194792  -1.5436848097983327
0.32  5.263968124024665  -1.3882955500383325
0.33  5.33486568224831  -1.231872585241309
0.34  5.404445370798848  -1.0745389468221977
0.35000000000000003  5.472710043129092  -0.9164140467910319
0.36  5.539661484910903  -0.7576141229028516
0.37  5.605300607078285  -0.5982526043503809
0.38  5.669627608059621  -0.43844041276528534
0.39  5.7326421106504775  -0.2782862102825928
0.4  5.794343277896077  -0.11789660408475981
0.41000000000000003  5.854729911506279  0.042623684986540344
0.42  5.913800535660045  0.20317168360190146
0.43  5.971553468528988  0.3636460518899201
0.44  6.027986883429652  0.5239469900565223
0.45  6.0830988611778185  0.6839761623053107
0.46  6.136887434947201  0.8436366352729023
0.47000000000000003  6.189350628715821  1.0028328286685295
0.48  6.240486490205021  1.1614704761939334
0.49  6.290293119070518  1.3194565951360617
0.5  6.338768690985444  1.4766994632849972
0.51  6.385911478156847  1.63310860204421
0.52  6.431719866735735  1.7885947647779339
0.53  6.4761923715131084  1.9430699295885088
0.54  6.519327648238005  2.0964472958400076
0.55  6.56112450384654  2.248641283848113
0.56  6.601581904851194  2.3995675372432372
0.5700000000000001  6.640698984106416  2.549142927587438
0.58  6.678475046138307  2.697285560887846
0.59  6.714909571202381  2.8439147857020877
0.6  6.750002218213052  2.9889512025761147
0.61  6.783752826671215  3.132316674593129
0.62  6.816161417701471  3.273934338844979
0.63  6.847228194297907  3.4137286186654183
0.64  6.876953540866363  3.5516252364885883
0.65  6.905338022141766  3.6875512272166335
0.66  6.93238238155098  3.8214349519980595
0.67  6.958087539084462  3.9532061123335
0.68  6.982454588734048  4.082795764438628
0.6900000000000001  7.00548479554868  4.2101363338049875
0.7000000000000001  7.027179592355293  4.335161629909073
0.71  7.047540576187932  4.45780686102804
0.72  7.066569504464591  4.578008649127344
0.73  7.084268290948015  4.695705044791334
0.74  7.10063900152391  4.810835542172748
0.75  7.115683849827491  4.923341093941044
0.76  7.129405192747032  5.033164126212853
0.77  7.1418055258310496  5.140248553450419
0.78  7.152887478624003  5.244539793316077
0.79  7.162653809953638  5.345984781472372
0.8  7.17110740319175  5.444531986318563
0.81  7.178251261508676  5.54013142365507
0.8200000000000001  7.184088503140588  5.632734671267751
0.8300000000000001  7.188622356687609  5.722294883424125
0.84  7.191856156459552  5.808766805273404
0.85  7.193793337885241  5.892106787141836
0.86  7.194437433000364  5.9722727987143145
0.87  7.19379206602793  6.049224443092359
0.88  7.191860949064638  6.122922970717741
0.89  7.188647877885657  6.193331293149885
0.9  7.184156727879525  6.260413996684113
0.91  7.17839145012426  6.324137355796489
0.92  7.1713560676149815  6.384469346399754
0.93  7.163054671652772  6.441379658893457
0.9400000000000001  7.153491418403824  6.494839710990002
0.9500000000000001  7.142670525637256  6.544822660296948
0.96  7.130596269649486  6.591303416634384
0.97  7.117272982382327  6.63425865406496
0.98  7.10270504874148  6.673666822612561
0.99  7.0868969041214935  6.709508159644436
1.0  7.0698530321426984  6.741764700890167
1.01  7.051577962605084  6.770420291069639
1.02  7.0320762696635315  6.795460594101014
1.03  7.011352570228294  6.816873102858506
1.04  6.989411522594056  6.83464714844882
1.05  6.966257825300429  6.848773908974043
1.06  6.941896216226162  6.859246417748044
1.07  6.916331471918903  6.866059570932587
1.08  6.889568407161771  6.86921013455879
1.09  6.861611874777573  6.868696750898936
1.1  6.8324667656709375  6.8645199441533835
1.11  6.8021380091082015  6.856682125416849
1.12  6.770630573234391  6.845187596888316
1.1300000000000001  6.737949465826137  6.830042555288728
1.1400000000000001  6.704099735278957  6.811255094450721
1.1500000000000001  6.669086471826809  6.788835207044884
1.16  6.6329148089914245  6.762794785407429
1.17  6.595589925258463  6.733147621434621
1.18  6.557117045977073  6.6999094055099535
1.19  6.517501445479068  6.663097724430867
1.2  6.476748449413448  6.622732058302655
1.21  6.434863437291649  6.578833776368304
1.22  6.391851845238442  6.531426131744143
1.23  6.347719168943064  6.480534255032461
1.24  6.302470966804768  6.426185146783743
1.25  6.256112863266588  6.368407668782652
1.26  6.208650552330803  6.307232534133576
1.27  6.1600898012492165  6.242692296123326
1.28  6.110436454381004  6.1748213358404875
1.29  6.059696437210654  6.10365584853286
1.3  6.007875760518095  6.029233828686553
1.31  5.954980524692935  5.951595053812472
1.32  5.901016924184353  5.870781066928173
1.33  5.845991252078016  5.786835157725427
1.34  5.789909904791038  5.6998023424162305
1.35  5.732779386875865  5.609729342252504
1.36  5.674606315923673  5.516664560717211
1.37  5.615397427557709  5.4206580593872475
1.3800000000000001  5.555159580506781  5.321761532471053
1.3900000000000001  5.493899761748954  5.22002828002658
1.4000000000000001  5.431625091715323  5.115513179867874
1.41  5.368342829543654  5.008272658171315
1.42  5.304060378371449  4.8983646587951455
1.43  5.2387852906580035  4.785848611328757
1.44  5.172525273524862  4.6707853978907306
1.45  5.1052881941039985  4.553237318697492
1.46  5.0370820848830204  4.4332680564269165
1.47  4.9679151490366795  4.310942639403918
1.48  4.897795765733832  4.186327403637647
1.49  4.826732495409128  4.059489953742332
1.5  4.754734084988656  3.930499122776395
1.51  4.6818094730587285  3.7994249310367167
1.52  4.60796779496718  3.6663385438473455
1.53  4.533218387846493  3.5313122283841247
1.54  4.457570795548173  3.394419309578837
1.55  4.381034773477941  3.255734125148527
1.56  4.303620293321335  3.1153319797975847
1.57  4.225337547649511  2.9732890986420126
1.58  4.146196954395153  2.8296825799069483
1.59  4.066209161188517  2.6845903469501735
1.6  3.985385049543898  2.5380910996657273
1.61  3.9037357388869136  2.3902642653230988
1.62  3.82127259041325  2.241189948898627
1.6300000000000001  3.7380072107697138  2.0909488829568263
1.6400000000000001  3.653951455548679  1.9396223771401697
1.6500000000000001  3.5691174325872543  1.7872922673266833
1.6600000000000001  3.483517505062775  1.634040864515277
1.67  3.3971642943764735  1.4799509034991358
1.68  3.310070682817489  1.3251054913878553
1.69  3.222249815999667  1.16958805603908
1.7  3.133715105063918  1.0134822944603856
1.71  3.044480228639212  0.8568721212419795
1.72  2.9545591345556326  0.6998416170804356
1.73  2.8639660413032826  0.5424749774531982
1.74  2.7727154392310878  0.3848564615029031
1.75  2.6808220914800724  0.2270703411898328
1.76  2.588301034645882  0.06920085076975922
1.77  2.4951675791658414  -0.0886678633465777
1.78  2.4014373094261168  -0.24645179229739353
1.79  2.3071260835850653  -0.40406711398362116
1.8  2.212250033109097  -0.5614302417404557
1.81  2.1168255620179734  -0.7184578724162736
1.82  2.0208693458366995  -0.8750670338103267
1.83  1.9243983302516972  -1.0311751314224795
1.84  1.8274297294693438  -1.1866999944703105
1.85  1.7299810242753197  -1.3415599211309883
1.86  1.6320699597937602  -1.4956737229675927
1.87  1.5337145429455077  -1.6489607685018457
1.8800000000000001  1.4349330396052677  -1.8013410258976523
1.8900000000000001  1.3357439714578974  -1.9527351047223156
1.9000000000000001  1.2361661125544108  -2.103064296754865
1.9100000000000001  1.136218485568855  -2.252250615813558
1.92  1.0359203577574978  -2.4002168365773
1.93  0.9352912366222786  -2.5468865323784553
1.94  0.8343508652808733  -2.6921841119472303
1.95  0.7331192175461447  -2.8360348550907264
1.96  0.6316164927181702  -2.9783649472924365
1.97  0.5298631100924543  -3.119101513220874
1.98  0.4278797031883275  -3.258172649138803
1.99  0.32568711370197073  -3.39550745420737
2.0  0.2233063851888209  -3.5310360606822635
2.0100000000000002  0.12075875648061664  -3.664689663001732
2.02  0.018065654842652896  -3.7964005457691092
2.0300000000000002  -0.08475131112288807  -3.9261021106352145
2.04  -0.18767035882104185  -4.053728902088436
2.05  -0.29066953924912675  -4.179216632163225
2.06  -0.393726744815613  -4.302502204079946
2.07  -0.4968197173854595  -4.423523734831571
2.08  -0.5999260565443306  -4.542220576735199
2.09  -0.7030232280735795  -4.658533337968286
2.1  -0.806088572627793  -4.772403902112108
2.11  -0.9090993146062496  -4.8837754467265135
2.12  -1.0120325712095193  -4.99259246098245
2.13  -1.1148653616719397  -5.098800762380104
2.14  -1.2175746166607526  -5.202347512582629
2.15  -1.3201371878321475  -5.30318123239654
2.16  -1.4225298575344978  -5.401251815931702
2.17  -1.5247293486485956  -5.496510543974738
2.18  -1.6267123345548362  -5.588910096611089
2.19  -1.728455449216722  -5.67840456513179
2.2  -1.829935297370294  -5.764949463261872
2.21  -1.9311284648086042  -5.848501737747996
2.22  -2.0320115287504987  -5.929019778343429
2.23  -2.132561068282583  -6.0064634272287805
2.24  -2.232753674863434  -6.080793987907152
2.25  -2.332565962878782  -6.151974233612375
2.2600000000000002  -2.4319745802364787  -6.219968415268782
2.27  -2.5309562189899264  -6.284742269040849
2.2800000000000002  -2.6294876259787077  -6.346263023510342
2.29  -2.7275456134749616  -6.404499406518183
2.3000000000000003  -2.8251070698242757  -6.459421651707362
2.31  -2.9221489700696752  -6.5110015048023
2.32  -3.018648386547439  -6.559212229659066
2.33  -3.1145824994434896  -6.604028614119434
2.34  -3.209928607299094  -6.645426975700626
2.35  -3.3046641374548864  -6.683385167150848
2.36  -3.3987666564220307  -6.717882581899241
2.37  -3.4922138801697495  -6.748900159426951
2.38  -3.584983684318298  -6.776420390584237
2.39  -3.67705411422686  -6.8004273228764305
2.4  -3.7684033949657763  -6.820906565739473
2.41  -3.8590099411628422  -6.837845295823477
2.42  -3.948852366713486  -6.851232262300513
2.43  -4.0379094943449765  -6.861057792210306
2.44  -4.126160365024813  -6.867313795855107
2.45  -4.21358424720394  -6.869993772252421
2.46  -4.300160645885422  -6.869092814651615
2.47  -4.385869311509661  -6.864607616117803
2.48  -4.4706902486473235  -6.856536475183663
2.49  -4.554603724491682  -6.844879301567063
2.5  -4.637590277141985  -6.829637621949649
2.5100000000000002  -4.719630723670227  -6.8108145858087
2.52  -4.800706167963568  -6.788414971291819
2.5300000000000002  -4.880798008335324  -6.762445191121178
2.54  -4.959887944897477  -6.732913298511321
2.5500000000000003  -5.03795798668833  -6.69982899308175
2.56  -5.114990458548895  -6.6632036267428045
2.57  -5.190968007742352  -6.623050209530694
2.58  -5.265873610310956  -6.579383415364954
2.59  -5.339690577165317  -6.532219587699019
2.6  -5.412402559901371  -6.481576745032098
2.61  -5.483993556340588  -6.427474586248317
2.62  -5.554447915789552  -6.369934495746544
2.63  -5.6237503440152645  -6.308979548322431
2.64  -5.691885907933058  -6.244634513761785
2.65  -5.758840040004284  -6.176925861102794
2.66  -5.824598542341503  -6.105881762522416
2.67  -5.889147590519078  -6.031532096800925
2.68  -5.952473737087782  -5.953908452316672
2.69  -6.014563914792101  -5.873044129522098
2.7  -6.075405439489616  -5.788974142850383
2.71  -6.134986012772102  -5.701735222001422
2.72  -6.193293724288377  -5.611365812554533
2.73  -6.25031705376943  -5.517906075854867
2.74  -6.306044872756698  -5.421397888119591
2.75  -6.360466446034751  -5.321884838709856
2.7600000000000002  -6.413571432770109  -5.219412227514056
2.77  -6.4653498873582  -5.114027061388011
2.7800000000000002  -6.515792259981007  -5.005778049597856
2.79  -6.564889396878115  -4.894715598211682
2.8000000000000003  -6.612632540334538  -4.780891803386616
2.81  -6.659013328388741  -4.6643604434987145
2.82  -6.7040237942649705  -4.545176970063927
2.83  -6.7476563655340565  -4.423398497399542
2.84  -6.789903863007425  -4.299083790976933
2.85  -6.830759499369304  -4.172293254417576
2.86  -6.870216877552395  -4.043088915086504
2.87  -6.908269988862715  -3.9115344082386407
2.88  -6.944913210859486  -3.777694959676045
2.89  -6.980141304996419  -3.641637366875845
2.9  -7.013949414030801  -3.5034299785513303
2.91  -7.046333059207358  -3.363142672611077
2.92  -7.077288137223795  -3.2208468324837107
2.93  -7.106810916985532  -3.076615321778782
2.94  -7.134898036157044  -2.9305224572572
2.95  -7.16154649751773  -2.7826439800878537
2.96  -7.186753665130247  -2.633057025370281
2.97  -7.210517260329592  -2.4818400899066524
2.98  -7.232835357541261  -2.329072998209852
2.99  -7.253706379937141  -2.17483686673802
3.0  -7.273129094937826  -2.019214066349679
3.0100000000000002  -7.291102609570239  -1.862288182977294
3.02  -7.3076263656896  -1.7041439765210382
3.0300000000000002  -7.322700135074839  -1.5448673379684004
3.04  -7.336324014406685  -1.384545244749439
3.0500000000000003  -7.348498420137788  -1.2232657143411196
3.06  -7.359224083264165  -1.061117756138859
3.0700000000000003  -7.368502044007516  -0.8981913216167379
3.08  -7.376333646417796  -0.7345772528027178
3.09  -7.382720532905608  -0.5703672290985309
3.1  -7.387664638713885  -0.40565371247870685
3.11  -7.391168186338401  -0.24052989110668554
3.12  -7.393233679906556  -0.07508962141035253
3.13  -7.39386389952393  0.0905726313368435
3.14  -7.3930618955979375  0.25636185387907323
3.15  -7.390830983147997  0.4221825472316266
3.16  -7.387174736111359  0.5879387902670383
3.17  -7.382096981653854  0.7535343045722648
3.18  -7.375601794494511  0.9188725205121848
3.19  -7.367693491253034  1.0838566444305697
3.2  -7.358376624828862  1.2483897269171105
3.21  -7.347655978820497  1.4123747320650548
3.22  -7.335536561993515  1.5757146076417372
3.23  -7.322023602805577  1.738312356090569
3.24  -7.307122543996523  1.9000711062810876
3.25  -7.2908390372514615  2.060894185920255
3.2600000000000002  -7.273178937944495  2.2206851945365904
3.27  -7.25414829997059  2.3793480769456874
3.2800000000000002  -7.233753370672742  2.5367871971043816
3.29  -7.2120005858714595  2.6929074122582346
3.3000000000000003  -7.188896565003237  2.8476141472861016
3.31  -7.164448106374472  3.000813469143354
3.3200000000000003  -7.138662182536995  3.152412161304835
3.33  -7.111545935791059  3.3023177981069263
3.34  -7.0831066738214075  3.450438818887884
3.35  -7.053351865471659  3.5966846018246743
3.36  -7.022289136662  3.7409655373642554
3.37  -6.989926266454828  3.88319310114739
3.38  -6.956271183272671  4.023279926322699
3.39  -6.921331961272363  4.161139875149604
3.4  -6.885116816879181  4.296688109788776
3.41  -6.8476341054841905  4.429841162180087
3.42  -6.808892318307895  4.560517002908524
3.43  -6.768900079432667  4.688635108960357
3.44  -6.727666143006428  4.814116530272719
3.45  -6.68519939061933  4.9368839549820915
3.46  -6.641508828855148  5.0568617732784675
3.47  -6.596603587018583  5.173976139774667
3.48  -6.550492915039271  5.288155034302089
3.49  -6.503186181553139  5.399328321047234
3.5  -6.454692872161169  5.507427805945487
3.5100000000000002  -6.405022587865439  5.612387292252175
3.52  -6.354185043681911  5.714142634213386
3.5300000000000002  -6.302190067429001  5.812631788762906
3.54  -6.249047598690862  5.907794865174529
3.5500000000000003  -6.194767687953612  5.999574172603003
3.56  -6.139360495912811  6.087914265450289
3.5700000000000003  -6.082836292949779  6.172761986497991
3.58  -6.025205458774317  6.254066507750454
3.59  -5.96647848223092  6.3317793689375605
3.6  -5.90666596126526  6.405854513630118
3.61  -5.845778603047525  6.476248322925242
3.62  -5.783827224248752  6.5429196466636155
3.63  -5.720822751466137  6.605829832144725
3.64  -5.656776221792944  6.664942750311061
3.65  -5.5916987835283845  6.720224819376557
3.66  -5.52560169702263  6.771645025879449
3.67  -5.458496335651789  6.819174943144169
3.68  -5.3903941869174705  6.862788747141807
3.69  -5.3213068536654395  6.90246322974312
3.7  -5.251246055417417  6.938177809362996
3.71  -5.180223629810146  6.969914538999715
3.72  -5.10825153413547  6.997658111677219
3.73  -5.035341846975059  7.021395863302919
3.74  -4.961506769923281  7.041117772958421
3.75  -4.886758629391517  7.056816460644714
3.7600000000000002  -4.811109878487134  7.068487182508044
3.77  -4.7345730989601975  7.076127823576782
3.7800000000000002  -4.657161003210834  7.079738888043959
3.79  -4.5788864363503  7.079323487134184
3.8000000000000003  -4.499762378308322  7.07488732459771
3.81  -4.419801945979775  7.066438679878154
3.8200000000000003  -4.33901839540317  7.053988389004324
3.83  -4.257425123963838  7.037549823259972
3.84  -4.175035672614457  7.017138865688865
3.85  -4.091863728105669  6.99277388549586
3.86  -4.007923125219567  6.964475710407676
3.87  -3.923227848998855  6.932267597060096
3.88  -3.837792036964618  6.89617519948109
3.89  -3.7516299813156686  6.856226535741852
3.9  -3.664756131102593  6.812451952850269
3.91  -3.577185094369739  6.764884089963408
3.92  -3.488931640258597  6.7135578399977405
3.93  -3.4000107010660026  6.658510309717503
3.94  -3.310437374251228  6.599780778383356
3.95  -3.220226924385601  6.537410655044726
3.96  -3.1293947850393007  6.471443434560654
3.97  -3.0379565605994983  6.401924652434681
3.98  -2.9459280280149294  6.328901838550439
3.99  -2.8533251384619254  6.252424469894899
4.0  -2.7601640189274264  6.1725439223569
4.01  -2.6664609737048712  6.089313421688551
4.0200000000000005  -2.5722324857992356  6.002787993717335
4.03  -2.4774952182380057  5.91302441389647
4.04  -2.3822660152851904  5.820081156280601
4.05  -2.2865619035562053  5.724018342013705
4.0600000000000005  -2.190400093031846  5.624897687415069
4.07  -2.093797977970207  5.522782451748526
4.08  -1.9967731377159892  5.4177373847590715
4.09  -1.8993433374074602  5.309828674059833
4.1  -1.8015265285818298  5.199123892451173
4.11  -1.7033408496808369  5.085691945252158
4.12  -1.6048046264589415  4.96960301772333
4.13  -1.5059363722975474  4.8509285226577665
4.14  -1.4067547884296945  4.729741048216307
4.15  -1.3072787640805692  4.606114306080475
4.16  -1.207527376530451  4.480123079995379
4.17  -1.1075198911077417  4.351843174772516
4.18  -1.0072757611214034  4.221351365821268
4.19  -0.9068146277431098  4.088725349275482
4.2  -0.8061563198514247  3.954043692780163
4.21  -0.7053208538516688  3.8173857870014003
4.22  -0.6043284334873356  3.678831797921242
4.23  -0.5031994496606733  3.5384626199777274
4.24  -0.40195448028261443  3.3963598301089855
4.25  -0.3006142901743338  3.2526056427591685
4.26  -0.19919983104590344  3.107282865903303
4.2700000000000005  -0.0977322415802031  2.9604748581475384
4.28  0.00376715234615916  2.812265486961088
4.29  0.10527683726959525  2.6627390880962647
4.3  0.20677511153420808  2.511980426253933
4.3100000000000005  0.3082400844301092  2.360074657052814
4.32  0.4096496750258112  2.207107290363005
4.33  0.5109816106392143  2.053164155066536
4.34  0.612213424884888  1.898331365311727
4.3500000000000005  0.7133224552280466  1.7426952883319151
4.36  0.8142858399667026  1.586342513905443
4.37  0.915080514554315  1.4293598255400235
4.38  1.015683207163371  1.271834173473731
4.39  1.1160704333784623  1.1138526495943777
4.4  1.2162184898923765  0.9555024643919199
4.41  1.31610344706224  0.7968709260727843
4.42  1.4157011401636734  0.6380454219824595
4.43  1.514987159158383  0.47911340250350304
4.44  1.6139368367654325  0.320162367620544
4.45  1.7125252345961903  0.16127985637276387
4.46  1.8107271270785712  0.002553439448473362
4.47  1.9085169828553779  -0.15592928478265208
4.48  2.005868943294315  -0.3140806904568417
4.49  2.10275679769118  -0.47181312022260924
4.5  2.199153954682348  -0.6290388765992032
4.51  2.295033409304516  -0.7856702081391888
4.5200000000000005  2.3903677050477325  -0.9416192897525301
4.53  2.4851288901377977  -1.0967981964347358
4.54  2.5792884671531575  -1.2511188695058613
4.55  2.672817334923806  -1.4044930743023496
4.5600000000000005  2.765685721470957  -1.5568323480667585
4.57  2.857863106517153  -1.7080479365405412
4.58  2.9493181318194157  -1.8580507174754644
4.59  3.0400184972397377  -2.0067511089247243
4.6000000000000005  3.12993084005383  -2.1540589597419686
4.61  3.2190205944900923  -2.2998834191835775
4.62  3.3072518278626686  -2.4441327818511285
4.63  3.3945870488815117  -2.586714303393415
4.64  3.4809869827482074  -2.727533981366754
4.65  3.5664103064225343  -2.8664962943709176
4.66  3.650813335899192  -3.003503890959281
4.67  3.7341496553703704  -3.138457217765834
4.68  3.816369675636586  -3.2712540736604847
4.69  3.897420105892176  -3.4017890733566163
4.7  3.977243318811505  -3.5299529994981427
4.71  4.055776583370019  -3.655632016505773
4.72  4.132951132592575  -3.778706711883195
4.73  4.2086910237898305  -3.8990509206052946
4.74  4.282911735912549  -4.016530274679176
4.75  4.355518431120266  -4.1310004016234645
4.76  4.426403783632266  -4.242304670470229
4.7700000000000005  4.49544524562265  -4.350271349047278
4.78  4.5625015731850285  -4.454709987402475
4.79  4.627408368940919  -4.555406772710556
4.8  4.689972302024139  -4.652118500737351
4.8100000000000005  4.749963525791428  -4.744564662077067
4.82  4.80710560450137  -4.832416922628006
4.83  4.861061942960551  -4.915284945907483
4.84  4.911417222071485  -4.992696991122653
4.8500000000000005  4.957651566112445  -5.064072908034767
4.86  4.999103907433415  -5.128685831533864
4.87  5.034918914691419  -5.185606682755902
4.88  5.063968245261468  -5.23362181246745
4.89  5.084730477384331  -5.271107423427258
4.9  5.095102255555238  -5.295832044454112
4.91  5.092090395199945  -5.304634498322432
4.92  5.071288544520655  -5.292876548480562
4.93  5.025943121371111  -5.25346602058028
4.94  4.945187344368894  -5.175010025013129
4.95  4.8104679195625755  -5.038078552375271
4.96  4.587725423496959  -4.80702935939571
4.97  4.208821189068993  -4.410596078116114
4.98  3.525438026299151  -3.6937359149257256
4.99  2.221076020098431  -2.325910911643293
5.0  4.891999752924788e-14  -5.118657588643526e-14
5.01  -2.2602709470842752  2.3623004173652373
5.0200000000000005  -3.650997919269636  3.810287559120069
5.03  -4.435770737094086  4.62119949052767
5.04  -4.920726381542986  5.11591492611743
5.05  -5.251214727146033  5.446684597042595
5.0600000000000005  -5.494368441960366  5.6838041506993875
5.07  -5.68383674708044  5.862498543560867
5.08  -5.837976346111687  6.0019790935580986
5.09  -5.967545340590401  6.11350191346577
5.1000000000000005  -6.079228990786024  6.204060199948905
5.11  -6.177385541639085  6.278212346260317
5.12  -6.264970939359145  6.339050180289946
5.13  -6.344057498350436  6.388742017856043
5.14  -6.416139314223377  6.428852426413476
5.15  -6.482319729833945  6.460538497170865
5.16  -6.543430591965659  6.484674703971073
5.17  -6.6001105072370345  6.501934836649474
5.18  -6.652857606291799  6.512847246386505
5.19  -6.702065981447044  6.517832998380769
5.2  -6.748051389459997  6.51723278575452
5.21  -6.791069728894333  6.511326278662407
5.22  -6.831330551207803  6.500346273545993
5.23  -6.869007093264428  6.484489199881641
5.24  -6.904243831307169  6.463923031244354
5.25  -6.9371622412655904  6.438793317583696
5.26  -6.967865242470296  6.409227838074544
5.2700000000000005  -6.9964406622993325  6.375340227827308
5.28  -7.02296396398549  6.337232831987963
5.29  -7.0475004137240305  6.294998971578757
5.3  -7.070106816728595  6.2487247567665065
5.3100000000000005  -7.090832918744249  6.198490548559183
5.32  -7.109722545614428  6.1443721449040405
5.33  -7.1268145360470445  6.086441748895758
5.34  -7.142143509852247  6.024768763331695
5.3500000000000005  -7.155740504334558  5.959420445816024
5.36  -7.167633504311136  5.890462451069553
5.37  -7.177847885758121  5.817959281379551
5.38  -7.186406788903704  5.74197466174812
5.39  -7.193331433362414  5.6625718529257165
5.4  -7.1986413854018405  5.579813912899096
5.41  -7.202354785475923  5.493763915357491
5.42  -7.20448854261907  5.404485132051501
5.43  -7.205058501075834  5.312041184685996
5.44  -7.204079583569679  5.216496170974121
5.45  -7.2015659148364195  5.117914768668099
5.46  -7.197530928421373  5.016362320729197
5.47  -7.191987459232266  4.911904904271415
5.48  -7.184947823927471  4.804609385483863
5.49  -7.17642389088217  4.694543462386705
5.5  -7.166427141198427  4.581775696988228
5.51  -7.154968721997134  4.466375538174147
5.5200000000000005  -7.142059493041116  4.3484133364649535
5.53  -7.127710067581819  4.2279603516148185
5.54  -7.111930848191193  4.105088753890585
5.55  -7.094732058230967  3.9798716197565325
5.5600000000000005  -7.076123769519378  3.852382922596027
5.57  -7.056115926677988  3.722697519021344
5.58  -7.034718368575516  3.5908911312557232
5.59  -7.01194084723004  3.4570403260147438
5.6000000000000005  -6.9877930444834995  3.321222490265616
5.61  -6.962284586721987  3.1835158042015643
5.62  -6.935425057880652  3.0439992117329404
5.63  -6.907224010942383  2.9027523887666056
5.64  -6.877690978113704  2.759855709518281
5.65  -6.84683547983926  2.615390211080358
5.66  -6.814667032797127  2.4694375564474518
5.67  -6.781195157000432  2.3220799961847627
5.68  -6.74642938211644  2.1734003289091333
5.69  -6.710379253101474  2.023481860739297
5.7  -6.673054335239057  1.8724083638597568
5.71  -6.634464218658864  1.7202640343321303
5.72  -6.594618522405619  1.5671334492782705
5.73  -6.553526898119453  1.4131015235508932
5.74  -6.511199033382596  1.2582534659994675
5.75  -6.467644654781305  1.1026747354318298
5.76  -6.422873530726809  0.9464509963658403
5.7700000000000005  -6.376895474074156  0.7896680746585089
5.78  -6.329720344573872  0.6324119130951191
5.79  -6.281358051187352  0.4747685270146856
5.8  -6.231818554293739  0.31682396004378044
5.8100000000000005  -6.181111867812871  0.1586642400051918
5.82  -6.1292480612662  0.0003753350640356727
5.83  -6.076237261795023  -0.15795688983122896
5.84  -6.022089656153144  -0.3162467161588771
5.8500000000000005  -5.966815492689134  -0.47440861463595446
5.86  -5.910425083331252  -0.6323572875863148
5.87  -5.852928805586565  -0.7900077108232767
5.88  -5.794337104564197  -0.9472751750085888
5.89  -5.7346604950311555  -1.1040753264534109
5.9  -5.673909563507781  -1.26032420733055
5.91  -5.612094970408893  -1.4159382952702086
5.92  -5.5492274522352565  -1.5708345423155072
5.93  -5.485317823819137  -1.7249304132165415
5.94  -5.420376980626755  -1.8781439230456771
5.95  -5.354415901119441  -2.03039367411909
5.96  -5.287445649174477  -2.181598892213304
5.97  -5.219477376565885  -2.3316794620676133
5.98  -5.150522325504698  -2.4805559621668514
5.99  -5.0805918312375695  -2.6281496988008644
6.0  -5.009697324701694  -2.774382739400449
6.01  -4.937850335233998  -2.9191779451512048
6.0200000000000005  -4.86506249333142  -3.0624590028899035
6.03  -4.791345533458897  -3.2041504562894914
6.04  -4.716711296901126  -3.344177736341705
6.05  -4.641171734653804  -3.4824671911476566
6.0600000000000005  -4.564738910349519  -3.6189461150290647
6.07  -4.4874250032131355  -3.7535427769744536
6.08  -4.409242311041181  -3.8861864484362307
6.09  -4.330203253199526  -4.016807430495989
6.1000000000000005  -4.250320373633013  -4.145337080416892
6.11  -4.169606343880952  -4.271707837603132
6.12  -4.088073966091538  -4.3958532489874855
6.13  -4.005736176028673  -4.517707993868864
6.140000000000001  -3.9226060460638053  -4.637207908222659
6.15  -3.8386967881459326  -4.754290008507209
6.16  -3.7540217567421026  -4.868892514990197
6.17  -3.6685944517410545  -4.980954874619003
6.18  -3.5824285213124085  -5.090417783459417
6.19  -3.495537764713722  -5.197223208726854
6.2  -3.407936135037529  -5.3013144104343315
6.21  -3.3196377418906726  -5.4026359626809874
6.22  -3.2306568539981666  -5.501133774604507
6.23  -3.141007901723483  -5.596755111020333
6.24  -3.050705479497792  -5.689448612769748
6.25  -2.9597643481499634  -5.779164316798073
6.26  -2.8681994371299715  -5.865853675983112
6.2700000000000005  -2.776025846617603  -5.949469578733048
6.28  -2.6832588495092518  -6.0299663683715945
6.29  -2.5899138932749626  -6.107299862326869
6.3  -2.4960066016784737  -6.181427371138896
6.3100000000000005  -2.4015527763530145  -6.252307717299224
6.32  -2.306568398225681  -6.3199012539341455
6.33  -2.211069628783389  -6.384169883341592
6.34  -2.115072811173655  -6.445077075389428
6.3500000000000005  -2.0185944711336377  -6.5025878857813035
6.36  -1.9216513177411128  -6.556668974193849
6.37  -1.8242602439808544  -6.60728862228721
6.38  -1.7264383271209847  -6.65441675158834
6.390000000000001  -1.6282028288932513  -6.698024941244613
6.4  -1.5295711954718443  -6.738086445642794
6.41  -1.4305610572456027  -6.7745762118862975
6.42  -1.331190228378747  -6.807470897121104
6.43  -1.231476706155515  -6.836748885698629
6.44  -1.1314386701042123  -6.862390306161223
6.45  -1.031094480897013  -6.884377048033891
6.46  -0.9304626790214865  -6.902692778403276
6.47  -0.8295619832206438  -6.917322958262743
6.48  -0.7284112886985105  -6.928254858600128
6.49  -0.6270296650884847  -6.935477576202391
6.5  -0.5254363541820882  -6.938982049149369
6.51  -0.42365076741616525  -6.938761071966476
6.5200000000000005  -0.32169248311702475  -6.934809310404363
6.53  -0.2195812435000406  -6.9271233158114
6.54  -0.11733695142392532  -6.915701539062963
6.55  -0.014979666899218284  -6.9005443440097824
6.5600000000000005  0.08747039664922927  -6.881654020405748
6.57  0.1899928763655956  -6.859034796274134
6.58  0.29256726419159435  -6.832692849669518
6.59  0.3951729113390201  -6.802636319791482
6.6000000000000005  0.49778903300529104  -6.768875317404862
6.61  0.6003947133298241  -6.731421934520179
6.62  0.7029689105895376  -6.690290253286957
6.63  0.8054904626305408  -6.645496354051876
6.640000000000001  0.9079380925335483  -6.59705832253292
6.65  1.010290414509344  -6.544996256060284
6.66  1.1125259400209975  -6.48933226883442
6.67  1.2146230841286683  -6.430090496151328
6.68  1.316560172052615  -6.367297097545427
6.69  1.4183154459497216  -6.3009802588001715
6.7  1.5198670718985208  -6.231170192777243
6.71  1.6211931470872478  -6.1578991390152575
6.72  1.722271707199095  -6.081201362050068
6.73  1.8230807339886441  -6.001113148409154
6.74  1.9235981630430847  -5.917672802233956
6.75  2.023801891721469  -5.830920639484865
6.76  2.1236697872648036  -5.740898980685364
6.7700000000000005  2.2231796950699585  -5.647652142162979
6.78  2.322309447119384  -5.551226425746648
6.79  2.421036870559111  -5.451670106881837
6.8  2.5193397964164843  -5.349033421126854
6.8100000000000005  2.617196068449593  -5.243368548996061
6.82  2.714583552119324  -5.134729599117869
6.83  2.8114801436754777  -5.023172589677997
6.84  2.907863779347663  -4.908755428121097
6.8500000000000005  3.0037124446316126  -4.791537889086679
6.86  3.09900418366146  -4.6715815905580715
6.87  3.1937171086583147  -4.548949968206187
6.88  3.287829409445227  -4.4237082479130665
6.890000000000001  3.381319363018442  -4.295923416463472
6.9  3.47416534316496  -4.165664190395978
6.91  3.5663458301160404  -4.033000983008537
6.92  3.6578394202262245  -3.8980058695171116
6.93  3.7486248356674516  -3.760752550369392
6.94  3.8386809341278134  -3.621316312719476
6.95  3.927986718504108  -3.4797739900726943
6.96  4.016521346577766  -3.3362039201141873
6.97  4.104264140663383  -3.190685900737941
6.98  4.191194597219085  -3.0433011442973195
6.99  4.277292396408096  -2.8941322301014067
7.0  4.362537411600885  -2.7432630551860595
7.01  4.4469097188071665  -2.5907787833916007
7.0200000000000005  4.530389606027157  -2.4367657927833544
7.03  4.612957582511511  -2.2813116214549702
7.04  4.694594387919762  -2.1245049117577457
7.05  4.775281001366489  -1.966435353003646
7.0600000000000005  4.854998650345263  -1.8071936226924898
7.07  4.9337288195202  -1.6468713263179628
7.08  5.011453259375127  -1.4855609358098962
7.09  5.088153994710519  -1.3233557266744964
7.1000000000000005  5.163813332978573  -1.1603497138965602
7.11  5.23841387244704  -0.996637586671584
7.12  5.311938510182504  -0.8323146420379538
7.13  5.384370449843983  -0.6674767174832279
7.140000000000001  5.455693209278252  -0.5022201226003489
7.15  5.525890627908058  -0.3366415698729356
7.16  5.594946873905208  -0.17083810467055163
7.17  5.662846451140155  -0.004907034537995718
7.18  5.72957420590066  0.16105414213604874
7.19  5.79511533337173  0.3269478079833017
7.2  5.859455383869929  0.4926762989636266
7.21  5.922580268825055  0.658141977025678
7.22  5.984476266502677  0.8232473030277041
7.23  6.045130027461353  0.9878949098254713
7.24  6.104528579738683  1.15198767543262
7.25  6.162659333760709  1.3154287961587252
7.26  6.2195100869694215  1.4781218596288923
7.2700000000000005  6.2750690281637915  1.6399709175892827
7.28  6.3293247415497165  1.8008805584021794
7.29  6.382266210495109  1.9607559791349796
7.3  6.433882820986248  2.11950305714694
7.3100000000000005  6.484164364782451  2.277028421078944
7.32  6.53310104226598  2.433239521151602
7.33  6.580683464984975  2.5880446986786727
7.34  6.626902657887291  2.7413532547030797
7.3500000000000005  6.671750061243688  2.893075517665075
7.36  6.715217532259139  3.0431229100130475
7.37  6.7572973463716  3.1914080136698844
7.38  6.797982198237797  3.3378446342690227
7.390000000000001  6.837265202406134  3.4823478640773162
7.4  6.875139893677217  3.624834143523611
7.41  6.911600227152958  3.765221321255115
7.42  6.946640577975466  3.9034287126455864
7.43  6.980255740757555  4.039377156683088
7.44  7.01244092870706  4.1729890711676525
7.45  7.043191772447403  4.304188506152498
7.46  7.072504318537485  4.4329011955661635
7.47  7.100375027694259  4.559054606955799
7.48  7.126800772721702  4.682577989296186
7.49  7.151778836150387  4.803402418812296
7.5  7.175306907592217  4.921460842767593
7.51  7.197383080815211  5.036688121173578
7.5200000000000005  7.2180058505436255  5.1490210663808496
7.53  7.237174108989101  5.2583984805155515
7.54  7.254887142118849  5.364761190729752
7.55  7.2711446256671985  5.468052082238043
7.5600000000000005  7.285946620897196  5.568216129117442
7.57  7.299293570119328  5.665200422851671
7.58  7.311186291974644  5.758954198605632
7.59  7.321625976489945  5.849428859219715
7.6000000000000005  7.33061417991294  5.936577996918545
7.61  7.3381528193356225  6.020357412732667
7.62  7.3442441671142955  6.100725133636444
7.63  7.348890845095031  6.17764142740919
7.640000000000001  7.352095818653495  6.251068815231382
7.65  7.353862390558357  6.320972082031556
7.66  7.354194194667721  6.387318284603971
7.67  7.353095189468169  6.45007675752079
7.68  7.350569651466246  6.509219116866826
7.69  7.346622168442353  6.5647192618285715
7.7  7.341257632577173  6.616553374172962
7.71  7.334481233460918  6.664699915655119
7.72  7.326298450995796  6.709139623397557
7.73  7.316715048202188  6.749855503286885
7.74  7.305737063939155  6.786832821437161
7.75  7.293370805549942  6.820059093772184
7.76  7.279622841443219  6.849524073781734
7.7700000000000005  7.264499993620857  6.875219738509676
7.78  7.248009330163045  6.897140272834241
7.79  7.230158157681539  6.915282052103299
7.8  7.210954013751942  6.929643623189432
7.8100000000000005  7.19040465933572  6.940225684031751
7.82  7.168518071202811  6.947031061733101
7.83  7.145302434365443  6.950064689282898
7.84  7.120766134533883  6.94933358097721
7.8500000000000005  7.094917750604617  6.944846806608874
7.86  7.067766047191439  6.9366154645013784
7.87  7.039319967209776  6.924652653461029
7.88  7.009588624524432  6.908973443722385
7.890000000000001  6.978581296670838  6.889594846962366
7.9  6.946307417659712  6.866535785458455
7.91  6.912776570874709  6.839817060466408
7.92  6.877998482072768  6.809461319892515
7.930000000000001  6.841983012496343  6.775493025334974
7.94  6.804740152106605  6.73793841856828
7.95  6.7662800129465  6.69682548754344
7.96  6.726612822642261  6.652183931976025
7.97  6.685748918051729  6.604045128592434
7.98  6.643698739067437  6.552442096103505
7.99  6.600472822582438  6.497409459972879
8.0  6.556081796626132  6.4389834170455735
8.01  6.5105363746774145  6.37720170010044
8.02  6.463847350161943  6.312103542387813
8.03  6.416025591140052  6.2437296422114645
8.040000000000001  6.367082035191413  6.172122127611445
8.05  6.317027684502473  6.097324521201973
8.06  6.265873601161826  6.019381705215363
8.07  6.213630902668972  5.938339886800899
8.08  6.16031075766088  5.854246563623831
8.09  6.105924381860918  5.767150489807153
8.1  6.050483034254045  5.67710164225547
8.11  5.9939980134917334  5.584151187397125
8.120000000000001  5.936480654529955  5.488351448377442
8.13  5.877942325502931  5.389755872732712
8.14  5.818394424834917  5.288419000570983
8.15  5.75784837859211  5.184396433282489
8.16  5.696315638076137  5.077744802799129
8.17  5.63380767766032  4.968521741418768
8.18  5.570335992869257  4.8567858522069
8.19  5.505912098702241  4.742596679984657
8.2  5.4405475282002485  4.62601468290879
8.21  5.37425383125591  4.5071012046458065
8.22  5.307042573665734  4.38591844713939
8.23  5.238925336422872  4.262529443966105
8.24  5.169913715249037  4.136998034272579
8.25  5.100019320363022  4.009388837282773
8.26  5.02925377648351  3.879767227361779
8.27  4.957628723063083  3.7481993096192667
8.28  4.885155814749937  3.6147518960329434
8.290000000000001  4.8118467220738035  3.479492482069528
8.3  4.737713132351644  3.342489223778319
8.31  4.662766750808799  3.203810915329547
8.32  4.587019301910581  3.063526966967681
8.33  4.510482530899133  2.921707383347583
8.34  4.433168205529979  2.7784227422190804
8.35  4.355088118002137  2.6337441734238016
8.36  4.276254087075863  2.4877433381663496
8.370000000000001  4.1966779603710265  2.340492408520191
8.38  4.1163716168396824  2.192064047127384
8.39  4.035346969405113  2.0425313870496056
8.4  3.953615967760333  1.8919680117276805
8.41  3.871190601318078  1.7404479350047666
8.42  3.7880829023041427  1.5880455811688925
8.43  3.704304948986124  1.434835764969038
8.44  3.6198688690286898  1.2808936715591552
8.45  3.534786842966959  1.1262948363242449
8.46  3.4490711077889116  0.9711151245425883
8.47  3.3627339606176805  0.81543071083871
8.48  3.2757877624845273  0.6593180583816578
8.49  3.188244942182917  0.5028538977841867
8.5  3.100118000194272  0.34611520565920484
8.51  3.0114195126754066  0.18917918279051166
8.52  2.9221621354980125  0.03212323187631978
8.53  2.832358608330196  -0.12497506519475464
8.540000000000001  2.7420217587498565  -0.2820379705740048
8.55  2.651164506380185  -0.43898761422627003
8.56  2.5597998670366224  -0.5957460182825366
8.57  2.4679409568756787  -0.7522351220042235
8.58  2.375600996534905  -0.9083768073910531
8.59  2.2827933152542035  -1.0640929254608307
8.6  2.1895313549681474  -1.2193053232280442
8.61  2.095828674359134  -1.3739358714051793
8.620000000000001  2.0016989528614286  -1.527906492848174
8.63  1.9071559946061323  -1.6811391917645302
8.64  1.8122137322968779  -1.8335560837002332
8.65  1.7168862310067805  -1.9850794263179241
8.66  1.6211876918868182  -2.1356316509763884
8.67  1.5251324557761528  -2.28513539511838
8.68  1.4287350067048468  -2.433513535469977
8.69  1.3320099752800294  -2.580689222052257
8.700000000000001  1.234972141946334  -2.7265859130024426
8.71  1.1376364401118597  -2.871127410198331
8.72  1.0400179591309127  -3.014237895677044
8.73  0.9421319471355133  -3.15584196883507
8.74  0.8439938137073448  -3.295864684393896
8.75  0.7456191323822847  -3.4342315911122565
8.76  0.6470236429802048  -3.570868771222164
8.77  0.5482232537527181  -3.7057028805634014
8.78  0.4492340433418312  -3.838661189387504
8.790000000000001  0.35007226254325347  -3.969671623799343
8.8  0.25075433586780804  -4.098662807801178
8.81  0.1512968628953305  -4.225564105901457
8.82  0.05171661941541007  -4.350305666247102
8.83  -0.047969441649963786  -4.472818464235734
8.84  -0.1477441895465888  -4.593034346561554
8.85  -0.24759031521548175  -4.710886075645538
8.86  -0.34749033105103644  -4.826307374398621
8.870000000000001  -0.4474265708937345  -4.939232971263977
8.88  -0.547381190259803  -5.049598645482162
8.89  -0.647336166810888  -5.157341272521191
8.9  -0.7472733010650954  -5.262398869611079
8.91  -0.8471742173512049  -5.364710641321242
8.92  -0.9470203650070262  -5.464217025116978
8.93  -1.0467930198220226  -5.560859736830353
8.94  -1.1464732857244395  -5.654581815978867
8.950000000000001  -1.2460420967119634  -5.745327670864811
8.96  -1.3454802190246893  -5.8330431233867905
8.97  -1.4447682535588822  -5.917675453494643
8.98  -1.5438866385184953  -5.999173443217797
8.99  -1.6428156523019855  -6.077487420197372
9.0  -1.741535416620211  -6.1525693006516615
9.01  -1.8400258998414707  -6.224372631705048
9.02  -1.9382669205583214  -6.292852633010182
9.03  -2.0362381513705627  -6.357966237594029
9.040000000000001  -2.1339191228780563  -6.419672131858797
9.05  -2.231289227875794  -6.477930794669482
9.06  -2.3283277257437724  -6.532704535461017
9.07  -2.4250137470223248  -6.583957531298766
9.08  -2.5213262981635896  -6.631655862827893
9.09  -2.6172442664486173  -6.675767549048278
9.1  -2.7127464250584126  -6.716262580853788
9.11  -2.8078114382868407  -6.753112953276173
9.120000000000001  -2.902417866881679  -6.7862926963763375
9.13  -2.9965441734993408  -6.815777904727697
9.14  -3.0901687282579156  -6.84154676543901
9.15  -3.183269814371088  -6.863579584666404
9.16  -3.275825633845289  -6.881858812567304
9.17  -3.367814313220038  -6.896369066651749
9.18  -3.459213909330752  -6.907097153489684
9.19  -3.550002415070978  -6.914032088736071
9.200000000000001  -3.6401577651296986  -6.9171651154389355
9.21  -3.7296578416773163  -6.916489720599109
9.22  -3.8184804799717043  -6.912001649953916
9.23  -3.9066034738536053  -6.903698920961012
9.24  -3.9940045810978724  -6.891581833962336
9.25  -4.080661528584675  -6.875652981512349
9.26  -4.166552017251231  -6.8559172558588335
9.27  -4.25165372678149  -6.832381854568887
9.28  -4.3359443199875045  -6.805056284297266
9.290000000000001  -4.41940144683152  -6.773952362698803
9.3  -4.502002748033494  -6.739084218491472
9.31  -4.583725858203346  -6.700468289681548
9.32  -4.664548408430966  -6.6581233199675705
9.33  -4.7444480282604395  -6.612070353345001
9.34  -4.823402346967268  -6.562332726939216
9.35  -4.901388994048668  -6.508936062100134
9.36  -4.97838559882689  -6.4519082537979235
9.370000000000001  -5.054369789054544  -6.391279458365807
9.38  -5.1293191883977585  -6.327082079642671
9.39  -5.203211412658474  -6.259350753575426
9.4  -5.276024064579757  -6.1881223313491525
9.41  -5.3477347270589775  -6.113435861121187
9.42  -5.418320954570869  -6.035332568444686
9.43  -5.4877602625763675  -5.953855835477328
9.44  -5.556030114662905  -5.869051179081577
9.450000000000001  -5.623107907126795  -5.78096622793591
9.46  -5.688970950666813  -5.6896506987897695
9.47  -5.753596448810788  -5.595156372010803
9.48  -5.8169614726398216  -5.497537066591099
9.49  -5.879042931309429  -5.3968486147992465
9.5  -5.939817537788079  -5.293148836688838
9.51  -5.9992617691415475  -5.1864975147014984
9.52  -6.057351820581805  -5.076956368634736
9.53  -6.114063552368153  -4.9645890312823475
9.540000000000001  -6.169372428492628  -4.849461025100393
9.55  -6.223253445893854  -4.7316397403046215
9.56  -6.275681052718589  -4.611194414868758
9.57  -6.326629053877038  -4.4881961169703315
9.58  -6.376070501807763  -4.362717730522723
9.59  -6.423977569964757  -4.234833944545142
9.6  -6.470321406045757  -4.1046212472597166
9.61  -6.5150719613744785  -3.9721579259741406
9.620000000000001  -6.558197792099441  -3.8375240740165806
9.63  -6.599665826941091  -3.700801606249613
9.64  -6.639441095056491  -3.562074285012422
9.65  -6.677486406130641  -3.4214277587480173
9.66  -6.71376197296028  -3.2789496160848026
9.67  -6.748224964452381  -3.1347294587951096
9.68  -6.7808289739624605  -2.9888589978886606
9.69  -6.811523384036398  -2.841432178175915
9.700000000000001  -6.840252603609941  -2.6925453380339697
9.71  -6.866955147168795  -2.5422974129379643
9.72  -6.891562516735233  -2.390790193733399
9.73  -6.913997836060004  -2.238128653838348
9.74  -6.934174170977724  -2.0844213638792852
9.75  -6.951992448976596  -1.9297810181204504
9.76  -6.967338862383724  -1.7743251050773068
9.77  -6.980081599859757  -1.618176765844917
9.78  -6.990066695184575  -1.4614658993170997
9.790000000000001  -6.9971127031112434  -1.304330595735903
9.8  -7.001003797846881  -1.1469190121530524
9.81  -7.001480722443884  -0.9893918505099313
9.82  -6.998228768259681  -0.8319256693193923
9.83  -6.990861585757744  -0.6747173666788063
9.84  -6.978899043108306  -0.5179903378032542
9.85  -6.961736423795178  -0.3620030725007636
9.86  -6.938600754440688  -0.20706138397021312
9.870000000000001  -6.908487555613388  -0.05353617137505033
9.88  -6.870067019353026  0.09811015755209625
9.89  -6.821541000762667  0.24728329795781606
9.9  -6.760418159735611  0.393193352168531
9.91  -6.6831475196561385  0.534750679148103
9.92  -6.58449592827588  0.6703882613757285
9.93  -6.456437630102989  0.7977433435745475
9.94  -6.286056545150212  0.9130523434326889
9.950000000000001  -6.051306310122619  1.0099178017989403
9.96  -5.711746558276071  1.076582454317249
9.97  -5.186596728327131  1.0893481461141423
9.98  -4.3005485911106085  0.9957109093704428
9.99  -2.6822471912869585  0.6785719586835042
10.0  -1.1697953051125305e-13  3.209900670495309e-14
