0.0  2.598738345071723  5.854910997690124
0.005  2.7158566143873175  6.101194717764274
0.01  2.8328886949649994  6.336736961693527
0.015  2.949716983220866  6.561161018376141
0.02  3.066222085273801  6.774109794037517
0.025  3.182283072700142  6.975246412866956
0.03  3.2977777430269453  7.164254781901625
0.035  3.412582884326154  7.340840119189284
0.04  3.5265745432614066  7.504729444326328
0.045  3.6396282959302924  7.655672030534299
0.05  3.751619520837547  7.793439817506198
0.055  3.8624236733290025  7.917827784323117
0.06  3.9719165608121454  8.028654281812432
0.065  4.079974618086785  8.125761323790368
0.07  4.1864751821087225  8.209014836704325
0.075  4.291296765510352  8.278304867263808
0.08  4.394319328204849  8.33354574772278
0.085  4.4954245464050056  8.374676218551057
0.09  4.5944960783938456  8.401659508307208
0.095  4.691419826391839  8.41448337060102
0.1  4.786084193874924  8.41316007810887
0.105  4.878380337708426  8.397726373681012
0.11  4.968202414474548  8.3682433786552
0.115  5.055447820385136  8.324796458566158
0.12  5.140017424187015  8.267495046515341
0.125  5.221815792484254  8.196472424539595
0.13  5.3007514069201935  8.111885463391129
0.135  5.376736872681918  8.013914321213964
0.14  5.449689117811102  7.902762101674152
0.145  5.5195295828275945  7.778654472171932
0.15  5.58618440019583  7.64183924283392
0.155  5.649584563189043  7.492585907051918
0.16  5.709666083732224  7.331185144402157
0.165  5.76637013883176  7.1579482868444435
0.17  5.819643205227744  6.973206749164731
0.17500000000000002  5.869437181933752  6.777311424686969
0.18  5.915709500358678  6.570632047340551
0.185  5.958423221735658  6.35355652122821
0.19  5.9975471216143  6.1264902188957295
0.195  6.033055761204157  5.889855249559113
0.2  6.0649295453897025  5.644089698597005
0.20500000000000002  6.093154767269828  5.389646839665877
0.21  6.117723639107852  5.126994320842884
0.215  6.13863430961158  4.8566133262460465
0.22  6.155890867496348  4.578997714623808
0.225  6.169503331317821  4.294653136445497
0.23  6.179487625594875  4.004096131061184
0.23500000000000001  6.185865543276713  3.707853205533547
0.24  6.188664694641731  3.4064598967755506
0.245  6.187918442749068  3.1004598186561854
0.25  6.183665825596714  2.790403695761901
0.255  6.175951465172643  2.4768483855238377
0.26  6.164825463617651  2.1603558904403046
0.265  6.1503432867501004  1.8414923621403891
0.27  6.132565635233795  1.5208270990478499
0.275  6.111558303700458  1.1989315394145164
0.28  6.087392028167792  0.8763782514995663
0.28500000000000003  6.06014232212274  0.5537399226749594
0.29  6.029889301667287  0.23158834923797245
0.295  5.9967175001508854  -0.08950657129048145
0.3  5.960715672739277  -0.4089778436085151
0.305  5.921976591394006  -0.7262623720525185
0.31  5.880596830760366  -1.040801950240052
0.315  5.8366765454836  -1.3520442411983944
0.32  5.790319239494071  -1.6594437462585923
0.325  5.741631527821625  -1.9624627610156868
0.33  5.690722891517465  -2.260572316679687
0.335  5.637705426278576  -2.5532531051685945
0.34  5.582693585384905  -2.8399963863245405
0.34500000000000003  5.525803917573212  -3.120304875666545
0.35000000000000003  5.467154800483695  -3.3936936111287044
0.355  5.406866170325977  -3.659690797270632
0.36  5.345059248420066  -3.9178386254876365
0.365  5.2818562652752545  -4.1676940687912225
0.37  5.217380182875562  -4.408829649776396
0.375  5.1517544158444455  -4.640834180440188
0.38  5.085102552163793  -4.863313472566323
0.385  5.017548074123037  -5.075891017443655
0.39  4.949214080173151  -5.27820863374078
0.395  4.880223008357741  -5.469927082416051
0.4  4.810696361989111  -5.650726647601078
0.405  4.740754438231263  -5.820307682456416
0.41000000000000003  4.670516060244235  -5.978391119060414
0.41500000000000004  4.600098313534923  -6.124718941456352
0.42  4.5296162871488574  -6.259054621048257
0.425  4.459182820324952  -6.38118351360283
0.43  4.388908255221489  -6.490913217182954
0.435  4.3189001963061155  -6.588073890407583
0.44  4.249263276985891  -6.672518530503063
0.445  4.180098934035133  -6.74412321068225
0.45  4.111505190359212  -6.802787276459628
0.455  4.04357644661151  -6.848433500583405
0.46  3.976403282158594  -6.881008196338613
0.465  3.9100722658651645  -6.900481289048824
0.47000000000000003  3.8446657771458783  -6.906846345677911
0.47500000000000003  3.780261837705421  -6.900120562507144
0.48  3.7169339543615627  -6.880344710936949
0.485  3.6547509733182655  -6.8475830415363435
0.49  3.5937769462274316  -6.801923146536712
0.495  3.5340710083484836  -6.743475781039639
0.5  3.4756872690848915  -6.672374643281245
0.505  3.418674715146051  -6.588776114367379
0.51  3.3630771265514854  -6.492858957965287
0.515  3.3089330056625217  -6.384823980507687
0.52  3.2562755193943147  -6.264893652534469
0.525  3.2051324547283486  -6.133311691865397
0.53  3.1555261876127387  -5.9903426093641325
0.535  3.1074736653044  -5.836271218119341
0.54  3.0609864021740556  -5.671402106932729
0.545  3.0160704889616827  -5.496059079066281
0.55  2.9727266154369  -5.310584557261654
0.555  2.930950106385665  -5.115338956103566
0.56  2.8907309708118674  -4.910700022856061
0.5650000000000001  2.8520539642098375  -4.697062147955377
0.5700000000000001  2.8148986637316824  -4.474835646396061
0.5750000000000001  2.77923955604164  -4.24444601129755
0.58  2.7450461376185147  -4.006333140986829
0.585  2.712283027236772  -3.7609505409785764
0.59  2.6809100903269956  -3.508764502278016
0.595  2.6508825748873655  -3.2502532574721976
0.6  2.622151258589666  -2.9859061161142115
0.605  2.5946626066959273  -2.7162225809402596
0.61  2.568358940375563  -2.4417114464925773
0.615  2.5431786149875393  -2.162889881751287
0.62  2.5190562078679872  -1.8802824984056963
0.625  2.495922715140568  -1.5944204064198402
0.63  2.473705757045228  -1.3058402585687303
0.635  2.4523297912603583  -1.015083285640212
0.64  2.43171633367427  -0.7226943240129495
0.645  2.4117841860440197  -0.4292208373335526
0.65  2.3924496699632334  -0.13521193402535325
0.655  2.37362686654566  0.15878261763212972
0.66  2.3552278612176796  0.45221337511082393
0.665  2.337162993001088  0.7445322061860937
0.67  2.319341107657107  1.0351932706932523
0.675  2.301669814053723  1.3236539977545179
0.68  2.2840557431113204  1.6093760567512756
0.685  2.2664048086758823  1.8918263203282542
0.6900000000000001  2.2486224696652024  2.1704778177313875
0.6950000000000001  2.2306139928310738  2.4448106767987627
0.7000000000000001  2.212284715479827  2.7143130529450734
0.705  2.1935403074945583  2.978482043503643
0.71  2.174287032004849  3.2368245858168345
0.715  2.1544320040541436  3.4888583374947877
0.72  2.13388344662071  3.7341125372950876
0.725  2.1125509433555134  3.9721288451104293
0.73  2.090345687409439  4.202462159589121
0.735  2.0671807257327774  4.424681411953326
0.74  2.0429711982420597  4.638370334622601
0.745  2.0176345712628887  4.843128203295218
0.75  1.9910908646724867  5.038570551187341
0.755  1.9632628721821876  5.224329854179604
0.76  1.9340763742179283  5.40005618567258
0.765  1.9034603428760306  5.565417840006468
0.77  1.8713471384520726  5.7201019233562835
0.775  1.8376726970622983  5.863814911071551
0.78  1.8023767089000242  5.996283170489123
0.785  1.7654027866934296  6.1172534483089125
0.79  1.726698623956246  6.226493321685236
0.795  1.6862161426489704  6.323791612250606
0.8  1.6439116298951393  6.408958762354522
0.805  1.5997458634252046  6.48182717286662
0.81  1.553684225449051  6.542251501961385
0.8150000000000001  1.5056968046877577  6.5901089243707744
0.8200000000000001  1.4557584863250477  6.625299350660673
0.8250000000000001  1.4038490296695794  6.647745606157819
0.8300000000000001  1.3499531333503025  6.65739356922489
0.835  1.2940604878985054  6.65421226865321
0.84  1.2361658156021378  6.638193940014452
0.845  1.176268897549977  6.60935404088509
0.85  1.1143745878154785  6.567731224929665
0.855  1.0504928147625447  6.513387274901374
0.86  0.9846385694877338  6.446406994690669
0.865  0.9168318814457512  6.366898060624544
0.87  0.8470977813372185  6.2749908322908245
0.875  0.7754662513695507  6.17083812323274
0.88  0.7019721630334567  6.054614931929566
0.885  0.6266552025686726  5.926518133548733
0.89  0.5495597843233542  5.78676613302359
0.895  0.47073495224170925  5.635598480078794
0.9  0.39023426974397984  5.473275446891845
0.905  0.3081156982918277  5.300077569144863
0.91  0.22444146496022072  5.1163051512845135
0.915  0.13927791936420159  4.922277736870793
0.92  0.052695380315321755  4.7183335449562
0.925  -0.035232027392156626  4.504828873496264
0.93  -0.12442654564070689  4.282137470849852
0.935  -0.21480696464693738  4.0506498764834165
0.9400000000000001  -0.3062888131469376  3.8107727320468614
0.9450000000000001  -0.39878455661880563  3.56292806404048
0.9500000000000001  -0.49220380303185973  3.3075525393416987
0.9550000000000001  -0.5864535155936265  3.0450966949076292
0.96  -0.681438231948834  2.776024143014202
0.965  -0.7770602892688327  2.5008107534352324
0.97  -0.8732200546558249  2.2199438140044987
0.975  -0.9698161602734945  1.9339211710416002
0.98  -1.0667457426043745  1.6432503511569636
0.985  -1.1639046852246029  1.3484476659834461
0.99  -1.2611878644785564  1.0500373014117281
0.995  -1.3584893974291938  0.748550392932716
1.0  -1.4557028914549754  0.44452408871467364
1.0050000000000001  -1.552721694860703  0.13850060206298676
1.01  -1.6494391478678612  -0.1689737450707295
1.0150000000000001  -1.7457488333497506  -0.47734948584918574
1.02  -1.841544826678003  -0.7860749778856302
1.025  -1.9367219440501904  -1.0945973764533967
1.03  -2.0311759886725174  -1.402363609859524
1.035  -2.124803994177893  -1.7088213552704206
1.04  -2.217504464667325  -2.0134200132774924
1.045  -2.3091776107715516  -2.3156116794926547
1.05  -2.399725581140912  -2.614852111470724
1.055  -2.489052688783223  -2.9106016892630864
1.06  -2.5770656316834315  -3.2023263679199854
1.065  -2.6636737071535785  -3.489498620272461
1.07  -2.748789019378271  -3.7715983683434375
1.075  -2.8323266796384186  -4.048113901757136
1.08  -2.91420499871519  -4.318542781540078
1.085  -2.9943456709963234  -4.58239272773231
1.09  -3.0726739498285007  -4.83918248925714
1.095  -3.1491188136819344  -5.0884426945284345
1.1  -3.2236131227172455  -5.329716681309678
1.105  -3.296093765369049  -5.562561304374725
1.11  -3.3665017945867026  -5.78654771956069
1.115  -3.434782553398792  -6.001262142844133
1.12  -3.5008857894956065  -6.206306583116641
1.125  -3.5647657585516903  -6.401299547381803
1.1300000000000001  -3.626381316039461  -6.585876717144685
1.135  -3.685695997314166  -6.759691594815282
1.1400000000000001  -3.7426780857804003  -6.922416119000676
1.145  -3.7973006689806543  -7.0737412476149615
1.1500000000000001  -3.849541682477221  -7.213377507793016
1.155  -3.899383941429593  -7.341055511652245
1.16  -3.946815159800981  -7.456526437006648
1.165  -3.991827957158664  -7.559562472198991
1.17  -4.0344198530645405  -7.649957224279778
1.175  -4.074593249083583  -7.727526089826277
1.18  -4.112355398469143  -7.792106587759973
1.185  -4.147718363615339  -7.843558653587735
1.19  -4.1806989613975  -7.881764894559337
1.195  -4.211318696552291  -7.906630805302505
1.2  -4.239603683279229  -7.918084943565747
1.205  -4.265584555275009  -7.91607906576901
1.21  -4.28929636444107  -7.900588222132482
1.215  -4.31077846853343  -7.8716108112244285
1.22  -4.330074408051421  -7.829168593839893
1.225  -4.347231772689124  -7.773306666192999
1.23  -4.362302057699255  -7.704093392476675
1.235  -4.375340510544701  -7.621620296914366
1.24  -4.386405968237019  -7.526001915499049
1.245  -4.395560685784534  -7.417375607684944
1.25  -4.402870156194833  -7.295901328367213
1.2550000000000001  -4.4084029224974595  -7.161761360553923
1.26  -4.4122303822724165  -7.015160009203074
1.2650000000000001  -4.414426585188698  -6.856323256764835
1.27  -4.415068024074378  -6.68549838103597
1.2750000000000001  -4.414233420055692  -6.5029535359985084
1.28  -4.412003502317188  -6.308977296379451
1.285  -4.408460783048209  -6.103878166730783
1.29  -4.403689328152698  -5.88798405589091
1.295  -4.397774524309584  -5.661641717748652
1.3  -4.3908028429798724  -5.4252161592888335
1.305  -4.3828616019637625  -5.179090016955894
1.31  -4.3740387251168915  -4.923662902425921
1.315  -4.364422500839057  -4.6593507189311385
1.32  -4.354101339951335  -4.38658494933099
1.325  -4.343163533578709  -4.105811917173489
1.33  -4.331697011654814  -3.8174920220362245
1.335  -4.319789102663368  -3.5220989504815563
1.34  -4.30752629522733  -3.2201188640016314
1.345  -4.294994002151751  -2.912049565369211
1.35  -4.282276327519538  -2.598399644846457
1.355  -4.2694558374313685  -2.2796876077393433
1.36  -4.256613334971241  -1.9564409848160826
1.365  -4.2438276399681225  -1.6291954271383289
1.37  -4.231175374111657  -1.2984937868794655
1.375  -4.218730751965941  -0.9648851857288683
1.3800000000000001  -4.206565378410105  -0.6289240725012105
1.385  -4.194748053017902  -0.29116927158887673
1.3900000000000001  -4.183344581870547  0.047816976090101604
1.395  -4.172417597277989  0.38746997798280036
1.4000000000000001  -4.162026385863518  0.727223558956551
1.405  -4.152226725445132  1.0665110328366116
1.41  -4.143070731124653  1.4047661747418432
1.415  -4.134606710972012  1.7414241925323228
1.42  -4.1268790316676585  2.0759226956853705
1.425  -4.119927994440721  2.407702659922016
1.43  -4.113789721614238  2.7362093859130647
1.435  -4.108496054041926  3.060893450405921
1.44  -4.104074459693208  3.381211648126243
1.445  -4.100547953614949  3.696627922826039
1.45  -4.097935029469546  4.006614285868531
1.455  -4.0962496028196025  4.310651720763206
1.46  -4.09550096629981  4.608231072088747
1.465  -4.095693756786463  4.898853917270113
1.47  -4.096827934644857  5.182033419705566
1.475  -4.098898775104196  5.4572951617734216
1.48  -4.101896871779155  5.724177956282761
1.485  -4.10580815232652  5.982234634971526
1.49  -4.11061390619489  6.2310328126947905
1.495  -4.116290824394865  6.470155625989588
1.5  -4.1228110511870115  6.699202444747076
1.5050000000000001  -4.130142247554923  6.917789555770628
1.51  -4.1382476663011225  7.125550817047093
1.5150000000000001  -4.147086238574392  7.322138281610479
1.52  -4.1566126716084835  7.507222789929884
1.5250000000000001  -4.166777557424152  7.680494529809163
1.53  -4.1775274922189025  7.841663562842113
1.5350000000000001  -4.188805206142351  7.990460316525784
1.54  -4.200549703128973  8.126636041194182
1.545  -4.212696410435159  8.249963230996215
1.55  -4.225177337503147  8.36023600820426
1.555  -4.237921243751383  8.45727047020379
1.56  -4.250853814868648  8.54090499857934
1.565  -4.2638978471681925  8.61100052977816
1.57  -4.276973439538241  8.667440786899698
1.575  -4.289998192506492  8.710132472226647
1.58  -4.302887413918653  8.739005420181513
1.585  -4.3155543307149395  8.754012710461382
1.59  -4.327910306273373  8.755130741172664
1.595  -4.339865062775333  8.742359261857027
1.6  -4.351326908036488  8.715721366369205
1.605  -4.362202966235505  8.675263445637027
1.61  -4.372399411963627  8.621055100403376
1.615  -4.381821707010288  8.553189014119203
1.62  -4.390374839293609  8.471780786225468
1.625  -4.397963563339613  8.376968726130594
1.6300000000000001  -4.4044926417107355  8.268913608257693
1.635  -4.409867086782225  8.147798388603292
1.6400000000000001  -4.413992402264718  8.013827883315464
1.645  -4.416774823872399  7.867228409865049
1.6500000000000001  -4.418121558538856  7.708247391447821
1.655  -4.417941021586843  7.537152925319125
1.6600000000000001  -4.416143071263879  7.354233315824227
1.665  -4.4126392400627195  7.159796572948688
1.67  -4.407342962254349  6.95416987727206
1.675  -4.400169797071076  6.737699012266068
1.68  -4.391037646988882  6.5107477649344005
1.685  -4.379866970570823  6.273697295845385
1.69  -4.366580989347555  6.026945479661606
1.695  -4.351105888226383  5.77090621732042
1.7  -4.3333710089370765  5.506008721068415
1.705  -4.313309036040453  5.232696773598523
1.71  -4.29085617504504  4.951427962583273
1.715  -4.265952322197143  4.662672891938937
1.72  -4.238541225531137  4.366914371195413
1.725  -4.208570636788974  4.064646584383189
1.73  -4.175992453841271  3.756374239884234
1.735  -4.140762853266417  3.442611702724652
1.74  -4.1028424127692995  3.1238821108177333
1.745  -4.062196223146899  2.800716476691801
1.75  -4.018793989534546  2.47365277626251
1.7550000000000001  -3.9726101216937737  2.143235026229778
1.76  -3.9236238131304364  1.8100123516993292
1.7650000000000001  -3.8718191088598446  1.4745380456437887
1.77  -3.817184961664472  1.1373686218324224
1.7750000000000001  -3.759715276718622  0.7990628628680427
1.78  -3.6994089444837934  0.4601808649780024
1.7850000000000001  -3.6362698618078855  0.12128308120994435
1.79  -3.5703069411911  -0.217070635314423
1.795  -3.501534108210921  -0.5543219864359432
1.8  -3.4299702871282625  -0.8899151806370735
1.805  -3.3556393747264632  -1.2232978797222884
1.81  -3.278570202464035  -1.5539221388685895
1.815  -3.1987964870514283  -1.881245338426811
1.82  -3.116356769590608  -2.204731105870446
1.825  -3.0312943434450332  -2.523850226305851
1.83  -2.943657171035144  -2.838081539979358
1.835  -2.853497789782366  -3.1469128252394194
1.84  -2.760873207451079  -3.4498416654388198
1.845  -2.665844787164447  -3.7463762982899933
1.85  -2.568478122395284  -4.036036446218504
1.855  -2.4688429022578404  -4.318354126292653
1.86  -2.367012767450093  -4.5928744383444755
1.865  -2.2630651572191347  -4.859156329934892
1.87  -2.1570811477439698  -5.11677333685768
1.875  -2.049145282351027  -5.3653142979192125
1.8800000000000001  -1.9393453939973453  -5.60438404277708
1.885  -1.8277724204752157  -5.833604051667248
1.8900000000000001  -1.7145202128092842  -6.052613085899623
1.895  -1.5996853373336735  -6.261067788052471
1.9000000000000001  -1.48336687195139  -6.458643250849869
1.905  -1.3656661970922324  -6.6450335537607215
1.9100000000000001  -1.2466867818975371  -6.819952266414802
1.915  -1.1265339661714031  -6.983132917988902
1.92  -1.005314738647396  -7.13432943177594
1.925  -0.8831375121281246  -7.273316524210407
1.93  -0.760111896061848  -7.399890067685761
1.935  -0.6363484671255054  -7.51386741656233
1.94  -0.511958538387747  -7.6150876958283265
1.945  -0.387053927627555  -7.703412051941945
1.95  -0.261746725385552  -7.778723865447781
1.955  -0.13614906332401633  -7.840928925027756
1.96  -0.010372883470218919  -7.8899555627133795
1.965  0.11547029108619367  -7.925754750053776
1.97  0.24126958347549976  -7.948300155101595
1.975  0.3669149877502591  -7.957588160146908
1.98  0.49229759045549515  -7.953637840197163
1.985  0.6173097885238984  -7.936490902269278
1.99  0.7418455029633654  -7.906211585627805
1.995  0.8658003878163117  -7.862886523170613
2.0  0.9890720338830558  -7.806624564230714
2.005  1.1115601667162478  -7.737556559129517
2.0100000000000002  1.233166838408593  -7.655835105882858
2.015  1.3537966127132077  -7.5616342595264765
2.02  1.4733567430539032  -7.455149204591807
2.025  1.5917573430015204  -7.33659589132704
2.0300000000000002  1.7089115488128677  -7.206210636320009
2.035  1.8247356736496503  -7.064249688241653
2.04  1.9391493531172213  -6.910988759487719
2.045  2.0520756817853534  -6.746722524556114
2.05  2.1634413403776342  -6.57176408605328
2.055  2.273176713340207  -6.386444409279479
2.06  2.381215996525931  -6.191111726395911
2.065  2.4874972947560545  -5.986130911229232
2.07  2.5919627090476736  -5.771882825818882
2.075  2.6945584133223925  -5.5487636398611615
2.08  2.7952347204389176  -5.317184124250217
2.085  2.8939461374201247  -5.077568919959569
2.09  2.9906514097729344  -4.830355783551243
2.095  3.0853135548278776  -4.575994810637396
2.1  3.177899884053349  -4.314947638658547
2.105  3.2683820143282647  -4.047686630375636
2.11  3.356735868184972  -3.7746940395077697
2.115  3.442941663062966  -3.4964611599754254
2.12  3.5269838896419246  -3.213487460238431
2.125  3.608851279350829  -2.926279704240848
2.13  3.6885367611774136  -2.6353510604993327
2.1350000000000002  3.7660374079297356  -2.3412202008894663
2.14  3.841354372128462  -2.044410390702066
2.145  3.9144928117350295  -1.7454485715559245
2.15  3.9854618059464864  -1.4448644387641874
2.1550000000000002  4.054274261313256  -1.1431895147610447
2.16  4.120946808460426  -0.8409562202002148
2.165  4.185499689717144  -0.5386969443407674
2.17  4.247956637981304  -0.23694311633525122
2.1750000000000003  4.3083447471691665  0.06377572096661144
2.18  4.366694334620399  0.3629328330918129
2.185  4.4230387958493775  0.6600052102957268
2.19  4.477414452052487  0.9544744766035029
2.195  4.529860390799426  1.2458277899660928
2.2  4.580418300353195  1.5335587319726498
2.205  4.629132298079341  1.8171681855800665
2.21  4.676048753419474  2.096165199341717
2.215  4.721216105917268  2.3700678366423866
2.22  4.764684678797289  2.6384040084725298
2.225  4.806506488607529  2.9007122883053804
2.23  4.846735051445957  3.156542707671391
2.235  4.8854251862993054  3.405457531059535
2.24  4.922632816028974  3.647032008810985
2.245  4.958414766544075  3.8808551067104755
2.25  4.992828564705514  4.106530211021062
2.255  5.025932235507328  4.3236758077519095
2.2600000000000002  5.057784099082505  4.531926134993686
2.265  5.088442568080031  4.730931807203857
2.27  5.117965945958124  4.920360410373806
2.275  5.1464122267351895  5.099897067059723
2.2800000000000002  5.173838896735502  5.2692449703136495
2.285  5.200302738860452  5.428125885604066
2.29  5.225859639908852  5.576280619872988
2.295  5.250564401460854  5.7134694569324695
2.3000000000000003  5.274470554830121  5.839472558463856
2.305  5.297630180577321  5.954090329941917
2.31  5.320093733065417  6.057143750868433
2.315  5.3419098705232715  6.148474668760993
2.32  5.363125291069009  6.2279460564070135
2.325  5.383784575128272  6.295442231956317
2.33  5.403930034665183  6.350869041490713
2.335  5.423601569625306  6.394154003774437
2.34  5.442836531970478  6.425246416954792
2.345  5.461669597664947  6.444117427049007
2.35  5.480132646950855  6.450760058119394
2.355  5.498254653228964  6.445189204105747
2.36  5.516061580837438  6.427441582350411
2.365  5.533576291997795  6.397575648918018
2.37  5.550818463172682  6.355671475878257
2.375  5.567804511055106  6.301830590785898
2.38  5.584547528383137  6.2361757786581045
2.3850000000000002  5.601057229747999  6.158850846813767
2.39  5.617339907537035  6.0700203530042645
2.395  5.63339839812615  5.969869297328378
2.4  5.649232058409175  5.858602778486891
2.4050000000000002  5.664836752724364  5.736445614994234
2.41  5.680204850210679  5.603641932024832
2.415  5.695325232599098  5.460454714631594
2.42  5.710183312416502  5.307165328131724
2.4250000000000003  5.724761061552449  5.14407300651217
2.43  5.739037050111657  4.971494309761699
2.435  5.752986495448109  4.7897625510907185
2.44  5.766581321249768  4.599227195051432
2.445  5.779790226516524  4.400253227621484
2.45  5.792578764248024  4.193220499362232
2.455  5.804909429632406  3.9785230428090936
2.46  5.816741757502158  3.7565683652960593
2.465  5.828032428798819  3.52777671845821
2.47  5.8387353857647595  3.2925803456967677
2.475  5.84880195555723  3.0514227089280777
2.48  5.858180981957876  2.804757695974428
2.485  5.86681896482959  2.5530488099868602
2.49  5.874660206952341  2.2967683423217187
2.495  5.881646967850151  2.0363965303198714
2.5  5.887719624203173  1.7724207014642739
2.505  5.892816836421445  1.5053344054139033
2.5100000000000002  5.8968757209407805  1.2356365354332188
2.515  5.8998320277862115  0.963830440753976
2.52  5.9016203229345905  0.6904230314208215
2.525  5.9021741749953  0.41592387718635776
2.5300000000000002  5.901426345716715  0.1408443020288616
2.535  5.899308983815946  -0.13430352412465277
2.54  5.895753821620614  -0.4090074948854369
2.545  5.89069237400404  -0.6827564765112749
2.5500000000000003  5.8840561390890365  -0.9550412150509542
2.555  5.875776800190841  -1.225355239941319
2.56  5.865786428466348  -1.4931957624824026
2.565  5.854017685734823  -1.7580645676228555
2.57  5.840404026934706  -2.019468897502466
2.575  5.824879901681929  -2.2769223252114124
2.58  5.8073809543973205  -2.529945617244175
2.585  5.787844222474291  -2.778067583146605
2.59  5.766208331962893  -3.0208259108755224
2.595  5.7424136902526755  -3.2577679864177083
2.6  5.716402675244356  -3.488451696240679
2.605  5.688119820509278  -3.712446211179893
2.61  5.657511995945926  -3.929332750397448
2.615  5.624528583454233  -4.138705324084406
2.62  5.58912164716113  -4.3401714536141665
2.625  5.551246097744881  -4.533352867895625
2.63  5.510859850420674  -4.717886174714647
2.6350000000000002  5.46792397616639  -4.89342350589743
2.64  5.422402845784697  -5.0596331351746135
2.645  5.374264266415885  -5.216200067672255
2.65  5.32347961013557  -5.362826600005947
2.6550000000000002  5.270023934291285  -5.4992328500048755
2.66  5.213876093253516  -5.625157255146268
2.665  5.155018841278551  -5.740357038834502
2.67  5.0934389262034525  -5.844608643715667
2.6750000000000003  5.029127173716965  -5.93770813127521
2.68  4.962078561974293  -6.019471547025567
2.685  4.89229228634851  -6.089735250649906
2.69  4.819771814136788  -6.148356210529524
2.695  4.744524929065082  -6.195212262144002
2.7  4.666563765461547  -6.230202329896192
2.705  4.585904831994969  -6.2532466119776275
2.71  4.502569024901644  -6.264286727954021
2.715  4.416581630650962  -6.263285828815389
2.72  4.327972318026861  -6.250228669300375
2.725  4.2367751196298435  -6.2251216423699685
2.73  4.1430284028309  -6.187992775771303
2.735  4.046774830236068  -6.1388916906982
2.74  3.948061309747109  -6.07788952262071
2.745  3.8469389343303417  -6.005078804421595
2.75  3.7434629116321596  -5.9205733120430395
2.755  3.63769248360566  -5.824507872911861
2.7600000000000002  3.5296908363384314  -5.717038137476052
2.765  3.419525000296664  -5.598340314249497
2.77  3.307265741224868  -5.468610868824562
2.775  3.1929874419651267  -5.328066187375443
2.7800000000000002  3.076767975482145  -5.176942205235772
2.785  2.9586885694035474  -5.015494001195445
2.79  2.838833662405923  -4.843995358219906
2.795  2.717290752798407  -4.662738291354635
2.8000000000000003  2.5941502396752476  -4.472032543632999
2.805  2.469505257027666  -4.272205050862392
2.81  2.3434515012233326  -4.063599376216095
2.815  2.2160870522788487  -3.8465751156121004
2.82  2.0875121893658535  -3.6215072749092325
2.825  1.9578292010066733  -3.3887856200008453
2.83  1.8271421904282952  -3.1488140009328265
2.835  1.6955568765560083  -2.9020096512171056
2.84  1.5631803911391424  -2.6488024635562692
2.845  1.4301210725106064  -2.389634243233788
2.85  1.2964882564910378  -2.1249579404650296
2.855  1.1623920649547994  -1.8552368630385754
2.86  1.0279431925814055  -1.5809438706137504
2.865  0.8932526923201412  -1.3025605520697778
2.87  0.7584317600987267  -1.0205763873334488
2.875  0.6235915193086679  -0.7354878951369039
2.88  0.4888428056002593  -0.44779776818389627
2.8850000000000002  0.3542959525192248  -0.15801399722232878
2.89  0.2200605785146158  0.13335101445781994
2.895  0.08624537584349834  0.42578134456706584
2.9  -0.04704209810635829  0.7187584518504815
2.9050000000000002  -0.17969562656195798  1.0117620810529708
2.91  -0.3116105356717942  1.3042711712476485
2.915  -0.4426838928766123  1.5957647659523584
2.92  -0.572814700856837  1.8857229234570234
2.9250000000000003  -0.7019040865810553  2.173627625783247
2.93  -0.8298554849928461  2.4589636847009007
2.935  -0.956574816887083  2.741219643230382
2.94  -1.0819706605417885  3.019888671067805
2.945  -1.205954416688351  3.2944694523800653
2.95  -1.3284404664195528  3.5644670644303353
2.955  -1.449346321653755  3.82939384551025
2.96  -1.5685927677925506  4.088770250672983
2.965  -1.6861039982293322  4.342125693782995
2.97  -1.801807740387717  4.588999374421023
2.975  -1.9156353729900721  4.828941088209912
2.98  -2.0275220342796487  5.06151201915436
2.985  -2.1374067209427157  5.286285512619517
2.99  -2.245232377501236  5.502847827605788
2.995  -2.350945975971344  5.710798867013909
3.0  -2.454498585607725  5.909752884631152
3.005  -2.555845432579701  6.099339167610491
3.0100000000000002  -2.6549459494506187  6.2792026932560905
3.015  -2.7517638143583856  6.4490047589730235
3.02  -2.846266979821787  6.6084235842857515
3.025  -2.938427691123147  6.7571548838767574
3.0300000000000002  -3.028222494245557  6.894912410648283
3.035  -3.115632233368917  7.021428467860129
3.04  -3.2006420379564022  7.136454389451238
3.045  -3.2832412994892928  7.239760987706134
3.0500000000000003  -3.363423637934652  7.33113896748485
3.055  -3.441186858056871  7.410399306291437
3.06  -3.5165328957097937  7.477373599516057
3.065  -3.589467754271763  7.531914370244552
3.0700000000000003  -3.6600014314114127  7.573895343091443
3.075  -3.728147836396187  7.603211681573517
3.08  -3.7939246981801933  7.61978018860441
3.085  -3.857353464531132  7.623539469754004
3.09  -3.9184591924788617  7.614450058980465
3.095  -3.9772704303905115  7.592494506607676
3.1  -4.033819091997795  7.557677429385647
3.105  -4.088140322723049  7.510025522536879
3.11  -4.140272358669722  7.449587533757225
3.115  -4.190256378661537  7.376434199205242
3.12  -4.238136349732291  7.2906581415796605
3.125  -4.283958866484435  7.192373730449725
3.13  -4.327772984750169  7.081716905068501
3.1350000000000002  -4.369630050002835  6.958844959963672
3.14  -4.409583520979506  6.823936293664566
3.145  -4.447688788987748  6.677190120987768
3.15  -4.484002993379606  6.518826149366364
3.1550000000000002  -4.518584833685922  6.3490842197701
3.16  -4.551494378911489  6.1682239128244
3.165  -4.58279287449887  5.976524120796567
3.17  -4.612542547473821  5.77428258617611
3.1750000000000003  -4.640806410289374  5.561815407634027
3.18  -4.66764806388865  5.3394565142016805
3.185  -4.693131500507594  5.107557108565266
3.19  -4.717320906738979  4.866485080424707
3.1950000000000003  -4.740280467377815  4.616624390917834
3.2  -4.762074170565459  4.358374429160547
3.205  -4.782765614745886  4.092149342001169
3.21  -4.8024178179421195  3.818377338134934
3.215  -4.821093029854217  3.537499967767024
3.22  -4.838852547272234  3.249971379056353
3.225  -4.855756533288365  2.9562575526113233
3.23  -4.871863840781843  2.6568355153474412
3.235  -4.887231840638729  2.352192535051879
3.24  -4.901916255155314  2.042825297034041
3.245  -4.9159709970603425  1.7292390642713387
3.25  -4.929448014575511  1.411946822488865
3.255  -4.942397142917726  1.0914684116371385
3.2600000000000002  -4.954865962629113  0.7683296452561291
3.265  -4.966899665102324  0.44306141923473363
3.27  -4.97854092564966  0.11619881149248124
3.275  -4.9898297844438915  -0.21171982587187754
3.2800000000000002  -5.0008035356380125  -0.540153780409748
3.285  -5.011496624948965  -0.8685608975616612
3.29  -5.021940555967963  -1.1963985017324088
3.295  -5.032163805436784  -1.5231243186208778
3.3000000000000003  -5.0421917477052425  -1.8481973972235832
3.305  -5.052046588560988  -2.171079029928693
3.31  -5.061747308597492  -2.491233669122814
3.315  -5.071309616260847  -2.8081298387360114
3.3200000000000003  -5.0807459106903625  -3.121241039161513
3.325  -5.09006525444166  -3.4300466439955564
3.33  -5.099273356154972  -3.7340327870583376
3.335  -5.108372563204767  -4.03269323817247
3.34  -5.117361864340358  -4.3255302661945585
3.345  -5.126236902300672  -4.612055487818053
3.35  -5.134989996359802  -4.891790700688151
3.355  -5.143610174733645  -5.164268699398441
3.36  -5.152083216751793  -5.429034072965662
3.365  -5.160391704672774  -5.685643982413012
3.37  -5.1685150849953745  -5.933668917124333
3.375  -5.176429739093282  -6.172693428669679
3.38  -5.184109062975834  -6.402316840839298
3.3850000000000002  -5.191523555953104  -6.622153934665682
3.39  -5.198640917960158  -6.831835607254524
3.395  -5.205426155272189  -7.031009503291402
3.4  -5.211841694319848  -7.219340618137116
3.4050000000000002  -5.2178475032927185  -7.396511871473282
3.41  -5.223401221198028  -7.562224650510698
3.415  -5.228458294021764  -7.716199321824524
3.42  -5.2329721176206805  -7.8581757109345105
3.4250000000000003  -5.2368941869554195  -7.987913548803387
3.43  -5.24017425125814  -8.105192884483714
3.435  -5.242760474712348  -8.209814463200962
3.44  -5.244599602207478  -8.301600069220301
3.4450000000000003  -5.245637129717495  -8.380392832904604
3.45  -5.245817478840154  -8.446057501432769
3.455  -5.24508417502233  -8.49848067270987
3.46  -5.243380028986874  -8.537570992063381
3.465  -5.2406473208678035  -8.563259311384035
3.47  -5.236827986552946  -8.575498810433961
3.475  -5.2318638057273885  -8.57426508010979
3.48  -5.225696591105975  -8.559556167513724
3.485  -5.218268378339858  -8.531392582750984
3.49  -5.209521616079886  -8.489817267437875
3.495  -5.199399355678902  -8.434895524970326
3.5  -5.1878454400156855  -8.366714912668478
3.505  -5.174804690925129  -8.285385095978237
3.5100000000000002  -5.16022309472273  -8.191037664976008
3.515  -5.144047985315937  -8.083825913487487
3.52  -5.126228224401112  -7.963924581195361
3.525  -5.106714378251986  -7.8315295591749114
3.5300000000000002  -5.085458890614271  -7.686857559358559
3.535  -5.062416251230872  -7.530145748493207
3.54  -5.037543159533336  -7.36165134721422
3.545  -5.010798683047564  -7.181651194921066
3.5500000000000003  -4.9821444100753265  -6.990441281197031
3.555  -4.9515445962278815  -6.78833624457432
3.56  -4.918966304403822  -6.575668839500487
3.565  -4.884379537820201  -6.352789372418386
3.5700000000000003  -4.847757365723904  -6.12006510792345
3.575  -4.809076041429306  -5.877879646014741
3.58  -4.7683151123478895  -5.626632271505046
3.585  -4.7254575216965256  -5.366737276703672
3.59  -4.680489701592684  -5.098623258531632
3.595  -4.633401657266923  -4.822732391272179
3.6  -4.584187042146687  -4.5395196762028815
3.605  -4.532843223588631  -4.249452169393335
3.61  -4.479371339061388  -3.9530081889925364
3.615  -4.423776342605666  -3.650676503362778
3.62  -4.36606704142358  -3.3429555014522556
3.625  -4.306256122475382  -3.030352346826834
3.63  -4.244360168987457  -2.7133821168118866
3.6350000000000002  -4.18039966680221  -2.392566928219078
3.64  -4.114399000526876  -2.0684350511566625
3.645  -4.046386439464937  -1.7415200124427082
3.65  -3.976394113341049  -1.4123596901581095
3.6550000000000002  -3.9044579778566453  -1.0814954008921087
3.66  -3.8306177701406487  -0.7494709812449709
3.665  -3.7549169541858247  -0.4168318651631164
3.67  -3.67740265638809  -0.08412415868873102
3.6750000000000003  -3.5981255913320247  0.24810628628901182
3.68  -3.5171399779914982  0.5793147976931093
3.685  -3.4345034465398045  0.9089588067401051
3.69  -3.3502769359885916  1.2364987676601755
3.6950000000000003  -3.264524582898926  1.5613990720779647
3.7  -3.1773136014318966  1.8831289564857467
3.705  -3.0887141550288435  2.201163401252909
3.71  -2.998799220033796  2.5149840196283635
3.715  -2.9076444415923155  2.8240799352120707
3.72  -2.815327982181159  3.127948646389429
3.725  -2.721930363143553  3.426096876246252
3.73  -2.627534299623111  3.7180414065059275
3.735  -2.532224529307613  4.003309894058366
3.74  -2.436087635410474  4.281441668679682
3.745  -2.33921186433337  4.551988510574635
3.75  -2.2416869384680846  4.814515406407627
3.755  -2.1436038646089317  5.068601282525732
3.7600000000000002  -2.045054738459391  5.31383971411585
3.765  -1.94613254572735  5.549839609079729
3.77  -1.8469309603129065  5.776225865454495
3.775  -1.7475441401014367  5.992640001250445
3.7800000000000002  -1.648066520881108  6.198740755627125
3.785  -1.5485926089101534  6.394204660376185
3.79  -1.4492167726632226  6.578726580732296
3.795  -1.3500330342893245  6.752020224584497
3.8000000000000003  -1.2511348613153452  6.913818619216171
3.805  -1.1526149591293846  7.063874554756616
3.81  -1.0545650647767761  7.201960993585358
3.815  -0.9570757425996379  7.327871444988051
3.8200000000000003  -0.8602361822460517  7.441420304423515
3.825  -0.764133999570551  7.542443156821637
3.83  -0.668855040940227  7.630797043394382
3.835  -0.5744831914531502  7.7063606915045595
3.84  -0.4811001875665891  7.7690347072008255
3.845  -0.38878543462140736  7.818741730091762
3.85  -0.2976158297378546  7.855426550296512
3.855  -0.20766559054418265  7.879056187275112
3.86  -0.1190060901856349  7.8896199304070125
3.865  -0.03170569904579301  7.8871293412525025
3.87  0.054170366404517334  7.8716182174975895
3.875  0.13856018723308983  7.843142518649067
3.88  0.22140527776819818  7.801780253612357
3.8850000000000002  0.3026507130572058  7.747631330350426
3.89  0.3822452477236248  7.680817367887821
3.895  0.46014142590596785  7.601481470987956
3.9  0.5362956819836533  7.509787967897424
3.9050000000000002  0.610668431819235  7.40592211161361
3.91  0.6832241542694052  7.290089745195621
3.915  0.7539314627424539  7.162516931700305
3.92  0.8227631666046356  7.02344954938626
3.9250000000000003  0.8896963222638113  6.873152852888441
3.93  0.9547122737850122  6.711911001125711
3.935  1.0177966829191343  6.5400265527590475
3.94  1.0789395484527269  6.357819930077138
3.9450000000000003  1.1381352148145425  6.165628852237711
3.95  1.1953823699013446  5.963807738847898
3.955  1.2506840321134909  5.752727084917378
3.96  1.3040475266181923  5.53277280826742
3.9650000000000003  1.35548445088584  5.304345570527429
3.97  1.4050106295725762  5.067860072894947
3.975  1.4526460588493701  4.823744327879988
3.98  1.4984148403050046  4.572438908295386
3.985  1.5423451045774188  4.314396174794618
3.99  1.5844689248939177  4.050079483295107
3.995  1.624822220727162  3.77996237366148
4.0  1.6634446517990467  3.5045277410524807
4.005  1.7003795026898  3.2242669913698707
4.01  1.7356735583336405  2.9396791822707486
4.015  1.7693769707061586  2.6512701512325423
4.0200000000000005  1.8015431170315468  2.359551632182061
4.025  1.8322284498593222  2.0650403622187454
4.03  1.8614923393821265  1.7682571799803277
4.035  1.8893969083857325  1.4697261172139455
4.04  1.9160068602419444  1.169973485127373
4.045  1.941389300373442  0.8695269571033359
4.05  1.965613551636391  0.5689146493678218
4.055  1.988750964083008  0.26866420120561096
4.0600000000000005  2.0108747195808876  -0.030698143681478607
4.065  2.0320596317797044  -0.32864845308144675
4.07  2.0523819419281746  -0.6246660178557049
4.075  2.071919111055401  -0.9182342576180025
4.08  2.0907496090403814  -1.2088416189377562
4.085  2.1089527011023184  -1.4959824645103117
4.09  2.126608232250897  -1.7791579517511276
4.095  2.143796410242199  -2.0578768992889165
4.1  2.160597587589547  -2.3316566398551144
4.105  2.177092043182317  -2.6000238580885737
4.11  2.1933597640664853  -2.8625154118015925
4.115  2.2094802279415973  -3.118679135281353
4.12  2.225532186927145  -3.368074623232026
4.125  2.241593453148509  -3.6102739939960156
4.13  2.257740686689172  -3.844862630728945
4.135  2.274049186449569  -4.071439899240138
4.14  2.290592684446739  -4.289619841252066
4.1450000000000005  2.307443144080361  -4.499031841873508
4.15  2.3246705628811006  -4.699321270125668
4.155  2.3423427802465002  -4.8901500914086835
4.16  2.3605252906571925  -5.07119745084208
4.165  2.3792810628527246  -5.2421602264652805
4.17  2.3986703654316965  -5.40275355133475
4.175  2.4187505993247536  -5.552711303609638
4.18  2.4395761375720024  -5.691786563771932
4.1850000000000005  2.461198172818113  -5.819752038184989
4.19  2.4836645729191487  -5.936400448251737
4.195  2.507019745034729  -6.041544884494647
4.2  2.531304508557941  -6.135019124938989
4.205  2.556555977213032  -6.216677917243688
4.21  2.5828074506281657  -6.286397224086784
4.215  2.6100883156660943  -6.3440744313759945
4.22  2.638423957771602  -6.38962851891958
4.225  2.667835682568648  -6.4230001932577725
4.23  2.6983406479147836  -6.444151982420761
4.235  2.7299518065933173  -6.4530682924453355
4.24  2.7626778597973685  -6.449755425548611
4.245  2.7965232215320652  -6.43424155992405
4.25  2.831487994033553  -6.406576691191536
4.255  2.867567954275708  -6.366832535599943
4.26  2.904754551606824  -6.3151023951473455
4.265  2.9430349165304954  -6.251500984849923
4.2700000000000005  2.9823918806164924  -6.176164222456769
4.275  3.0228040074987392  -6.089248980973097
4.28  3.064245634889673  -5.99093280441906
4.285  3.1066869275116904  -5.881413587315473
4.29  3.150093940818587  -5.7609092184510216
4.295  3.194428695352471  -5.629657189547547
4.3  3.23964926155404  -5.487914169501824
4.305  3.285709854817633  -5.335955544941445
4.3100000000000005  3.332560940555881  -5.174074927892002
4.315  3.3801493490133137  -5.002583631409807
4.32  3.4284183995430473  -4.821810114090596
4.325  3.4773080340363536  -4.632099394418807
4.33  3.5267549591712988  -4.433812435974916
4.335  3.576692797124037  -4.227325504569853
4.34  3.627052244364153  -4.013029498423516
4.345  3.6777612381349494  -3.7913292525529974
4.3500000000000005  3.728745130199246  -3.562642818580185
4.355  3.77992686741271  -3.327400721213219
4.36  3.8312271786689247  -3.0860451926947263
4.365  3.8825647677435224  -2.83902938655152
4.37  3.93385651154982  -2.586816572014414
4.375  3.98501766330362  -2.329879310512961
4.38  4.03596206008254  -2.068698615679685
4.385  4.086602334253049  -1.803763098328932
4.39  4.136850128228641  -1.5355680979023263
4.3950000000000005  4.1866163120133  -1.2646148018952048
4.4  4.235811202977107  -0.9914093548022752
4.405  4.284344787304746  -0.7164619581368147
4.41  4.332126942552766  -0.4402859630972591
4.415  4.3790676607485315  -0.16339695746467262
4.42  4.425077271461728  0.11368815167177264
4.425  4.470066664279189  0.390452057758201
4.43  4.513947510114639  0.6663779755784133
4.4350000000000005  4.556632480787894  0.9409505614052501
4.44  4.598035466311623  1.213656830888988
4.445  4.638071789329752  1.483987073076677
4.45  4.6766584161579825  1.7514357589593075
4.455  4.713714163885486  2.015502442956069
4.46  4.749159903006542  2.2756926557540793
4.465  4.782918755061672  2.5315187869368754
4.47  4.81491628478057  2.782500955853222
4.4750000000000005  4.8450806862325  3.0281678691962353
4.48  4.873342962505058  3.268057663786099
4.485  4.8996370984483075  3.501718733074525
4.49  4.9239002260386195  3.728710535917015
4.495  4.946072781935349  3.948604386189048
4.5  4.966098656822895  4.160984221855367
4.505  4.983925336151647  4.365447352136035
4.51  4.9995040319128705  4.561605181451687
4.515  5.012789805105469  4.7490839088692685
4.5200000000000005  5.023741678575917  4.92752520181172
4.525  5.032322739937369  5.096586842840098
4.53  5.038500234298837  5.25594334836256
4.535  5.04224564656148  5.405286558172736
4.54  5.043534773065486  5.544326194770662
4.545  5.0423477823981395  5.6727903914720725
4.55  5.038669265201397  5.790426188364925
4.555  5.032488272845267  5.896999995228304
4.5600000000000005  5.0237983448617936  5.9922980205855625
4.565  5.0125975250631525  6.076126666122675
4.57  4.998888366296358  6.148312885762515
4.575  4.982677923816127  6.208704508746954
4.58  4.963977737286724  6.257170526141266
4.585  4.942803801452618  6.293601340239
4.59  4.919176525547144  6.317908976409562
4.595  4.893120681537026  6.330027256996123
4.6000000000000005  4.8646653413295775  6.329911936937731
4.605  4.833843803097707  6.317540800855659
4.61  4.800693506905917  6.292913721411459
4.615  4.765255939848235  6.256052678811407
4.62  4.727576530935862  6.207001741399948
4.625  4.687704535999201  6.14582700735234
4.63  4.645692912894418  6.072616507544776
4.635  4.601598187330151  5.987480069748008
4.64  4.5554803096542145  5.890549144357905
4.6450000000000005  4.507402502963587  5.781976591943622
4.65  4.457431102923902  5.661936432961283
4.655  4.4056353897058305  5.530623560046289
4.66  4.352087412466827  5.388253413364089
4.665  4.296861806826144  5.235061619562934
4.67  4.240035605799126  5.071303594936849
4.675  4.1816880446746305  4.897254113468968
4.68  4.121900360334883  4.713206840487843
4.6850000000000005  4.060755585532323  4.519473832729053
4.69  3.998338338651114  4.316385005654654
4.695  3.9347346094932676  4.1042875689387435
4.7  3.8700315416402695  3.8835454310855773
4.705  3.8043172119501136  3.6545385742001173
4.71  3.737680407757882  3.4176623999830986
4.715  3.6702104023544075  3.1733270480748086
4.72  3.601996729322618  2.921956687919464
4.7250000000000005  3.53312895631467  2.6639887853703756
4.73  3.4636964588552073  2.3998733452994347
4.735  3.393788194756369  2.1300721315179847
4.74  3.32349247972969  1.8550578653566576
4.745  3.2528967647771676  1.5753134042898205
4.75  3.1820874159402326  1.291330902025005
4.755  3.1111494969796945  1.0036109515125258
4.76  3.0401665555530775  0.7126617123597933
4.765  2.9692204134474034  0.41899802416455767
4.7700000000000005  2.898390961415482  0.12314050730489756
4.775  2.827755959153204  -0.17438534725140353
4.78  2.7573908409419325  -0.47305009753640737
4.785  2.6873685274669485  -0.7723212779709775
4.79  2.617759244307404  -1.0716643329389033
4.795  2.5486303475764034  -1.3705435549204874
4.8  2.4800461571727346  -1.6684230255496735
4.805  2.412067798086134  -1.964767557954437
4.8100000000000005  2.344753050178484  -2.2590436387349704
4.815  2.2781562068415715  -2.5507203679347645
4.82  2.2123279429102  -2.8392703953616323
4.825  2.1473151921859794  -3.124170851621067
4.83  2.083161034903071  -3.404904272232635
4.835  2.0199045954418  -3.680959513209972
4.84  1.9575809505706445  -3.9518326565005455
4.845  1.8962210484700135  -4.21702790369594
4.8500000000000005  1.8358516387642583  -4.47605845644431
4.855  1.7764952137602386  -4.72844738201694
4.86  1.718169961062314  -4.973728462508315
4.865  1.6608897277049723  -5.211447026173312
4.87  1.6046639959144282  -5.4411607594379525
4.875  1.549497870581555  -5.662440498150671
4.88  1.495392078497912  -5.874870996678038
4.885  1.442342979377162  -6.078051673485133
4.89  1.3903425886536258  -6.271597331880876
4.8950000000000005  1.3393786120195301  -6.455138854652072
4.9  1.289434491632759  -6.628323871352794
4.905  1.240489463896302  -6.7908173970643375
4.91  1.192518628681324  -6.942302441487617
4.915  1.1454930298361417  -7.082480587283076
4.92  1.0993797467939173  -7.211072536624124
4.925  1.0541419970637707  -7.327818624985824
4.93  1.0097392493611577  -7.432479301245969
4.9350000000000005  0.966127347106333  -7.524835573234903
4.94  0.9232586419922684  -7.604689417928621
4.945  0.8810821372973994  -7.6718641555419245
4.95  0.8395436405931553  -7.726204786839467
4.955  0.7985859254714225  -7.7675782930473485
4.96  0.7581489018934751  -7.795873897811564
4.965  0.7181697947393686  -7.811003290715797
4.97  0.6785833301147813  -7.812900811937499
4.9750000000000005  0.6393219289520675  -7.801523597688551
4.98  0.6003159074225493  -7.776851686154724
4.985  0.5614936836589763  -7.738888083716823
4.99  0.5227819902701845  -7.687658791305325
4.995  0.48410609211397726  -7.623212790809597
5.0  0.445390008780271  -7.545621991532188
