0.0  0.0  0.0
0.01  0.9940982989247632  -2.049020322532816
0.02  1.6429997467397173  -3.2272994364944823
0.03  2.0406352459463393  -3.821132922321898
0.04  2.312268503101911  -4.128442033842121
0.05  2.5185481052629877  -4.288182314482644
0.06  2.6877087592086077  -4.3640844685589295
0.07  2.8339632203820813  -4.387991859780646
0.08  2.9650850922878265  -4.377260488277663
0.09  3.0856375312314435  -4.342071952265749
0.1  3.1984588259115583  -4.288771632838171
0.11  3.305400033842493  -4.22151722318222
0.12  3.40771647356579  -4.1431501838268945
0.13  3.5062876462414456  -4.055683782311067
0.14  3.6017468901516216  -3.9605901107489223
0.15  3.694561040099479  -3.8589760727291704
0.16  3.7850811414340058  -3.7516952317670635
0.17  3.8735757485116045  -3.6394211415814857
0.18  3.9602533866332728  -3.5226967468599857
0.19  4.0452780688736265  -3.4019684682508475
0.2  4.128780243781353  -3.2776102228746495
0.21  4.210864666183092  -3.1499406740665377
0.22  4.29161615223797  -3.019235829366316
0.23  4.371103852021891  -2.885738381492909
0.24  4.44938446553417  -2.7496647294273755
0.25  4.526504693924517  -2.611210321137694
0.26  4.602503129282165  -2.4705537646670606
0.27  4.677411726902868  -2.3278600235376388
0.28  4.751256963352175  -2.183282923152159
0.29  4.824060755478671  -2.0369671329865313
0.3  4.8958411957115535  -1.8890497458431947
0.31  4.966613144845684  -1.7396615444204104
0.32  5.036388713317579  -1.5889280230795078
0.33  5.105177654529885  -1.436970216367409
0.34  5.172987688288196  -1.28390537381314
0.35000000000000003  5.239824768320279  -1.1298475115503843
0.36  5.305693304768808  -0.9749078645770488
0.37  5.370596350212497  -0.8191952583504193
0.38  5.434535755983392  -0.6628164145071779
0.39  5.497512304170187  -0.5058762024849561
0.4  5.55952581962743  -0.3484778464835648
0.41000000000000003  5.620575265473524  -0.1907230953759253
0.42  5.6806588249017675  -0.032712361740475995
0.43  5.739773971606706  0.1254551649519649
0.44  5.79791753071225  0.2836814268707806
0.45  5.855085731754712  0.4418694246779149
0.46  5.911274255005321  0.5999231598851009
0.47000000000000003  5.96647827219926  0.7577475903744973
0.48  6.020692482561123  0.915248597126157
0.49  6.07391114487188  1.0723329605103562
0.5  6.126128106203352  1.2289083447609033
0.51  6.177336827847954  1.3848832894584249
0.52  6.227530408889972  1.5401672070286558
0.53  6.276701607796891  1.6946703854071714
0.54  6.324842862352477  1.8483039951440168
0.55  6.371946308205883  2.000980100323916
0.56  6.418003796270868  2.1526116727635642
0.5700000000000001  6.463006909175371  2.3031126090199185
0.58  6.506946976932888  2.452397749804603
0.59  6.549815091982621  2.600382901451507
0.6  6.591602123724411  2.74698485912887
0.61  6.6322987326564515  2.8921214315249366
0.62  6.67189538420838  3.035711466768577
0.63  6.710382362348903  3.1776748793740737
0.64  6.747749783035586  3.317932678023207
0.65  6.7839876075643115  3.456406994018432
0.66  6.8190856558671715  3.5930211102588983
0.67  6.853033619799828  3.7276994906065637
0.68  6.885821076452643  3.8603678095232894
0.6900000000000001  6.917437501513944  3.9909529818715956
0.7000000000000001  6.947872282708502  4.119383192782166
0.71  6.977114733329697  4.245587927500301
0.72  7.005154105879684  4.369498001131582
0.73  7.0319796058282105  4.4910455882140425
0.74  7.057580405497448  4.6101642520505335
0.75  7.081945658077269  4.726788973740473
0.76  7.105064511772791  4.840856180855223
0.77  7.126926124083596  4.952303775705741
0.78  7.147519676211993  5.06107116315519
0.79  7.166834387595672  5.167099277932787
0.8  7.1848595305584855  5.2703306114084
0.81  7.2015844450714885  5.370709237790335
0.8200000000000001  7.216998553614911  5.4681808397114935
0.8300000000000001  7.231091376130622  5.56269273317142
0.84  7.2438525450533335  5.654193891804076
0.85  7.255271820407909  5.742634970443182
0.86  7.265339104959135  5.82796832795884
0.87  7.274044459399524  5.910148049340959
0.88  7.281378117559992  5.9891299670065505
0.89  7.287330501627582  6.064871681309503
0.9  7.291892237353813  6.137332580232873
0.91  7.295054169236797  6.206473858245005
0.92  7.296807375659751  6.27225853430207
0.93  7.297143183968195  6.334651468980781
0.9400000000000001  7.296053185467836  6.393619380726143
0.9500000000000001  7.293529250324824  6.449130861200168
0.96  7.2895635423499305  6.50115638971846
0.97  7.284148533647985  6.549668346762601
0.98  7.277277019113858  6.594641026557113
0.99  7.26894213075619  6.636050648700715
1.0  7.25913735183008  6.673875368842427
1.01  7.247856530759952  6.708095288393892
1.02  7.235093894833946  6.738692463270099
1.03  7.220844063651231  6.765650911651473
1.04  7.205102062303857  6.788956620761007
1.05  7.187863334274919  6.808597552650893
1.06  7.169123754035045  6.824563648993805
1.07  7.148879639319489  6.836846834874684
1.08  7.127127763068417  6.845441021579547
1.09  7.103865365013288  6.850342108378525
1.1  7.079090162892607  6.851547983301009
1.11  7.0528003632807375  6.849058522901352
1.12  7.024994672013837  6.842875591014325
1.1300000000000001  6.9956723041975  6.833003036500016
1.1400000000000001  6.964832993781099  6.819446689978574
1.1500000000000001  6.932477002684383  6.8022143595557365
1.16  6.898605129462392  6.781315825540712
1.17  6.8632187174952906  6.756762834158549
1.18  6.826319662690325  6.7285690902596915
1.19  6.787910420683713  6.696750249030022
1.2  6.747994013530847  6.661323906705207
1.21  6.706574035873898  6.622309590293741
1.22  6.663654660576521  6.5797287463136405
1.23  6.619240643816026  6.5336047285482035
1.24  6.573337329624145  6.483962784826902
1.25  6.525950653868123  6.430830042837867
1.26  6.477087147664673  6.374235494979035
1.27  6.426753940220044  6.3142099822554805
1.28  6.374958761090129  6.250786177230999
1.29  6.3217099418554445  6.183998566042456
1.3  6.267016417206377  6.113883429485937
1.31  6.210887725435077  6.040478823184224
1.32  6.153334008330969  5.9638245568455455
1.33  6.094366010477786  5.883962172624077
1.34  6.033995077950724  5.8009349225930755
1.35  5.9722331564131395  5.71478774534204
1.36  5.90909278861303  5.6255672417096605
1.37  5.844587111280303  5.53332164966485
1.3800000000000001  5.778729851426647  5.43810081834848
1.3900000000000001  5.711535322050605  5.339956181288987
1.4000000000000001  5.643018417251267  5.238940728805283
1.41  5.573194606754756  5.135108979610983
1.42  5.502079929858488  5.028516951634202
1.43  5.429690988798955  4.919222132067707
1.44  5.356044941549545  4.80728344666446
1.45  5.281159494055699  4.692761228294108
1.46  5.2050528919154155  4.5757171847762415
1.47  5.127743911513925  4.456214366006616
1.48  5.049251850622001  4.33431713039297
1.49  4.969596518468146  4.2100911106172925
1.5  4.888798225295639  4.083603178741849
1.51  4.806877771415976  3.954921410676514
1.52  4.7238564357711  3.824115050025324
1.53  4.639755964017321  3.691254471330495
1.54  4.554598556144523  3.5564111427323843
1.55  4.468406853644929  3.41965758806424
1.56  4.38120392624619  3.281067348400817
1.57  4.293013258224252  3.1407149430802748
1.58  4.203858734311943  2.998675830218947
1.59  4.1137646252197975  2.8550263667389366
1.6  4.0227555727861395  2.7098437679286493
1.61  3.930856574773968  2.5632060665566847
1.62  3.8380929693325996  2.4151920715596757
1.6300000000000001  3.7444904191425303  2.265881326324957
1.6400000000000001  3.650074895262366  2.1153540665890738
1.6500000000000001  3.5548726606970535  1.9636911779733932
1.6600000000000001  3.4589102537070615  1.8109741531782975
1.67  3.3622144708784365  1.6572850488575184
1.68  3.2648123499740187  1.5027064421944683
1.69  3.1667311525863693  1.347321387202495
1.7  3.067998346613213  1.1912133707711694
1.71  2.968641588576443  1.034466268480855
1.72  2.868688705805908  0.8771643002079446
1.73  2.768167678509421  0.7193919855432586
1.74  2.6671066217504658  0.5612340990461999
1.75  2.565533767355335  0.40277562535741185
1.76  2.4634774457713764  0.24410171419268092
1.77  2.3609660678981523  0.08529763524099429
1.78  2.2580281069132973  -0.07355126701031038
1.79  2.1546920801149003  -0.232359618500315
1.8  2.050986530802091  -0.39104206084616616
1.81  1.9469400102155996  -0.5495132965985046
1.82  1.8425810595597816  -0.7076881344775926
1.83  1.7379381921276083  -0.8654815345670078
1.84  1.6330398755498874  -1.022808653441795
1.85  1.5279145141897852  -1.1795848892079566
1.86  1.4225904317035742  -1.3357259264301973
1.87  1.3170958537881876  -1.4911477809248532
1.8800000000000001  1.2114588911359423  -1.6457668443949962
1.8900000000000001  1.1057075226164959  -1.7994999288847346
1.9000000000000001  0.9998695787056835  -1.9522643110298101
1.9100000000000001  0.8939727251806713  -2.1039777760816594
1.92  0.7880444471003184  -2.2545586616821933
1.93  0.6821120330893276  -2.4039259013666707
1.94  0.5762025599442891  -2.5519990677720465
1.95  0.47034287757926163  -2.698698415528485
1.96  0.3645595943280497  -2.84394492381164
1.97  0.2588790626198244  -2.987660338533621
1.98  0.15332736504419303  -3.1297672141505917
1.99  0.04793030082129166  -3.270188955065189
2.0  -0.0572866273081718  -3.40884985660209
2.0100000000000002  -0.1622982257584911  -3.5456751455352324
2.02  -0.2670796223264019  -3.680591020145386
2.0300000000000002  -0.3716062779573547  -3.8135246897870796
2.04  -0.47585399803798417  -3.9444044139438423
2.05  -0.5797989432031796  -4.073159540751299
2.06  -0.6834176396465163  -4.199720544967626
2.07  -0.786686988923664  -4.324019065371159
2.08  -0.8895842772391812  -4.445987941565433
2.09  -0.9920871842076253  -4.565561250171773
2.1  -1.0941737910808553  -4.6826743403903555
2.11  -1.1958225884340128  -4.797263868910422
2.12  -1.2970124833035765  -4.9092678341511204
2.13  -1.3977228057714404  -5.01862560981429
2.14  -1.4979333149900247  -5.125277977731302
2.15  -1.5976242046439486  -5.229167159985888
2.16  -1.6967761078448143  -5.330236850295754
2.17  -1.7953701014562042  -5.428432244635629
2.18  -1.893387709847117  -5.5237000710851625
2.19  -1.9908109080724783  -5.615988618885183
2.2  -2.0876221244805606  -5.705247766686339
2.21  -2.183804242747611  -5.7914290099744745
2.22  -2.2793406033410695  -5.8744854876575285
2.23  -2.3742150044132857  -5.95437200779909
2.24  -2.4684117021287317  -6.031045072484226
2.25  -2.5619154104282345  -6.1044629018035685
2.2600000000000002  -2.654711300234714  -6.174585456942046
2.27  -2.7467849981055936  -6.241374462359231
2.2800000000000002  -2.8381225843379196  -6.30479342704848
2.29  -2.928710590532819  -6.364807664862744
2.3000000000000003  -3.0185359966269063  -6.421384313895196
2.31  -3.1075862273987798  -6.474492354903395
2.32  -3.1958491484595966  -6.524102628766179
2.33  -3.2833130617374144  -6.5701878529628575
2.34  -3.369966700465604  -6.6127226370649215
2.35  -3.4557992236865096  -6.651683497230847
2.36  -3.5408002102819442  -6.687048869695151
2.37  -3.624959652543025  -6.718799123243321
2.38  -3.7082679492922432  -6.746916570664775
2.39  -3.7907158985715035  -6.77138547917654
2.4  -3.8722946899102753  -6.792192079810831
2.41  -3.952995896188688  -6.80932457576024
2.42  -4.032811465110894  -6.822773149674827
2.43  -4.111733710304623  -6.83252996990591
2.44  -4.189755302063228  -6.838589195691856
2.45  -4.266869257747186  -6.840946981281833
2.46  -4.343068931862303  -6.839601478993897
2.47  -4.418348005832435  -6.83455284120447
2.48  -4.492700477484827  -6.825803221266731
2.49  -4.5661206502667255  -6.813356773356056
2.5  -4.638603122212005  -6.7972196512412
2.5100000000000002  -4.710142774677226  -6.777400005980437
2.52  -4.780734760866483  -6.753907982542539
2.5300000000000002  -4.850374494164977  -6.726755715352928
2.54  -4.919057636301215  -6.695957322766012
2.5500000000000003  -4.986780085358264  -6.661528900465224
2.56  -5.053537963654296  -6.623488513792885
2.57  -5.119327605513211  -6.581856189012583
2.58  -5.184145544945915  -6.536653903507349
2.59  -5.24798850326312  -6.487905574917481
2.6  -5.310853376640551  -6.435637049222384
2.61  -5.372737223657441  -6.379876087771536
2.62  -5.433637252829266  -6.320652353270013
2.63  -5.493550810155547  -6.2579973947248835
2.64  -5.552475366703648  -6.191944631359016
2.65  -5.610408506249184  -6.122529335499794
2.66  -5.667347912993827  -6.049788614450373
2.67  -5.7232913593808235  -5.973761391352147
2.68  -5.778236694028704  -5.8944883850471905
2.69  -5.832181829803124  -5.812012088950437
2.7  -5.885124732046821  -5.726376748941495
2.71  -5.937063406987242  -5.637628340286976
2.72  -5.987995890341176  -5.5458145436043464
2.73  -6.037920236135345  -5.450984719879251
2.74  -6.086834505761674  -5.35318988454841
2.75  -6.134736757285429  -5.252482680661105
2.7600000000000002  -6.18162503502418  -5.148917351132486
2.77  -6.227497359414959  -5.042549710102646
2.7800000000000002  -6.2723517171866785  -4.933437113415853
2.79  -6.316186051854263  -4.821638428234852
2.8000000000000003  -6.358998254550599  -4.707214001805649
2.81  -6.400786155211685  -4.590225629388727
2.82  -6.441547514130072  -4.470736521373064
2.83  -6.481280013890836  -4.348811269589844
2.84  -6.519981251703987  -4.22451581284331
2.85  -6.557648732146451  -4.097917401676416
2.86  -6.594279860326186  -3.9690845623898023
2.87  -6.629871935480344  -3.83808706033259
2.88  -6.664422145018752  -3.7049958624843966
2.89  -6.697927559023258  -3.5698830993480186
2.9  -6.730385125212793  -3.432822026172888
2.91  -6.761791664383397  -3.293886983529752
2.92  -6.792143866331514  -3.1531533572573642
2.93  -6.821438286268416  -3.010697537802489
2.94  -6.849671341732572  -2.8665968789747653
2.95  -6.876839310006252  -2.720929656138453
2.96  -6.902938326041756  -2.5737750238633725
2.97  -6.927964380901941  -2.4252129730577354
2.98  -6.951913320718901  -2.275324287605858
2.99  -6.97478084617391  -2.1241905005340986
3.0  -6.9965625125009  -1.971893849728671
3.0100000000000002  -7.017253730014991  -1.8185172332292532
3.02  -7.036849765166724  -1.664144164122614
3.0300000000000002  -7.055345742121954  -1.5088587250607195
3.04  -7.072736644866452  -1.3527455224281817
3.0500000000000003  -7.0890173198335225  -1.1958896401837802
3.06  -7.1041824790521355  -1.038376593401623
3.0700000000000003  -7.118226703812271  -0.8802922815369928
3.08  -7.131144448843374  -0.721722941442889
3.09  -7.142930047001072  -0.562755100162707
3.1  -7.153577714456462  -0.4034755275253802
3.11  -7.163081556381582  -0.24397118856888264
3.12  -7.171435573123821  -0.0843291958185077
3.13  -7.178633666861407  0.0753632385537061
3.14  -7.184669648731196  0.23501885066186723
3.15  -7.189537246419442  0.3945503729048111
3.16  -7.193230112205317  0.5538705820037062
3.17  -7.195741831446453  0.7128923470517767
3.18  -7.197065931494904  0.8715286775495823
3.19  -7.19719589103138  1.0296927713986366
3.2  -7.1961251498048755  1.187298062826881
3.21  -7.193847118764248  1.3442582702187371
3.22  -7.190355190567608  1.5004874438232534
3.23  -7.185642750454839  1.6559000133131223
3.24  -7.179703187467967  1.8104108351681496
3.25  -7.172529906003562  1.9639352398560534
3.2600000000000002  -7.1641163376807615  2.1163890787843065
3.27  -7.1544559535081165  2.267688770996085
3.2800000000000002  -7.143542276331801  2.4177513495842082
3.29  -7.13136889354745  2.5664945077963828
3.3000000000000003  -7.117929470057298  2.7138366448058933
3.31  -7.103217761453978  2.8596969111213464
3.3200000000000003  -7.08722762741193  3.0039952536099346
3.33  -7.06995304526696  3.146652460108209
3.34  -7.051388123764255  3.287590203595122
3.35  -7.031527116954779  3.4267310859019533
3.36  -7.010364438219711  3.5639986809340423
3.37  -6.987894674402418  3.699317577379724
3.38  -6.964112600027107  3.832613420881684
3.39  -6.939013191583239  3.963812955646768
3.4  -6.912591641854565  4.092844065470038
3.41  -6.884843374271521  4.2196358141497
3.42  -6.855764057265683  4.344118485269315
3.43  -6.825349618604778  4.4662236213246205
3.44  -6.793596259686941  4.5858840621720365
3.45  -6.760500469772623  4.7030339827769145
3.46  -6.72605904013284  4.817608930239391
3.47  -6.6902690780923715  4.929545860076607
3.48  -6.653128020946562  5.038783171740025
3.49  -6.614633649730703  5.145260743347457
3.5  -6.574784102820854  5.248919965609321
3.5100000000000002  -6.533577889345387  5.3497037749297025
3.52  -6.491013902386566  5.447556685662614
3.5300000000000002  -6.4470914319517885  5.5424248215049685
3.54  -6.401810177694495  5.634255946007681
3.5500000000000003  -6.3551702613647265  5.722999492187317
3.56  -6.307172238970112  5.808606591220803
3.5700000000000003  -6.257817112627927  5.8910301002066
3.58  -6.207106342089645  5.970224628975931
3.59  -6.155041855919611  6.046146565938576
3.6  -6.101626062309913  6.118754102947934
3.61  -6.046861859514099  6.188007259170871
3.62  -5.9907526458827585  6.2538679039484455
3.63  -5.933302329484609  6.316299778633972
3.64  -5.874515337297156  6.375268517395809
3.65  -5.814396623951702  6.430741666972537
3.66  -5.752951680017921  6.482688705369135
3.67  -5.690186539813964  6.531081059483047
3.68  -5.626107788728541  6.5758921216500354
3.69  -5.560722570042314  6.617097265099989
3.7  -5.494038591236277  6.654673858313862
3.71  -5.426064129775838  6.68860127827324
3.72  -5.356808038359822  6.718860922595045
3.73  -5.286279749624347  6.7454362205442
3.74  -5.2144892802924225  6.768312642918106
3.75  -5.141447234760701  6.787477710797172
3.7600000000000002  -5.067164808115715  6.802921003156582
3.77  -4.991653788572714  6.814634163334972
3.7800000000000002  -4.9149265593308895  6.822610904356557
3.79  -4.836996099839889  6.826847013103859
3.8000000000000003  -4.757875986472925  6.827340353338972
3.81  -4.677580392603116  6.824090867571929
3.8200000000000003  -4.596124088080078  6.817100577775607
3.83  -4.513522438105023  6.806373584947181
3.84  -4.429791401503231  6.791916067516954
3.85  -4.3449475283938135  6.773736278606179
3.86  -4.259007957257428  6.751844542136106
3.87  -4.171990411403604  6.726253247791322
3.88  -4.083913194840158  6.696976844841252
3.89  -3.994795187548126  6.66403183482427
3.9  -3.9046558401664857  6.627436763099855
3.91  -3.8135151680919046  6.587212209274808
3.92  -3.7213937449996473  6.543380776510459
3.93  -3.6283126957925376  6.4959670797184
3.94  -3.5342936889861716  6.444997732653311
3.95  -3.4393589285388666  6.390501333911929
3.96  -3.3435311451364926  6.332508451848305
3.97  -3.246833586942506  6.271051608416028
3.98  -3.1492900098250187  6.206165261949127
3.99  -3.05092466707329  6.137885788893993
4.0  -2.9517622986170844  6.066251464505655
4.01  -2.8518281197632365  5.991302442522398
4.0200000000000005  -2.7511478094646784  5.913080733833752
4.03  -2.6497474981381606  5.831630184157629
4.04  -2.5476537550476817  5.7469964507431825
4.05  -2.4448935752717937  5.6592269781171
4.0600000000000005  -2.341494366273748  5.568370972891721
4.07  -2.237483934094419  5.4744793776544025
4.08  -2.132890469188896  5.377604843958518
4.09  -2.0277425319287605  5.2778017044374055
4.1  -1.9220690377928142  5.175125944063718
4.11  -1.8158992422703253  5.069635170577548
4.12  -1.709262725501664  4.961388584107918
4.13  -1.6021893766824022  4.850446946013147
4.14  -1.494709378258125  4.73687254696722
4.15  -1.3868531899382255  4.620729174320084
4.16  -1.2786515325583054  4.502082078761466
4.17  -1.1701353718218879  4.380997940318877
4.18  -1.061335901953857  4.257544833722416
4.19  -0.9522845292989978  4.131792193170139
4.2  -0.8430128559009886  4.003810776529754
4.21  -0.7335526630984656  3.8736726290140435
4.22  -0.6239358951768856  3.7414510463695976
4.23  -0.5141946431165403  3.607220537620502
4.24  -0.40436112847946537  3.471056787410999
4.25  -0.2944676874799142  3.3330366179936353
4.26  -0.18454675528603504  3.1932379509123856
4.2700000000000005  -0.07463085060282505  3.051739768433309
4.28  0.03524743941021798  2.9086220747787297
4.29  0.14505547383008108  2.763965857224672
4.3  0.2547605722090495  2.617853047125748
4.3100000000000005  0.364330028296392  2.4703664809363683
4.32  0.47373112317298266  2.3215898613024875
4.33  0.5829311377234427  2.1716077183039797
4.34  0.6918973643639184  2.0205053709349636
4.3500000000000005  0.8005971179367586  1.8683688889164036
4.36  0.9089977456748489  1.7152850549447571
4.37  1.017066636129637  1.5613413274896115
4.38  1.1247712269454349  1.4066258042652557
4.39  1.2320790113511788  1.251227186513349
4.4  1.3389575432262042  1.0952347442492827
4.41  1.4453744405805813  0.9387382826414661
4.42  1.5512973872718911  0.7818281097124428
4.43  1.6566941327582114  0.6245950055735621
4.44  1.7615324896622955  0.4671301934311795
4.45  1.8657803288920316  0.30952531263286776
4.46  1.9694055720282393  0.15187239405761033
4.47  2.072376180650268  -0.005736161803986016
4.48  2.174660142222874  -0.16320760368531453
4.49  2.2762254521118757  -0.3204488448429761
4.5  2.377040091230715  -0.47736647430045615
4.51  2.477071998741786  -0.6338667634363799
4.5200000000000005  2.5762890391441706  -0.7898556672232894
4.53  2.6746589629690143  -0.945238819309028
4.54  2.7721493601720977  -1.0999215199984997
4.55  2.8687276051545383  -1.2538087160307518
4.5600000000000005  2.964360792152444  -1.4068049708520407
4.57  3.0590156595053934  -1.5588144238490422
4.58  3.152658501034209  -1.7097407367210506
4.59  3.245255062417056  -1.8594870248207735
4.6000000000000005  3.3367704200356  -2.007955770867039
4.61  3.427168839248919  -2.15504871790795
4.62  3.516413608418368  -2.3006667377645336
4.63  3.6044668442174426  -2.444709670379644
4.64  3.6912892627760887  -2.58707612849141
4.65  3.776839909971881  -2.727663260788032
4.66  3.8610758426179146  -2.8663664651054876
4.67  3.9439517503117294  -3.003079041203514
4.68  4.025419505168207  -3.137691770061505
4.69  4.105427623386969  -3.270092403296502
4.7  4.183920618357023  -3.4001650419704514
4.71  4.260838219447216  -3.527789378386527
4.72  4.336114423307163  -3.6528397670003394
4.73  4.4096763347620715  -3.775184080632254
4.74  4.481442741306822  -3.8946822948214894
4.75  4.551322347471544  -4.011184725068379
4.76  4.619211571028941  -4.124529816913098
4.7700000000000005  4.684991769328287  -4.234541354426969
4.78  4.748525716773379  -4.34102490446078
4.79  4.809653087255154  -4.443763245416856
4.8  4.868184598420391  -4.542510430405041
4.8100000000000005  4.923894332684971  -4.636983989772422
4.82  4.97650953842639  -4.726854562206565
4.83  5.025696893964689  -4.811731916235747
4.84  5.071043720343243  -4.891145817208989
4.8500000000000005  5.112031843081122  -4.964519392941879
4.86  5.1480005287965245  -5.031131350893089
4.87  5.178092799577844  -5.0900612332919595
4.88  5.201175782348227  -5.140108176401364
4.89  5.215719274383738  -5.179667031396541
4.9  5.219604753684604  -5.206533506927563
4.91  5.2098140256223875  -5.217586483602021
4.92  5.181900047040148  -5.2082480424091555
4.93  5.129042523617056  -5.171519748570679
4.94  5.040262575409588  -5.096160728759108
4.95  4.896810722522601  -4.963001473971231
4.96  4.664264091810526  -4.736878324949817
4.97  4.273761554201529  -4.347480848559051
4.98  3.5754574371509653  -3.6418378118144052
4.99  2.249860151543931  -2.293781712305645
5.0  4.949452912814273e-14  -5.049049712369828e-14
5.01  -2.28410087493958  2.3306333652815376
5.0200000000000005  -3.685156581556864  3.7598708925328217
5.03  -4.4720726335616625  4.560764839065888
5.04  -4.9553053516383505  5.049702961462615
5.05  -5.282125508991891  5.376831043791592
5.0600000000000005  -5.520532520798853  5.611478459370734
5.07  -5.7046078638797315  5.788388178266026
5.08  -5.852946058610967  5.9265100316374
5.09  -5.9764476300550555  6.036948047936892
5.1000000000000005  -6.081889556527512  6.126601958371819
5.11  -6.173692981896928  6.199970202374789
5.12  -6.254859427483759  6.260104878702813
5.13  -6.327495861655345  6.309147348242255
5.14  -6.393123859397293  6.348643608962206
5.15  -6.4528693540454825  6.379737871137651
5.16  -6.507583338751353  6.403295697056084
5.17  -6.557921063720131  6.419984802599789
5.18  -6.604395429835807  6.430329535905422
5.19  -6.647413856654406  6.434748497141701
5.2  -6.687304285044634  6.433581073275083
5.21  -6.724333866914189  6.427106511593285
5.22  -6.758722628736071  6.415557864638669
5.23  -6.790653614715143  6.399132342653191
5.24  -6.820280521804066  6.377999106090541
5.25  -6.847733519769446  6.35230520533257
5.26  -6.873123739174559  6.322180160184537
5.2700000000000005  -6.896546768900726  6.287739527639297
5.28  -6.918085408375393  6.249087708006802
5.29  -6.937811852783529  6.2063201712683265
5.3  -6.955789442483551  6.159525237513257
5.3100000000000005  -6.972074074308563  6.108785511101191
5.32  -6.986715348232026  6.054179043504144
5.33  -6.999757505214021  5.995780281765662
5.34  -7.011240199015642  5.933660846223827
5.3500000000000005  -7.021199135063014  5.867890171244296
5.36  -7.029666602143935  5.798536035265119
5.37  -7.036671917183826  5.725665000808222
5.38  -7.042241799113414  5.649342780793902
5.39  -7.046400684576907  5.569634544166424
5.4  -7.0491709956954  5.486605171254661
5.41  -7.0505733681189815  5.400319467271893
5.42  -7.0506268460419355  5.310842340769051
5.43  -7.049349049620565  5.218238952597737
5.44  -7.046756319249629  5.1225748399365
5.45  -7.0428638403653965  5.023916019131585
5.46  -7.037685751808586  4.922329070456582
5.47  -7.03123524026665  4.81788120737295
5.48  -7.023524622896834  4.710640332447493
5.49  -7.014565419889667  4.600675081735812
5.5  -7.004368418452002  4.488054859155447
5.51  -6.992943729457238  4.372849862137571
5.5200000000000005  -6.980300837818837  4.255131099651802
5.53  -6.9664486474837855  4.134970403537188
5.54  -6.95139552180968  4.012440433937823
5.55  -6.935149319977746  3.8876146795291167
5.5600000000000005  -6.917717430000236  3.7605674531261544
5.57  -6.899106798801727  3.631373883186015
5.58  -6.879323959786727  3.5001099016485977
5.59  -6.858375058249206  3.366852228503643
5.6000000000000005  -6.83626587493111  3.2316783534231686
5.61  -6.813001847995464  3.094666514757232
5.62  -6.788588093644055  2.9558956761555253
5.63  -6.7630294255791865  2.8154455010474573
5.64  -6.736330373482438  2.6733963251868422
5.65  -6.708495200660652  2.529829127445491
5.66  -6.679527920989439  2.3848254990203235
5.67  -6.649432315267238  2.2384676112019886
5.68  -6.618211947077981  2.090838181838516
5.69  -6.585870178247151  1.942020440614977
5.7  -6.552410183964478  1.7920980932590032
5.71  -6.517834967636368  1.641155284772449
5.72  -6.482147375522204  1.4892765617811525
5.73  -6.445350111200685  1.3365468340874223
5.74  -6.407445749905426  1.1830513355032928
5.75  -6.368436752762721  1.0288755840367918
5.76  -6.328325480958933  0.8741053414989037
5.7700000000000005  -6.2871142098599595  0.7188265725937173
5.78  -6.244805143100865  0.563125403551115
5.79  -6.201400426659759  0.4070880803570579
5.8  -6.156902162926547  0.2508009266341461
5.8100000000000005  -6.111312424773984  0.09435030122160185
5.82  -6.064633269635603  -0.06217744449793396
5.83  -6.016866753592518  -0.21869600948041076
5.84  -5.968014945468828  -0.3751191860680476
5.8500000000000005  -5.918079940933353  -0.5313609031621556
5.86  -5.867063876603395  -0.6873352694814591
5.87  -5.814968944144691  -0.8429566168685205
5.88  -5.761797404360208  -0.9981395436075963
5.89  -5.707551601259052  -1.1527989577189026
5.9  -5.652233976095448  -1.3068501201954361
5.91  -5.595847081366966  -1.460208688149137
5.92  -5.538393594759858  -1.6127907578348253
5.93  -5.479876333028731  -1.764512907520517
5.94  -5.4202982657970225  -1.915292240174336
5.95  -5.359662529264014  -2.0650464259382657
5.96  -5.297972439803541  -2.2136937443605156
5.97  -5.235231507439114  -2.361153126358208
5.98  -5.171443449179821  -2.507344195883553
5.99  -5.1066122022009095  -2.652187311266523
6.0  -5.0407419368525765  -2.795603606208448
6.01  -4.9738370694807  -2.9375150304007756
6.0200000000000005  -4.9059022750426236  -3.0778443897445484
6.03  -4.836942499501224  -3.216515386145983
6.04  -4.766962971980454  -3.353452656864786
6.05  -4.695969216665571  -3.4885818133917104
6.0600000000000005  -4.623967064431227  -3.621829479832813
6.07  -4.550962664180757  -3.753123330778253
6.08  -4.476962493880129  -3.882392128633901
6.09  -4.401973371270368  -4.009565760394512
6.1000000000000005  -4.326002464242078  -4.134575273837803
6.11  -4.249057300856577  -4.257352913119222
6.12  -4.171145778997769  -4.377832153747611
6.13  -4.092276175639919  -4.4959477369224246
6.140000000000001  -4.012457155716155  -4.61163570321372
6.15  -3.931697780573675  -4.724833425566622
6.16  -3.8500075160013907  -4.8354796416123005
6.17  -3.767396239816647  -4.943514485268028
6.18  -3.683874248998037  -5.048879517609442
6.19  -3.5994522663518267  -5.1515177569984445
6.2  -3.514141446699964  -5.251373708450807
6.21  -3.427953382578392  -5.348393392227906
6.22  -3.34090010943501  -5.442524371637454
6.23  -3.2529941103168336  -5.533715780028709
6.24  -3.164248320037233  -5.621918346968028
6.25  -3.074676128813982  -5.707084423581095
6.26  -2.9842913853703377  -5.789168007048643
6.2700000000000005  -2.893108399491247  -5.868124764242993
6.28  -2.801141944028276  -5.94391205449325
6.29  -2.7084072563468653  -6.016488951467371
6.3  -2.6149200392107064  -6.085816264159888
6.3100000000000005  -2.5206964610986646  -6.151856556974579
6.32  -2.4257531559503285  -6.214574168891739
6.33  -2.3301072223370496  -6.273935231710448
6.34  -2.2337762220561856  -6.329907687356381
6.3500000000000005  -2.1367781781470034  -6.382461304246531
6.36  -2.0391315723275256  -6.431567692702459
6.37  -1.940855341851974  -6.477200319404436
6.38  -1.8419688757900823  -6.519334520879047
6.390000000000001  -1.7424920107295157  -6.5579475160135825
6.4  -1.6424450259037928  -6.593018417590905
6.41  -1.541848637748874  -6.624528242839089
6.42  -1.4407239938923664  -6.652459922990465
6.43  -1.3390926665800216  -6.676798311845429
6.44  -1.236976645544809  -6.697530193336673
6.45  -1.1343983303251373  -6.714644288090186
6.46  -1.0313805220388659  -6.728131258979734
6.47  -0.9279464146210055  -6.737983715672116
6.48  -0.8241195855336131  -6.744196218160979
6.49  -0.7199239859570395  -6.746765279287483
6.5  -0.615383930472403  -6.745689366246648
6.51  -0.5105240862459578  -6.74096890107863
6.5200000000000005  -0.405369461726816  -6.732606260144797
6.53  -0.2999453948697917  -6.720605772588917
6.54  -0.19427754089614965  -6.704973717784247
6.55  -0.0883918596056305  -6.68571832176792
6.5600000000000005  0.017685397746385827  -6.662849752664389
6.57  0.12392770199207236  -6.636380115100345
6.58  0.23030825999953258  -6.606323443613858
6.59  0.3368000290105076  -6.572695695061146
6.6000000000000005  0.44337573135149727  -6.535514740024759
6.61  0.5500078695011076  -6.494800353227538
6.62  0.656668741496761  -6.450574202957088
6.63  0.7633304566625884  -6.402859839506173
6.640000000000001  0.8699649516407084  -6.351682682634733
6.65  0.9765440067068387  -6.29707000805985
6.66  1.0830392623515204  -6.239050932980389
6.67  1.1894222361073723  -6.1776564006435235
6.68  1.2956643396025593  -6.1129191639609175
6.69  1.4017368958204204  -6.044873768182647
6.7  1.5076111565448922  -5.97355653263761
6.71  1.613258319971016  -5.899005531549352
6.72  1.7186495484595499  -5.8212605739370735
6.73  1.8237559864146196  -5.740363182611663
6.74  1.9285487782631294  -5.65635657227735
6.75  2.0329990865144594  -5.5692856267497035
6.76  2.1370781098786926  -5.479196875301533
6.7700000000000005  2.240757101422027  -5.386138468148305
6.78  2.344007386737219  -5.290160151085382
6.79  2.4468003821076945  -5.191313239289642
6.8  2.5491076126431276  -5.089650590298548
6.8100000000000005  2.650900730365144  -4.985226576180169
6.82  2.7521515322210424  -4.878097054908004
6.83  2.8528319780042453  -4.768319340954803
6.84  2.952914208159836  -4.655952175120121
6.8500000000000005  3.0523705614537824  -4.541055693606653
6.86  3.1511735924847386  -4.423691396360773
6.87  3.249296089017484  -4.3039221146930124
6.88  3.3467110891172203  -4.181811978194719
6.890000000000001  3.4433918980641542  -4.057426380967434
6.9  3.53931210502836  -3.9308319471818494
6.91  3.6344455994849607  -3.8020964959834926
6.92  3.728766587350064  -3.6712890057628553
6.93  3.8222496068183487  -3.538479577807735
6.94  3.914869543883658  -3.403739399356151
6.95  4.006601647524031  -3.2671407060680706
6.96  4.097421544533549  -3.12875674393518
6.97  4.1873052539835145  -2.988661730647517
6.98  4.276229201295972  -2.8469308164366245
6.99  4.3641702319133096  -2.7036400444145907
7.0  4.451105624548126  -2.5588663104293965
7.01  4.537013103998047  -2.4126873224564496
7.0200000000000005  4.621870853510816  -2.265181559546928
7.03  4.705657526685563  -2.116428230353775
7.04  4.7883522588970555  -1.9665072312559715
7.05  4.869934678229777  -1.815499104102728
7.0600000000000005  4.950384915909947  -1.6634849935986502
7.07  5.029683616224022  -1.5105466043517681
7.08  5.107811945912906  -1.3567661576058585
7.09  5.184751603031766  -1.2022263476795407
7.1000000000000005  5.260484825266213  -1.0470102981339204
7.11  5.334994397696303  -0.8912015176914333
7.12  5.4082636600004905  -0.7348838559279715
7.13  5.4802765130923925  -0.5781414587614331
7.140000000000001  5.551017425184262  -0.4210587237590702
7.15  5.6204714372714  -0.263720255286826
7.16  5.688624168033053  -0.10621081952329203
7.17  5.755461818145541  0.05138470063813741
7.18  5.820971174004784  0.20898135077605223
7.19  5.885139610855575  0.3664941501933612
7.2  5.947955095326299  0.5238381372117034
7.21  6.009406187368236  0.6809284144848773
7.22  6.069482041599488  0.8376801943073549
7.23  6.128172408054449  0.9940088438947757
7.24  6.185467632340489  1.1498299306126043
7.25  6.241358655204319  1.3050592671298176
7.26  6.295837011511191  1.4596129564736042
7.2700000000000005  6.348894828641208  1.6134074369619391
7.28  6.400524824307316  1.7663595269902534
7.29  6.45072030380086  1.918386469649112
7.3  6.4994751566708056  2.0694059771490005
7.3100000000000005  6.546783852844067  2.2193362750292476
7.32  6.592641438194542  2.3680961461274985
7.33  6.637043529569705  2.5156049742869087
7.34  6.679986309283988  2.6617827877774576
7.3500000000000005  6.721466519089049  2.806550302408753
7.36  6.761481453631639  2.949828964311147
7.37  6.8000289534105995  3.091540992362735
7.38  6.837107397245001  3.23160942023918
7.390000000000001  6.872715694266181  3.369958138064224
7.4  6.90685327544709  3.5065119336383
7.41  6.939520084682923  3.6411965332234617
7.42  6.970716569437546  3.773938641862217
7.43  7.0004436709709  3.9046659832088615
7.44  7.028702814163092  4.033307338851619
7.45  7.055495896951297  4.159792587104192
7.46  7.080825279396213  4.2840527412459
7.47  7.10469377239528  4.406019987189177
7.48  7.127104626060202  4.525627720554135
7.49  7.148061517776889  4.64281058312964
7.5  7.167568539966252  4.7575044987011665
7.51  7.185630187564688  4.869646708225255
7.5200000000000005  7.202251345243353  4.979175804331454
7.53  7.217437274385793  5.086031765132371
7.54  7.231193599843671  5.190155987323267
7.55  7.243526296490619  5.291491318552384
7.5600000000000005  7.254441675594471  5.389982089044109
7.57  7.2639463710284  5.485574142457012
7.58  7.272047325341557  5.578214865959545
7.59  7.278751775710028  5.667853219506085
7.6000000000000005  7.284067239788999  5.754439764296854
7.61  7.2880015014871375  5.8379266904053
7.62  7.290562596684238  5.91826784355729
7.63  7.291758798913188  5.99541875104638
7.640000000000001  7.291598605027339  6.069336646770353
7.65  7.2900907208743035  6.139980495374309
7.66  7.28724404699715  6.207311015486295
7.67  7.283067664383871  6.271290702031589
7.68  7.277570820285872  6.33188384761256
7.69  7.270762914126063  6.389056562941282
7.7  7.262653483516978  6.442776796312537
7.71  7.2532521904090945  6.4930143521055985
7.72  7.242568807389349  6.539740908303253
7.73  7.2306132041494795  6.582930033017414
7.74  7.217395334143628  6.622557200010933
7.75  7.202925221454215  6.658599803205933
7.76  7.187212947884846  6.691037170169263
7.7700000000000005  7.170268640298519  6.7198505745664665
7.78  7.152102458219119  6.745023247575966
7.79  7.132724581713596  6.76654038825593
7.8  7.112145199571969  6.784389172856594
7.8100000000000005  7.090374497801606  6.798558763071568
7.82  7.0674226484519025  6.8090403132221144
7.83  7.0432997987848225  6.815826976368971
7.84  7.018016060806311  6.818913909346866
7.8500000000000005  6.991581501172955  6.818298276717423
7.86  6.964006131487714  6.813979253636801
7.87  6.935299898997918  6.805958027634887
7.88  6.905472677708076  6.79423779930354
7.890000000000001  6.874534259919447  6.778823781891952
7.9  6.842494348207663  6.759723199807721
7.91  6.80936254784884  6.736945286022918
7.92  6.775148359704243  6.710501278384978
7.930000000000001  6.739861173572566  6.680404414832828
7.94  6.70351026201829  6.6466699275193335
7.95  6.666104774683832  6.609315035841612
7.96  6.627653733092494  6.568358938381578
7.97  6.588166025948426  6.523822803759462
7.98  6.547650404938943  6.47572976040379
7.99  6.506115481044071  6.42410488524191
8.0  6.463569721357046  6.3689751913156245
8.01  6.420021446418976  6.31036961432731
8.02  6.375478828069985  6.248318998122292
8.03  6.329949887818396  6.182856079113987
8.040000000000001  6.283442495728596  6.11401546965882
8.05  6.235964369827761  6.041833640388721
8.06  6.187523076030277  5.966348901509128
8.07  6.1381260285785855  5.887601383071762
8.08  6.08778049099772  5.8056330142312715
8.09  6.036493577560523  5.720487501495914
8.1  5.984272255259507  5.6322103059828255
8.11  5.9311233462805  5.540848619689073
8.120000000000001  5.87705353097268  5.446451340790167
8.13  5.822069351308669  5.349069047978485
8.14  5.766177214827521  5.248753973854282
8.15  5.709383399052989  5.145559977382833
8.16  5.651694056378447  5.039542515431714
8.17  5.593115219409321  4.9307586134026336
8.18  5.533652806752926  4.8192668349729475
8.19  5.473312629245291  4.7051272509623745
8.2  5.412100396603571  4.588401407341099
8.21  5.350021724491988  4.469152292395743
8.22  5.287082141988986  4.347444303070654
8.23  5.223287099441979  4.22334321050147
8.24  5.158641976696314  4.096916124759907
8.25  5.093152091683632  3.9682314588277148
8.26  5.026822709354971  3.837358891819154
8.27  4.959659050942965  3.7043693314714115
8.28  4.891666303537044  3.5693348759229604
8.290000000000001  4.822849629955331  3.432328774800229
8.3  4.7532141788960205  3.293425389633529
8.31  4.6827650953509545  3.1527001536232846
8.32  4.611507531263447  3.0102295307783535
8.33  4.5394466564121885  2.8660909744485648
8.34  4.466587669502596  2.7203628852737474
8.35  4.392935809446518  2.5731245685721267
8.36  4.318496366811301  2.4244561911912603
8.370000000000001  4.243274695418305  2.2744387378449846
8.38  4.167276224071475  2.1231539669603268
8.39  4.090506468395446  1.9706843660582265
8.4  4.012971042763377  1.8171131066930646
8.41  3.9346756722939165  1.66252399897511
8.42  3.855626204896629  1.5070014457014962
8.43  3.7758286233455514  1.3506303961206636
8.44  3.6952890573597754  1.1934962993559353
8.45  3.6140137956705733  1.0356850575140126
8.46  3.5320092980541364  0.8772829785043267
8.47  3.4492822073090883  0.7183767285956177
8.48  3.365839361158166  0.5590532847358732
8.49  3.281687804053236  0.3993998866623513
8.5  3.196834798863306  0.23950398882851345
8.51  3.111287838424817  0.0794532121745341
8.52  3.025054656934183  -0.08066470423149422
8.53  2.9381432411624617  -0.2407619516545932
8.540000000000001  2.8505618414721217  -0.4007507002289522
8.55  2.7623189826167103  -0.5605431475416097
8.56  2.673423474303577  -0.7200515672367723
8.57  2.5838844215012573  -0.8791883576127744
8.58  2.4937112344723245  -1.0378660901849497
8.59  2.402913638513826  -1.195997558186373
8.6  2.311501683387229  -1.3534958249794076
8.61  2.219485752420381  -1.5102742723505038
8.620000000000001  2.126876571264614  -1.6662466486609095
8.63  2.033685216290474  -1.8213271168258338
8.64  1.9399231226057905  -1.9754303020951502
8.65  1.8456020916808888  -2.128471339608025
8.66  1.7507342985658811  -2.2803659216946066
8.67  1.6553322986856984  -2.431030344898059
8.68  1.5594090341989315  -2.5803815566896566
8.69  1.4629778399076052  -2.72833720185065
8.700000000000001  1.3660524487051995  -2.8748156684942967
8.71  1.2686469965511442  -3.0197361337016373
8.72  1.1707760269604714  -3.163018608745264
8.73  1.0724544949984929  -3.304583983874776
8.74  0.9736977707705284  -3.444354072638484
8.75  0.8745216423976583  -3.5822516557161794
8.76  0.7749423184704551  -3.7182005242374228
8.77  0.6749764299731457  -3.8521255225608693
8.78  0.5746410316713672  -3.98395259048995
8.790000000000001  0.4739536029579806  -4.113608804900755
8.8  0.3729320481515256  -4.241022420758124
8.81  0.27159469624333205  -4.366122911496713
8.82  0.16996030008972599  -4.4888410087434965
8.83  0.06804803504693455  -4.609108741359136
8.84  -0.03412250295305868  -4.72685947377596
8.85  -0.1365312998866641  -4.8420279436102875
8.86  -0.2391579266824421  -4.954550298527793
8.870000000000001  -0.3419815428239516  -5.064364132340749
8.88  -0.444980900509326  -5.171408520316435
8.89  -0.5481343493654542  -5.275624053676795
8.9  -0.6514198417125078  -5.376952873269348
8.91  -0.7548149383745912  -5.4753387023904505
8.92  -0.8582968150310701  -5.570726878742083
8.93  -0.9618422691018694  -5.663064385504285
8.94  -1.0654277271597876  -5.752299881505373
8.950000000000001  -1.1690292528612563  -5.838383730473212
8.96  -1.2726225553863875  -5.9212680293509035
8.97  -1.3761829983784992  -6.000906635661339
8.98  -1.4796856093714215  -6.077255193905083
8.99  -1.5831050896931624  -6.150271160977234
9.0  -1.6864158248324312  -6.219913830589165
9.01  -1.7895918952544607  -6.286144356681988
9.02  -1.89260708765089  -6.3489257758189455
9.03  -1.9954349066079082  -6.4082230285448825
9.040000000000001  -2.0980485866759016  -6.46400297970156
9.05  -2.2004211048223086  -6.5162344376881824
9.06  -2.3025251932493256  -6.564888172657526
9.07  -2.4043333525559483  -6.60993693363841
9.08  -2.5058178652236616  -6.651355464576417
9.09  -2.6069508094037355  -6.689120519285248
9.1  -2.7077040729826725  -6.7232108753022
9.11  -2.8080493679018432  -6.753607346641756
9.120000000000001  -2.9079582447055445  -6.780292795442429
9.13  -3.0074021072908237  -6.803252142502693
9.14  -3.1063522278314344  -6.822472376702872
9.15  -3.204779761846071  -6.837942563310651
9.16  -3.3026557633807863  -6.849653851168975
9.17  -3.3999512002729966  -6.857599478766021
9.18  -3.4966369694637582  -6.861774779187988
9.19  -3.592683912322658  -6.862177183956571
9.200000000000001  -3.6880628299483367  -6.858806225754003
9.21  -3.7827444984055827  -6.851663540039884
9.22  -3.8766996838578  -6.840752865565082
9.23  -3.9698991575515206  -6.826080043789436
9.24  -4.062313710606928  -6.807653017211264
9.25  -4.1539141685660415  -6.785481826618161
9.26  -4.244671405646743  -6.759578607270164
9.27  -4.334556358647787  -6.7299575840278845
9.28  -4.423540040446329  -6.6966350654401365
9.290000000000001  -4.511593553025032  -6.65962943680734
9.3  -4.598688099961497  -6.618961152239169
9.31  -4.684794998307645  -6.574652725726968
9.32  -4.769885689780516  -6.526728721254121
9.33  -4.853931751179594  -6.475215741969987
9.34  -4.9369049039383  -6.420142418456142
9.35  -5.018777022708807  -6.361539396116782
9.36  -5.099520142869501  -6.299439321728737
9.370000000000001  -5.179106466833569  -6.233876829190675
9.38  -5.2575083690245  -6.164888524515484
9.39  -5.334698399369845  -6.092512970114748
9.4  -5.410649285147639  -6.016790668430256
9.41  -5.485333931001032  -5.937764044973646
9.42  -5.558725416914257  -5.855477430842783
9.43  -5.630796993917249  -5.769977044792036
9.44  -5.701522077256367  -5.68131097494287
9.450000000000001  -5.770874236734039  -5.589529160232969
9.46  -5.83882718387892  -5.49468337171441
9.47  -5.905354755561389  -5.3968271938266215
9.48  -5.970430893612312  -5.2960160057874734
9.49  -6.0340296199381624  -5.192306963265993
9.5  -6.0961250065472585  -5.085758980524345
9.51  -6.156691139810204  -4.976432713244956
9.52  -6.215702078168475  -4.864390542292193
9.53  -6.273131802374604  -4.749696558697415
9.540000000000001  -6.328954157192216  -4.632416550204148
9.55  -6.383142783296935  -4.512617989766425
9.56  -6.435671037894876  -4.390370026461405
9.57  -6.486511902302822  -4.2657434793603075
9.58  -6.535637874404761  -4.13881083500075
9.59  -6.583020843496853  -4.009646249225533
9.6  -6.6286319445403015  -3.8783255543013335
9.61  -6.67244138823612  -3.744926272413655
9.620000000000001  -6.714418262586806  -3.6095276368596654
9.63  -6.7545303006802015  -3.4722106225415947
9.64  -6.792743608269717  -3.3330579877122686
9.65  -6.829022343266561  -3.1921543293648176
9.66  -6.863328337418386  -3.049586155212888
9.67  -6.8956206481073545  -2.905441975913641
9.68  -6.925855025206609  -2.7598124220885554
9.69  -6.95398327407623  -2.6127903918604596
9.700000000000001  -6.9799524907749255  -2.4644712361348513
9.71  -7.003704139018273  -2.314952990829744
9.72  -7.0251729297851995  -2.1643366678627682
9.73  -7.044285452997323  -2.012726620172627
9.74  -7.060958495288951  -1.8602310007082639
9.75  -7.075096956996604  -1.7069623416376658
9.76  -7.086591252872927  -1.5530382886915965
9.77  -7.095314041357681  -1.3985825375739138
9.78  -7.101116071576707  -1.2437260362432356
9.790000000000001  -7.103820858107175  -1.0886085408789379
9.8  -7.103217779433742  -0.9333806480006561
9.81  -7.099053028900557  -0.7782064760149794
9.82  -7.091017598073731  -0.6232672452166592
9.83  -7.078731094905328  -0.4687661203207834
9.84  -7.061719614845645  -0.314934857904253
9.85  -7.039384958717748  -0.16204308367426803
9.86  -7.010960992696515  -0.010411483339405832
9.870000000000001  -6.9754504498846295  0.13956904330902495
9.88  -6.931531188528812  0.2874088977659467
9.89  -6.877413313921896  0.43247625398553297
9.9  -6.810614535777344  0.573928429318564
9.91  -6.72759409578065  0.7105997018158018
9.92  -6.623130886632294  0.8408100466059811
9.93  -6.489214262824304  0.9620224956554316
9.94  -6.312948808420401  1.0701922665087549
9.950000000000001  -6.072319808793102  1.158441409168643
9.96  -5.726942652208103  1.214131952652798
9.97  -5.196152560968031  1.2118117120878762
9.98  -4.304929946320635  1.0951957142122424
9.99  -2.682757215475871  0.7393149582272586
10.0  -1.169043120839518e-13  3.469024933439755e-14
