0.0  0.0  0.0
0.01  1.0529775312756766  -2.005810414640663
0.02  1.7430578866009407  -3.154846283254884
0.03  2.1679718503927905  -3.7299497906311174
0.04  2.4596581507560105  -4.023865180234092
0.05  2.6820913177472834  -4.173006374672032
0.06  2.8650665879460053  -4.239915122751159
0.07  3.0235814773166863  -4.255835393101682
0.08  3.1658354212494504  -4.237795566246588
0.09  3.296637775853316  -4.195785437472939
0.1  3.418976402290523  -4.136031664383067
0.11  3.534796693503852  -4.0626150838944115
0.12  3.6454151059570354  -3.9783255778766713
0.13  3.7517514962469023  -3.8851407828925035
0.14  3.8544661135261227  -3.784507602048816
0.15  3.954043778765723  -3.6775148063277356
0.16  4.050847484068743  -3.5650027259402974
0.17  4.145153591281599  -3.447635163133185
0.18  4.237175580078993  -3.325947835967672
0.19  4.327080456739154  -3.2003818015977394
0.2  4.415000333935609  -3.0713070094130805
0.21  4.501040758230062  -2.9390392143424253
0.22  4.58528680085131  -2.8038523284719936
0.23  4.667807580930383  -2.665987578783101
0.24  4.748659671235271  -2.5256603900150134
0.25  4.827889694757601  -2.3830656217695236
0.26  4.905536327033661  -2.238381597924369
0.27  4.981631856286191  -2.0917732381809313
0.28  5.056203410573017  -1.9433945140296744
0.29  5.129273931365831  -1.793390390726321
0.3  5.200862952038375  -1.6418983741920674
0.31  5.270987224810223  -1.489049751338331
0.32  5.339661228914004  -1.3349705903776723
0.33  5.406897584885842  -1.1797825516750169
0.34  5.47270739407379  -1.0236035478886798
0.35000000000000003  5.537100518133555  -0.8665482833584548
0.36  5.60008581002784  -0.70872869608812
0.37  5.661671305577693  -0.5502543206568468
0.38  5.721864382726551  -0.39123258656085186
0.39  5.780671894222588  -0.2317690635327219
0.4  5.838100278295194  -0.0719676630928942
0.41000000000000003  5.894155651018039  0.08806919620468233
0.42  5.948843883356136  0.24824045378089765
0.43  6.002170665343805  0.4084462973585923
0.44  6.054141559402102  0.5685880745623776
0.45  6.104762044453113  0.7285682224573609
0.46  6.154037552205725  0.8882902122663197
0.47000000000000003  6.201973496758705  1.0476585069690703
0.48  6.248575298480737  1.206578529865156
0.49  6.293848402975043  1.364956642489437
0.5  6.337798295811415  1.5227001305232273
0.51  6.380430513605548  1.6797171965523374
0.52  6.421750651940525  1.835916958695995
0.53  6.461764370554482  1.991209454274161
0.54  6.500477396159451  2.1455056478004035
0.55  6.537895523207048  2.298717442687736
0.56  6.574024612875034  2.4507576961389694
0.5700000000000001  6.60887059051383  2.601540236764146
0.58  6.642439441762363  2.7509798845276343
0.59  6.674737207517441  2.8989924726784135
0.6  6.70576997791944  3.045494871360455
0.61  6.735543885498631  3.1904050126371564
0.62  6.764065097610784  3.3336419166955
0.63  6.7913398082770895  3.4751257190228366
0.64  6.8173742295316755  3.614777698372737
0.65  6.842174582369826  3.7525203053565646
0.66  6.865747087381157  3.888277191515078
0.67  6.8880979551441905  4.021973238739578
0.68  6.909233376451995  4.153534588925493
0.6900000000000001  6.9291595124325625  4.28288867375286
0.7000000000000001  6.947882484622203  4.409964244498428
0.71  6.965408365045588  4.534691401792979
0.72  6.98174316635178  4.6570016252454725
0.73  6.996892832051817  4.776827802862451
0.74  7.010863226899963  4.894104260197495
0.75  7.023660127457646  5.00876678917086
0.76  7.035289212876246  5.120752676504459
0.77  7.045756055932308  5.2300007317216535
0.78  7.0550661143463165  5.3364513146652985
0.79  7.063224722413995  5.44004636249103
0.8  7.070237082976968  5.540729416095954
0.81  7.076108259757721  5.638445645945839
0.8200000000000001  7.08084317008192  5.733141877266519
0.8300000000000001  7.084446578009488  5.824766614567628
0.84  7.0869230878941085  5.913270065469019
0.85  7.088277138389334  5.998604163802184
0.86  7.088512996917939  6.080722591960923
0.87  7.087634754619691  6.1595808024772
0.88  7.085646321791377  6.235136038799751
0.89  7.082551423831542  6.307347355254449
0.9  7.0783535977010335  6.3761756361669315
0.91  7.073056188909298  6.441583614129195
0.92  7.066662349035012  6.503535887393184
0.93  7.059175033788477  6.561998936375507
0.9400000000000001  7.050597001622018  6.616941139258578
0.9500000000000001  7.04093081289344  6.6683327866744735
0.96  7.0301788295865055  6.7161460954588375
0.97  7.018343215591199  6.760355221463142
0.98  7.0054259375455326  6.800936271414459
0.99  6.991428766239521  6.837867313812881
1.0  6.9763532785808895  6.87112838885751
1.01  6.960200860121078  6.900701517392791
1.02  6.942972708139041  6.926570708867738
1.03  6.924669835279362  6.948721968301448
1.04  6.90529307374021  6.967143302248944
1.05  6.88484308000571  6.981824723762207
1.06  6.863320340116329  6.992758256341939
1.07  6.840725175469964  6.999937936876319
1.08  6.817057749145533  7.003359817563672
1.09  6.7923180727399295  7.0030219668166325
1.1  6.766506013708383  6.998924469146123
1.11  6.739621303197402  6.991069424023994
1.12  6.711663544358647  6.979460943723892
1.1300000000000001  6.682632221131284  6.964105150140528
1.1400000000000001  6.652526707479605  6.945010170588093
1.1500000000000001  6.621346277071914  6.922186132579225
1.16  6.589090113386004  6.895645157586491
1.17  6.5557573202257755  6.865401353788948
1.18  6.521346932632917  6.831470807806898
1.19  6.485857928176927  6.7938715754285814
1.2  6.449289238606069  6.752623671333027
1.21  6.411639761841332  6.707749057813907
1.22  6.37290837429485  6.659271632509768
1.23  6.333093943493707  6.607217215146496
1.24  6.292195340989559  6.5516135332985055
1.25  6.250211455534005  6.492490207175571
1.26  6.2071412064992195  6.429878733442784
1.27  6.1629835575228995  6.363812468081628
1.28  6.117737530356246  6.294326608300656
1.29  6.0714022188933  6.221458173504732
1.3  6.023976803359669  6.145245985332338
1.31  5.975460564638371  6.065730646770888
1.32  5.925852898710277  5.982954520360458
1.33  5.875153331186415  5.896961705496855
1.34  5.823361531909209  5.807798014845353
1.35  5.770477329599567  5.7155109498769425
1.36  5.716500726526621  5.620149675539283
1.37  5.661431913176858  5.521764994075132
1.3800000000000001  5.605271282899276  5.4204093180013
1.3900000000000001  5.548019446503231  5.316136642261741
1.4000000000000001  5.489677246785657  5.209002515568674
1.41  5.430245772964372  5.09906401094619
1.42  5.36972637499426  4.986379695491033
1.43  5.3081206777432985  4.871009599365798
1.44  5.245430595005476  4.753015184040023
1.45  5.181658343327896  4.632459309795171
1.46  5.116806455629535  4.509406202509744
1.47  5.050877794589443  4.383921419741227
1.48  4.983875565782355  4.256071816121835
1.49  4.91580333054011  4.125925508085451
1.5  4.846665018517579  3.9935518379434254
1.51  4.77646493994212  3.859021337327249
1.52  4.705207797526134  3.7224056900164433
1.53  4.632898698022594  3.5837776941703123
1.54  4.559543163403938  3.443211223982498
1.55  4.4851471416452915  3.300781190777562
1.56  4.409717017093361  3.156563503569124
1.57  4.333259620403033  3.0106350290993595
1.58  4.255782238024217  2.863073551379878
1.59  4.1772926212220804  2.713957730754322
1.6  4.097798994614479  2.5633670625032208
1.61  4.017310064211044  2.4113818350119063
1.62  3.9358350249389953  2.2580830875224795
1.6300000000000001  3.8533835676415618  2.1035525674910933
1.6400000000000001  3.7699658855354827  1.9478726875719592
1.6500000000000001  3.685592680114897  1.7911264822497204
1.6600000000000001  3.6002751664896517  1.6333975641420284
1.67  3.5140250781468145  1.4747700799942831
1.68  3.4268546711249943  1.3153286663887347
1.69  3.3387767275918714  1.1551584051902515
1.7  3.2498045588161513  0.9943447787512069
1.71  3.159952007526003  0.8329736248980946
1.72  3.069233449646867  0.6711310917225981
1.73  2.9776637954124237  0.5089035921999472
1.74  2.885258489843268  0.3463777586574902
1.75  2.792033512588879  0.18364039711656002
1.76  2.6980053771291774  0.020778441530689966
1.77  2.603191129332986  -0.14212109205659204
1.78  2.5076083453714957  -0.30497115141114484
1.79  2.411275128985849  -0.4676846940414833
1.8  2.3142101081086817  -0.6301747331425943
1.81  2.2164324308405785  -0.7923543835269213
1.82  2.1179617607830767  -0.95413690751915
1.83  2.018818271730905  -1.115435760791387
1.84  1.919022641726956  -1.2761646381153608
1.85  1.8185960464843811  -1.4362375190082601
1.86  1.7175601521811352  -1.595568713248879
1.87  1.6159371076330964  -1.754072906240747
1.8800000000000001  1.5137495358527973  -1.9116652041990052
1.8900000000000001  1.4110205250016772  -2.068261179137815
1.9000000000000001  1.307773618744518  -2.2237769136351746
1.9100000000000001  1.2040328060157146  -2.3781290453521113
1.92  1.0998225102077037  -2.5312348112832743
1.93  0.9951675777927638  -2.683012091716132
1.94  0.890093266390173  -2.833379453875942
1.95  0.7846252322914852  -2.9822561952340148
1.96  0.6787895174574385  -3.1295623864567
1.97  0.5726125360007641  -3.275218913972842
1.98  0.4661210601698621  -3.4191475221375014
1.99  0.3593422058490514  -3.5612708549699743
2.0  0.25230341759169617  -3.7015124974443117
2.0100000000000002  0.14503245320328084  -3.839797016310692
2.02  0.037557367892072493  -3.976050000426245
2.0300000000000002  -0.07009350199446814  -4.1101981005742
2.04  -0.1778915556285147  -4.242169068750221
2.05  -0.28580794473675186  -4.37189179689537
2.06  -0.3938135909912416  -4.499296355055116
2.07  -0.5018792037358687  -4.624314028944112
2.08  -0.6099752980275676  -4.746877356896929
2.09  -0.718072212970858  -4.866920166184829
2.1  -0.8261401303240308  -4.984377608679441
2.11  -0.934149093354768  -5.09918619584395
2.12  -1.0420690259228005  -5.211283833033292
2.13  -1.1498697517666354  -5.320609853084592
2.14  -1.2575210139714086  -5.427105049179985
2.15  -1.3649924945943488  -5.530711706963715
2.16  -1.4722538344243798  -5.631373635896336
2.17  -1.579274652851926  -5.72903619982865
2.18  -1.6860245678251464  -5.823646346778839
2.19  -1.7924732158683252  -5.915152637896321
2.2  -1.8985902721384191  -6.003505275596389
2.21  -2.004345470495376  -6.088656130850041
2.22  -2.109708623562101  -6.170558769613837
2.23  -2.2146496427496603  -6.249168478384982
2.24  -2.319138558223663  -6.324442288867333
2.25  -2.4231455387875527  -6.396339001734388
2.2600000000000002  -2.526640911658846  -6.464819209475747
2.27  -2.629595182114377  -6.5298453183140985
2.2800000000000002  -2.7319790529808907  -6.591381569180048
2.29  -2.8337634439473627  -6.649394057732744
2.3000000000000003  -2.934919510675899  -6.703850753414612
2.31  -3.0354186636881018  -6.754721517529023
2.32  -3.1352325870042694  -6.801978120330258
2.33  -3.2343332565130427  -6.845594257115466
2.34  -3.3326929580494578  -6.885545563309015
2.35  -3.4302843051599092  -6.92180962852997
2.36  -3.5270802565327046  -6.954366009634032
2.37  -3.6230541330736328  -6.9831962427217595
2.38  -3.7181796346061646  -7.008283854105405
2.39  -3.812430856176698  -7.029614370227274
2.4  -3.905782303945563  -7.04717532652297
2.41  -3.9982089106452148  -7.060956275223497
2.42  -4.0896860505875585  -7.070948792090696
2.43  -4.180189554203055  -7.077146482081055
2.44  -4.26969572209472  -7.079544983933465
2.45  -4.35818133859105  -7.078141973677081
2.46  -4.4456236847823405  -7.07293716705596
2.47  -4.532000551025761  -7.063932320867771
2.48  -4.6172902489051015  -7.051131233214383
2.49  -4.701471622632108  -7.034539742662731
2.5  -4.784524059876712  -7.014165726314941
2.5100000000000002  -4.866427502014683  -6.990019096787244
2.52  -4.947162453781622  -6.96211179809781
2.5300000000000002  -5.026709992323346  -6.9304578004641915
2.54  -5.1050517756332585  -6.895073094011659
2.5500000000000003  -5.1821700503684625  -6.855975681394289
2.56  -5.258047659036834  -6.813185569331248
2.57  -5.332668046548527  -6.766724759061262
2.58  -5.406015266125943  -6.716617235718942
2.59  -5.478073984567212  -6.662888956637109
2.6  -5.548829486859152  -6.605567838579857
2.61  -5.618267680136422  -6.544683743911815
2.62  -5.686375096984627  -6.480268465709393
2.63  -5.753138898085887  -6.412355711820692
2.64  -5.818546874206426  -6.34098108788098
2.65  -5.882587447526453  -6.266182079291606
2.66  -5.945249672313723  -6.187998032170378
2.67  -6.006523234942785  -6.106470133282425
2.68  -6.066398453263128  -6.021641388960728
2.69  -6.1248662753199845  -5.933556603026444
2.7  -6.1819182774327315  -5.842262353719338
2.71  -6.237546661636474  -5.747806969649597
2.72  -6.291744252493399  -5.650240504782423
2.73  -6.344504493281228  -5.549614712467772
2.74  -6.395821441567065  -5.445983018527761
2.75  -6.445689764175599  -5.339400493415144
2.7600000000000002  -6.4941047315616265  -5.229923823456535
2.77  -6.541062211597464  -5.117611281194722
2.7800000000000002  -6.586558662786779  -5.002522694844895
2.79  -6.630591126916966  -4.884719416880121
2.8000000000000003  -6.673157221163143  -4.764264291761911
2.81  -6.71425512965734  -4.641221622832249
2.82  -6.753883594537395  -4.515657138383887
2.83  -6.792041906490563  -4.387637956926237
2.84  -6.828729894807633  -4.257232551664743
2.85  -6.8639479169639985  -4.12451071421181
2.86  -6.89769684774461  -3.9895435175482734
2.87  -6.929978067930535  -3.8524032782543314
2.88  -6.960793452565227  -3.7131635180297926
2.89  -6.99014535881933  -3.5718989245235004
2.9  -7.018036613473153  -3.4286853114925266
2.91  -7.044470500036714  -3.283599578311966
2.92  -7.069450745527375  -3.136719668856629
2.93  -7.0929815069258755  -2.9881245297763113
2.94  -7.115067357331664  -2.8378940681866793
2.95  -7.135713271839034  -2.686109108798203
2.96  -7.154924613155751  -2.5328513505059114
2.97  -7.172707116986272  -2.378203322463083
2.98  -7.189066877201855  -2.222248339662332
2.99  -7.20401033082019  -2.065070458047842
3.0  -7.217544242817317  -1.9067544291828586
3.0100000000000002  -7.229675690794811  -1.7473856544967759
3.02  -7.240412049525377  -1.5870501391364964
3.0300000000000002  -7.2497609754000765  -1.4258344454469318
3.04  -7.257730390800534  -1.2638256461059623
3.0500000000000003  -7.2643284684194755  -1.1011112769389961
3.06  -7.269563615552982  -0.9377792894391307
3.0700000000000003  -7.273444458387854  -0.7739180030183792
3.08  -7.275979826307369  -0.6096160570163973
3.09  -7.2771787362386755  -0.444962362492569
3.1  -7.277050377064951  -0.2800460538281876
3.11  -7.275604094125262  -0.1149564401650493
3.12  -7.272849373824893  0.050217043292728095
3.13  -7.268795828378754  0.21538488408687276
3.14  -7.263453180710098  0.3804575413961906
3.15  -7.256831249526663  0.5453454949838206
3.16  -7.24893993459587  0.7099592941734718
3.17  -7.239789202240513  0.8742096068273316
3.18  -7.229389071075918  1.0380072682987147
3.19  -7.217749598009144  1.201263330331839
3.2  -7.204880864520419  1.3638891098818868
3.21  -7.190792963246514  1.5257962378276895
3.22  -7.175495984885209  1.6868967075501977
3.23  -7.159000005439626  1.847102923349144
3.24  -7.141315073820508  2.0063277486711346
3.25  -7.122451199824058  2.164484554121685
3.2600000000000002  -7.102418342502314  2.32148726523459
3.27  -7.081226398942442  2.477250409971329
3.2800000000000002  -7.058885193470624  2.6316891659240804
3.29  -7.035404467295663  2.784719407195318
3.3000000000000003  -7.010793868606636  2.9362577509278256
3.31  -6.985062943138273  3.0862216034584056
3.3200000000000003  -6.958221125217035  3.2345292060694604
3.33  -6.9302777293000295  3.381099680312124
3.34  -6.901241942018275  3.52585307287541
3.35  -6.871122814734929  3.668710399975714
3.36  -6.839929256628365  3.8095936912412984
3.37  -6.8076700283091744  3.948426033066906
3.38  -6.774353735979335  4.08513161141342
3.39  -6.739988826140957  4.21963575402839
3.4  -6.704583580861207  4.3518649720629226
3.41  -6.6681461135991125  4.481747001061359
3.42  -6.630684365599169  4.609210841299876
3.43  -6.592206102855679  4.734186797451149
3.44  -6.552718913651082  4.856606517551905
3.45  -6.512230206670425  4.976403031251223
3.46  -6.47074720969345  5.093510787317239
3.47  -6.4282769688648145  5.207865690380819
3.48  -6.384826348542012  5.3194051368947495
3.49  -6.340402031719875  5.42806805028788
3.5  -6.2950105210294405  5.533794915293561
3.5100000000000002  -6.248658140308289  5.636527811432794
3.52  -6.201351036738466  5.736210445632336
3.5300000000000002  -6.15309518354726  5.8327881839591305
3.54  -6.103896383265414  5.926208082452347
3.5500000000000003  -6.053760271536168  6.016418917035306
3.56  -6.00269232146814  6.103371212489708
3.5700000000000003  -5.950697848523779  6.187017270475445
3.58  -5.897782015934695  6.267311196579501
3.59  -5.8439498406341315  6.344208926378341
3.6  -5.789206199696161  6.417668250498433
3.61  -5.7335558372704245  6.48764883866033
3.62  -5.677003372000437  6.554112262692358
3.63  -5.619553304912831  6.617022018500313
3.64  -5.5612100277640915  6.676343546980491
3.65  -5.501977831830775  6.732044253863723
3.66  -5.4418609171284205  6.784093528478953
3.67  -5.380863402043806  6.832462761425279
3.68  -5.318989333364478  6.87712536114231
3.69  -5.256242696689084  6.918056769369059
3.7  -5.1926274272011375  6.955234475482495
3.71  -5.12814742078869  6.988638029707361
3.72  -5.062806545491555  7.018249055189719
3.73  -4.996608653257387  7.0440512589271576
3.74  -4.9295575919874635  7.066030441549521
3.75  -4.861657217852511  7.08417450594449
3.7600000000000002  -4.792911407858607  7.09847346472327
3.77  -4.723324072642764  7.108919446522139
3.7800000000000002  -4.6528991694774335  7.115506701136496
3.79  -4.5816407154630765  7.1182316034846655
3.8000000000000003  -4.509552800887272  7.117092656399508
3.81  -4.436639602729143  7.112090492246534
3.8200000000000003  -4.362905398287118  7.103227873368093
3.83  -4.288354578908381  7.090509691353795
3.84  -4.212991663797853  7.073942965138152
3.85  -4.136821313884736  7.053536837927229
3.86  -4.059848345724424  7.029302572956714
3.87  -3.982077745413646  7.001253548084675
3.88  -3.903514682496751  6.969405249223058
3.89  -3.824164523841051  6.933775262612626
3.9  -3.7440328474592777  6.8943832659469635
3.91  -3.663125456257375  6.851251018351826
3.92  -3.5814483916860196  6.804402349226997
3.93  -3.499007947274364  6.753863145958487
3.94  -3.4158106820251497  6.6996613405098655
3.95  -3.3318634336500175  6.641826894902125
3.96  -3.2471733316249702  6.58039178559248
3.97  -3.1617478100455743  6.515389986763115
3.98  -3.0755946202625544  6.446857452531934
3.99  -2.9887218432785536  6.374832098097987
4.0  -2.9011379018874996  6.299353779835266
4.01  -2.8128515725386034  6.220464274349254
4.0200000000000005  -2.723871996907618  6.138207256511639
4.03  -2.634208693158723  6.052628276489386
4.04  -2.5438715668810183  5.963774735785161
4.05  -2.45287092168457  5.871695862307291
4.0600000000000005  -2.361217469441684  5.776442684488105
4.07  -2.2689223401599796  5.678068004470571
4.08  -2.1759970914748235  5.576626370384137
4.09  -2.0824537177497873  5.4721740477316185
4.1  -1.9883046587747097  5.364768989910184
4.11  -1.893562808052337  5.2544708078903355
4.12  -1.7982415206655085  5.141340739078191
4.13  -1.7023546207183347  5.025441615387152
4.14  -1.6059164083462216  4.906837830546811
4.15  -1.508941666290982  4.785595306677766
4.16  -1.4114456660389987  4.661781460162666
4.17  -1.3134441735219122  4.535465166844991
4.18  -1.2149534543814828  4.406716726589054
4.19  -1.1159902788017662  4.275607827235882
4.2  -1.0165719259142696  4.142211507991721
4.21  -0.9167161877836544  4.006602122287629
4.22  -0.8164413729842954  3.868855300150822
4.23  -0.7157663097803352  3.72904791013064
4.24  -0.6147103489250246  3.5872580208244087
4.25  -0.5132933660978396  3.443564862051113
4.26  -0.4115357640016601  3.298048785723851
4.2700000000000005  -0.3094584741456337  3.150791226475239
4.28  -0.20708295834357576  3.001874662093511
4.29  -0.10443120996200289  2.851382573830959
4.3  -0.0015257549570033265  2.6993994066509663
4.3100000000000005  0.10161034725561668  2.546010529484812
4.32  0.20495350304644303  2.3913021955749194
4.33  0.30847958387769736  2.235361502987416
4.34  0.4121639256028822  2.0782763553843377
4.3500000000000005  0.5159813276879942  1.920135423153156
4.36  0.6199060522716994  1.7610281050011227
4.37  0.7239118229718294  1.6010444901314946
4.38  0.827971823332728  1.440275321131218
4.39  0.9320586947951439  1.2788119577123787
4.4  1.0361445340542625  1.116746341465817
4.41  1.1402008896538904  0.9541709618026537
4.42  1.2441987576445317  0.7911788232799885
4.43  1.3481085761092708  0.6278634145308212
4.44  1.4519002183347958  0.46431867904562407
4.45  1.55554298437311  0.30063898808479833
4.46  1.6590055907034225  0.13691911603827434
4.47  1.7622561576609739  -0.026745781407642888
4.48  1.8652621942502556  -0.19026018588588126
4.49  1.9679905799015796  -0.35352823127579475
4.5  2.070407542661895  -0.5164537144013123
4.51  2.172478633229449  -0.6789401008752076
4.5200000000000005  2.2741686941463812  -0.840890525366414
4.53  2.3754418233492123  -1.0022077854486082
4.54  2.476261331141327  -1.1627943280481703
4.55  2.5765896894882  -1.3225522273398607
4.5600000000000005  2.676388472340506  -1.4813831527359047
4.57  2.7756182854529827  -1.6391883253675672
4.58  2.8742386838800953  -1.7958684611607139
4.59  2.9722080749793416  -1.9513236982426814
4.6000000000000005  3.069483604325292  -2.105453505973184
4.61  3.16602102141087  -2.2581565723447174
4.62  3.2617745213626317  -2.409330665821624
4.63  3.35669655808901  -2.558872466847183
4.64  3.450737623272975  -2.706677363199525
4.65  3.543845984354902  -2.852639202060514
4.66  3.6359673730531865  -2.9966499899982058
4.67  3.7270446139393907  -3.13859952995035
4.68  3.8170171799858985  -3.278374981591556
4.69  3.9058206586578423  -3.4158603279841175
4.7  3.9933861077778605  -3.550935726891669
4.71  4.07963927471353  -3.6834767192245397
4.72  4.164499644949398  -3.8133532592913566
4.73  4.2478792761464055  -3.9404285211657566
4.74  4.329681360421055  -4.064557421559507
4.75  4.409798439447115  -4.1855847807234206
4.76  4.488110172137421  -4.303343017036432
4.7700000000000005  4.56448052022468  -4.417649235097598
4.78  4.638754168735082  -4.528301516836704
4.79  4.710751929637297  -4.635074153641704
4.8  4.780264777848453  -4.7377114543549395
4.8100000000000005  4.847046023621908  -4.835919612909432
4.82  4.910800909120331  -4.929355894336026
4.83  4.971172588941162  -5.017614056461448
4.84  5.027722946587005  -5.1002043961527015
4.8500000000000005  5.07990589532049  -5.176525972687963
4.86  5.127029508798347  -5.245827204765068
4.87  5.16820115582585  -5.307148778329838
4.88  5.20224608527843  -5.359238922662637
4.89  5.227583283923704  -5.4004242200920745
4.9  5.242030204849623  -5.428406394266423
4.91  5.2424843996343  -5.4399310039139355
4.92  5.2243823645307685  -5.430224319066821
4.93  5.180733654359969  -5.391988281307741
4.94  5.100294697613706  -5.31350045098345
4.95  4.963873517141266  -5.1747697139581685
4.96  4.736242841631509  -4.939124783038057
4.97  4.346930787392586  -4.533239736530731
4.98  3.642535736397777  -3.7975798889062307
4.99  2.2956498804920327  -2.3919701761191403
5.0  5.0578200124321e-14  -5.265416260020317e-14
5.01  -2.3375213742433005  2.430627652703615
5.0200000000000005  -3.776664850864579  3.9213972137752795
5.03  -4.589353884217795  4.7569767525275175
5.04  -5.091916537459339  5.2672829427487775
5.05  -5.434575568835309  5.608887141037478
5.0600000000000005  -5.686719367081676  5.854086703272137
5.07  -5.883128277513099  6.03911217746532
5.08  -6.042775638385266  6.1837247967096625
5.09  -6.176780393457737  6.299504008116685
5.1000000000000005  -6.292051583397597  6.393644884017931
5.11  -6.393093024851079  6.470838330010177
5.12  -6.482959224604039  6.534266929695094
5.13  -6.563791555982592  6.586163485141983
5.14  -6.637133987525861  6.628139898876573
5.15  -6.7041268836395576  6.66138904010077
5.16  -6.765630292460999  6.686813158870595
5.17  -6.82230484767826  6.705108148877374
5.18  -6.87466631692212  6.716820359907239
5.19  -6.923123271410084  6.722385829346853
5.2  -6.968003657384763  6.722157953897793
5.21  -7.009573897404378  6.716427380478674
5.22  -7.048052856954472  6.705436548879091
5.23  -7.083622214371463  6.689390488062849
5.24  -7.116434267924009  6.6684649429042535
5.25  -7.146617888086087  6.642812568784388
5.26  -7.174283108209641  6.612567707721299
5.2700000000000005  -7.199524702540928  6.577850109451851
5.28  -7.222425002007069  6.538767858274674
5.29  -7.2430561298755585  6.495419695303592
5.3  -7.261481791326053  6.447896875723227
5.3100000000000005  -7.277758716714657  6.396284664957687
5.32  -7.291937833590473  6.3406635519176815
5.33  -7.304065224482878  6.2811102387016176
5.34  -7.314182914170287  6.2176984522670535
5.3500000000000005  -7.322329520227477  6.1504996132638965
5.36  -7.328540793194133  6.079583389457426
5.37  -7.332850067052907  6.005018155280429
5.38  -7.335288636380986  5.926871374550215
5.39  -7.335886073206337  5.845209919915354
5.4  -7.334670494012382  5.760100339902216
5.41  -7.331668785311962  5.671609082324916
5.42  -7.326906794619989  5.5798026811644315
5.43  -7.320409492393775  5.484747912710679
5.44  -7.312201109506482  5.386511925715639
5.45  -7.302305254015211  5.285162349468849
5.46  -7.2907450103379645  5.180767383032212
5.47  -7.277543023429932  5.073395868326063
5.48  -7.262721570123535  4.963117349314466
5.49  -7.246302619448565  4.850002119175608
5.5  -7.228307883463265  4.73412125704575
5.51  -7.208758859891599  4.615546655680199
5.5200000000000005  -7.187676867667403  4.49435104117216
5.53  -7.165083076324075  4.370607985701893
5.54  -7.140998530033544  4.244391914148232
5.55  -7.1154441669854185  4.115778105277244
5.5600000000000005  -7.088440834702147  3.9848426881241985
5.57  -7.060009301806175  3.851662634102001
5.58  -7.030170266687394  3.716315745299042
5.59  -6.998944363461796  3.578880639370149
5.6000000000000005  -6.966352165563466  3.4394367313737186
5.61  -6.932414187270248  3.2980642128650755
5.62  -6.897150883427748  3.154844028519153
5.63  -6.860582647605725  3.009857850524474
5.64  -6.822729808894353  2.8631880509627186
5.65  -6.783612627525097  2.7149176723654174
5.66  -6.743251289481099  2.5651303966187906
5.67  -6.701665900244707  2.4139105123703843
5.68  -6.658876477814858  2.2613428810761182
5.69  -6.614902945113761  2.1075129018132137
5.7  -6.569765121890918  1.9525064749729213
5.71  -6.523482716222179  1.796409964936964
5.72  -6.476075315692804  1.6393101618329375
5.73  -6.427562378345273  1.4812942424562567
5.74  -6.377963223465725  1.322449730439392
5.75  -6.327297022276399  1.1628644557430778
5.76  -6.275582788595969  1.0026265135394248
5.7700000000000005  -6.222839369524362  0.8418242225514642
5.78  -6.169085436204249  0.6805460829103772
5.79  -6.114339474706993  0.518880733587183
5.8  -6.058619777087223  0.35691690945319
5.8100000000000005  -6.001944432646626  0.1947433980198349
5.82  -5.944331319444382  0.03244899590670467
5.83  -5.885798096088659  -0.1298775349165976
5.84  -5.826362193840896  -0.2921475110703729
5.8500000000000005  -5.766040809062147  -0.4542723718448734
5.86  -5.7048508960281685  -0.616163723379739
5.87  -5.64280916013788  -0.777733382904422
5.88  -5.579932051537722  -0.9388934230019418
5.89  -5.51623575918239  -1.0995562158600338
5.9  -5.45173620535045  -1.2596344774749497
5.91  -5.3864490406319  -1.4190413117738536
5.92  -5.32038963940258  -1.5776902546234424
5.93  -5.253573095799001  -1.7354953176926016
5.94  -5.186014220205561  -1.8923710321385716
5.95  -5.1177275362645025  -2.048232492086141
5.96  -5.048727278417534  -2.2029953978709353
5.97  -4.979027389986674  -2.356576099017824
5.98  -4.908641521800552  -2.508891636926948
5.99  -4.8375830313709995  -2.659859787239735
6.0  -4.765864982623323  -2.8093991018587015
6.01  -4.693500146182882  -2.9574289505946467
6.0200000000000005  -4.620501000218862  -3.103869562416216
6.03  -4.546879731845206  -3.2486420662766062
6.04  -4.4726482390774835  -3.391668531493489
6.05  -4.3978181333433835  -3.5328720076580753
6.0600000000000005  -4.322400742543349  -3.672176564050232
6.07  -4.246407114656825  -3.8095073285369367
6.08  -4.169848021888559  -3.9447905259318135
6.09  -4.092733965348539  -4.077953515793966
6.1000000000000005  -4.015075180257746  -4.208924829644929
6.11  -3.936881641671577  -4.337634207583008
6.12  -3.858163070711127  -4.464012634274715
6.13  -3.7789289412923854  -4.58799237430345
6.140000000000001  -3.6991884873417384  -4.709507006856174
6.15  -3.6189507104861294  -4.828491459729247
6.16  -3.538224388204665  -4.9448820426350615
6.17  -3.457018082428157  -5.058616479791496
6.18  -3.3753401485721795  -5.169633941776899
6.19  -3.2931987449884614  -5.2778750766335465
6.2  -3.2106018428186536  -5.38328204020321
6.21  -3.1275572362340047  -5.485798525678798
6.22  -3.044072553043841  -5.585369792356512
6.23  -2.960155265654772  -5.681942693573545
6.24  -2.875812702362594  -5.775465703816776
6.25  -2.791052058957557  -5.865888944988376
6.26  -2.705880410623928  -5.953164211814706
6.2700000000000005  -2.620304724113492  -6.037244996385443
6.28  -2.5343318701729816  -6.118086511810347
6.29  -2.447968636204279  -6.195645714981531
6.3  -2.36122173913631  -6.269881328429567
6.3100000000000005  -2.274097838487108  -6.340753861262389
6.32  -2.186603549594064  -6.4082256291762345
6.33  -2.098745456990168  -6.472260773528671
6.34  -2.0105301279038295  -6.53282527946387
6.3500000000000005  -1.9219641258596518  -6.589886993081164
6.36  -1.8330540243573894  -6.643415637638117
6.37  -1.7438064206057549  -6.693382828780166
6.38  -1.6542279492884633  -6.739762088789046
6.390000000000001  -1.564325296339017  -6.782528859842986
6.4  -1.474105212701038  -6.821660516282053
6.41  -1.3835745280509766  -6.857136375872633
6.42  -1.2927401644599978  -6.888937710065346
6.43  -1.201609149971902  -6.917047753241484
6.44  -1.1101886320738563  -6.941451710943301
6.45  -1.0184858910373442  -6.962136767084252
6.46  -0.9265083531062626  -6.979092090135583
6.47  -0.8342636035097346  -6.9923088382862995
6.48  -0.7417593992773641  -7.001780163574064
6.49  -0.649003681834805  -7.007501214985001
6.5  -0.5560045893578305  -7.009469140521059
6.51  -0.46277046886350054  -7.007683088233868
6.5200000000000005  -0.3693098880174727  -7.002144206224792
6.53  -0.2756316466365395  -6.992855641611225
6.54  -0.181744787866257  -6.979822538459715
6.55  -0.08765860901388607  -6.963052034687114
6.5600000000000005  0.006617327982730601  -6.942553257931291
6.57  0.10107318646925265  -6.918337320393664
6.58  0.19569884539010537  -6.890417312656091
6.59  0.29048389002252206  -6.858808296475359
6.6000000000000005  0.3854176031468222  -6.823527296558906
6.61  0.4804889566690299  -6.78459329132595
6.62  0.5756866037121334  -6.742027202658651
6.63  0.670998871190785  -6.695851884648539
6.640000000000001  0.7664137528843833  -6.646092111343806
6.65  0.8619189030219596  -6.592774563503644
6.66  0.9575016303922899  -6.5359278143662705
6.67  1.0531488929914317  -6.475582314437706
6.68  1.1488472932192415  -6.411770375309016
6.69  1.2445830736357213  -6.3445261525099985
6.7  1.340342113287244  -6.273885627407995
6.71  1.4361099246118085  -6.199886588160665
6.72  1.5318716509316215  -6.122568609732465
6.73  1.6276120645406054  -6.041973032984582
6.74  1.723315565393529  -5.958142942848925
6.75  1.8189661804025554  -5.871123145596816
6.76  1.9145475633460065  -5.780960145213952
6.7700000000000005  2.010042995393718  -5.687702118893219
6.78  2.105435386251788  -5.5913988916576685
6.79  2.200707275929399  -5.492101910126216
6.8  2.295840837128724  -5.389864215435128
6.8100000000000005  2.3908178782588236  -5.284740415328866
6.82  2.485619847072725  -5.176786655434097
6.83  2.5802278349267436  -5.066060589731204
6.84  2.6746225816596993  -4.952621350237965
6.8500000000000005  2.768784481088903  -4.836529515920618
6.86  2.862693587119027  -4.717847080847727
6.87  2.956329620459013  -4.596637421602686
6.88  3.049671975941267  -4.4729652639712025
6.890000000000001  3.142699730436432  -4.346896648920352
6.9  3.2353916513564474  -4.218498897886222
6.91  3.3277262057374926  -4.087840577387349
6.92  3.4196815698936045  -3.9549914629818295
6.93  3.511235639631024  -3.8200225025859775
6.94  3.602366041012567  -3.683005779173037
6.95  3.69305014166019  -3.544014472870329
6.96  3.783265062583573  -3.403122822474223
6.97  3.8729876905215  -3.2604060864019155
6.98  3.96219469078204  -3.115940503099843
6.99  4.050862520566973  -2.9698032509282712
7.0  4.138967442765156  -2.822072407542682
7.01  4.226485540198715  -2.6728269087920165
7.0200000000000005  4.313392730305367  -2.5221465071546194
7.03  4.399664780239457  -2.3701117297329217
7.04  4.485277322374042  -2.2168038358277196
7.05  4.5702058701850286  -2.0623047741139136
7.0600000000000005  4.6544258344984915  -1.9066971394390035
7.07  4.737912540081485  -1.7500641292664625
7.08  4.820641242556124  -1.59248949978568
7.09  4.902587145616189  -1.4340575217112066
7.1000000000000005  4.983725418525174  -1.2748529357933425
7.11  5.064031213874261  -1.1149609080629939
7.12  5.143479685578181  -0.9544669848331576
7.13  5.2220460070865835  -0.7934570474804622
7.140000000000001  5.299705389788397  -0.632017267029436
7.15  5.376433101585979  -0.4702340585629908
7.16  5.452204485616068  -0.30819403548205493
7.17  5.526994979093712  -0.14598396363825333
7.18  5.600780132255833  0.016309284637189357
7.19  5.673535627380173  0.1785987765846042
7.2  5.745237297855908  0.340797565123286
7.21  5.815861147281611  0.5028187349917647
7.22  5.885383368566388  0.6645754488966511
7.23  5.953780363009942  0.8259809936466203
7.24  6.021028759337318  0.9869488262473448
7.25  6.087105432664103  1.1473926199339026
7.26  6.151987523367776  1.3072263101162582
7.2700000000000005  6.215652455841344  1.4663641402143246
7.28  6.278077957105044  1.6247207073584462
7.29  6.3392420752525895  1.7822110079318378
7.3  6.399123197708051  1.9387504829306927
7.3100000000000005  6.457700069270295  2.094255063118605
7.32  6.514951809921579  2.2486412139513203
7.33  6.570857932377692  2.4018259802486006
7.34  6.625398359357002  2.5537270305891875
7.3500000000000005  6.678553440546296  2.7042627014058405
7.36  6.730303969241599  2.853352040756858
7.37  6.7806311986427215  3.00091485175125
7.38  6.829516857780496  3.1468717356040794
7.390000000000001  6.876943167056348  3.291144134299419
7.4  6.92289285337421  3.4336543728379247
7.41  6.967349164845466  3.57432570104681
7.42  7.010295885047949  3.713082334929392
7.43  7.051717346820798  3.8498494975323627
7.44  7.091598445577571  3.984553459308678
7.45  7.129924652120464  4.117121577954223
7.46  7.166682024939369  4.247482337697015
7.47  7.201857221980063  4.375565388017247
7.48  7.235437511866506  4.501301581777483
7.49  7.267410784563017  4.62462301274199
7.5  7.297765561462816  4.745463052465022
7.51  7.326491004890152  4.863756386527461
7.5200000000000005  7.353576927004021  4.9794390501022745
7.53  7.379013798092305  5.092448462828895
7.54  7.402792754245984  5.202723462977622
7.55  7.424905604403809  5.310204340884694
7.5600000000000005  7.445344836758734  5.41483287163977
7.57  7.464103624518294  5.51655234700735
7.58  7.481175831011854  5.615307606564548
7.59  7.496556014138652  5.711045068037393
7.6000000000000005  7.510239430151312  5.803712756818792
7.61  7.522222036770531  5.893260334651299
7.62  7.532500495627405  5.979639127458585
7.63  7.541072174030825  6.06280215230944
7.640000000000001  7.5479351460582755  6.142704143499082
7.65  7.553088192969203  6.219301577732592
7.66  7.556530802941133  6.292552698396068
7.67  7.558263170129497  6.362417538901147
7.68  7.558286193053145  6.428857945089411
7.69  7.556601472308296  6.491837596683425
7.7  7.553211307614691  6.551322027771614
7.71  7.548118694198497  6.60727864631496
7.72  7.5413273185174745  6.659676752663544
7.73  7.532841553334747  6.708487557071896
7.74  7.522666452148344  6.753684196202321
7.75  7.510807742984643  6.795241748606142
7.76  7.497271821564569  6.833137249173038
7.7700000000000005  7.4820657438522975  6.867349702539478
7.78  7.465197217997018  6.89786009544756
7.79  7.446674595679069  6.924651408046313
7.8  7.426506862872635  6.947708624127879
7.8100000000000005  7.404703630037815  6.96701874029167
7.82  7.381275121755792  6.982570774030176
7.83  7.356232165821397  6.99435577073055
7.84  7.329586181808199  7.002366809586807
7.8500000000000005  7.30134916912184  7.006599008417948
7.86  7.2715336945580855  7.00704952738797
7.87  7.240152879382613  7.0037175716242865
7.88  7.207220385950227  6.996604392731643
7.890000000000001  7.172750403881809  6.9857132891993
7.9  7.1367576358178235  6.971049605699703
7.91  7.099257282767683  6.9526207312776345
7.92  7.060265029074985  6.930436096429314
7.930000000000001  7.019797027018913  6.904507169071552
7.94  6.9778698810726185  6.874847449401735
7.95  6.934500631839843  6.841472463649889
7.96  6.889706739691451  6.804399756724859
7.97  6.843506068123865  6.763648883757089
7.98  6.7959168668616625  6.719241400541172
7.99  6.746957754727143  6.671200852882008
8.0  6.6966477022995825  6.619552764848833
8.01  6.645006014387447  6.564324625942239
8.02  6.592052312336875  6.5055458771797205
8.03  6.537806516199974  6.443247896105963
8.040000000000001  6.482288826786493  6.3774639807346984
8.05  6.42551970762283  6.308229332429634
8.06  6.367519866841936  6.2355810377322065
8.07  6.308310239028292  6.159558049145181
8.08  6.24791196704157  6.080201164880982
8.09  6.186346383843011  5.997553007584738
8.1  6.123634994348236  5.9116580020423655
8.11  6.05979945733012  5.82256235188473
8.120000000000001  5.994861567395414  5.730314015299366
8.13  5.928843237058468  5.634962679762044
8.14  5.861766478935146  5.536559735800687
8.15  5.79365338808009  5.435158249805033
8.16  5.724526124489923  5.330812935895928
8.17  5.6544068957949145  5.2235801268684705
8.18  5.583317940161037  5.113517744224071
8.19  5.511281509424384  5.000685267306789
8.2  5.438319852479183  4.8851437015600325
8.21  5.364455198940291  4.766955545920004
8.22  5.289709743100947  4.646184759363236
8.23  5.214105628205387  4.5228967266251185
8.24  5.137664931056357  4.397158223108241
8.25  5.060409646976089  4.269037378998491
8.26  4.982361675139496  4.138603642608147
8.27  4.903542804297375  4.005927742965367
8.28  4.8239746989067624  3.871081651670045
8.290000000000001  4.743678885685352  3.7341385440363335
8.3  4.662676740605731  3.5951727595428054
8.31  4.580989476344908  3.4542597616112514
8.32  4.4986381302036795  3.311476096735922
8.33  4.415643552509848  3.1668993529853258
8.34  4.332026395518442  3.020608117898903
8.35  4.247807102821263  2.872681935801435
8.36  4.163005899277713  2.723201264558438
8.370000000000001  4.0776427814774125  2.5722474317960144
8.38  3.9917375087451865  2.4199025906092095
8.39  3.9053095946971146  2.2662496747827334
8.4  3.818378299356677  2.11137235354916
8.41  3.7309626218383145  1.9553549859087593
8.42  3.6430812936051495  1.7982825745366782
8.43  3.5547527723070806  1.6402407193025013
8.44  3.465995236203978  1.4813155704279628
8.45  3.37682657917849  1.3215937813087106
8.46  3.287264406341653  1.1611624610261861
8.47  3.1973260302337594  1.000109126576117
8.48  3.107028467622158  0.8385216548399034
8.49  3.016388436896597  0.6764882343257692
8.5  2.9254223560621315  0.5140973167066625
8.51  2.8341463413282892  0.3514375681817398
8.52  2.7425762062928256  0.18859782068872957
8.53  2.6507274617172265  0.025667022994426848
8.540000000000001  2.5586153158901475  -0.13726580830927212
8.55  2.466254675574674  -0.30011163787620054
8.56  2.3736601475335326  -0.46278146071641624
8.57  2.2808460406266495  -0.6251863513181448
8.58  2.1878263684735324  -0.7872375127542193
8.59  2.0946148526730166  -0.948846325744734
8.6  2.0012249265715734  -1.1099243976486102
8.61  1.9076697395707172  -1.2703836113562657
8.620000000000001  1.8139621619634516  -1.4301361740557914
8.63  1.7201147902888176  -1.5890946658449048
8.64  1.6261399531925873  -1.747172088161502
8.65  1.5320497177819987  -1.9042819120048968
8.66  1.4378558964612886  -2.0603381259206084
8.67  1.3435700542342663  -2.215255283721667
8.68  1.249203516459316  -2.3689485519188676
8.69  1.1547673770420062  -2.5213337568333465
8.700000000000001  1.0602725070494328  -2.6723274313645753
8.71  0.9657295637300787  -2.8218468613870096
8.72  0.8711489999221953  -2.9698101317493175
8.73  0.7765410738336453  -3.116136171849526
8.74  0.6819158591751008  -3.26074480076031
8.75  0.5872832556282008  -3.403556771878876
8.76  0.492652999630082  -3.5444938170755376
8.77  0.3980346754549761  -3.6834786903161274
8.78  0.3034377265731372  -3.8204352107331765
8.790000000000001  0.20887146726750558  -3.955288305121347
8.8  0.11434509448748248  -4.087964049832707
8.81  0.019867699919561208  -4.21838971204823
8.82  -0.07455171774616247  -4.346493790401587
8.83  -0.16890424037442253  -4.47220605493221
8.84  -0.26318101778939457  -4.595457586345002
8.85  -0.3573732550469307  -4.71618081455397
8.86  -0.45147219959548374  -4.834309556488049
8.870000000000001  -0.54546912834762  -4.949779053137525
8.88  -0.6393553346830942  -5.062526005819897
8.89  -0.7331221154055642  -5.172488611644787
8.9  -0.8267607576737519  -5.279606598157478
8.91  -0.9202625259287183  -5.383821257141682
8.92  -1.0136186488384342  -5.485075477562237
8.93  -1.1068203062803452  -5.583313777629392
8.94  -1.1998586163830587  -5.678482335966315
8.950000000000001  -1.2927246226473297  -5.770529021862574
8.96  -1.3854092811665706  -5.859403424596489
8.97  -1.4779034479669841  -5.945056881810259
8.98  -1.5701978664861438  -6.027442506921787
8.99  -1.66228315520955  -6.106515215558376
9.0  -1.7541497954830563  -6.182231750997578
9.01  -1.8457881195194672  -6.254550708601551
9.02  -1.9371882986162114  -6.323432559231501
9.03  -2.028340331600793  -6.388839671629848
9.040000000000001  -2.1192340335200006  -6.450736333758217
9.05  -2.2098590245875673  -6.509088773080083
9.06  -2.3002047194050297  -6.563865175777785
9.07  -2.390260316468561  -6.615035704894055
9.08  -2.480014787974417  -6.662572517389293
9.09  -2.569456869934308  -6.706449780106304
9.1  -2.658575052610579  -6.746643684635302
9.11  -2.747357571280528  -6.783132461072435
9.120000000000001  -2.8357923973372268  -6.815896390666267
9.13  -2.923867229733195  -6.844917817347246
9.14  -3.011569486772039  -6.870181158136265
9.15  -3.0988862982507537  -6.891672912429127
9.16  -3.1858044979547606  -6.909381670154842
9.17  -3.2723106165049525  -6.923298118806502
9.18  -3.358390874554856  -6.933415049344584
9.19  -3.4440311763332674  -6.939727360973477
9.200000000000001  -3.5292171035258284  -6.942232064793157
9.21  -3.613933909486492  -6.940928286329027
9.22  -3.6981665137669726  -6.93581726694409
9.23  -3.7818994969496247  -6.926902364138922
9.24  -3.8651170957657315  -6.91418905074607
9.25  -3.9478031984781836  -6.897684913026981
9.26  -4.029941340503254  -6.877399647680955
9.27  -4.111514700242373  -6.853345057777095
9.28  -4.192506095090299  -6.8255350476219565
9.290000000000001  -4.272897977580704  -6.793985616577266
9.3  -4.3526724316249705  -6.758714851844008
9.31  -4.431811168793868  -6.719742920231161
9.32  -4.510295524584554  -6.677092058929648
9.33  -4.5881064546079795  -6.630786565314418
9.34  -4.665224530623124  -6.580852785800246
9.35  -4.741629936334874  -6.527319103779778
9.36  -4.817302462861278  -6.470215926675461
9.370000000000001  -4.892221503763872  -6.409575672140761
9.38  -4.966366049520655  -6.345432753449995
9.39  -5.039714681305606  -6.277823564120414
9.4  -5.11224556392018  -6.206786461815658
9.41  -5.183936437701914  -6.132361751584999
9.42  -5.254764609211304  -6.054591668499554
9.43  -5.324706940470653  -5.973520359754112
9.44  -5.393739836497035  -5.889193866311417
9.450000000000001  -5.461839230835063  -5.8016601041761025
9.46  -5.528980568752042  -5.710968845396347
9.47  -5.5951387877091925  -5.617171698904537
9.48  -5.660288294663702  -5.520322091323856
9.49  -5.724402939688991  -5.420475247885206
9.5  -5.787455985319824  -5.317688173620129
9.51  -5.84942007093439  -5.212019635020029
9.52  -5.910267171373202  -5.10353014238141
9.53  -5.969968548860804  -4.992281933091214
9.540000000000001  -6.028494697137198  -4.878338956148346
9.55  -6.085815276514289  -4.761766858266576
9.56  -6.14189903834336  -4.642632971963546
9.57  -6.196713737101199  -4.521006306113028
9.58  -6.250226027966343  -4.396957539524103
9.59  -6.302401347346383  -4.270559018217441
9.6  -6.353203773315215  -4.141884757198477
9.61  -6.402595862302437  -4.011010447687019
9.620000000000001  -6.450538457614324  -3.8780134709594702
9.63  -6.496990464419519  -3.7429729202053976
9.64  -6.541908584650887  -3.6059696321046757
9.65  -6.585247003790979  -3.4670862302162666
9.66  -6.6269570196354755  -3.3264071827535693
9.67  -6.666986600747333  -3.184018877937891
9.68  -6.705279859269255  -3.04000972090995
9.69  -6.7417764188385565  -2.894470257195454
9.700000000000001  -6.776410653258912  -2.747493329039304
9.71  -6.809110764927358  -2.599174272649321
9.72  -6.839797663240202  -2.4496111666654103
9.73  -6.868383591530884  -2.2989051452003735
9.74  -6.894770435426419  -2.1471607928667247
9.75  -6.918847624268187  -1.99448664472514
9.76  -6.940489508136482  -1.8409958216610742
9.77  -6.959552052677226  -1.6868068421983913
9.78  -6.9758686373284435  -1.5320446665078276
9.790000000000001  -6.989244662075367  -1.3768420493567473
9.8  -6.9994505518205585  -1.2213413090486969
9.81  -7.006212577507543  -1.06569666382972
9.82  -7.009200660028266  -0.9100773534969829
9.83  -7.0080119390132305  -0.7546718645934499
9.84  -7.002148294424737  -0.5996937335902048
9.85  -6.99098506879252  -0.4453896497460041
9.86  -6.9737267138714065  -0.2920509810519641
9.870000000000001  -6.949342546921836  -0.14003051734460245
9.88  -6.916471443797651  0.01023262091765158
9.89  -6.8732765569429  0.15817490336316892
9.9  -6.817216868332252  0.30304832742667925
9.91  -6.744674880290065  0.44382219310614873
9.92  -6.650324076897858  0.5790155441945213
9.93  -6.5260006039142615  0.7063967945236183
9.94  -6.358571624550925  0.8224126634203273
9.950000000000001  -6.125626480948005  0.9210240211549774
9.96  -5.786061513211217  0.9911308855467866
9.97  -5.257771359001699  1.0103504347734449
9.98  -4.3625480937126895  0.929046497172787
9.99  -2.7227269261198384  0.6362691229721887
10.0  -1.1882164313173872e-13  3.02225079577369e-14
