0.0  0.0  0.0
0.01  0.9497469062825681  -2.0843037557238673
0.02  1.573281778917424  -3.284636274242712
0.03  1.9583311090580418  -3.891190269546567
0.04  2.223695931104489  -4.206574612385123
0.05  2.42700919268637  -4.371981890351686
0.06  2.595121036989049  -4.4521780296921385
0.07  2.7415509073265936  -4.47952570405156
0.08  2.873693033962568  -4.471664259380917
0.09  2.995886571531165  -4.438941292414213
0.1  3.110828802934088  -4.387805251176785
0.11  3.220277038161449  -4.322480928914096
0.12  3.325421218326866  -4.245855209651598
0.13  3.4270932626303803  -4.1599731266160624
0.14  3.5258905069767743  -4.06632960321889
0.15  3.622251555008579  -3.966048340094577
0.16  3.7165045745693495  -3.859995508955658
0.17  3.8088990139154286  -3.7488542941053287
0.18  3.8996270004072286  -3.6331751100655123
0.19  3.988838126333048  -3.513410250801723
0.2  4.0766498839829675  -3.3899383083317027
0.21  4.163155170784443  -3.263081708725094
0.22  4.248427779694231  -3.1331195194680803
0.23  4.332526477875477  -3.0002969459529116
0.24  4.415498079223206  -2.8648324696946803
0.25  4.497379788615057  -2.7269232804099426
0.26  4.578201011531115  -2.5867494560643602
0.27  4.65798476609557  -2.444477212066891
0.28  4.7367487959307555  -2.3002614500433975
0.29  4.814506455390963  -2.15424777371021
0.3  4.8912674198676385  -2.0065740951249555
0.31  4.967038260398541  -1.8573719230643726
0.32  5.0418229120987945  -1.7067674025353476
0.33  5.115623058839661  -1.554882157830511
0.34  5.188438451368182  -1.4018339793017496
0.35000000000000003  5.260267172161389  -1.2477373849098323
0.36  5.33110585737601  -1.0927040807555777
0.37  5.400949884029238  -0.9368433396008717
0.38  5.469793528843803  -0.7802623124137712
0.39  5.53763010387812  -0.6230662849093529
0.4  5.604452073043039  -0.465358888680696
0.41000000000000003  5.6702511528095325  -0.3072422746559311
0.42  5.735018399784337  -0.14881725515519773
0.43  5.798744287333399  0.00981658033633607
0.44  5.861418773037037  0.1685607714851578
0.45  5.923031358443346  0.32731791206005323
0.46  5.983571142330706  0.4859915906554172
0.47000000000000003  6.043026868483186  0.6444863448072441
0.48  6.101386968814176  0.8027076265130816
0.49  6.158639602535743  0.9605617774870492
0.5  6.214772691958128  1.1179560127434003
0.51  6.26977395541038  1.274798411318507
0.52  6.323630937695841  1.4309979131200996
0.53  6.376331038431904  1.5864643210414298
0.54  6.4278615385697035  1.7411083076020528
0.55  6.478209625344501  1.8948414254808672
0.56  6.527362415869638  2.04757612139426
0.5700000000000001  6.575306979555005  2.199225752845838
0.58  6.6220303595039764  2.34970460733643
0.59  6.667519593019754  2.498927923675853
0.6  6.711761731332581  2.6468119150828864
0.61  6.754743858642507  2.7932737937983183
0.62  6.796453110558096  2.9382317969687546
0.63  6.836876691999218  3.081605213587135
0.64  6.876001894621399  3.2233144123002493
0.65  6.91381611381012  3.3632808699145182
0.66  6.95030686528557  3.501427200449558
0.67  6.985461801351417  3.637677184604807
0.68  7.0192687268153335  3.7719557995183313
0.6900000000000001  7.051715614603749  3.9041892487089163
0.7000000000000001  7.082790621088836  4.034304992103129
0.71  7.11248210114181  4.162231776058273
0.72  7.140778622923203  4.2878996633003545
0.73  7.167668982417763  4.411240062703347
0.74  7.193142217719044  4.532185758842459
0.75  7.217187623066455  4.65067094125979
0.76  7.239794762635607  4.766631233385801
0.77  7.260953484080964  4.880003721064542
0.78  7.280653931828447  4.990726980634682
0.79  7.298886560114212  5.0987411065219845
0.8  7.3156421457647856  5.2039877383021835
0.81  7.330911800712787  5.306410087196206
0.8200000000000001  7.34468698424155  5.405952961962385
0.8300000000000001  7.356959514951439  5.502562794152766
0.84  7.3677215824399  5.596187662702899
0.85  7.3769657586869775  5.686777317826538
0.86  7.384685009137525  5.774283204188619
0.87  7.390872703471148  5.858658483331612
0.88  7.395522626050646  5.939858055332028
0.89  7.398628986039619  6.017838579665328
0.9  7.400186427179784  6.092558495258951
0.91  7.400190037218585  6.16397803971448
0.92  7.398635356977699  6.23205926768125
0.93  7.395518389053099  6.296766068364843
0.9400000000000001  7.390835606137532  6.358064182155078
0.9500000000000001  7.384583958956387  6.4159212163591475
0.96  7.3767608838082195  6.470306660026558
0.97  7.367364309701368  6.521191897853534
0.98  7.356392665078457  6.568550223155416
0.99  7.343844884120901  6.6123568498965515
1.0  7.329720412625792  6.652588923767965
1.01  7.314019213448064  6.689225532303956
1.02  7.296741771501099  6.722247714029585
1.03  7.277889098309463  6.751638466631771
1.04  7.257462736107833  6.777382754147481
1.05  7.23546476148072  6.799467513163218
1.06  7.211897788537984  6.817881658020761
1.07  7.186764971621718  6.832616085024798
1.08  7.160070007540558  6.843663675648745
1.09  7.131817137327992  6.851019298735761
1.1  7.102011147521814  6.854679811692635
1.11  7.070657370962391  6.854644060674766
1.12  7.037761687107984  6.850912879761255
1.1300000000000001  7.0033305218659345  6.843489089119588
1.1400000000000001  6.967370846939095  6.832377492160102
1.1500000000000001  6.929890178687458  6.817584871680998
1.16  6.89089657650557  6.799119985005252
1.17  6.850398640716797  6.7769935581113785
1.18  6.808405509986234  6.75121827876055
1.19  6.764926858254556  6.721808788623167
1.2  6.719972891195688  6.688781674408535
1.21  6.673554342201848  6.652155458001823
1.22  6.625682467900019  6.611950585613095
1.23  6.576369043204515  6.568189415943632
1.24  6.525626355910934  6.520896207375421
1.25  6.473467200837294  6.4700971041901125
1.26  6.419904873518761  6.415820121824315
1.27  6.364953163462963  6.358095131168581
1.28  6.308626346973348  6.296953841917972
1.29  6.250939179548739  6.23242978498253
1.3  6.1919068878675905  6.164558293966554
1.31  6.131545161366173  6.093376485725984
1.32  6.069870143420246  6.018923240013716
1.33  6.006898422140442  5.941239178223118
1.34  5.942647020791942  5.860366641240513
1.35  5.877133387849583  5.776349666417793
1.36  5.81037538669998  5.6892339636768305
1.37  5.742391285002677  5.599066890757766
1.3800000000000001  5.673199743722778  5.505897427623685
1.3900000000000001  5.602819805847938  5.409776150034644
1.4000000000000001  5.53127088480298  5.310755202304372
1.41  5.458572752575788  5.208888269253473
1.42  5.384745527568471  5.10423054737326
1.43  5.309809662188182  4.996838715214836
1.44  5.233785930192236  4.886770903018338
1.45  5.156695413802537  4.774086661597725
1.46  5.078559490604543  4.658846930496829
1.47  4.99939982024636  4.541114005432702
1.48  4.919238330953659  4.420951505042754
1.49  4.838097205876454  4.298424336952425
1.5  4.755998869283948  4.173598663180559
1.51  4.672965972623752  4.046541864899884
1.52  4.589021380462059  3.917322506570419
1.53  4.5041881563214154  3.7860102994639124
1.54  4.418489548432794  3.652676064597667
1.55  4.331948975418935  3.517391695096499
1.56  4.244590011925734  3.380230118001777
1.57  4.156436374218749  3.241265255546859
1.58  4.067511905761722  3.1005719859184073
1.59  3.9778405627940923  2.9582261035234225
1.6  3.887446399924467  2.814304278782025
1.61  3.7963535557568964  2.668884017466287
1.62  3.7045862385667796  2.5220436196056273
1.6300000000000001  3.612168712043098  2.3738621379795433
1.6400000000000001  3.5191252811135674  2.224419336218611
1.6500000000000001  3.42548027786914  2.0737956465349354
1.6600000000000001  3.3312580476041482  1.9220721271034302
1.67  3.236482934988145  1.7693304191154278
1.68  3.1411792703853476  1.6156527035263846
1.69  3.0453713563372875  1.4611216575195467
1.7  2.9490834542240774  1.305820410707607
1.71  2.8523397711193903  1.1498325010945452
1.72  2.7551644468539522  0.9932418308199704
1.73  2.6575815413020876  0.8361326217084007
1.74  2.559615021905384  0.6785893706460221
1.75  2.4612887514473862  0.5206968048076202
1.76  2.3626264760926596  0.36253983675638
1.77  2.2636518137033055  0.20420351943941578
1.78  2.16438824244551  0.04577300110193035
1.79  2.064859089698371  -0.11266651985704734
1.8  1.9650875212766736  -0.27102984006433545
1.81  1.8650965309789898  -0.4292317963646225
1.82  1.7649089304718368  -0.5871873110017828
1.83  1.6645473395202572  -0.7448114367663727
1.84  1.5640341765746228  -0.902019402086223
1.85  1.4633916497229291  -1.0587266560370203
1.86  1.3626417480174025  -1.2148489132498093
1.87  1.2618062331835878  -1.3703021986923505
1.8800000000000001  1.1609066317196073  -1.525002892301334
1.8900000000000001  1.0599642273927112  -1.6788677734424693
1.9000000000000001  0.9590000541395901  -1.831814065175549
1.9100000000000001  0.8580348893764824  -1.9837594783016503
1.92  0.7570892477243695  -2.13462225516972
1.93  0.656183375154046  -2.284321213219898
1.94  0.5553372435552251  -2.4327757882409595
1.95  0.4545705457332222  -2.579906077319524
1.96  0.35390269083616077  -2.725632881458634
1.97  0.25335280021502105  -2.8698777478435744
1.98  0.152939703718231  -3.01256301173286
1.99  0.0526819364219025  -3.153611837952539
2.0  -0.047402264203876124  -3.2929482619721093
2.0100000000000002  -0.1472949606927919  -3.430497230540501
2.02  -0.24697851754489566  -3.5661846418607883
2.0300000000000002  -0.34643560275550994  -3.6999373852825808
2.04  -0.445649188912306  -3.8316833804909995
2.05  -0.5446025538633714  -3.961351616171732
2.06  -0.6432792809593745  -4.088872188131598
2.07  -0.7416632588736806  -4.214176336854372
2.08  -0.8397386810049496  -4.337196484472069
2.09  -0.9374900444671304  -4.457866271131733
2.1  -1.034902148672543  -4.5761205907386096
2.11  -1.1319600935141836  -4.691895626056252
2.12  -1.228649277154082  -4.805128883145029
2.13  -1.324955393424891  -4.915759225120206
2.14  -1.420864428852706  -5.02372690521165
2.15  -1.51636265930937  -5.128973599107024
2.16  -1.6114366463032845  -5.231442436561134
2.17  -1.7060732329179844  -5.331078032254021
2.18  -1.8002595394085739  -5.427826515881093
2.19  -1.8939829584661951  -5.521635561458716
2.2  -1.9872311501615543  -5.61245441582918
2.21  -2.0799920365786506  -5.700233926349289
2.22  -2.1722537961505513  -5.784926567747258
2.23  -2.2640048577092116  -5.866486468132923
2.24  -2.3552338942619997  -5.944869434146776
2.25  -2.445929816507736  -6.0200329752337005
2.2600000000000002  -2.53608176610555  -6.091936327027659
2.27  -2.6256791087101323  -6.160540473834189
2.2800000000000002  -2.7147114267873533  -6.225808170197756
2.29  -2.803168512224366  -6.287703961541719
2.3000000000000003  -2.891040358748805  -6.346194203868912
2.31  -2.9783171541717444  -6.4012470825114445
2.32  -3.0649892724694405  -6.452832629918765
2.33  -3.1510472657190642  -6.500922742473429
2.34  -3.2364818559037603  -6.545491196324641
2.35  -3.321283926602695  -6.58651366223002
2.36  -3.4054445145816734  -6.6239677193965845
2.37  -3.4889548013002742  -6.6578328683124415
2.38  -3.5718061043513094  -6.688090542561195
2.39  -3.6539898688487353  -6.714724119611603
2.4  -3.7354976587799844  -6.7377189305755
2.41  -3.816321148338849  -6.757062268927585
2.42  -3.896452113254987  -6.772743398181154
2.43  -3.9758824221361877  -6.784753558514454
2.44  -4.05460402783933  -6.793085972342807
2.45  -4.132608958886144  -6.797735848832268
2.46  -4.2098893109395314  -6.798700387351059
2.47  -4.286437238356365  -6.795978779855669
2.48  -4.362244945832247  -6.789572212208966
2.49  -4.437304680153922  -6.779483864428292
2.5  -4.511608722074435  -6.765718909862078
2.5100000000000002  -4.585149378326369  -6.748284513294019
2.52  -4.65791897378787  -6.727189827974523
2.5300000000000002  -4.7299098438162535  -6.702445991579587
2.54  -4.801114326763429  -6.674066121097965
2.5500000000000003  -4.871524756687419  -6.642065306647938
2.56  -4.941133456273561  -6.606460604225678
2.57  -5.0099327299790355  -6.567271027387681
2.58  -5.077914857413723  -6.524517537870405
2.59  -5.145072086970166  -6.478223035150779
2.6  -5.211396629715031  -6.428412344951779
2.61  -5.276880653553994  -6.375112206697983
2.62  -5.341516277681633  -6.318351259926417
2.63  -5.405295567327363  -6.258160029658754
2.64  -5.468210528808175  -6.1945709107412865
2.65  -5.530253104898217  -6.127618151159971
2.66  -5.591415170525075  -6.057337834337999
2.67  -5.65168852880179  -5.983767860424394
2.68  -5.711064907403453  -5.9069479265822125
2.69  -5.769535955296399  -5.8269195062859405
2.7  -5.827093239827714  -5.743725827637817
2.71  -5.8837282441821115  -5.657411850713769
2.72  -5.939432365212664  -5.5680242439497984
2.73  -5.994196911651347  -5.475611359580587
2.74  -6.048013102704798  -5.380223208142279
2.75  -6.100872067040001  -5.281911432052231
2.7600000000000002  -6.15276484216415  -5.180729278278827
2.77  -6.2036823742022245  -5.07673157011512
2.7800000000000002  -6.253615518075305  -4.96997467807051
2.79  -6.302555038081916  -4.86051648989521
2.8000000000000003  -6.350491608884271  -4.7484163797527525
2.81  -6.397415816900408  -4.633735176556274
2.82  -6.4433181621028695  -4.516535131484843
2.83  -6.488189060223699  -4.39687988469649
2.84  -6.5320188453651005  -4.274834431255284
2.85  -6.57479777301439  -4.150465086289895
2.86  -6.61651602346124  -4.023839449402039
2.87  -6.657163705614664  -3.8950263683431214
2.88  -6.696730861216496  -3.764095901978341
2.89  -6.735207469447602  -3.631119282557506
2.9  -6.77258345192231  -3.4961688773125563
2.91  -6.808848678066169  -3.3593181494020463
2.92  -6.843992970871242  -3.2206416182232567
2.93  -6.878006113022924  -3.080214819113056
2.94  -6.910877853391321  -2.9381142624589267
2.95  -6.942597913879977  -2.794417392242034
2.96  -6.973155996623935  -2.649202544034483
2.97  -7.002541791528753  -2.5025489024733387
2.98  -7.030744984141401  -2.354536458234243
2.99  -7.057755263843588  -2.205245964527849
3.0  -7.0835623323574195  -2.054758893142567
3.0100000000000002  -7.108155912552904  -1.9031573900574237
3.02  -7.131525757546249  -1.7505242306491111
3.0300000000000002  -7.1536616600774865  -1.5969427745175688
3.04  -7.174553462155485  -1.4424969199548312
3.0500000000000003  -7.194191064957964  -1.2872710580817377
3.06  -7.212564438973716  -1.131350026677962
3.0700000000000003  -7.229663634373851  -0.9748190637302793
3.08  -7.245478791598465  -0.8177637607249655
3.09  -7.260000152144815  -0.6602700157096585
3.1  -7.273218069542667  -0.502423986150894
3.11  -7.285123020502257  -0.34431204161310375
3.12  -7.295705616219887  -0.18602071628538974
3.13  -7.304956613825999  -0.0276366613823373
3.14  -7.312866927960225  0.130753402554692
3.15  -7.319427642457737  0.2890627334292594
3.16  -7.324630022130919  0.44720461540796813
3.17  -7.3284655246302846  0.6050924067581869
3.18  -7.330925812368321  0.7626395876789029
3.19  -7.332002764489789  0.9197598080975734
3.2  -7.331688488871916  1.0763669354065704
3.21  -7.329975334137801  1.232375102112022
3.22  -7.326855901666244  1.3876987533686405
3.23  -7.322323057581168  1.5422526943733823
3.24  -7.316369944703802  1.6959521375915942
3.25  -7.308989994450718  1.8487127497885825
3.2600000000000002  -7.300176938660861  2.0004506988403836
3.27  -7.289924821334789  2.1510827002968567
3.2800000000000002  -7.2782280102692845  2.300526063671036
3.29  -7.26508120857073  2.448698738428108
3.3000000000000003  -7.250479466030619  2.5955193596482
3.31  -7.234418190346783  2.7409072933366425
3.3200000000000003  -7.216893158174049  2.8847826813561874
3.33  -7.19790052598819  3.027066485955243
3.34  -7.177436840747284  3.167680533866882
3.35  -7.155499050334777  3.306547559953301
3.36  -7.132084513768788  3.4435912503706487
3.37  -7.107191011162523  3.5787362852296707
3.38  -7.080816753420865  3.7119083807273814
3.39  -7.052960391658563  3.8430343307258323
3.4  -7.023621026325816  3.9720420477537655
3.41  -6.992798216027271  4.098860603407799
3.42  -6.960491986021024  4.22342026812954
3.43  -6.926702836384333  4.345652550335983
3.44  -6.891431749833495  4.4654902348802334
3.45  -6.854680199185415  4.582867420820628
3.46  -6.816450154449144  4.697719558476092
3.47  -6.776744089535935  4.809983485746489
3.48  -6.735564988576895  4.9195974636766735
3.49  -6.692916351837866  5.02650121124383
3.5  -6.648802201221584  5.130635939347611
3.5100000000000002  -6.603227085347768  5.231944383983588
3.52  -6.556196084202296  5.330370838580425
3.5300000000000002  -6.507714813347123  5.425861185482193
3.54  -6.457789427683375  5.518362926557263
3.5500000000000003  -6.406426624760245  5.607825212916098
3.56  -6.35363364762338  5.694198873720442
3.5700000000000003  -6.299418287196602  5.77743644406726
3.58  -6.243788884191729  5.857492191930944
3.59  -6.1867543305417465  5.934322144148248
3.6  -6.128324070353166  6.007884111430602
3.61  -6.0685081003741805  6.078137712389251
3.62  -6.0073169699756885  6.1450443965592205
3.63  -5.944761780643066  6.208567466408545
3.64  -5.8808541849770934  6.268672098320013
3.65  -5.8156063852031465  6.325325362533065
3.66  -5.749031131188433  6.378496242034329
3.67  -5.681141717967674  6.428155650385624
3.68  -5.611951982778255  6.4742764484792295
3.69  -5.541476301606719  6.516833460210504
3.7  -5.469729585248791  6.5558034870589
3.71  -5.396727274886148  6.591165321568831
3.72  -5.3224853371835605  6.622899759722721
3.73  -5.24702025891075  6.650989612199022
3.74  -5.170349041094009  6.675419714508903
3.75  -5.092489192703191  6.696176936005728
3.7600000000000002  -5.013458723880374  6.713250187762427
3.77  -4.933276138717137  6.726630429312274
3.7800000000000002  -4.851960427587916  6.736310674249515
3.79  -4.769531059047795  6.742285994686852
3.8000000000000003  -4.68600797130323  6.7445535245675865
3.81  -4.601411563265436  6.7431124618308775
3.8200000000000003  -4.515762685196108  6.737964069429377
3.83  -4.429082628956275  6.729111675199135
3.84  -4.341393117869316  6.716560670582461
3.85  -4.25271629620993  6.700318508205179
3.86  -4.163074718331287  6.6803946983103915
3.87  -4.0724913374432195  6.656800804051656
3.88  -3.9809894940548016  6.629550435649259
3.89  -3.8885929040952076  6.598659243413907
3.9  -3.795325646727245  6.564144909643095
3.91  -3.701212151868465  6.52602713939597
3.92  -3.606277187435282  6.4843276501534906
3.93  -3.510545846325833  6.4390701603712115
3.94  -3.4140435331581873  6.39028037693307
3.95  -3.3167959507803393  6.337985981515084
3.96  -3.2188290865696256  6.282216615868857
3.97  -3.120169198538881  6.223003866035416
3.98  -3.0208428012677166  6.160381245500893
3.99  -2.9208766516773013  6.094384177306152
4.0  -2.820297734667644  6.025049975123544
4.01  -2.719133248636708  5.9524178233145095
4.0200000000000005  -2.617410590901102  5.876528755982866
4.03  -2.5151573430385508  5.797425635039344
4.04  -2.41240125617257  5.715153127293675
4.05  -2.309170236220416  5.62975768059175
4.0600000000000005  -2.205492329125604  5.541287499015955
4.07  -2.101395706096734  5.4497925171678885
4.08  -1.9969086488747567  5.355324373553558
4.09  -1.8920595350513845  5.257936383092122
4.1  -1.78687682346154  5.157683508770344
4.11  -1.6813890396734967  5.0546223324658275
4.12  -1.5756247616005858  4.9488110249633674
4.13  -1.4696126052590124  4.840309315189557
4.14  -1.3633812106969228  4.729178458692496
4.15  -1.256959228120345  4.6154812053941665
4.16  -1.1503753042424134  4.499281766644728
4.17  -1.0436580688828192  4.380645781608988
4.18  -0.936836121845597  4.259640283017327
4.19  -0.8299380201037613  4.136333662314376
4.2  -0.7229922653207511  4.0107956342407896
4.21  -0.6160272917393638  3.883097200885065
4.22  -0.5090714544704449  3.753310615244466
4.23  -0.4021530182146834  3.6215093443362045
4.24  -0.29530014645274927  3.487768031902303
4.25  -0.18854089114040445  3.3521624607540716
4.26  -0.0819031829476811  3.214769514805023
4.2700000000000005  0.024585177916846952  3.075667140844091
4.28  0.13089653025283632  2.9349343101043837
4.29  0.237003359739366  2.7926509796863686
4.3  0.3428783060802907  2.6488980538988076
4.3100000000000005  0.44849416936981795  2.5037573455853157
4.32  0.5538239156199029  2.3573115375096845
4.33  0.6588406813860305  2.209644143878895
4.34  0.7635177774220011  2.060839472089822
4.3500000000000005  0.8678286912879496  1.910982584792527
4.36  0.9717470888278178  1.7601592623723052
4.37  1.075246814424284  1.6084559659616589
4.38  1.1783018899282085  1.4559598011051496
4.39  1.280886512148768  1.3027584822120786
4.4  1.3829750487763899  1.1489402979470944
4.41  1.4845420325951324  0.9945940777251526
4.42  1.585562153823115  0.839809159496566
4.43  1.6860102503981331  0.6846753590302777
4.44  1.785861296001494  0.5292829409292601
4.45  1.885090385583996  0.3737225916418725
4.46  1.9836727181247695  0.21808539476784858
4.47  2.0815835763140647  0.06246280899886969
4.48  2.178798302805153  -0.09305335091911526
4.49  2.275292272625729  -0.24837092975762545
4.5  2.37104086127526  -0.4033974434016362
4.51  2.4660194079580595  -0.5580400858807307
4.5200000000000005  2.560203173311589  -0.7122057311539294
4.53  2.653567290881269  -0.86580092885496
4.54  2.7460867114641276  -1.0187318930729303
4.55  2.8377361392881393  -1.1709044830835678
4.5600000000000005  2.928489958807804  -1.3222241747555281
4.57  3.018322150670197  -1.4725960211241915
4.58  3.107206195131869  -1.6219246003453431
4.59  3.195114960872369  -1.7701139488984303
4.6000000000000005  3.2820205767411825  -1.9170674774907264
4.61  3.367894283471135  -2.0626878665987305
4.62  3.4527062617694684  -2.206876937946734
4.63  3.5364254324245126  -2.3495354974321883
4.64  3.619019223100984  -2.490563144020789
4.65  3.7004532952847917  -2.629858037895196
4.66  3.7806912233070755  -2.7673166195758285
4.67  3.8596941154316586  -2.902833269743655
4.68  3.9374201644999407  -3.0362998969495387
4.69  4.0138241124208625  -3.1676054371174027
4.7  4.088856608631506  -3.2966352444941984
4.71  4.162463437211965  -3.4232703481378266
4.72  4.234584580162103  -3.5473865406993386
4.73  4.305153074803592  -3.6688532565011953
4.74  4.374093610456897  -3.787532182816235
4.75  4.441320792168342  -3.903275530494546
4.76  4.506736975451836  -4.015923865748858
4.7700000000000005  4.570229543005673  -4.125303371176556
4.78  4.631667448052868  -4.23122235676221
4.79  4.690896783105605  -4.333466774302687
4.8  4.747735037984234  -4.431794391630236
4.8100000000000005  4.801963571817148  -4.525927140833077
4.82  4.853317616545974  -4.615540942895881
4.83  4.901472815113604  -4.700251989892938
4.84  4.946026810938604  -4.779597968545852
4.8500000000000005  4.986473635294357  -4.853011921963377
4.86  5.022167390633722  -4.919785170219021
4.87  5.052269647658926  -4.97901358421623
4.88  5.075671401716477  -5.029517856128925
4.89  5.090874088305889  -5.069721923656246
4.9  5.095802445261868  -5.097461734186752
4.91  5.087499434348397  -5.109673461004568
4.92  5.061607719804147  -5.1018635574716
4.93  5.0114442554214405  -5.067162922585964
4.94  4.926250786270632  -4.99453875541242
4.95  4.787654162545084  -4.865176619857194
4.96  4.5619212373288445  -4.644564042726366
4.97  4.181566273923489  -4.263691026855057
4.98  3.499717239987878  -3.572407356566424
4.99  2.2031185717455726  -2.250515349389374
5.0  4.848737318704783e-14  -4.954803401177016e-14
5.01  -2.23863719026783  2.2875740302152945
5.0200000000000005  -3.613507575483153  3.6911035694007572
5.03  -4.387264619511852  4.478173399852394
5.04  -4.8637862372426675  4.959146584233821
5.05  -5.187268418795256  5.281332082112454
5.0600000000000005  -5.424298046170039  5.512753384531345
5.07  -5.608249197318498  5.687499976870917
5.08  -5.757329398393639  5.8241654476403255
5.09  -5.882210800308772  5.933645048102875
5.1000000000000005  -5.989526754733718  6.022708684722456
5.11  -6.083603039829283  6.095770041096717
5.12  -6.1673747841394695  6.155823598055542
5.13  -6.242900735859923  6.2049701861118205
5.14  -6.311666072877014  6.244726445657758
5.15  -6.3747682636657315  6.276214773329955
5.16  -6.433035298451357  6.300284154133356
5.17  -6.487103269392492  6.317589449326274
5.18  -6.537468677345725  6.32864485479474
5.19  -6.58452455243112  6.333860816461519
5.2  -6.6285859323690834  6.333570068347143
5.21  -6.669908178067573  6.328046349130907
5.22  -6.708700366228633  6.317518086152666
5.23  -6.745135233909581  6.302178554178642
5.24  -6.779356666477707  6.2821935221459615
5.25  -6.811485407935983  6.257707081779892
5.26  -6.841623466577447  6.228846141434939
5.2700000000000005  -6.86985755057807  6.195723927125448
5.28  -6.89626177366115  6.158442736160419
5.29  -6.920899805445605  6.117096121838012
5.3  -6.943826594999089  6.071770640552472
5.3100000000000005  -6.965089763263486  6.022547259091613
5.32  -6.98473073631408  5.969502495677212
5.33  -7.002785674112421  5.9127093506198785
5.34  -7.019286236650878  5.852238069418982
5.3500000000000005  -7.034260219879476  5.788156771422502
5.36  -7.0477320866564375  5.720531969856728
5.37  -7.059723412540821  5.649429003494457
5.38  -7.07025326209803  5.574912395992601
5.39  -7.07933850819208  5.497046155664171
5.4  -7.086994104256419  5.415894025913779
5.41  -7.093233317594372  5.331519694583727
5.42  -7.0980679302332055  5.243986968897762
5.43  -7.101508412646329  5.153359921455025
5.44  -7.1035640746948046  5.059703011742766
5.45  -7.104243197367665  4.963081186849011
5.46  -7.103553148278921  4.863559964421821
5.47  -7.101500483376059  4.761205500408946
5.48  -7.098091036905499  4.656084643693911
5.49  -7.093330001346003  4.548264979403881
5.5  -7.087221998746414  4.4378148623847515
5.51  -7.07977114467762  4.324803442108438
5.5200000000000005  -7.070981105821345  4.209300680086695
5.53  -7.060855152062449  4.091377360707242
5.54  -7.049396203821463  3.9711050962760135
5.55  -7.036606875255378  3.848556326938903
5.5600000000000005  -7.022489513863054  3.723804316063637
5.57  -7.007046236954698  3.596923141584301
5.58  -6.990278965379499  3.467987683744989
5.59  -6.972189454850255  3.3370736096232623
5.6000000000000005  -6.952779325156686  3.2042573547665367
5.61  -6.932050087518917  3.0696161022339803
5.62  -6.9100031702981966  2.933227759301774
5.63  -6.886639943252436  2.795170932060298
5.64  -6.861961740498653  2.6555248981057513
5.65  -6.83596988232255  2.514369577507316
5.66  -6.808665695956479  2.3717855022116776
5.67  -6.780050535430588  2.227853784030368
5.68  -6.750125800587762  2.08265608134123
5.69  -6.718892955340467  1.9362745646229857
5.7  -6.686353545236867  1.788791880930963
5.71  -6.652509214394046  1.6402911174126744
5.72  -6.617361721848048  1.4908557639537368
5.73  -6.580912957363026  1.340569675037465
5.74  -6.543164956735634  1.189517030894982
5.75  -6.504119916625037  1.037782298017025
5.76  -6.463780208934237  0.8854501890941279
5.7700000000000005  -6.422148394763866  0.7326056224467854
5.78  -6.379227237956085  0.579333681004117
5.79  -6.335019718242621  0.4257195708853316
5.8  -6.289529044008268  0.27184857963596665
5.8100000000000005  -6.242758664678541  0.1178060341674033
5.82  -6.194712282737886  -0.03632274155356106
5.83  -6.1453938653828954  -0.19045246902125337
5.84  -6.094807655813236  -0.34449795787117676
5.8500000000000005  -6.042958184161624  -0.49837414868352964
5.86  -5.989850278062638  -0.6519961558710146
5.87  -5.935489072859213  -0.8052793106139646
5.88  -5.879880021444711  -0.9581392038065352
5.89  -5.823028903737508  -1.110491728979313
5.9  -5.764941835784373  -1.262253125164866
5.91  -5.7056252784885375  -1.4133400196733577
5.92  -5.645086045957563  -1.5636694707469925
5.93  -5.583331313465971  -1.713159010062213
5.94  -5.520368625027306  -1.861726685050167
5.95  -5.456205900569997  -2.0092911010059775
5.96  -5.39085144271129  -2.155771462958856
5.97  -5.324313943123478  -2.301087617275051
5.98  -5.256602488486712  -2.44516009296703
5.99  -5.187726566022667  -2.5879101426821713
6.0  -5.117696068603248  -2.7292597833456145
6.01  -5.0465212994291955  -2.8691318364317357
6.0200000000000005  -4.974212976273096  -3.0074499678400417
6.03  -4.900782235281805  -3.1441387273510535
6.04  -4.826240634333554  -3.2791235876390363
6.05  -4.750600155945304  -3.412330982818286
6.0600000000000005  -4.673873209726204  -3.5436883465006037
6.07  -4.596072634373395  -3.673124149342008
6.08  -4.517211699206764  -3.80056793605712
6.09  -4.437304105239882  -3.925950361880165
6.1000000000000005  -4.3563639857842995  -4.04920322845209
6.11  -4.274405906585516  -4.1702595191137535
6.12  -4.191444865488664  -4.289053433585561
6.13  -4.107496291633168  -4.405520422014346
6.140000000000001  -4.022576044175414  -4.519597218368877
6.15  -3.9367004105397303  -4.63122187316584
6.16  -3.8498861041977688  -4.740333785508477
6.17  -3.7621502619774447  -4.846873734420568
6.18  -3.6735104409029256  -4.950783909459055
6.19  -3.583984614567722  -5.052007940588823
6.2  -3.493591169043383  -5.150490927303872
6.21  -3.4023488983270394  -5.246179466979397
6.22  -3.3102769993315904  -5.33902168243978
6.23  -3.217395066422529  -5.428967248728082
6.24  -3.12372308550659  -5.51596741906299
6.25  -3.0292814276772004  -5.599975049969714
6.26  -2.934090842423062  -5.6809446255716685
6.2700000000000005  -2.8381724504059314  -5.758832281030446
6.28  -2.7415477358150104  -5.833595825121949
6.29  -2.6442385383051654  -5.905194761937037
6.3  -2.54626704452722  -5.973590311695508
6.3100000000000005  -2.4476557792589384  -6.038745430662841
6.32  -2.3484275961457786  -6.100624830159386
6.33  -2.248605668060968  -6.159194994652502
6.34  -2.148213477095084  -6.214424198922245
6.3500000000000005  -2.0472748041857423  -6.26628252429205
6.36  -1.9458137183985136  -6.3147418739160734
6.37  -1.8438545658702483  -6.359775987115642
6.38  -1.7414219584272634  -6.401360452757412
6.390000000000001  -1.6385407618904388  -6.439472721666628
6.4  -1.5352360840800778  -6.474092118069204
6.41  -1.4315332625337378  -6.505199850056995
6.42  -1.3274578519506646  -6.532779019070895
6.43  -1.2230356113767225  -6.556814628397195
6.44  -1.1182924911439327  -6.577293590672863
6.45  -1.0132546195795644  -6.594204734396134
6.46  -0.907948289499325  -6.607538809439142
6.47  -0.8023999445000249  -6.617288491559924
6.48  -0.6966361650671853  -6.623448385911574
6.49  -0.5906836545132538  -6.626015029546865
6.5  -0.4845692247622956  -6.624986892917201
6.51  -0.3783197819973339  -6.620364380365094
6.5200000000000005  -0.2719623121867863  -6.612149829610111
6.53  -0.1655238665062375  -6.60034751022856
6.54  -0.059031546672279445  -6.584963621127692
6.55  0.04748750979478577  -6.566006287015842
6.5600000000000005  0.15400614436263754  -6.543485553870218
6.57  0.26049719231616464  -6.517413383404779
6.58  0.36693349760725374  -6.487803646540892
6.59  0.47328792770801953  -6.454672115884166
6.6000000000000005  0.5795333884508436  -6.4180364572112385
6.61  0.6856428388378626  -6.377916219970815
6.62  0.7915893058034206  -6.334332826803693
6.63  0.8973458989122225  -6.28730956208711
6.640000000000001  1.0028858249768675  -6.236871559509114
6.65  1.1081824025777105  -6.183045788679196
6.66  1.2132090764688905  -6.125861040781897
6.67  1.3179394318540223  -6.0653479132805295
6.68  1.4223472085153603  -6.001538793678713
6.69  1.526406314780522  -5.934467842347805
6.7  1.6300908413110784  -5.864170974428836
6.71  1.7333750746974763  -5.79068584081788
6.72  1.8362335108450034  -5.7140518082445055
6.73  1.938640868135922  -5.634309938453114
6.74  2.040572100353168  -5.551502966497665
6.75  2.1420024093512984  -5.465675278160436
6.76  2.2429072574605637  -5.376872886506294
6.7700000000000005  2.3432623796108523  -5.285143407584021
6.78  2.443043795161885  -5.190536035286878
6.79  2.54222781942728  -5.093101515384906
6.8  2.6407910748796763  -4.992892118741917
6.8100000000000005  2.7387105020254  -4.889961613730603
6.82  2.835963369936742  -4.784365237859463
6.83  2.932527286431186  -4.676159668625724
6.84  3.028380207886863  -4.565402993608782
6.8500000000000005  3.1235004486841653  -4.4521546798191824
6.86  3.21786669026404  -4.336475542318416
6.87  3.3114579897939875  -4.218427712125148
6.88  3.4042537884332535  -4.098074603424016
6.890000000000001  3.4962339191891836  -3.975480880093402
6.9  3.587378614357563  -3.8507124215689283
6.91  3.6776685125400337  -3.7238362880596907
6.92  3.767084665232329  -3.594920685134821
6.93  3.8556085429777296  -3.46403492769801
6.94  3.943222041080792  -3.3312494033682274
6.95  4.029907484876669  -3.1966355352847398
6.96  4.115647634552406  -3.0602657443555086
6.97  4.2004256895169165  -2.9222134109676636
6.98  4.2842252923169  -2.7825528361795575
6.99  4.367030532096831  -2.6413592024136228
7.0  4.4488259476016285  -2.498708533670313
7.01  4.529596529721204  -2.3546776552828432
7.0200000000000005  4.609327723576726  -2.2093441532332263
7.03  4.688005430149044  -2.0627863330502687
7.04  4.765616007450638  -1.9150831783100146
7.05  4.842146271242388  -1.7663143087601199
7.0600000000000005  4.917583495297791  -1.6165599380890492
7.07  4.991915411217493  -1.46590083136183
7.08  5.065130207797694  -1.3144182621436347
7.09  5.137216529956486  -1.1621939693335024
7.1000000000000005  5.208163477222949  -1.009310113729816
7.11  5.277960601794329  -0.8558492343500195
7.12  5.346597906167206  -0.701894204526496
7.13  5.414065840349008  -0.547528187801572
7.140000000000001  5.480355298657128  -0.39283459364385986
7.15  5.54545761611297  -0.23789703300896003
7.16  5.609364564439319  -0.08279927376697976
7.17  5.672068347669382  0.07237480397972236
7.18  5.733561597376991  0.22754125266588193
7.19  5.7938373675372965  0.38261610209653785
7.2  5.85288912902838  0.5375154043208143
7.21  5.91071076378425  0.6921552785233835
7.22  5.967296558610317  0.846451955909861
7.23  6.022641198672869  1.0003218245631955
7.24  6.076739760674526  1.1536814742474188
7.25  6.129587705727983  1.3064477411357924
7.26  6.181180871940685  1.4585377524395196
7.2700000000000005  6.231515466723734  1.609868970914049
7.28  6.280588058838229  1.7603592392193816
7.29  6.328395570193051  1.9099268241114575
7.3  6.3749352674079605  2.058490460440911
7.3100000000000005  6.420204753156592  2.20596939493639
7.32  6.464201957303811  2.3522834297490363
7.33  6.506925127852446  2.4973529657354705
7.34  6.548372821714482  2.641099045455859
7.3500000000000005  6.588543895322023  2.7834433958646043
7.36  6.627437495093515  2.924308470670663
7.37  6.665053047770971  3.0636174923452306
7.38  6.701390250643933  3.2012944937539145
7.390000000000001  6.736449061676104  3.337264359391422
7.4  6.770229689550649  3.471452866196369
7.41  6.802732583650332  3.6037867239245625
7.42  6.833958423988458  3.734193615058561
7.43  6.863908111106874  3.862602234232233
7.44  6.8925827559571955  3.9889423271488282
7.45  6.919983669781268  4.113144728971296
7.46  6.946112354007028  4.235141402164233
7.47  6.970970490175766  4.354865473766357
7.48  6.994559929916609  4.472251272073423
7.49  7.016882684984116  4.587234362711144
7.5  7.0379409173745895  4.699751584078572
7.51  7.0577369295366035  4.809741082141923
7.5200000000000005  7.0762731546910365  4.917142344559879
7.53  7.09355214727571  5.021896234121137
7.54  7.109576573529548  5.1239450214758175
7.55  7.124349202230821  5.223232417142057
7.5600000000000005  7.137872895603824  5.319703602770048
7.57  7.150150600408109  5.413305261645709
7.58  7.161185339223961  5.503985608416917
7.59  7.170980201947548  5.5916944180251305
7.6000000000000005  7.179538337508812  5.676383053826098
7.61  7.186862945824815  5.7580044948833375
7.62  7.192957270000807  5.836513362418914
7.63  7.197824588790963  5.911865945405902
7.640000000000001  7.201468209330241  5.984020225287849
7.65  7.203891460148404  6.052935899810677
7.66  7.205097684476794  6.118574405953106
7.67  7.2050902338579865  6.180898941941897
7.68  7.203872462067937  6.239874488338878
7.69  7.201447719359753  6.295467828187139
7.7  7.197819347037718  6.347647566204093
7.71  7.192990672369654  6.39638414700992
7.72  7.18696500384519  6.441649872379992
7.73  7.179745626786942  6.483418917510711
7.74  7.171335799321042  6.521667346288487
7.75  7.161738748712943  6.556373125552295
7.76  7.150957668073752  6.587516138340486
7.7700000000000005  7.138995713441889  6.615078196113378
7.78  7.125856001244152  6.639043049943403
7.79  7.1115416061397445  6.659396400665351
7.8  7.096055559250244  6.676125907979635
7.8100000000000005  7.079400846777784  6.689221198502124
7.82  7.061580409013236  6.698673872754657
7.83  7.04259713973546  6.704477511090875
7.84  7.022453886002154  6.706627678552608
7.8500000000000005  7.0011534483321745  6.705121928652578
7.86  6.978698581278621  6.699959806079819
7.87  6.95509199439132  6.691142848324748
7.88  6.9303363535667595  6.678674586221399
7.890000000000001  6.904434282782932  6.662560543404959
7.9  6.877388366215947  6.642808234683279
7.91  6.849201150734526  6.619427163321674
7.92  6.8198751487681815  6.592428817240907
7.930000000000001  6.789412841544035  6.561826664128792
7.94  6.757816682686737  6.5276361454665714
7.95  6.725089102175403  6.489874669471645
7.96  6.691232510650907  6.448561602959039
7.97  6.656249304066305  6.403718262124406
7.98  6.620141868672518  6.355367902252066
7.99  6.582912586331133  6.303535706352193
8.0  6.544563840145327  6.248248772731747
8.01  6.505098020399643  6.189536101504531
8.02  6.464517530798784  6.12742858004617
8.03  6.422824794995091  6.061958967400519
8.040000000000001  6.3800222633938235  5.9931618776445434
8.05  6.3361124202251995  5.921073762219442
8.06  6.291097790871213  5.845732891235982
8.07  6.2449809494354485  5.7671793337632655
8.08  6.197764526543104  5.68545493711006
8.09  6.149451217358491  5.600603305108813
8.1  6.100043789806744  5.5126697754129195
8.11  6.04954509298599  5.421701395818381
8.120000000000001  5.997958065756216  5.3277468996215696
8.13  5.945285745490523  5.23085668002545
8.14  5.891531276974144  5.131082763606983
8.15  5.836697921436546  5.028478782859156
8.16  5.7807890657015255  4.923099947821663
8.17  5.723808231440042  4.815003016814567
8.18  5.66575908451022  4.704246266290076
8.19  5.606645444369004  4.590889459817862
8.2  5.546471293539617  4.474993816220087
8.21  5.485240787118731  4.356621976872562
8.22  5.422958262307599  4.235837972189413
8.23  5.359628247950592  4.1127071873081835
8.24  5.295255474065375  3.98729632699422
8.25  5.229844881348055  3.8596733797822536
8.26  5.16340163063736  3.729907581374435
8.27  5.095931112321408  3.598069377314183
8.28  5.027438955670792  3.46423038495577
8.290000000000001  4.957931038081998  3.3284633547499225
8.3  4.887413494214815  3.1908421308663195
8.31  4.815892725007903  3.0514416111739258
8.32  4.7433754065565035  2.910337706600876
8.33  4.669868498836673  2.7676072998959333
8.34  4.59537925426042  2.6233282038137062
8.35  4.519915226046245  2.477579118746395
8.36  4.443484276390205  2.330439589825147
8.370000000000001  4.366094584422207  2.181989963514377
8.38  4.287754653933291  2.0323113437229074
8.39  4.208473320859  1.881485547455659
8.4  4.128259760505249  1.7295950600307766
8.41  4.04712349450265  1.5767229898861788
8.42  3.9650743974758305  1.42295302300104
8.43  3.8821227034149484  1.2683693769569973
8.44  3.7982790117363865  1.1130567546646457
8.45  3.7135542930206458  0.9571002977809664
8.46  3.627959894415438  0.8005855398435044
8.47  3.5415075446925304  0.6435983591475284
8.48  3.4542093589474856  0.4862249313921746
8.49  3.366077842931674  0.32855168212216007
8.5  3.277125897006755  0.17066523899175381
8.51  3.187366819711852  0.01265238387752763
8.52  3.0968143109346817  -0.1453999951331345
8.53  3.005482474678111  -0.3034049518508504
8.540000000000001  2.9133858214140864  -0.46127553016330725
8.55  2.8205392700179517  -0.6189248122573403
8.56  2.726958149275854  -0.7762659668571865
8.57  2.6326581989596467  -0.9332122974510652
8.58  2.537655570463139  -1.0896772904795207
8.59  2.441966826995082  -1.2455746634576363
8.6  2.345608943324342  -1.4008184130042183
8.61  2.2485993050734225  -1.555322862750558
8.620000000000001  2.1509557075573436  -1.7090027111015935
8.63  2.05269635416539  -1.8617730788221767
8.64  1.9538398542835698  -2.0135495564217036
8.65  1.854405220756893  -2.1642482513096533
8.66  1.754411866890741  -2.3137858346953495
8.67  1.6538796029914444  -2.462079588205389
8.68  1.5528286324466405  -2.60904745019164
8.69  1.4512795473470352  -2.754608061703676
8.700000000000001  1.3492533236514594  -2.8986808120992293
8.71  1.2467713158979628  -3.0411858842664135
8.72  1.14385525146413  -3.1820442994321323
8.73  1.040527224380968  -3.3211779615305663
8.74  0.9368096887047574  -3.458509701106459
8.75  0.8327254514521537  -3.593963318728204
8.76  0.7282976651046835  -3.727463627885377
8.77  0.6235498196891409  -3.858936497346402
8.78  0.5185057344409727  -3.9883088929518533
8.790000000000001  0.413189549058837  -4.115508918819433
8.8  0.3076257145584986  -4.240465857936801
8.81  0.20183898373539505  -4.3631102121192145
8.82  0.09585440124544975  -4.483373741308639
8.83  -0.010302706685402728  -4.601189502191902
8.84  -0.11660674291211626  -4.7164918861158895
8.85  -0.2230318503704879  -4.829216656277637
8.86  -0.329551923413741  -4.9393009841682405
8.870000000000001  -0.43614061947351446  -5.0466834852496065
8.88  -0.5427713710315135  -5.151304253843508
8.89  -0.6494173978886788  -5.253104897213222
8.9  -0.7560517197169492  -5.352028568817955
8.91  -0.8626471688791121  -5.44802000072132
8.92  -0.9691764035014158  -5.541025535135258
8.93  -1.075611920782757  -5.630993155081694
8.94  -1.1819260705244368  -5.717872514154275
8.950000000000001  -1.2880910688632998  -5.801614965363637
8.96  -1.3940790121909266  -5.8821735890497635
8.97  -1.499861891241367  -5.959503219846086
8.98  -1.605411605328482  -6.033560472679968
8.99  -1.7106999767147097  -6.104303767795443
9.0  -1.8156987650915082  -6.171693354784266
9.01  -1.920379682152144  -6.235691335612376
9.02  -2.024714406236343  -6.2962616866291015
9.03  -2.1286745970262784  -6.353370279547548
9.040000000000001  -2.2322319102729193  -6.406984901385041
9.05  -2.335358012530785  -6.457075273353283
9.06  -2.4380245958796087  -6.503613068688757
9.07  -2.5402033926097833  -6.546571929414365
9.08  -2.641866189848897  -6.585927482024405
9.09  -2.7429848441057727  -6.621657352085492
9.1  -2.8435312957076633  -6.653741177747123
9.11  -2.9434775831062203  -6.682160622156109
9.120000000000001  -3.042795857026672  -6.70689938477024
9.13  -3.1414583944342724  -6.727943211567244
9.14  -3.2394376122916917  -6.745279904146163
9.15  -3.3367060810793556  -6.758899327719043
9.16  -3.4332365380510423  -6.76879341799196
9.17  -3.529001900195121  -6.7749561869353485
9.18  -3.623975276871651  -6.777383727444623
9.19  -3.7181299820937643  -6.776074216893261
9.200000000000001  -3.811439546420982  -6.771027919581523
9.21  -3.903877728430594  -6.762247188085343
9.22  -3.9954185257316337  -6.7497364635109935
9.23  -4.086036185484376  -6.7335022746626185
9.24  -4.1757052143861495  -6.713553236130983
9.25  -4.2644003880824375  -6.6899000453133395
9.26  -4.35209675995931  -6.662555478375872
9.27  -4.43876966927074  -6.631534385171814
9.28  -4.524394748551237  -6.5968536831302025
9.290000000000001  -4.608947930260268  -6.5585323501321104
9.3  -4.692405452601178  -6.516591416393354
9.31  -4.774743864452687  -6.4710539553748605
9.32  -4.855940029345351  -6.421945073744516
9.33  -4.935971128409623  -6.369291900416874
9.34  -5.014814662215078  -6.3131235747002625
9.35  -5.092448451412498  -6.253471233584078
9.36  -5.168850636081111  -6.190367998202662
9.370000000000001  -5.243999673673041  -6.123848959516517
9.38  -5.317874335434792  -6.053951163256051
9.39  -5.390453701171785  -5.980713594178166
9.4  -5.4617171522055505  -5.904177159692212
9.41  -5.5316443623549105  -5.824384672918144
9.42  -5.600215286750785  -5.741380835247514
9.43  -5.66741014826901  -5.655212218486674
9.44  -5.733209421336555  -5.565927246671229
9.450000000000001  -5.797593812832589  -5.473576177652826
9.46  -5.860544239765589  -5.378211084572232
9.47  -5.922041803361834  -5.2798858373481945
9.48  -5.982067759144935  -5.178656084329914
9.49  -6.040603482522391  -5.07457923428172
9.5  -6.0976304293183565  -4.967714438893487
9.51  -6.153130090601796  -4.858122576039532
9.52  -6.207083941052023  -4.7458662340434286
9.53  -6.259473379975476  -4.631009697246863
9.540000000000001  -6.310279663935082  -4.513618933230252
9.55  -6.3594838297696805  -4.393761582091045
9.56  -6.4070666065604645  -4.271506948256041
9.57  -6.45300831483366  -4.146925995389768
9.58  -6.49728875096484  -4.020091345063452
9.59  -6.539887054354683  -3.891077279975208
9.6  -6.58078155446194  -3.7599597526655915
9.61  -6.6199495941843525  -3.626816400861803
9.620000000000001  -6.657367325342277  -3.491726570816831
9.63  -6.693009471106217  -3.354771350300488
9.64  -6.726849049068472  -3.216033613260156
9.65  -6.7588570472260185  -3.075598078624608
9.66  -6.789002043332502  -2.9335513862975215
9.67  -6.81724975577666  -2.789982194117449
9.68  -6.843562511202722  -2.6449813004946097
9.69  -6.867898610297703  -2.4986417986380727
9.700000000000001  -6.890211568253213  -2.351059269848128
9.71  -6.9104491999782995  -2.2023320253923426
9.72  -6.928552511661641  -2.052561409177201
9.73  -6.944454349005183  -1.9018521770139027
9.74  -6.9580777373139915  -1.7503129730919116
9.75  -6.9693338281038955  -1.5980569308075803
9.76  -6.978119338765521  -1.4452024340533896
9.77  -6.984313332845736  -1.2918740874981731
9.78  -6.987773133820264  -1.13820396183481
9.790000000000001  -6.9883290874841  -0.9843332047944423
9.8  -6.9857777759705275  -0.830414144556445
9.81  -6.979873122215438  -0.676613064706604
9.82  -6.970314579149875  -0.5231139082082809
9.83  -6.956731226987437  -0.37012328677992395
9.84  -6.938660027952162  -0.2178773563751144
9.85  -6.915515579630781  -0.06665141148980279
9.86  -6.886547235870565  0.08322647474666739
9.870000000000001  -6.850777011935788  0.23135564631832337
9.88  -6.806907481078505  0.3772334159029925
9.89  -6.753181394617581  0.5202100681024198
9.9  -6.687160967489215  0.6594179242383644
9.91  -6.605368206095154  0.7936554051840203
9.92  -6.502673896276384  0.9211893969959281
9.93  -6.371207789370044  1.0394012640752515
9.94  -6.198299941287748  1.144114584291064
9.950000000000001  -5.962320015978197  1.228226668198922
9.96  -5.623587718427246  1.2786878395438388
9.97  -5.102842921275633  1.2692262700141574
9.98  -4.228104719726011  1.1417908081089527
9.99  -2.6352391195377267  0.7677385279535689
10.0  -1.148518146860842e-13  3.590174223054519e-14
