0.0  -0.36149271081460194  0.5061974686678988
0.01  -0.35982505614540755  0.5046231805813476
0.02  -0.3581419488410868  0.503029448304601
0.03  -0.35644353135096385  0.501416318992925
0.04  -0.3547299468892338  0.4997838411359334
0.05  -0.35300133942653383  0.4981320645551165
0.06  -0.3512578536814732  0.49646104040127476
0.07  -0.3494996351121248  0.4947708211518602
0.08  -0.34772682990747616  0.4930614606082234
0.09  -0.3459395849788421  0.4913330138927678
0.1  -0.34413804795124014  0.4895855374460105
0.11  -0.34232236715472586  0.48781908902355126
0.12  -0.3404926916156932  0.4860337276929465
0.13  -0.3386491710481363  0.4842295138304939
0.14  -0.336791955844876  0.48240650911792177
0.15  -0.33492119706874934  0.4805647765389882
0.16  -0.3330370464437652  0.47870438037598734
0.17  -0.33113965634622344  0.47682538620616416
0.18  -0.3292291797958005  0.4749278608980385
0.19  -0.3273057704466012  0.47301187260763633
0.2  -0.32536958257817616  0.47107749077463157
0.21  -0.3234207710865079  0.4691247861183962
0.22  -0.32145949147496256  0.4671538306339601
0.23  -0.31948589984521114  0.4651646975878807
0.24  -0.3175001528881192  0.46315746151402243
0.25  -0.3155024078746047  0.4611321982092467
0.26  -0.3134928226464663  0.45908898472901233
0.27  -0.31147155560718137  0.45702789938288635
0.28  -0.30943876571267515  0.45494902172996676
0.29  -0.30739461246206  0.4528524325742158
0.3  -0.3053392558883473  0.4507382139597056
0.31  -0.30327285654913083  0.4486064491657752
0.32  -0.3011955755172433  0.44645722270210075
0.33  -0.2991075743713858  0.44429062030367705
0.34  -0.2970090151867306  0.44210672892571345
0.35000000000000003  -0.29490006052549916  0.4399056367384418
0.36  -0.2927808734275139  0.4376874331218389
0.37  -0.29065161740072554  0.4354522086602625
0.38  -0.28851245641171663  0.4332000551370015
0.39  -0.2863635548761806  0.4309310655287411
0.4  -0.28420507764937886  0.42864533399994265
0.41000000000000003  -0.2820371900165736  0.42634295589713944
0.42  -0.2798600576834404  0.424024027743147
0.43  -0.27767384676645746  0.42168864723119154
0.44  -0.2754787237832752  0.4193369132189526
0.45  -0.2732748556430646  0.4169689257225244
0.46  -0.27106240963684586  0.41458478591029363
0.47000000000000003  -0.2688415534277975  0.4121845960967351
0.48  -0.2666124550415465  0.4097684597361255
0.49  -0.2643752828564406  0.4073364814161756
0.5  -0.2621302055938018  0.4048887668515817
0.51  -0.25987739230816365  0.40242542287749605
0.52  -0.25761701237749113  0.3999465574429171
0.53  -0.25534923549338456  0.3974522796040003
0.54  -0.2530742316512678  0.3949426995172892
0.55  -0.25079217114056124  0.39241792843286794
0.56  -0.24850322453484058  0.38987807868743507
0.5700000000000001  -0.24620756268198124  0.38732326369729947
0.58  -0.24390535669428937  0.38475359795129893
0.59  -0.24159677793861983  0.3821691970036415
0.6  -0.23928199802648217  0.3795701774666703
0.61  -0.23696118880413441  0.3769566570035519
0.62  -0.23463452234266557  0.3743287543208902
0.63  -0.2323021709280676  0.3716865891612636
0.64  -0.22996430705129695  0.36903028229568924
0.65  -0.2276211033983267  0.3663599555160113
0.66  -0.2252727328401894  0.3636757316272178
0.67  -0.22291936842301152  0.36097773443968195
0.68  -0.2205611833580397  0.35826608876133326
0.6900000000000001  -0.21819835101165994  0.3555409203897546
0.7000000000000001  -0.2158310448954094  0.3528023561042091
0.71  -0.21345943865598244  0.35005052365759537
0.72  -0.21108370606523014  0.3472855517683324
0.73  -0.2087040210101554  0.3445075701121747
0.74  -0.20632055748290276  0.3417167093139577
0.75  -0.20393348957074448  0.33891310093927496
0.76  -0.20154299144606275  0.3360968774860864
0.77  -0.19914923735632903  0.33326817237625905
0.78  -0.19675240161408095  0.33042711994704144
0.79  -0.19435265858689726  0.3275738554424699
0.8  -0.19195018268737143  0.3247085150047103
0.81  -0.1895451483630845  0.32183123566533356
0.8200000000000001  -0.18713773008657755  0.318942155336527
0.8300000000000001  -0.1847281023453246  0.3160414128022403
0.84  -0.18231643963170624  0.3131291477092694
0.85  -0.1799029164329849  0.3102055005582762
0.86  -0.17748770722128196  0.30727061269474637
0.87  -0.1750709864435573  0.30432462629988466
0.88  -0.17265292851159197  0.3013676843814501
0.89  -0.1702337077919746  0.29839993076452986
0.9  -0.16781349859609196  0.29542151008225315
0.91  -0.16539247517012415  0.2924325677664459
0.92  -0.16297081168504507  0.28943325003822706
0.93  -0.16054868222662885  0.28642370389854627
0.9400000000000001  -0.15812626078546282  0.28340407711866433
0.9500000000000001  -0.15570372124696702  0.280374518230577
0.96  -0.15328123738142127  0.27733517651738265
0.97  -0.15085898283400076  0.27428620200359394
0.98  -0.14843713111481988  0.27122774544539535
0.99  -0.1460158555889849  0.26815995832084594
1.0  -0.14359532946665682  0.26508299282002923
1.01  -0.1411757257931247  0.26199700183514935
1.02  -0.13875721743888875  0.2589021389505759
1.03  -0.13633997708975576  0.25579855843283666
1.04  -0.1339241772369463  0.2526864152205598
1.05  -0.13150999016721338  0.24956586491436572
1.06  -0.1290975879529755  0.24643706376670987
1.07  -0.12668714244246237  0.24330016867167598
1.08  -0.12427882524987476  0.24015533715472215
1.09  -0.12187280774555906  0.2370027273623788
1.1  -0.11946926104619716  0.23384249805190044
1.11  -0.11706835600501159  0.2306748085808712
1.12  -0.11467026320198771  0.2274998188967648
1.1300000000000001  -0.1122751529341114  0.22431768952646075
1.1400000000000001  -0.10988319520562542  0.22112858156571602
1.1500000000000001  -0.10749455971830275  0.2179326566685934
1.16  -0.10510941586173837  0.21473007703684874
1.17  -0.10272793270366062  0.2115210054092742
1.18  -0.10035027898026108  0.208305605051003
1.19  -0.09797662308654534  0.20508403974277228
1.2  -0.09560713306670351  0.20185647377014698
1.21  -0.09324197660450265  0.19862307191270484
1.22  -0.09088132101369953  0.19538399943318369
1.23  -0.08852533322847692  0.19213942206659068
1.24  -0.08617417979390152  0.1888895060092758
1.25  -0.08382802685640567  0.18563441790796892
1.26  -0.08148704015429215  0.1823743248487824
1.27  -0.07915138500826382  0.17910939434617837
1.28  -0.07682122631197763  0.17583979433190353
1.29  -0.07449672852262379  0.1725656931438906
1.3  -0.0721780556515311  0.16928725951512763
1.31  -0.0698653712547985  0.16600466256249602
1.32  -0.06755883842395319  0.16271807177557854
1.33  -0.06525861977663577  0.15942765700543665
1.34  -0.06296487744731466  0.1561335884533599
1.35  -0.060677773078026964  0.15283603665958578
1.36  -0.05839746780914959  0.14953517249199352
1.37  -0.05612412227019928  0.14623116713476997
1.3800000000000001  -0.053857896570662256  0.14292419207705037
1.3900000000000001  -0.05159895029085468  0.13961441910153372
1.4000000000000001  -0.049347442472814085  0.13630202027307342
1.41  -0.047103531611221716  0.13298716792724535
1.42  -0.04486737564435689  0.12967003465889143
1.43  -0.0426391319450842  0.12635079331064308
1.44  -0.04041895731187331  0.12302961696142213
1.45  -0.03820700795985202  0.11970667891492179
1.46  -0.036003439511893  0.11638215268806804
1.47  -0.033808406989736056  0.11305621199946146
1.48  -0.03162206480514351  0.10972903075780228
1.49  -0.029444566751092555  0.10640078305029681
1.5  -0.027276065993002252  0.10307164313104797
1.51  -0.025116715059997824  0.09974178540943052
1.52  -0.022966665836210765  0.09641138443845057
1.53  -0.020826069552117132  0.0930806149030917
1.54  -0.018695076775912922  0.08974965160864712
1.55  -0.016573837404928127  0.08641866946904037
1.56  -0.014462500657079463  0.0830878434951329
1.57  -0.012361215062361847  0.07975734878302201
1.58  -0.010270128454379884  0.076427360502328
1.59  -0.00818938796191973  0.07309805388447249
1.6  -0.006119140000561019  0.06976960421094777
1.61  -0.004059530264329647  0.06644218680157882
1.62  -0.002010703717393425  0.0631159770027783
1.6300000000000001  2.7195414202263457e-05  0.059791150175795865
1.6400000000000001  0.0020540236507549103  0.056467881684961536
1.6500000000000001  0.0040696382670831754  0.05314634688592509
1.6600000000000001  0.006073897300661268  0.04982672111389195
1.67  0.008066659559710199  0.046509179671855826
1.68  0.010047784631244727  0.04319389781882945
1.69  0.012017132889075022  0.03988105075807458
1.7  0.013974565501763958  0.036570813625330975
1.71  0.015919944440538347  0.03326336147704607
1.72  0.017853132487154755  0.02995886927860566
1.73  0.01977399324171819  0.02665751189256716
1.74  0.021682391130454726  0.02335946406689532
1.75  0.023578191413436034  0.020064900423201113
1.76  0.025461260192257085  0.016773995444986218
1.77  0.02733146441766493  0.013486923465892
1.78  0.02918867189713953  0.010203858657954458
1.79  0.031032751302425332  0.006924975019866657
1.8  0.03286357217701347  0.0036504463652484442
1.81  0.03468100494357462  0.0003804463109248167
1.82  0.03648492091134076  -0.0028848517347864824
1.83  0.03827519228343701  -0.006145274583777234
1.84  0.04005169216416299  -0.0094006492798396
1.85  0.041814294566221044  -0.012650803110346248
1.86  0.043562874417894415  -0.01589556361791694
1.87  0.04529730757017253  -0.01913475861207227
1.8800000000000001  0.047017470803823236  -0.022368216180873098
1.8900000000000001  0.04872324183641308  -0.02559576470254512
1.9000000000000001  0.050414499329273  -0.028817232857087483
1.9100000000000001  0.052091122894411535  -0.0320324496378651
1.92  0.05375299310137277  -0.03524124436318313
1.93  0.05539999148404068  -0.03844344668784434
1.94  0.05703200054738761  -0.04163888661468582
1.95  0.05864890377416887  -0.04482739450609746
1.96  0.060250585631559994  -0.048008801095519194
1.97  0.06183693157773962  -0.05118293749891699
1.98  0.06340782806841477  -0.05434963522623633
1.99  0.0649631625632901  -0.057508726192833676
2.0  0.06650282353248016  -0.0606600427308832
2.0100000000000002  0.06802670046286358  -0.06380341760075964
2.02  0.06953468386437972  -0.06693868400239511
2.0300000000000002  0.07102666527626855  -0.07006567558661134
2.04  0.07250253727324879  -0.07318422646642272
2.05  0.07396219347164101  -0.07629417122831393
2.06  0.07540552853542964  -0.07939534494348814
2.07  0.07683243818226448  -0.08248758317908493
2.08  0.07824281918940551  -0.08557072200937091
2.09  0.07963656939960373  -0.08864459802689634
2.1  0.08101358772692552  -0.09170904835362313
2.11  0.08237377416251235  -0.09476391065201815
2.12  0.08371702978028239  -0.09780902313611514
2.13  0.08504325674256913  -0.10084422458254146
2.14  0.0863523583056987  -0.10386935434151191
2.15  0.08764423882550537  -0.10688425234778458
2.16  0.0889188037627841  -0.10988875913158372
2.17  0.09017595968868092  -0.11288271582948257
2.18  0.09141561429002043  -0.11586596419525108
2.19  0.09263767637456999  -0.1188383466106635
2.2  0.09384205587624  -0.12179970609626778
2.21  0.09502866386022091  -0.12474988632211452
2.22  0.09619741252805586  -0.1276887316184457
2.23  0.09734821522264886  -0.13061608698634147
2.24  0.09848098643320863  -0.13353179810832536
2.25  0.09959564180012742  -0.13643571135892615
2.2600000000000002  0.1006920981197944  -0.13932767381519642
2.27  0.10177027334934385  -0.1422075332671866
2.2800000000000002  0.10283008661133741  -0.14507513822837415
2.29  0.10387145819838067  -0.1479303379460463
2.3000000000000003  0.10489430957767354  -0.1507729824116376
2.31  0.10589856339549308  -0.1536029223710185
2.32  0.1068841434816119  -0.15642000933473735
2.33  0.10785097485364686  -0.15922409558821327
2.34  0.10879898372134267  -0.16201503420187888
2.35  0.1097280974907866  -0.16479267904127506
2.36  0.11063824476855688  -0.16755688477709177
2.37  0.11152935536580189  -0.1703075068951606
2.38  0.11240136030225184  -0.17304440170639257
2.39  0.11325419181016272  -0.17576742635666515
2.4  0.11408778333818992  -0.17847643883665348
2.41  0.11490206955519466  -0.1811712979916096
2.42  0.11569698635398157  -0.1838518635310849
2.43  0.11647247085496504  -0.18651799603859853
2.44  0.11722846140976884  -0.18916955698124774
2.45  0.11796489760475365  -0.19180640871926302
2.46  0.11868172026447721  -0.19442841451550424
2.47  0.11937887145508236  -0.19703543854489966
2.48  0.12005629448761584  -0.19962734590382464
2.49  0.12071393392127705  -0.20220400261942223
2.5  0.12135173556659579  -0.20476527565886216
2.5100000000000002  0.12196964648853914  -0.20731103293853975
2.52  0.12256761500954794  -0.20984114333321324
2.5300000000000002  0.12314559071250225  -0.21235547668507826
2.54  0.12370352444361454  -0.21485390381278013
2.5500000000000003  0.12424136831525334  -0.21733629652036274
2.56  0.12475907570869321  -0.2198025276061525
2.57  0.12525660127679505  -0.2222524708715788
2.58  0.1257339009466134  -0.22468600112992831
2.59  0.12619093192193148  -0.22710299421503288
2.6  0.12662765268572562  -0.22950332698989295
2.61  0.12704402300255546  -0.23188687735523078
2.62  0.12744000392088367  -0.23425352425797918
2.63  0.12781555777532183  -0.2366031476996986
2.64  0.12817064818880397  -0.23893562874492857
2.65  0.1285052400746879  -0.24125084952946652
2.66  0.1288192996387832  -0.24354869326857903
2.67  0.12911279438130568  -0.24582904426514054
2.68  0.12938569309876036  -0.2480917879177024
2.69  0.12963796588574955  -0.25033681072848823
2.7  0.12986958413670852  -0.2525640003113192
2.71  0.1300805205475674  -0.25477324539946355
2.72  0.13027074911734055  -0.25696443585341566
2.73  0.13044024514964042  -0.2591374626685984
2.74  0.13058898525412  -0.2612922179829929
2.75  0.13071694734783973  -0.2634285950846916
2.7600000000000002  0.1308241106565618  -0.26554648841937734
2.77  0.1309104557159697  -0.2676457935977239
2.7800000000000002  0.13097596437281483  -0.269726407402723
2.79  0.13102061978598772  -0.27178822779693074
2.8000000000000003  0.13104440642751647  -0.2738311539296387
2.81  0.13104731008349013  -0.27585508614396576
2.82  0.1310293178549089  -0.27785992598387155
2.83  0.13099041815845897  -0.2798455762010904
2.84  0.13093060072721352  -0.28181194076198524
2.85  0.1308498566112602  -0.28375892485432264
2.86  0.13074817817825268  -0.28568643489396484
2.87  0.13062555911388946  -0.28759437853148373
2.88  0.130481994422317  -0.2894826646586895
2.89  0.13031748042645946  -0.29135120341508075
2.9  0.1301320147682728  -0.2931999061942094
2.91  0.1299255964089257  -0.2950286856499641
2.92  0.12969822562890537  -0.2968374557027693
2.93  0.12944990402804846  -0.29862613154570133
2.94  0.12918063452549844  -0.30039462965051905
2.95  0.12889042135958778  -0.3021428677736105
2.96  0.12857927008764608  -0.3038707649618542
2.97  0.12824718758573328  -0.30557824155839514
2.98  0.127894182048299  -0.3072652192083335
2.99  0.1275202629877668  -0.308931620864329
3.0  0.12712544123404518  -0.3105773707921163
3.0100000000000002  0.12670972893396204  -0.312202394575935
3.02  0.12627313955062758  -0.3138066191238704
3.0300000000000002  0.12581568786272057  -0.31538997267310803
3.04  0.12533738996370158  -0.3169523847950978
3.0500000000000003  0.12483826326095138  -0.3184937864006315
3.06  0.12431832647483582  -0.32001410974482936
3.0700000000000003  0.12377759963769569  -0.3215132884320387
3.08  0.12321610409276357  -0.32299125742064133
3.09  0.12263386249300501  -0.3244479530277722
3.1  0.1220308987998881  -0.32588331293394646
3.11  0.12140723828207706  -0.32729727618759624
3.12  0.12076290751405266  -0.3286897832095161
3.13  0.12009793437465965  -0.33006077579721704
3.14  0.11941234804557943  -0.33141019712918884
3.15  0.11870617900972985  -0.33273799176907
3.16  0.117979459049591  -0.3340441056697259
3.17  0.11723222124545823  -0.335328486177233
3.18  0.11646449997362124  -0.3365910820347717
3.19  0.11567633090447044  -0.3378318433864247
3.2  0.11486775100052993  -0.3390507217808827
3.21  0.11403879851441717  -0.3402476701750547
3.22  0.11318951298673086  -0.3414226429375866
3.23  0.11231993524386502  -0.3425755958522835
3.24  0.1114301073957501  -0.343706486121438
3.25  0.11052007283352355  -0.3448152723690642
3.2600000000000002  0.1095898762271253  -0.3459019146440359
3.27  0.10863956352282317  -0.3469663744231297
3.2800000000000002  0.10766918194066483  -0.3480086146139729
3.29  0.10667877997185882  -0.349028599557895
3.3000000000000003  0.10566840737608219  -0.350026295032684
3.31  0.1046381151787183  -0.351001668255246
3.3200000000000003  0.10358795566802165  -0.3519546878841684
3.33  0.10251798239221244  -0.35288532402218703
3.34  0.10142825015649803  -0.353793548218556
3.35  0.10031881502002593  -0.35467933347132125
3.36  0.09918973429276406  -0.35554265422949566
3.37  0.0980410665323102  -0.35638348639513895
3.38  0.09687287154063245  -0.3572018073253384
3.39  0.0956852103607373  -0.3579975958340926
3.4  0.09447814527326942  -0.3587708321940977
3.41  0.09325173979304008  -0.35952149813843587
3.42  0.09200605866548583  -0.3602495768621647
3.43  0.09074116786305864  -0.3609550530238101
3.44  0.08945713458154553  -0.3616379127467595
3.45  0.08815402723631927  -0.36229814362055807
3.46  0.08683191545852043  -0.36293573470210466
3.47  0.08549087009116996  -0.3635506765167513
3.48  0.08413096318521412  -0.36414296105930255
3.49  0.0827522679954994  -0.3647125817949164
3.5  0.08135485897668177  -0.36525953365990677
3.5100000000000002  0.07993881177906531  -0.3657838130624471
3.52  0.07850420324437513  -0.36628541788317415
3.5300000000000002  0.07705111140146148  -0.3667643474756939
3.54  0.07557961546193848  -0.36722060266698775
3.5500000000000003  0.07408979581575226  -0.3676541857577199
3.56  0.07258173402668744  -0.3680651005224448
3.5700000000000003  0.07105551282780226  -0.36845335220971714
3.58  0.06951121611680072  -0.36881894754210054
3.59  0.0679489289513367  -0.3691618947160785
3.6  0.06636873754425393  -0.36948220340186616
3.61  0.06477072925875926  -0.369779884743121
3.62  0.06315499260353119  -0.3700549513565569
3.63  0.06152161722776367  -0.3703074173314573
3.64  0.05987069391614469  -0.37053729822908904
3.65  0.05820231458377101  -0.37074461108201834
3.66  0.05651657227099838  -0.3709293743933268
3.67  0.05481356113822816  -0.3710916081357275
3.68  0.053093376460630115  -0.3712313337505836
3.69  0.051356114622802485  -0.3713485741468269
3.7  0.04960187311336817  -0.37144335369977777
3.71  0.047830750519509246  -0.3715156982498659
3.72  0.046042846521438696  -0.37156563510125296
3.73  0.04423826188680946  -0.37159319302035554
3.74  0.04241709846506331  -0.37159840223426943
3.75  0.04057945918171585  -0.3715812944290967
3.7600000000000002  0.03872544803258332  -0.3715419027481731
3.77  0.036855170077945976  -0.37148026179019655
3.7800000000000002  0.034968731436652356  -0.37139640760725956
3.79  0.033066239280163334  -0.3712903777027804
3.8000000000000003  0.031147801826535648  -0.3711622110293397
3.81  0.029213528334346595  -0.3710119479864159
3.8200000000000003  0.027263529096559047  -0.37083963041802553
3.83  0.025297915434328522  -0.37064530161026427
3.84  0.023316799690749568  -0.3704290062887513
3.85  0.02132029522454726  -0.3701907906159761
3.86  0.019308516403707676  -0.3699307021885484
3.87  0.017281578599053604  -0.36964879003435025
3.88  0.015239598177760605  -0.3693451046095932
3.89  0.013182692496818582  -0.36901969779577637
3.9  0.011110979896435391  -0.36867262289655056
3.91  0.009024579693385326  -0.3683039346344844
3.92  0.006923612174301486  -0.3679136891477355
3.93  0.004808198588912738  -0.367501943986625
3.94  0.002678461143226063  -0.3670687581101176
3.95  0.0005345229926548289  -0.3666141918822053
3.96  -0.0016234917649086689  -0.3661383070681964
3.97  -0.0037954580960727347  -0.36564116683090964
3.98  -0.0059812500389802015  -0.36512283572677384
3.99  -0.008180740710395207  -0.36458337970183274
4.0  -0.010393802312842093  -0.36402286608765605
4.01  -0.012620306141798043  -0.36344136359715706
4.0200000000000005  -0.014860122592935232  -0.362838942320315
4.03  -0.01711312116941599  -0.36221567371980656
4.04  -0.019379170489239705  -0.36157163062654263
4.05  -0.02165813829263835  -0.3609068872351121
4.0600000000000005  -0.02394989144952364  -0.3602215190991348
4.07  -0.026254295966982977  -0.3595156031265212
4.08  -0.028571216996827076  -0.35878921757463966
4.09  -0.030900518843183428  -0.35804244204539426
4.1  -0.03324206497014076  -0.357275357480209
4.11  -0.035595718009440724  -0.35648804615492263
4.12  -0.037961339768216085  -0.3556805916745931
4.13  -0.04033879123678025  -0.3548530789682106
4.14  -0.04272793259645841  -0.3540055942833217
4.15  -0.04512862322746969  -0.35313822518056365
4.16  -0.04754072171685081  -0.3522510605281102
4.17  -0.04996408586643081  -0.3513441904960273
4.18  -0.0523985727008458  -0.35041770655054183
4.19  -0.054844038475601875  -0.3494717014482211
4.2  -0.05730033868517939  -0.3485062692300659
4.21  -0.059767328071184844  -0.34752150521551545
4.22  -0.062244860630542104  -0.3465175059963652
4.23  -0.06473278962372933  -0.3454943694305997
4.24  -0.06723096758305644  -0.34445219463613774
4.25  -0.0697392463209871  -0.3433910819844927
4.26  -0.07225747693849935  -0.34231113309434746
4.2700000000000005  -0.07478550983348925  -0.3412124508250449
4.28  -0.07732319470921403  -0.3400951392699936
4.29  -0.07987038058277723  -0.33895930374998917
4.3  -0.08242691579365063  -0.3378050508064539
4.3100000000000005  -0.0849926480122386  -0.33663248819459074
4.32  -0.08756742424847769  -0.3354417248764577
4.33  -0.09015109086047879  -0.33423287101395677
4.34  -0.092743493563203  -0.3330060379617445
4.3500000000000005  -0.09534447743717739  -0.33176133826005905
4.36  -0.09795388693724588  -0.33049888562746776
4.37  -0.10057156590135921  -0.32921879495353346
4.38  -0.10319735755939718  -0.3279211822914025
4.39  -0.10583110454202849  -0.32660616485031224
4.4  -0.10847264888960659  -0.3252738609880198
4.41  -0.1111218320610958  -0.32392439020315433
4.42  -0.11377849494303646  -0.322557873127489
4.43  -0.1164424778585397  -0.3211744315181374
4.44  -0.11911362057631758  -0.31977418824967285
4.45  -0.12179176231974248  -0.3183572673061722
4.46  -0.12447674177594364  -0.3169237937731819
4.47  -0.1271683971049295  -0.3154738938296119
4.48  -0.12986656594874552  -0.3140076947395521
4.49  -0.13257108544065788  -0.3125253248440178
4.5  -0.13528179221437292  -0.3110269135526182
4.51  -0.13799852241328028  -0.3095125913351553
4.5200000000000005  -0.140721111699729  -0.3079824897131481
4.53  -0.14344939526432882  -0.30643674125128617
4.54  -0.14618320783528338  -0.3048754795488122
4.55  -0.14892238368774618  -0.3032988392308324
4.5600000000000005  -0.15166675665320736  -0.30170695593955843
4.57  -0.15441616012890336  -0.3000999663254802
4.58  -0.15717042708725654  -0.29847800803846714
4.59  -0.15992939008533583  -0.2968412197188043
4.6000000000000005  -0.16269288127434506  -0.2951897409881584
4.61  -0.16546073240913356  -0.29352371244047964
4.62  -0.16823277485773336  -0.29184327563283297
4.63  -0.17100883961091606  -0.29014857307616676
4.64  -0.17378875729177445  -0.2884397482260155
4.65  -0.17657235816532738  -0.2867169454731373
4.66  -0.17935947214814227  -0.284980310134088
4.67  -0.18214992881798367  -0.28322998844173086
4.68  -0.18494355742347826  -0.2814661275356851
4.69  -0.1877401868938035  -0.27968887545271154
4.7  -0.19053964584839178  -0.27789838111703624
4.71  -0.19334176260665703  -0.2760947943306147
4.72  -0.196146365197738  -0.27427826576333453
4.73  -0.19895328137026078  -0.2724489469431597
4.74  -0.201762338602115  -0.27060699024621604
4.75  -0.20457336411025312  -0.26875254888681693
4.76  -0.20738618486050006  -0.2668857769074338
4.7700000000000005  -0.21020062757738273  -0.2650068291686084
4.78  -0.2130165187539697  -0.26311586133880926
4.79  -0.21583368466173375  -0.2612130298842331
4.8  -0.21865195136041943  -0.2592984920585508
4.8100000000000005  -0.2214711447079305  -0.25737240589259947
4.82  -0.22429109037022713  -0.2554349301840222
4.83  -0.22711161383123812  -0.2534862244868532
4.84  -0.22993254040278205  -0.2515264491010528
4.8500000000000005  -0.23275369523450262  -0.24955576506198998
4.86  -0.23557490332381242  -0.2475743341298756
4.87  -0.23839598952584978  -0.2455823187791436
4.88  -0.24121677856344237  -0.24357988218778556
4.89  -0.24403709503708157  -0.24156718822663498
4.9  -0.24685676343490642  -0.23954440144860506
4.91  -0.24967560814269282  -0.23751168707787929
4.92  -0.25249345345385305  -0.2354692109990545
4.93  -0.25531012357944105  -0.23341713974624026
4.94  -0.2581254426581645  -0.23135564049211244
4.95  -0.2609392347664017  -0.22928488103692324
4.96  -0.26375132392822553  -0.2272050297974671
4.97  -0.26656153412543054  -0.22511625579600492
4.98  -0.26936968930756655  -0.2230187286491459
4.99  -0.27217561340197205  -0.2209126185566896
5.0  -0.27497913032381494  -0.2187980962904245
5.01  -0.27778006398613314  -0.21667533318289173
5.0200000000000005  -0.28057823830987894  -0.21454450111610546
5.03  -0.2833734772339616  -0.2124057725102377
5.04  -0.2861656047252964  -0.2102593203122664
5.05  -0.2889544447888481  -0.2081053179845846
5.0600000000000005  -0.2917398214776789  -0.20594393949357545
5.07  -0.2945215589029909  -0.2037753592981534
5.08  -0.29729948124417327  -0.20159975233826785
5.09  -0.3000734127588417  -0.1994172940233767
5.1000000000000005  -0.30284317779287995  -0.19722816022088557
5.11  -0.30560860079047336  -0.19503252724455558
5.12  -0.30836950630414606  -0.19283057184287983
5.13  -0.31112571900478675  -0.19062247118742986
5.14  -0.31387706369167384  -0.18840840286117208
5.15  -0.31662336530249574  -0.18618854484675654
5.16  -0.31936444892336224  -0.18396307551477706
5.17  -0.32210013979881336  -0.1817321736120036
5.18  -0.3248302633418185  -0.17949601824958963
5.19  -0.32755464514377036  -0.17725478889125257
5.2  -0.33027311098446793  -0.17500866534143156
5.21  -0.33298548684209517  -0.17275782773341847
5.22  -0.33569159890318634  -0.1705024565174677
5.23  -0.33839127357258547  -0.16824273244888324
5.24  -0.3410843374833922  -0.16597883657608503
5.25  -0.3437706175068995  -0.16371095022865167
5.26  -0.3464499407625195  -0.16143925500534684
5.2700000000000005  -0.34912213462769687  -0.15916393276212426
5.28  -0.35178702674781015  -0.15688516560011584
5.29  -0.3544444450460603  -0.1546031358535999
5.3  -0.35709421773334576  -0.15231802607795694
5.3100000000000005  -0.35973617331812463  -0.15003001903760427
5.32  -0.36237014061625894  -0.14773929769391994
5.33  -0.3649959487608482  -0.1454460451931509
5.34  -0.36761342721204404  -0.14315044485430645
5.3500000000000005  -0.3702224057668513  -0.14085268015704133
5.36  -0.37282271456890814  -0.13855293472952612
5.37  -0.37541418411825545  -0.1362513923363055
5.38  -0.3779966452810817  -0.1339482368661483
5.39  -0.3805699292994549  -0.13164365231988734
5.4  -0.38313386780103154  -0.12933782279825004
5.41  -0.3856882928087483  -0.12703093248968372
5.42  -0.38823303675049403  -0.12472316565817078
5.43  -0.39076793246876096  -0.12241470663104043
5.44  -0.39329281323027376  -0.120105739786774
5.45  -0.3958075127355971  -0.11779644954280691
5.46  -0.39831186512872463  -0.1154870203433257
5.47  -0.4008057050066403  -0.11317763664706298
5.48  -0.40328886742886016  -0.11086848291509085
5.49  -0.40576118792694726  -0.10855974359861384
5.5  -0.4082225025140085  -0.10625160312675877
5.51  -0.41067264769415823  -0.10394424589436907
5.5200000000000005  -0.41311146047196384  -0.10163785624979688
5.53  -0.41553877836186076  -0.09933261848270113
5.54  -0.41795443939754495  -0.09702871681184473
5.55  -0.42035828214133686  -0.09472633537289867
5.5600000000000005  -0.42275014569351677  -0.09242565820624891
5.57  -0.42512986970163336  -0.09012686924481143
5.58  -0.42749729436978573  -0.08783015230184907
5.59  -0.42985226046787506  -0.08553569105880099
5.6000000000000005  -0.4321946093408251  -0.08324366905311564
5.61  -0.4345241829177751  -0.08095426966609576
5.62  -0.43684082372124233  -0.07866767611075055
5.63  -0.439144374876254  -0.07638407141966017
5.64  -0.4414346801194441  -0.07410363843285056
5.65  -0.4437115838081237  -0.07182655978568057
5.66  -0.4459749309293141  -0.06955301789674313
5.67  -0.4482245671087522  -0.06728319495577736
5.68  -0.45046033861985635  -0.06501727291159862
5.69  -0.4526820923926633  -0.06275543346004142
5.7  -0.45488967602272695  -0.060497858031920704
5.71  -0.4570829377799875  -0.058244727781007644
5.72  -0.4592617266175983  -0.05599622357202548
5.73  -0.46142589218072233  -0.05375252596866269
5.74  -0.4635752848152884  -0.05151381522160717
5.75  -0.465709755576716  -0.04928027125659787
5.76  -0.4678291562385949  -0.04705207366250079
5.7700000000000005  -0.46993333930133474  -0.0448294016794044
5.78  -0.47202215800076963  -0.04261243418673992
5.79  -0.4740954663167306  -0.04040134969142234
5.8  -0.47615311898157275  -0.03819632631601845
5.8100000000000005  -0.47819497148866663  -0.03599754178693801
5.82  -0.48022088010084696  -0.03380517342265313
5.83  -0.4822307018588227  -0.03161939812194106
5.84  -0.48422429458954547  -0.029440392352157313
5.8500000000000005  -0.48620151691453534  -0.02726833213753592
5.86  -0.488162228258164  -0.02510339304751945
5.87  -0.49010628885589896  -0.022945750185117103
5.88  -0.4920335597625015  -0.020795578175296564
5.89  -0.49394390286018164  -0.01865305115340357
5.9  -0.49583718086670997  -0.01651834275361702
5.91  -0.497713257343484  -0.014391626097435786
5.92  -0.4995719967035536  -0.012273073782198315
5.93  -0.5014132642195946  -0.010162857869638497
5.94  -0.5032369260318426  -0.008061149874476023
5.95  -0.505042849155976  -0.005968120753043385
5.96  -0.506830901490959  -0.0038839408919487256
5.97  -0.5086009518268293  -0.0018087800967772627
5.98  -0.5103528698524447  0.0002571924191688557
5.99  -0.5120865261631782  0.002313808046091423
6.0  -0.5138017922685688  0.004360898788878437
6.01  -0.5154985405999186  0.006398297278243745
6.0200000000000005  -0.5171766445178448  0.008425836781826568
6.03  -0.5188359783197787  0.010443351215247462
6.04  -0.5204764172474197  0.01245067515312373
6.05  -0.5220978374941326  0.014447643840038188
6.0600000000000005  -0.5237001162123003  0.016434093201465813
6.07  -0.5252831315206187  0.018409859854653293
6.08  -0.5268467625113484  0.020374781119454732
6.09  -0.5283908892575051  0.022328695029118745
6.1000000000000005  -0.529915392820005  0.024271440341029724
6.11  -0.5314201552547526  0.02620285654739911
6.12  -0.532905059619678  0.028122783885910177
6.13  -0.5343699899817214  0.03003106335031143
6.140000000000001  -0.5358148314237585  0.031927536700960935
6.15  -0.5372394700514773  0.03381204647531741
6.16  -0.5386437930001972  0.035684435998383696
6.17  -0.5400276884416344  0.037544549393092985
6.18  -0.5413910455906094  0.03939223159064609
6.19  -0.5427337547117009  0.0412273283407924
6.2  -0.544055707125843  0.043049686222056724
6.21  -0.545356795216865  0.04485915265191169
6.22  -0.5466369124379746  0.04665557589689423
6.23  -0.5478959533181845  0.048438805082664196
6.24  -0.5491338134686783  0.05020869020400662
6.25  -0.5503503895891243  0.05196508213477698
6.26  -0.551545579473923  0.05370783263778617
6.2700000000000005  -0.5527192820184035  0.05543679437462687
6.28  -0.5538713972249535  0.05715182091544006
6.29  -0.555001826209098  0.05885276674862128
6.3  -0.5561104712055092  0.06053948729046474
6.3100000000000005  -0.5571972355739641  0.062211838894746685
6.32  -0.5582620238052356  0.06386967886224423
6.33  -0.5593047415269279  0.06551286545019398
6.34  -0.560325295509247  0.067141257881684
6.3500000000000005  -0.5613235936707104  0.06875471635498268
6.36  -0.5622995450837966  0.07035310205280208
6.37  -0.5632530599805321  0.07193627715149625
6.38  -0.5641840497580135  0.07350410483019201
6.390000000000001  -0.5650924269838704  0.07505644927985389
6.4  -0.5659781054016624  0.07659317571228008
6.41  -0.566840999936216  0.0781141503690324
6.42  -0.5676810266988928  0.07961924053029502
6.43  -0.5684981029927998  0.0811083145236657
6.44  -0.5692921473179303  0.08258124173287522
6.45  -0.5700630793762433  0.08403789260643835
6.46  -0.5708108200766782  0.08547813866623165
6.47  -0.5715352915401011  0.08690185251600127
6.48  -0.5722364171041907  0.08830890784979688
6.49  -0.5729141213282533  0.08969917946033333
6.5  -0.5735683299979774  0.09107254324727958
6.51  -0.5741989701301164  0.09242887622547247
6.5200000000000005  -0.5748059699771102  0.09376805653305648
6.53  -0.575389259031635  0.09508996343954806
6.54  -0.5759487680310909  0.09639447735382511
6.55  -0.5764844289620195  0.09768147983203909
6.5600000000000005  -0.5769961750644533  0.0989508535854513
6.57  -0.5774839408362002  0.10020248248819101
6.58  -0.5779476620370586  0.10143625158493717
6.59  -0.5783872756929627  0.10265204709852033
6.6000000000000005  -0.578802720100062  0.10384975643744683
6.61  -0.5791939348287306  0.10502926820334221
6.62  -0.5795608607275089  0.10619047219831725
6.63  -0.5799034399269741  0.10733325943225129
6.640000000000001  -0.5802216158435427  0.10845752212999568
6.65  -0.5805153331832038  0.1095631537384957
6.66  -0.5807845379451817  0.11065004893383179
6.67  -0.5810291774255295  0.11171810362817663
6.68  -0.5812492002206511  0.11276721497667068
6.69  -0.5814445562307541  0.11379728138421476
6.7  -0.5816151966632314  0.11480820251217787
6.71  -0.5817610740359732  0.11579987928502179
6.72  -0.5818821421806055  0.11677221389684146
6.73  -0.5819783562456603  0.11772510981781828
6.74  -0.5820496726996726  0.11865847180059162
6.75  -0.582096049334207  0.11957220588654016
6.76  -0.5821174452668118  0.12046621941198078
6.7700000000000005  -0.5821138209439011  0.12134042101427854
6.78  -0.5820851381435653  0.12219472063786939
6.79  -0.5820313599783116  0.12302902954019754
6.8  -0.5819524508977261  0.12384326029756225
6.8100000000000005  -0.5818483766910706  0.12463732681087819
6.82  -0.5817191044898011  0.12541114431134626
6.83  -0.5815646027700179  0.12616462936603545
6.84  -0.5813848413548383  0.1268976998833754
6.8500000000000005  -0.581179791416701  0.12761027511855927
6.86  -0.5809494254795923  0.12830227567885585
6.87  -0.5806937174212033  0.12897362352883188
6.88  -0.5804126424750116  0.12962424199548306
6.890000000000001  -0.5801061772322883  0.1302540557732736
6.9  -0.5797742996440343  0.13086299092908488
6.91  -0.5794169890228396  0.13145097490707158
6.92  -0.5790342260446708  0.13201793653342592
6.93  -0.5786259927505839  0.1325638060210492
6.94  -0.5781922725483618  0.133088514974131
6.95  -0.5777330502140806  0.13359199639263342
6.96  -0.5772483118935975  0.13407418467668508
6.97  -0.5767380451039671  0.13453501563087814
6.98  -0.5762022387347828  0.13497442646847296
6.99  -0.5756408830494424  0.13539235581550818
7.0  -0.5750539696863405  0.13578874371481608
7.01  -0.5744414916599844  0.13616353162994316
7.0200000000000005  -0.5738034433620371  0.1365166624489751
7.03  -0.5731398205622842  0.1368480804882677
7.04  -0.5724506204095258  0.13715773149608
7.05  -0.5717358414323933  0.13744556265611393
7.0600000000000005  -0.570995483540093  0.13771152259095604
7.07  -0.5702295480230714  0.13795556136542375
7.08  -0.5694380375536071  0.13817763048981474
7.09  -0.5686209561863288  0.1383776829230598
7.1000000000000005  -0.5677783093586548  0.13855567307577857
7.11  -0.5669101038911601  0.13871155681323763
7.12  -0.5660163479878673  0.1388452914582125
7.13  -0.5650970512364603  0.13895683579375065
7.140000000000001  -0.564152224608426  0.13904615006583707
7.15  -0.5631818804591183  0.13911319598596306
7.16  -0.5621860325277475  0.139157936733595
7.17  -0.5611646959372927  0.13918033695854676
7.18  -0.5601178871943426  0.13918036278325221
7.19  -0.5590456241888561  0.13915798180494016
7.2  -0.5579479261938515  0.1391131630977102
7.21  -0.5568248138650176  0.13904587721450934
7.22  -0.5556763092402509  0.1389560961890104
7.23  -0.5545024357391172  0.13884379353739074
7.24  -0.5533032181622369  0.13870894426001237
7.25  -0.5520786826905966  0.13855152484300176
7.26  -0.5508288568847834  0.1383715132597314
7.2700000000000005  -0.549553769684146  0.1381688889722011
7.28  -0.5482534514058792  0.13794363293231962
7.29  -0.5469279337440331  0.13769572758308735
7.3  -0.5455772497684486  0.1374251568596783
7.3100000000000005  -0.5442014339236158  0.13713190619042315
7.32  -0.542800522027459  0.13681596249769165
7.33  -0.5413745512700462  0.1364773141986756
7.34  -0.5399235602122225  0.13611595120607153
7.3500000000000005  -0.5384475887841713  0.13573186492866374
7.36  -0.536946678283898  0.13532504827180708
7.37  -0.5354208713756394  0.134895495637809
7.38  -0.5338702120882005  0.1344432029262129
7.390000000000001  -0.5322947458132151  0.13396816753398
7.4  -0.5306945193033312  0.1334703883555719
7.41  -0.5290695806703237  0.13294986578293272
7.42  -0.5274199793831316  0.13240660170537133
7.43  -0.5257457662658218  0.13184059950934296
7.44  -0.5240469934954785  0.13125186407813166
7.45  -0.5223237146000178  0.13064040179143116
7.46  -0.5205759844559305  0.13000622052482824
7.47  -0.5188038592859479  0.12934932964918316
7.48  -0.5170073966566371  0.128669740029912
7.49  -0.515186655475922  0.12796746402616954
7.5  -0.5133416959905286  0.12724251548993037
7.51  -0.51147257978336  0.12649490976497213
7.5200000000000005  -0.5095793697707968  0.12572466368575785
7.53  -0.5076621301999243  0.12493179557622017
7.54  -0.5057209266456886  0.12411632524844424
7.55  -0.5037558260079763  0.12327827400125216
7.5600000000000005  -0.5017668965086262  0.12241766461868875
7.57  -0.499754207688365  0.12153452136840712
7.58  -0.4977178304036727  0.12062886999995542
7.59  -0.49565783682357467  0.11970073774296486
7.6000000000000005  -0.4935743004263632  0.11875015330523933
7.61  -0.4914672959962456  0.11777714687074459
7.62  -0.489336899619922  0.1167817500975023
7.63  -0.4871831886830914  0.11576399611538127
7.640000000000001  -0.48500624186688557  0.11472391952379427
7.65  -0.48280613914423465  0.1136615563892951
7.66  -0.4805829617761575  0.11257694424307771
7.67  -0.4783367923079848  0.1114701220783777
7.68  -0.47606771456551183  0.1103411303477772
7.69  -0.4737758136510777  0.10919001096041109
7.7  -0.47146117593957887  0.10801680727907714
7.71  -0.4691238890744084  0.10682156411724808
7.72  -0.46676404196333  0.10560432773598868
7.73  -0.46438172477427786  0.10436514584077414
7.74  -0.46197702893109205  0.1031040675782145
7.75  -0.45955004710918174  0.10182114353268082
7.76  -0.4571008732311197  0.10051642572283731
7.7700000000000005  -0.4546296024621708  0.09918996759807663
7.78  -0.45213633120574925  0.09784182403486083
7.79  -0.4496211570988099  0.09647205133296674
7.8  -0.44708417900717  0.09508070721163595
7.8100000000000005  -0.44452549702076516  0.09366785080563153
7.82  -0.44194521244883667  0.09223354266120037
7.83  -0.43934342781505176  0.09077784473193967
7.84  -0.4367202468525587  0.08930082037457221
7.8500000000000005  -0.4340757744989725  0.08780253434462679
7.86  -0.43141011689129694  0.08628305279202597
7.87  -0.42872338136077953  0.08474244325658076
7.88  -0.4260156764277001  0.08318077466339352
7.890000000000001  -0.4232871117960951  0.0815981173181678
7.9  -0.4205377983484158  0.0799945429024273
7.91  -0.4177678481401225  0.07837012446864222
7.92  -0.4149773743942124  0.07672493643526548
7.930000000000001  -0.4121664914956849  0.07505905458167786
7.94  -0.40933531498594317  0.07337255604304249
7.95  -0.40648396155712857  0.07166551930506904
7.96  -0.4036125490463961  0.06993802419868864
7.97  -0.4007211964301236  0.06819015189463956
7.98  -0.39781002381805997  0.06642198489796289
7.99  -0.39487915244740845  0.06463360704241142
8.0  -0.39192870467685115  0.06282510348476805
8.01  -0.3889588039805082  0.060996560699078106
8.02  -0.3859695749418368  0.05914806647079371
8.03  -0.3829611432474711  0.057279709890830977
8.040000000000001  -0.37993363568099514  0.05539158134954006
8.05  -0.37688718011666456  0.05348377253059197
8.06  -0.3738219055130579  0.05155637640477387
8.07  -0.37073794190667375  0.049609487223705034
8.08  -0.367635420405469  0.04764320051346449
8.09  -0.36451447318233404  0.045657613068135094
8.1  -0.36137523346851236  0.0436528229432637
8.11  -0.35821783554695896  0.041628929449237406
8.120000000000001  -0.3550424147456431  0.039586033144576954
8.13  -0.35184910743079206  0.037524235829148184
8.14  -0.34863805100007594  0.03544364053728938
8.15  -0.3454093838757371  0.033344351530858934
8.16  -0.3421632454976634  0.031226474292200546
8.17  -0.3388997763164036  0.02909011551702892
8.18  -0.3356191177861266  0.026935383107233368
8.19  -0.3323214123575265  0.02476238616360374
8.2  -0.329006803470671  0.02257123497847524
8.21  -0.3256754355477945  0.020362041028295863
8.22  -0.3223274539860413  0.0181349169661163
8.23  -0.31896300515014603  0.015889976613998547
8.24  -0.3155822363650682  0.013627334955351456
8.25  -0.31218529590857014  0.011347108127187727
8.26  -0.3087723330037425  0.00904941341230478
8.27  -0.30534349781147646  0.006734369231390813
8.28  -0.3018989414228853  0.004402095135054435
8.290000000000001  -0.2984388158516711  0.002052711795781287
8.3  -0.2949632740264473  -0.0003136590001829309
8.31  -0.2914724697830001  -0.0026968943610257423
8.32  -0.2879665578565064  -0.00509687029763034
8.33  -0.2844456938737013  -0.007513461731912807
8.34  -0.2809100343449932  -0.009946542505229
8.35  -0.27735973665653146  -0.012395985386854907
8.36  -0.2737949590622245  -0.014861662082534727
8.370000000000001  -0.270215860675708  -0.017343443243101997
8.38  -0.26662260146227273  -0.019841198473165594
8.39  -0.26301534223073175  -0.022354796339870253
8.4  -0.25939424462525074  -0.02488410438172084
8.41  -0.2557594711171301  -0.027428989117474517
8.42  -0.2521111849965372  -0.029989316055102244
8.43  -0.24844955036419603  -0.03256494970081408
8.44  -0.24477473212303003  -0.03515575356815068
8.45  -0.2410868959697613  -0.03776159018714148
8.46  -0.2373862083864614  -0.04038232111352555
8.47  -0.23367283663206775  -0.04301780693803536
8.48  -0.22994694873384233  -0.0456679072957466
8.49  -0.2262087134787998  -0.048332480875488526
8.5  -0.22245830040508713  -0.05101138542931638
8.51  -0.21869587979332114  -0.05370447778204451
8.52  -0.21492162265788645  -0.05641161384084156
8.53  -0.2111357007381905  -0.0591326486048841
8.540000000000001  -0.20733828648987657  -0.06186743617507029
8.55  -0.20352955307600346  -0.06461582976379002
8.56  -0.19970967435817397  -0.06737768170475777
8.57  -0.19587882488763286  -0.0701528434628973
8.58  -0.19203717989632385  -0.07294116564428552
8.59  -0.18818491528790704  -0.07574249800615246
8.6  -0.18432220762873855  -0.0785566894669345
8.61  -0.18044923413881414  -0.08138358811638441
8.620000000000001  -0.1765661726826723  -0.08422304122573407
8.63  -0.17267320176026915  -0.08707489525790804
8.64  -0.16877050049780565  -0.0899389958777948
8.65  -0.16485824863852735  -0.09281518796256463
8.66  -0.1609366265334892  -0.09570331561204048
8.67  -0.15700581513228135  -0.0986032221591194
8.68  -0.1530659959737251  -0.10151475018024261
8.69  -0.1491173511765329  -0.10443774150591503
8.700000000000001  -0.14516006342993593  -0.10737203723127253
8.71  -0.1411943159842814  -0.11031747772669585
8.72  -0.1372202926415934  -0.11327390264847381
8.73  -0.1332381777461053  -0.11624115094950933
8.74  -0.12924815617476224  -0.1192190608900722
8.75  -0.1252504133276901  -0.12220747004859513
8.76  -0.12124513511863691  -0.1252062153325157
8.77  -0.11723250796538301  -0.1282151329891592
8.78  -0.11321271878012437  -0.13123405861666393
8.790000000000001  -0.10918595495982347  -0.13426282717494986
8.8  -0.10515240437654158  -0.13730127299672343
8.81  -0.10111225536772891  -0.14034922979852932
8.82  -0.09706569672650195  -0.1434065306918348
8.83  -0.09301291769188752  -0.14647300819415626
8.84  -0.08895410793904107  -0.14954849424022176
8.85  -0.0848894575694426  -0.15263282019317143
8.86  -0.08081915710106499  -0.15572581685579384
8.870000000000001  -0.07674339745851799  -0.15882731448179793
8.88  -0.07266236996317521  -0.16193714278711624
8.89  -0.06857626632326569  -0.16505513096124963
8.9  -0.06448527862395287  -0.1681811076786371
8.91  -0.06038959931738902  -0.1713149011100619
8.92  -0.05628942121274619  -0.17445633893408863
8.93  -0.05218493746622738  -0.1776052483485301
8.94  -0.04807634157105806  -0.18076145608194566
8.950000000000001  -0.04396382734745363  -0.1839247884051676
8.96  -0.03984758893257745  -0.18709507114285429
8.97  -0.035727820770466046  -0.1902721296850759
8.98  -0.03160471760194536  -0.1934557889989214
8.99  -0.027478474454529583  -0.1966458736401347
9.0  -0.023349286632297073  -0.19984220776477446
9.01  -0.01921734970575456  -0.20304461514089944
9.02  -0.015082859501681978  -0.20625291916027688
9.03  -0.010946012092964391  -0.20946694285011352
9.040000000000001  -0.006807003788404348  -0.21268650888480925
9.05  -0.0026660311225296107  -0.21591143959773015
9.06  0.0014767091546283861  -0.21914155699300458
9.07  0.005621020087755169  -0.22237668275733763
9.08  0.009766704526494169  -0.22561663827184297
9.09  0.013913565135698525  -0.2288612446238954
9.1  0.018061404405694287  -0.23211032261899742
9.11  0.022210024662554284  -0.23536369279266506
9.120000000000001  0.026359228078386504  -0.23862117542232794
9.13  0.030508816681622808  -0.24188259053924177
9.14  0.03465859236733054  -0.24514775794042082
9.15  0.0388083569075246  -0.2484164972005768
9.16  0.04295791196148735  -0.2516886276840741
9.17  0.047107059086101355  -0.25496396855689485
9.18  0.05125559974618554  -0.2582423387986153
9.19  0.05540333532484032  -0.2615235572143918
9.200000000000001  0.05955006713379951  -0.26480744244695614
9.21  0.06369559642378103  -0.2680938129886164
9.22  0.06783972439485492  -0.27138248719327146
9.23  0.07198225220680662  -0.2746732832884251
9.24  0.0761229809895054  -0.27796601938721005
9.25  0.0802617118532789  -0.2812605135004152
9.26  0.08439824589928949  -0.2845565835485178
9.27  0.08853238422991136  -0.28785404737371845
9.28  0.0926639279591136  -0.2911527227519782
9.290000000000001  0.09679267822283888  -0.2944524274050592
9.3  0.10091843618938356  -0.2977529790125625
9.31  0.10504100306978678  -0.30105419522397003
9.32  0.10916018012820518  -0.3043558936706837
9.33  0.11327576869229691  -0.30765789197806115
9.34  0.11738757016359945  -0.31096000777745275
9.35  0.12149538602790678  -0.31426205871823265
9.36  0.125599017865643  -0.3175638624798264
9.370000000000001  0.12969826736223583  -0.3208652367837348
9.38  0.13379293631847644  -0.3241659994055477
9.39  0.13788282666089155  -0.3274659681869592
9.4  0.14196774045209407  -0.33076496104776787
9.41  0.14604747990113762  -0.3340627959978718
9.42  0.15012184737386292  -0.3373592911492555
9.43  0.15419064540323585  -0.34065426472796523
9.44  0.1582536766996807  -0.3439475350860749
9.450000000000001  0.16231074416140592  -0.34723892071364093
9.46  0.166361650884715  -0.3505282402506408
9.47  0.17040620017432018  -0.35381531249890646
9.48  0.1744441955536381  -0.3570999564340361
9.49  0.17847544077507543  -0.3603819912172948
9.5  0.18249973983030915  -0.36366123620749985
9.51  0.18651689696055146  -0.36693751097288857
9.52  0.19052671666680426  -0.3702106353029695
9.53  0.19452900372010395  -0.37348042922035635
9.540000000000001  0.19852356317174855  -0.37674671299258267
9.55  0.20251020036351283  -0.38000930714389447
9.56  0.20648872093785692  -0.3832680324670292
9.57  0.2104589308481088  -0.38652271003496663
9.58  0.2144206363686403  -0.38977316121266076
9.59  0.21837364410502438  -0.39301920766875004
9.6  0.22231776100417652  -0.39626067138724164
9.61  0.2262527943644805  -0.3994973746791739
9.620000000000001  0.23017855184589803  -0.40272914019425204
9.63  0.23409484148005347  -0.4059557909324565
9.64  0.2380014716803145  -0.40917715025563023
9.65  0.24189825125183873  -0.4123930418990324
9.66  0.24578498940161103  -0.4156032899828669
9.67  0.24966149574845692  -0.41880771902378106
9.68  0.2535275803330369  -0.4220061539463355
9.69  0.2573830536278187  -0.42519842009444186
9.700000000000001  0.2612277265470316  -0.4283843432427714
9.71  0.2650614104565896  -0.431563749608127
9.72  0.2688839171840066  -0.43473646586078946
9.73  0.27269505902827484  -0.4379023191358239
9.74  0.2764946487697266  -0.441061137044354
9.75  0.28028249967987123  -0.44421274768480135
9.76  0.28405842553120564  -0.4473569796540887
9.77  0.28782224060700123  -0.45049366205880614
9.78  0.29157375971106514  -0.4536226245263395
9.790000000000001  0.295312798177474  -0.45674369721596303
9.8  0.2990391718802792  -0.45985671082988755
9.81  0.3027526972431925  -0.4629614966242766
9.82  0.30645319124923454  -0.46605788642021584
9.83  0.3101404714503597  -0.46914571261464416
9.84  0.3138143559770525  -0.4722248081912421
9.85  0.3174746635478919  -0.4752950067312775
9.86  0.3211212134790897  -0.47835614242440866
9.870000000000001  0.3247538256939946  -0.481408050079443
9.88  0.3283723207325643  -0.4844505651350481
9.89  0.3319765197608153  -0.4874835236704238
9.9  0.3355662445802289  -0.4905067624159212
9.91  0.3391413176371314  -0.4935201187636183
9.92  0.34270156203204105  -0.49652343077784666
9.93  0.34624680152897935  -0.49951653720567046
9.94  0.34977686056475005  -0.5024992774873156
9.950000000000001  0.35329156425818464  -0.5054714917665507
9.96  0.35679073841934644  -0.5084330209010129
9.97  0.3602742095587117  -0.5113837064724908
9.98  0.36374180489630076  -0.5143233907971462
9.99  0.3671933523707832  -0.5172519169356902
10.0  0.3706286806485397  -0.5201691287035025
