0.0  -0.308403573739807  0.2330819477306594
0.01  -0.30568421689230746  0.23132402214792805
0.02  -0.30295019636051507  0.22956577162716757
0.03  -0.30020166990786573  0.2278072548328845
0.04  -0.2974387960509465  0.2260485304255984
0.05  -0.29466173405084345  0.2242896570586584
0.06  -0.2918706439044494  0.2225306933750596
0.07  -0.28906568633573193  0.22077169800425991
0.08  -0.28624702278696296  0.21901272955899687
0.09  -0.2834148154099083  0.21725384663210529
0.1  -0.2805692270569814  0.21549510779333547
0.11  -0.27771042127235673  0.21373657158617257
0.12  -0.27483856228304826  0.21197829652465677
0.13  -0.27195381498994997  0.21022034109020515
0.14  -0.2690563449588409  0.20846276372843459
0.15  -0.2661463184113537  0.2067056228459869
0.16  -0.2632239022159092  0.20494897680735535
0.17  -0.260289263878615  0.20319288393171384
0.18  -0.2573425715341305  0.20143740248974773
0.19  -0.25438399393649835  0.19968259070048777
0.2  -0.2514137004499424  0.19792850672814621
0.21  -0.24843186103963294  0.19617520867895605
0.22  -0.24543864626241985  0.1944227545980132
0.23  -0.24243422725753405  0.19267120246612218
0.24  -0.23941877573725795  0.1909206101966446
0.25  -0.2363924639775644  0.18917103563235224
0.26  -0.23335546480872674  0.18742253654228314
0.27  -0.230307951605898  0.1856751706186019
0.28  -0.22725009827966197  0.18392899547346456
0.29  -0.22418207926655462  0.1821840686358875
0.3  -0.2211040695195582  0.180440447548621
0.31  -0.21801624449856727  0.17869818956502767
0.32  -0.21491878016082827  0.17695735194596585
0.33  -0.21181185295135152  0.17521799185667797
0.34  -0.20869563979329814  0.17348016636368474
0.35000000000000003  -0.20557031807834097  0.17174393243168426
0.36  -0.20243606565700079  0.17000934692045716
0.37  -0.19929306082895742  0.1682764665817782
0.38  -0.196141482333338  0.16654534805633264
0.39  -0.1929815093389808  0.1648160478706404
0.4  -0.18981332143467694  0.16308862243398564
0.41000000000000003  -0.18663709861938887  0.16136312803535363
0.42  -0.18345302129244845  0.15963962084037397
0.43  -0.1802612702437321  0.15791815688827157
0.44  -0.17706202664381648  0.1561987920888239
0.45  -0.17385547203411336  0.15448158221932645
0.46  -0.17064178831698512  0.15276658292156564
0.47000000000000003  -0.16742115774584077  0.15105384969879923
0.48  -0.16419376291521368  0.1493434379127448
0.49  -0.1609597867508213  0.14763540278057657
0.5  -0.1577194124996071  0.14592979937193057
0.51  -0.1544728237197658  0.1442266826059179
0.52  -0.15122020427075206  0.1425261072481472
0.53  -0.1479617383032733  0.14082812790775584
0.54  -0.1446976102492672  0.13913279903444986
0.55  -0.14142800481186457  0.13744017491555374
0.56  -0.13815310695533767  0.13575030967306914
0.5700000000000001  -0.1348731018950352  0.13406325726074333
0.58  -0.13158817508730383  0.13237907146114763
0.59  -0.1282985122193973  0.13069780588276547
0.6  -0.12500429919937348  0.12901951395709096
0.61  -0.12170572214598006  0.12734424893573723
0.62  -0.11840296737852896  0.12567206388755603
0.63  -0.11509622140676062  0.12400301169576727
0.64  -0.11178567092069838  0.1223371450550999
0.65  -0.1084715027804937  0.12067451646894344
0.66  -0.10515390400626234  0.11901517824651102
0.67  -0.10183306176791271  0.11735918250001354
0.68  -0.0985091633749664  0.11570658114184552
0.6900000000000001  -0.09518239626637166  0.11405742588178253
0.7000000000000001  -0.09185294800031042  0.11241176822419066
0.71  -0.08852100624399942  0.1107696594652478
0.72  -0.0851867587634856  0.10913115069017737
0.73  -0.08185039341343713  0.10749629277049445
0.74  -0.0785120981269298  0.10586513636126398
0.75  -0.07517206090522982  0.1042377318983724
0.76  -0.0718304698075734  0.10261412959581172
0.77  -0.06848751294094373  0.10099437944297665
0.78  -0.06514337844984575  0.09937853120197512
0.79  -0.06179825450607973  0.09776663440495209
0.8  -0.05845232929851367  0.09615873835142676
0.81  -0.0551057910228552  0.09455489210564369
0.8200000000000001  -0.051758827871424065  0.09295514449393791
0.8300000000000001  -0.04841162802292484  0.09135954410211342
0.84  -0.04506437963222108  0.08976813927283675
0.85  -0.0417172708201116  0.0881809781030441
0.86  -0.03837048966310874  0.08659810844136345
0.87  -0.03502422418321984  0.08501957788555095
0.88  -0.031678662337732116  0.08344543377994267
0.89  -0.02833399200900149  0.08187572321292053
0.9  -0.02499040099424623  0.08031049301439419
0.91  -0.021648076995345926  0.07874978975329756
0.92  -0.018307207608645376  0.07719365973510109
0.93  -0.014967980314765907  0.07564214899933937
0.9400000000000001  -0.011630582468422718  0.07409530331715469
0.9500000000000001  -0.008295201288249794  0.07255316818885646
0.96  -0.004962023846632961  0.0710157888414964
0.97  -0.00163123705955108  0.06948321022646013
0.98  0.0016969723235729928  0.067955477017075
0.99  0.005022417730012989  0.06643263360623428
1.0  0.00834491277386857  0.06491472410403827
1.01  0.011664271266184259  0.0634017923354516
1.02  0.014980307225057811  0.06189388183797796
1.03  0.018292834885735618  0.060391035859351544
1.04  0.02160166871069645  0.05889329735524568
1.05  0.024906623399722633  0.05740070898699892
1.06  0.0282075138999568  0.0559133131193584
1.07  0.03150415541594517  0.05443115181824071
1.08  0.03479636341966659  0.05295426684851083
1.09  0.03808395366054594  0.051482699671778515
1.1  0.04136674217545204  0.050016491444212864
1.11  0.044644545298679734  0.048555683014374844
1.12  0.047917179671914376  0.047100314921068205
1.1300000000000001  0.05118446225418028  0.04565042739120889
1.1400000000000001  0.05444621033177024  0.04420606033771235
1.1500000000000001  0.05770224152815724  0.04276725335740007
1.16  0.06095237381388734  0.04133404572892494
1.17  0.06419642551645281  0.039906476410714584
1.18  0.06743421533014546  0.03848458403893483
1.19  0.07066556232588946  0.037068406925471566
1.2  0.0738902859610532  0.03565798305593205
1.21  0.07710820608923924  0.03425335008766537
1.22  0.08031914297005274  0.032854545347803056
1.23  0.08352291727884686  0.031461605831318226
1.24  0.08671935011644483  0.030074568199105277
1.25  0.08990826301883847  0.028693468776079277
1.26  0.09308947796686307  0.027318343549294785
1.27  0.09626281739584641  0.025949228166085296
1.28  0.09942810420523338  0.024586157932222644
1.29  0.10258516176818451  0.02322916781009659
1.3  0.10573381394114814  0.02187829241691481
1.31  0.10887388507340573  0.020533566022923423
1.32  0.11200520001658965  0.019195022549648125
1.33  0.11512758413417401  0.017862695568155937
1.34  0.11824086331093545  0.01653661829733792
1.35  0.12134486396238647  0.015216823602212368
1.36  0.12443941304417894  0.013903343992249656
1.37  0.12752433806147687  0.012596211619717426
1.3800000000000001  0.13059946707830017  0.011295458278047725
1.3900000000000001  0.1336646287268363  0.010001115400224851
1.4000000000000001  0.13671965221672067  0.008713214057194892
1.41  0.1397643673442854  0.007431784956296629
1.42  0.14279860450177592  0.00615685843971394
1.43  0.14582219468653326  0.004888464482950168
1.44  0.14883496951014422  0.003626632693323875
1.45  0.15183676120755693  0.0023713923084866667
1.46  0.15482740264616254  0.0011227721949629635
1.47  0.1578067273348407  -0.00011919915328856973
1.48  0.16077456943297105  -0.0013544936162909471
1.49  0.16373076375940787  -0.0025830834494428995
1.5  0.16667514580141862  -0.003804941284890964
1.51  0.16960755172358521  -0.005020040132878427
1.52  0.17252781837666853  -0.006228353383072677
1.53  0.17543578330643453  -0.007429854805869579
1.54  0.178331284762442  -0.008624518553675561
1.55  0.18121416170679197  -0.009812319162166579
1.56  0.18408425382283694  -0.010993231551525047
1.57  0.18694140152385133  -0.012167231027653401
1.58  0.18978544596166083  -0.013334293283365196
1.59  0.1926162290352315  -0.014494394399552878
1.6  0.1954335933992176  -0.015647510846333014
1.61  0.19823738247246758  -0.016793619484168097
1.62  0.20102744044648777  -0.017932697564965495
1.6300000000000001  0.20380361229386426  -0.019064722733152954
1.6400000000000001  0.20656574377664114  -0.020189673026731032
1.6500000000000001  0.20931368145465518  -0.02130752687830236
1.6600000000000001  0.21204727269382662  -0.022418263116077038
1.67  0.21476636567440574  -0.02352186096485525
1.68  0.2174708093991749  -0.024618300046985925
1.69  0.22016045370160423  -0.02570756038330218
1.7  0.22283514925396264  -0.026789622394032778
1.71  0.22549474757538196  -0.027864466899690417
1.72  0.22813910103987511  -0.028932075121936338
1.73  0.23076806288430635  -0.029992428684420556
1.74  0.23338148721631505  -0.03104550961359894
1.75  0.23597922902219054  -0.03209130033952669
1.76  0.23856114417469942  -0.03312978369662695
1.77  0.24112708944086356  -0.03416094292443655
1.78  0.24367692248968925  -0.03518476166832729
1.79  0.2462105018998465  -0.036201223980203326
1.8  0.2487276871672984  -0.03721031431917453
1.81  0.2512283387128802  -0.038212017552205886
1.82  0.253712317889827  -0.03920631895474276
1.83  0.2561794869912508  -0.04019320421131204
1.84  0.2586297092575658  -0.04117265941609894
1.85  0.2610628488838608  -0.04214467107350006
1.86  0.26347877102722034  -0.043109226098651816
1.87  0.2658773418139922  -0.04406631181793484
1.8800000000000001  0.26825842834700153  -0.04501591596945411
1.8900000000000001  0.27062189871271203  -0.045958026703494796
1.9000000000000001  0.27296762198833224  -0.046892632582953626
1.9100000000000001  0.2752954682488681  -0.04781972258374645
1.92  0.27760530857411975  -0.04873928609519052
1.93  0.2798970150556249  -0.04965131292036373
1.94  0.28217046080354413  -0.05055579327643806
1.95  0.2844255199534927  -0.051452717794989694
1.96  0.2866620676733138  -0.05234207752228429
1.97  0.2888799801697976  -0.053223863919537984
1.98  0.29107913469534036  -0.054098068863153645
1.99  0.29325940955454866  -0.05496468464493333
2.0  0.29542068411078454  -0.05582370397226564
2.0100000000000002  0.29756283879265266  -0.05667511996828911
2.02  0.2996857551004287  -0.05751892617203083
2.0300000000000002  0.3017893156124309  -0.05835511653852107
2.04  0.30387340399132834  -0.059183685438882735
2.05  0.3059379049903944  -0.060004627660397214
2.06  0.3079827044596974  -0.06081793840654539
2.07  0.3100076893522309  -0.061623613297023636
2.08  0.31201274772998616  -0.06242164836773689
2.09  0.31399776876996  -0.06321204007076561
2.1  0.31596264277010533  -0.06399478527430952
2.11  0.3179072611552164  -0.06476988126260641
2.12  0.31983151648275554  -0.06553732573582674
2.13  0.32173530244861537  -0.06629711680994357
2.14  0.3236185138928201  -0.06704925301657891
2.15  0.3254810468051632  -0.06779373330282451
2.16  0.32732279833078193  -0.06853055703103966
2.17  0.32914366677566925  -0.06925972397862362
2.18  0.3309435516121213  -0.06998123433776424
2.19  0.3327223534841215  -0.0706950887151625
2.2  0.33447997421265996  -0.07140128813173235
2.21  0.3362163168009883  -0.07209983402227688
2.22  0.3379312854398103  -0.07279072823513959
2.23  0.33962478551240627  -0.07347397303183244
2.24  0.34129672359969326  -0.0741495710866388
2.25  0.342947007485219  -0.07481752548619336
2.2600000000000002  0.3445755461600899  -0.0754778397290369
2.27  0.34618224982783247  -0.0761305177251479
2.2800000000000002  0.3477670299091894  -0.0767755637954497
2.29  0.34932979904684774  -0.07741298267129396
2.3000000000000003  0.35087047111010083  -0.07804277949392008
2.31  0.35238896119944224  -0.07866495981389085
2.32  0.3538851856510935  -0.07927952959050406
2.33  0.3553590620414627  -0.07988649519118085
2.34  0.3568105091915358  -0.08048586339082958
2.35  0.35823944717119977  -0.08107764137118699
2.36  0.35964579730349705  -0.08166183672013458
2.37  0.3610294821688117  -0.08223845743099237
2.38  0.36239042560898604  -0.0828075119017887
2.39  0.3637285527313689  -0.08336900893450674
2.4  0.36504378991279385  -0.08392295773430719
2.41  0.36633606480348807  -0.08446936790872814
2.42  0.36760530633091215  -0.08500824946686122
2.43  0.3688514447035284  -0.08553961281850492
2.44  0.37007441141450087  -0.0860634687732941
2.45  0.371274139245323  -0.08657982853980692
2.46  0.3724505622693767  -0.08708870372464861
2.47  0.37360361585541896  -0.08759010633151214
2.48  0.3747332366709982  -0.08808404876021575
2.49  0.3758393626857998  -0.0885705438057181
2.5  0.37692193317492  -0.08904960465711034
2.5100000000000002  0.3779808887220678  -0.08952124489658547
2.52  0.37901617122269604  -0.08998547849838495
2.5300000000000002  0.3800277238870604  -0.09044231982772304
2.54  0.38101549124320566  -0.0908917836396885
2.5500000000000003  0.3819794191398812  -0.09133388507812348
2.56  0.3829194547493824  -0.09176863967448078
2.57  0.38383554657032115  -0.09219606334665836
2.58  0.3847276444303233  -0.09261617239781168
2.59  0.38559569948865224  -0.09302898351514394
2.6  0.38643966423876136  -0.09343451376867484
2.61  0.3872594925107719  -0.0938327806099862
2.62  0.3880551394738787  -0.09422380187094728
2.63  0.3888265616386821  -0.0946075957624168
2.64  0.38957371685944614  -0.09498418087292461
2.65  0.390296564336284  -0.0953535761673306
2.66  0.3909950646172694  -0.0957158009854633
2.67  0.39166917960047326  -0.09607087504073583
2.68  0.39231887253592845  -0.09641881841874173
2.69  0.3929441080275188  -0.09675965157582866
2.7  0.39354485203479433  -0.0970933953376516
2.71  0.3941210718747131  -0.09742007089770438
2.72  0.39467273622330834  -0.09773969981583122
2.73  0.3951998151172799  -0.09805230401671655
2.74  0.395702279955514  -0.09835790578835465
2.75  0.3961801035005254  -0.0986565277804983
2.7600000000000002  0.39663325987982717  -0.09894819300308763
2.77  0.39706172458722466  -0.09923292482465727
2.7800000000000002  0.39746547448403513  -0.09951074697072484
2.79  0.39784448780023207  -0.09978168352215781
2.8000000000000003  0.3981987441355152  -0.10004575891352128
2.81  0.39852822446030506  -0.10030299793140512
2.82  0.398832911116663  -0.1005534257127317
2.83  0.39911278781913584  -0.10079706774304366
2.84  0.3993678396555252  -0.10103394985477204
2.85  0.3995980530875824  -0.10126409822548518
2.86  0.3998034159516274  -0.10148753937611757
2.87  0.3999839174590931  -0.10170430016918042
2.88  0.40013954819699427  -0.10191440780695202
2.89  0.40027030012832093  -0.10211788982964976
2.9  0.40037616659235664  -0.10231477411358308
2.91  0.40045714230492174  -0.10250508886928744
2.92  0.4005132233585412  -0.10268886263963978
2.93  0.4005444072225365  -0.10286612429795536
2.94  0.4005506927430429  -0.10303690304606634
2.95  0.40053208014295183  -0.10320122841238184
2.96  0.40048857102177643  -0.1033591302499299
2.97  0.4004201683554433  -0.10351063873438157
2.98  0.4003268764960082  -0.10365578436205693
2.99  0.40020870117129653  -0.10379459794791326
3.0  0.4000656494844693  -0.10392711062351583
3.0100000000000002  0.39989772991351213  -0.10405335383499106
3.02  0.39970495231065134  -0.10417335934096203
3.0300000000000002  0.39948732790169317  -0.10428715921046744
3.04  0.3992448692852882  -0.10439478582086259
3.0500000000000003  0.3989775904321215  -0.10449627185570413
3.06  0.39868550668402714  -0.1045916503026177
3.0700000000000003  0.3983686347530269  -0.10468095445114878
3.08  0.39802699272029624  -0.10476421789059703
3.09  0.39766060003505266  -0.10484147450783471
3.1  0.3972694775133718  -0.10491275848510812
3.11  0.39685364733692724  -0.10497810429782323
3.12  0.3964131330516556  -0.10503754671231537
3.13  0.39594795956634815  -0.10509112078360353
3.14  0.395458153151167  -0.10513886185312782
3.15  0.394943741436087  -0.10518080554647286
3.16  0.3944047534092633  -0.10521698777107456
3.17  0.39384121941532496  -0.10524744471391226
3.18  0.39325317115359415  -0.10527221283918597
3.19  0.39264064167623114  -0.10529132888597809
3.2  0.3920036653863059  -0.10530482986590106
3.21  0.3913422780357945  -0.10531275306072962
3.22  0.3906565167235041  -0.10531513602001906
3.23  0.3899464198929219  -0.10531201655870953
3.24  0.38921202732999166  -0.10530343275471507
3.25  0.3884533801608175  -0.10528942294650001
3.2600000000000002  0.38767052084929277  -0.10527002573064022
3.27  0.38686349319465785  -0.10524527995937179
3.2800000000000002  0.3860323423289826  -0.1052152247381255
3.29  0.38517711471457855  -0.105179899423048
3.3000000000000003  0.38429785814133577  -0.10513934361851004
3.31  0.3833946217239895  -0.10509359717460161
3.3200000000000003  0.3824674558993128  -0.1050427001846138
3.33  0.3815164124232377  -0.10498669298250851
3.34  0.3805415443679037  -0.10492561614037532
3.35  0.37954290611863495  -0.10485951046587591
3.36  0.3785205533708456  -0.10478841699967616
3.37  0.3774745431268727  -0.10471237701286684
3.38  0.3764049336927389  -0.10463143200437161
3.39  0.375311784674843  -0.1045456236983433
3.4  0.3741951569765799  -0.10445499404154959
3.41  0.37305511279488957  -0.10435958520074638
3.42  0.37189171561673523  -0.10425943956003995
3.43  0.3707050302155109  -0.10415459971823886
3.44  0.3694951226473793  -0.10404510848619378
3.45  0.36826206024753905  -0.10393100888412792
3.46  0.3670059116264221  -0.10381234413895588
3.47  0.3657267466658214  -0.10368915768159247
3.48  0.3644246365149499  -0.10356149314425188
3.49  0.3630996535864286  -0.10342939435773563
3.5  0.3617518715522079  -0.10329290534871192
3.5100000000000002  0.3603813653394178  -0.1031520703369847
3.52  0.35898821112615137  -0.1030069337327531
3.5300000000000002  0.3575724863371786  -0.10285754013386181
3.54  0.3561342696395932  -0.10270393432304248
3.5500000000000003  0.35467364093839016  -0.1025461612651458
3.56  0.35319068137197773  -0.10238426610436477
3.5700000000000003  0.3516854733076198  -0.10221829416144963
3.58  0.3501581003368128  -0.10204829093091428
3.59  0.3486086472705947  -0.10187430207823431
3.6  0.34703720013478806  -0.10169637343703726
3.61  0.34544384616517665  -0.10151455100628427
3.62  0.34382867380261534  -0.10132888094744495
3.63  0.34219177268807505  -0.10113940958166419
3.64  0.3405332336576215  -0.10094618338692127
3.65  0.3388531487373294  -0.10074924899518267
3.66  0.33715161113813036  -0.10054865318954746
3.67  0.3354287152505978  -0.10034444290138535
3.68  0.3336845566396661  -0.10013666520746885
3.69  0.33191923203928614  -0.09992536732709882
3.7  0.330132839347017  -0.09971059661922346
3.71  0.3283254776185539  -0.09949240057955153
3.72  0.3264972470621937  -0.09927082683765934
3.73  0.32464824903323564  -0.09904592315409264
3.74  0.3227785860283221  -0.09881773741746189
3.75  0.32088836167971424  -0.09858631764153342
3.7600000000000002  0.31897768074950783  -0.09835171196231472
3.77  0.31704664912378633  -0.09811396863513458
3.7800000000000002  0.31509537380671265  -0.0978731360317192
3.79  0.31312396291456024  -0.09762926263726263
3.8000000000000003  0.31113252566968297  -0.0973823970474941
3.81  0.30912117239442544  -0.09713258796573965
3.8200000000000003  0.3070900145049719  -0.09687988419998084
3.83  0.30503916450513774  -0.09662433465990908
3.84  0.3029687359800978  -0.09636598835397651
3.85  0.30087884359006045  -0.09610489438644289
3.86  0.2987696030638788  -0.09584110195442011
3.87  0.29664113119260643  -0.09557466034491224
3.88  0.2944935458229932  -0.09530561893185423
3.89  0.2923269658509247  -0.09503402717314617
3.9  0.29014151121480397  -0.09475993460768661
3.91  0.28793730288887637  -0.0944833908524024
3.92  0.28571446287649777  -0.09420444559927638
3.93  0.2834731142033467  -0.09392314861237384
3.94  0.2812133809105809  -0.09363954972486649
3.95  0.2789353880479382  -0.09335369883605485
3.96  0.27663926166678254  -0.09306564590838941
3.97  0.27432512881309484  -0.09277544096449031
3.98  0.2719931175204105  -0.09248313408416646
3.99  0.26964335680270224  -0.09218877540143294
4.0  0.2672759766472098  -0.0918924151015283
4.01  0.26489110800721627  -0.09159410341793127
4.0200000000000005  0.2624888827947721  -0.09129389062937704
4.03  0.26006943387336706  -0.09099182705687327
4.04  0.25763289505054854  -0.09068796306071657
4.05  0.2551794010704907  -0.09038234903750869
4.0600000000000005  0.2527090876065113  -0.09007503541717343
4.07  0.2502220912535382  -0.0897660726599743
4.08  0.2477185495205247  -0.08945551125353238
4.09  0.24519860082281628  -0.08914340170984607
4.1  0.24266238447446736  -0.08882979456231094
4.11  0.24011004068050834  -0.08851474036274179
4.12  0.23754171052916695  -0.08819828967839587
4.13  0.2349575359840358  -0.08788049308899774
4.14  0.2323576598761986  -0.08756140118376622
4.15  0.22974222589630391  -0.08724106455844327
4.16  0.22711137858659686  -0.08691953381232559
4.17  0.22446526333289873  -0.08659685954529764
4.18  0.22180402635654584  -0.08627309235486859
4.19  0.21912781470627904  -0.08594828283321107
4.2  0.21643677625009197  -0.08562248156420345
4.21  0.21373105966702932  -0.08529573912047535
4.22  0.21101081443894645  -0.0849681060604557
4.23  0.20827619084222138  -0.08463963292542578
4.24  0.20552733993942587  -0.08431037023657495
4.25  0.20276441357095107  -0.08398036849206006
4.26  0.1999875643465938  -0.08364967816407001
4.2700000000000005  0.1971969456370985  -0.08331834969589388
4.28  0.1943927115656596  -0.08298643349899351
4.29  0.1915750169993802  -0.08265397995008085
4.3  0.18874401754069367  -0.08232103938820037
4.3100000000000005  0.18589986951874216  -0.08198766211181581
4.32  0.1830427299807183  -0.08165389837590316
4.33  0.18017275668316407  -0.08131979838904746
4.34  0.17729010808323503  -0.08098541231054686
4.3500000000000005  0.17439494332992378  -0.08065079024752111
4.36  0.17148742225524732  -0.08031598225202649
4.37  0.16856770536539475  -0.0799810383181764
4.38  0.16563595383184168  -0.07964600837926901
4.39  0.1626923294824261  -0.07931094230492039
4.4  0.15973699479238784  -0.07897588989820448
4.41  0.15677011287537632  -0.07864090089280025
4.42  0.15379184747441926  -0.07830602495014559
4.43  0.15080236295285993  -0.07797131165659782
4.44  0.1478018242852588  -0.07763681052060205
4.45  0.14479039704826546  -0.07730257096986702
4.46  0.14176824741145153  -0.07696864234854796
4.47  0.13873554212811803  -0.07663507391443797
4.48  0.13569244852606574  -0.07630191483616676
4.49  0.1326391344983391  -0.07596921419040825
4.5  0.12957576849393357  -0.07563702095909543
4.51  0.1265025195084783  -0.07530538402664469
4.5200000000000005  0.12341955707488536  -0.07497435217718834
4.53  0.12032705125397257  -0.07464397409181572
4.54  0.1172251726250538  -0.07431429834582401
4.55  0.11411409227650562  -0.07398537340597719
4.5600000000000005  0.11099398179630264  -0.07365724762777502
4.57  0.10786501326252838  -0.07332996925273166
4.58  0.1047273592338563  -0.07300358640566296
4.59  0.10158119274000846  -0.07267814709198436
4.6000000000000005  0.09842668727218554  -0.07235369919501858
4.61  0.09526401677347444  -0.07203029047331364
4.62  0.09209335562922749  -0.07170796855797028
4.63  0.08891487865742229  -0.0713867809499808
4.64  0.08572876109899508  -0.07106677501757794
4.65  0.08253517860815056  -0.07074799799359509
4.66  0.0793343072426532  -0.07043049697283658
4.67  0.07612632345409145  -0.07011431890945947
4.68  0.07291140407812492  -0.06979951061436694
4.69  0.06968972632470703  -0.06948611875261254
4.7  0.0664614677682919  -0.06917418984081561
4.71  0.06322680633801647  -0.06886377024458981
4.72  0.05998592030786715  -0.06855490617598187
4.73  0.056738988286824894  -0.06824764369092332
4.74  0.05348618920899663  -0.06794202868669406
4.75  0.05022770232372215  -0.06763810689939809
4.76  0.046963707185670896  -0.06733592390145209
4.7700000000000005  0.04369438364491676  -0.06703552509908611
4.78  0.040419911837002824  -0.06673695572985713
4.79  0.037140472172982664  -0.06644026086017601
4.8  0.033856245329454554  -0.06614548538284676
4.8100000000000005  0.030567412238576556  -0.06585267401461886
4.82  0.027274154078070288  -0.06556187129375408
4.83  0.02397665226120856  -0.06527312157760534
4.84  0.020675088426794067  -0.06498646904021019
4.8500000000000005  0.017369644429122744  -0.06470195766989723
4.86  0.014060502327937988  -0.06441963126690733
4.87  0.010747844378370591  -0.06413953344102777
4.88  0.0074318530208720805  -0.06386170760924156
4.89  0.004112710871135364  -0.06358619699339021
4.9  0.0007906007100061639  -0.06331304461785162
4.91  -0.002534294526612236  -0.06304229330723224
4.92  -0.005861791757865605  -0.06277398568407336
4.93  -0.009191707768060928  -0.06250816416657341
4.94  -0.012523859216787316  -0.062244870966324306
4.95  -0.015858062649040976  -0.061984148086062875
4.96  -0.019194134505359978  -0.061726037317438205
4.97  -0.022531891131961284  -0.061470580238793524
4.98  -0.025871148790885527  -0.061217818212964105
4.99  -0.029211723670142572  -0.060967792385090654
5.0  -0.03255343189386531  -0.06072054368044767
5.01  -0.03589608953246325  -0.060476112802289435
5.0200000000000005  -0.03923951261278182  -0.06023454022970987
5.03  -0.0425835171282592  -0.0599958662155197
5.04  -0.04592791904909185  -0.0597601307841398
5.05  -0.04927253433239427  -0.059527373729510565
5.0600000000000005  -0.052617178932364145  -0.059297634613017285
5.07  -0.055961668810442705  -0.059070952761433516
5.08  -0.059305819945481106  -0.058847367264879116
5.09  -0.06264944834389896  -0.058626916974797015
5.1000000000000005  -0.06599237004984632  -0.05840964050194573
5.11  -0.0693344011553581  -0.05819557621440872
5.12  -0.07267535781051301  -0.057984762235622135
5.13  -0.07601505623358167  -0.05777723644241844
5.14  -0.07935331272117518  -0.05757303646308771
5.15  -0.08268994365838929  -0.05737219967545736
5.16  -0.08602476552893987  -0.05717476320498791
5.17  -0.08935759492529773  -0.05698076392288757
5.18  -0.09268824855881379  -0.05679023844424402
5.19  -0.09601654326983951  -0.05660322312617408
5.2  -0.09934229603783762  -0.05641975406599174
5.21  -0.10266532399148882  -0.056239867099393985
5.22  -0.10598544441878646  -0.05606359779866424
5.23  -0.10930247477712529  -0.05589098147089522
5.24  -0.11261623270337771  -0.055722053156229474
5.25  -0.11592653602396306  -0.05555684762611801
5.26  -0.11923320276490443  -0.05539539938159826
5.2700000000000005  -0.1225360511618756  -0.05523774265159031
5.28  -0.12583489967023437  -0.05508391139121165
5.29  -0.12912956697504616  -0.054933939280110776
5.3  -0.13241987200109295  -0.05478785972082077
5.3100000000000005  -0.13570563392287122  -0.054645705837129646
5.32  -0.13898667217457178  -0.05450751047247233
5.33  -0.14226280646005038  -0.05437330618833956
5.34  -0.14553385676277986  -0.05424312526270766
5.3500000000000005  -0.14879964335578907  -0.05411699968848695
5.36  -0.15205998681158145  -0.053994961171989334
5.37  -0.1553147080120449  -0.05387704113141582
5.38  -0.1585636281583358  -0.05376327069536343
5.39  -0.16180656878075234  -0.05365368070135196
5.4  -0.16504335174858475  -0.05354830169436968
5.41  -0.16827379927994943  -0.053447163925440015
5.42  -0.1714977339516036  -0.053350297350207215
5.43  -0.17471497870874017  -0.053257731627542104
5.44  -0.17792535687476094  -0.053169496118168014
5.45  -0.18112869216102903  -0.05308561988330651
5.46  -0.18432480867660386  -0.053006131683344
5.47  -0.18751353093794804  -0.052931059976517064
5.48  -0.19069468387861643  -0.05286043291761963
5.49  -0.19386809285891865  -0.05279427835672975
5.5  -0.19703358367556378  -0.05273262383795631
5.51  -0.20019098257127352  -0.05267549659820752
5.5200000000000005  -0.2033401162443765  -0.05262292356597799
5.53  -0.206480811858374  -0.05257493136015835
5.54  -0.2096128970514831  -0.052531546288864216
5.55  -0.21273619994615217  -0.05249279434828619
5.5600000000000005  -0.2158505491585484  -0.052458701221560385
5.57  -0.21895577380801892  -0.05242929227766061
5.58  -0.2220517035265265  -0.05240459257030968
5.59  -0.2251381684680551  -0.05238462683691329
5.6000000000000005  -0.2282149993179852  -0.05236941949751421
5.61  -0.2312820273024418  -0.0523589946537667
5.62  -0.23433908419761332  -0.05235337608793331
5.63  -0.23738600233903953  -0.05235258726190148
5.64  -0.24042261463086645  -0.05235665131622203
5.65  -0.24344875455507375  -0.05236559106916838
5.66  -0.24646425618066659  -0.052379429015817325
5.67  -0.24946895417284018  -0.052398187327150285
5.68  -0.25246268380210546  -0.052421887849176896
5.69  -0.25544528095338614  -0.052450552102078794
5.7  -0.25841658213507845  -0.052484201279375246
5.71  -0.26137642448808207  -0.05252285624711031
5.72  -0.2643246457947888  -0.05256653754306089
5.73  -0.2672610844880423  -0.05261526537596647
5.74  -0.27018557966005713  -0.05266905962478024
5.75  -0.2730979710713076  -0.05272793983794149
5.76  -0.2759980991593731  -0.05279192523267001
5.7700000000000005  -0.27888580504775123  -0.052861034694281314
5.78  -0.2817609305546291  -0.05293528677552382
5.79  -0.2846233182016222  -0.053014699695937355
5.8  -0.28747281122246815  -0.05309929134123352
5.8100000000000005  -0.2903092535716862  -0.053189079262697
5.82  -0.29313248993319285  -0.05328408067660949
5.83  -0.29594236572888266  -0.05338431246369409
5.84  -0.29873872712716415  -0.05348979116858206
5.8500000000000005  -0.3015214210514563  -0.05360053299930114
5.86  -0.30429029518864215  -0.053716553826785016
5.87  -0.30704519799748364  -0.05383786918440513
5.88  -0.3097859787169921  -0.053964494267523644
5.89  -0.312512487374754  -0.05409644393306799
5.9  -0.3152245747952172  -0.05423373269912785
5.91  -0.31792209260792903  -0.05437637474457269
5.92  -0.32060489325573654  -0.05452438390869184
5.93  -0.3232728300029344  -0.054677773690855844
5.94  -0.3259257569433733  -0.05483655725019971
5.95  -0.32856352900851926  -0.055000747405327226
5.96  -0.3311860019754718  -0.05517035663403799
5.97  -0.33379303247492903  -0.05534539707307483
5.98  -0.33638447799911114  -0.05552588051789417
5.99  -0.3389601969096332  -0.055711818422456774
6.0  -0.3415200484453345  -0.05590322189904098
6.01  -0.34406389273005383  -0.05610010171807738
6.0200000000000005  -0.34659159078036167  -0.05630246830800478
6.03  -0.34910300451323834  -0.05651033175514805
6.04  -0.35159799675370884  -0.05672370180361723
6.05  -0.3540764312424214  -0.056942587855228904
6.0600000000000005  -0.3565381726431803  -0.05716699896944804
6.07  -0.3589830865504243  -0.057396943863352076
6.08  -0.3614110394966602  -0.05763243091161646
6.09  -0.36382189895983613  -0.05787346814652147
6.1000000000000005  -0.3662155333706706  -0.05812006325798026
6.11  -0.3685918121199244  -0.05837222359358867
6.12  -0.37095060556562265  -0.05862995615869673
6.13  -0.37329178504022376  -0.058893267616500475
6.140000000000001  -0.37561522285773147  -0.05916216428815587
6.15  -0.37792079232075615  -0.05943665215291439
6.16  -0.380208367727522  -0.059716736848278607
6.17  -0.38247782437881883  -0.060002423670180265
6.18  -0.3847290385848967  -0.060293717573178855
6.19  -0.3869618876723095  -0.06059062317068154
6.2  -0.3891762499906976  -0.060893144735183834
6.21  -0.3913720049195206  -0.06120128619853264
6.22  -0.39354903287472676  -0.061515051152207935
6.23  -0.3957072153153713  -0.06183444284762828
6.24  -0.3978464347501721  -0.062159464196475035
6.25  -0.39996657474401487  -0.06249011777103852
6.26  -0.40206751992439194  -0.06282640580458483
6.2700000000000005  -0.40414915598778967  -0.06316833019174377
6.28  -0.40621136970601257  -0.06351589248891645
6.29  -0.40825404893245276  -0.06386909391470522
6.3  -0.41027708260829493  -0.06422793535036293
6.3100000000000005  -0.4122803607686663  -0.06459241734026333
6.32  -0.41426377454872276  -0.06496254009239195
6.33  -0.4162272161896785  -0.06533830347885747
6.34  -0.41817057904477134  -0.06571970703642344
6.3500000000000005  -0.420093757585169  -0.06610674996706087
6.36  -0.4219966474058127  -0.0664994311385198
6.37  -0.4238791452312026  -0.06689774908492296
6.38  -0.42574114892111564  -0.06730170200737824
6.390000000000001  -0.4275825574762655  -0.06771128777461165
6.4  -0.42940327104389797  -0.0681265039236206
6.41  -0.4312031909233254  -0.06854734766034681
6.42  -0.43298221957139427  -0.06897381586036955
6.43  -0.43474026060789334  -0.06940590506961813
6.44  -0.436477218820895  -0.06984361150510476
6.45  -0.4381930001720336  -0.07028693105567725
6.46  -0.43988751180172087  -0.07073585928279
6.47  -0.4415606620342933  -0.07119039142129654
6.48  -0.44321236038309786  -0.07165052238026018
6.49  -0.4448425175555094  -0.07211624674378417
6.5  -0.446451045457887  -0.07258755877186199
6.51  -0.448037857200459  -0.07306445240124596
6.5200000000000005  -0.44960286710214625  -0.0735469212463358
6.53  -0.45114599069531647  -0.07403495860008547
6.54  -0.4526671447304743  -0.07452855743492975
6.55  -0.45416624718088283  -0.07502771040372956
6.5600000000000005  -0.45564321724711787  -0.07553240984073577
6.57  -0.4570979753615556  -0.076042647762572
6.58  -0.458530443192794  -0.07655841586923634
6.59  -0.4599405436500035  -0.07707970554512114
6.6000000000000005  -0.4613282008872111  -0.07760650786005163
6.61  -0.4626933403075166  -0.07813881357034297
6.62  -0.4640358885672403  -0.07867661311987512
6.63  -0.4653557735800009  -0.07921989664118659
6.640000000000001  -0.46665292452072465  -0.07976865395658606
6.65  -0.46792727182958593  -0.08032287457928144
6.66  -0.46917874721587904  -0.08088254771452784
6.67  -0.4704072836618184  -0.08144766226079259
6.68  -0.47161281542626987  -0.08201820681093852
6.69  -0.47279527804841315  -0.08259416965342438
6.7  -0.4739546083513315  -0.08317553877352263
6.71  -0.4750907444455341  -0.08376230185455608
6.72  -0.47620362573240455  -0.08435444627914968
6.73  -0.4772931929075808  -0.08495195913050138
6.74  -0.47835938796426325  -0.08555482719366861
6.75  -0.4794021541964524  -0.08616303695687327
6.76  -0.4804214362021131  -0.08677657461282229
6.7700000000000005  -0.48141717988627014  -0.08739542606004556
6.78  -0.48238933246402904  -0.08801957690425084
6.79  -0.4833378424635289  -0.08864901245969417
6.8  -0.4842626597288182  -0.08928371775056815
6.8100000000000005  -0.48516373542266333  -0.08992367751240549
6.82  -0.4860410220292805  -0.09056887619349863
6.83  -0.4868944733569992  -0.09121929795633688
6.84  -0.48772404454084944  -0.09187492667905806
6.8500000000000005  -0.48852969204507873  -0.09253574595691663
6.86  -0.4893113736655938  -0.09320173910376722
6.87  -0.49006904853233235  -0.09387288915356473
6.88  -0.49080267711155845  -0.09454917886187882
6.890000000000001  -0.49151222120808685  -0.09523059070742451
6.9  -0.49219764396743226  -0.09591710689360733
6.91  -0.49285890987788666  -0.09660870935008481
6.92  -0.4934959847725214  -0.09730537973434189
6.93  -0.4941088358311164  -0.09800709943328165
6.94  -0.4946974315820156  -0.09871384956483072
6.95  -0.4952617419039077  -0.09942561097955976
6.96  -0.49580173802753336  -0.10014236426231761
6.97  -0.49631739253731744  -0.10086408973388096
6.98  -0.49680867937292905  -0.10159076745261714
6.99  -0.49727557383076393  -0.10232237721616172
7.0  -0.4977180525653558  -0.10305889856311021
7.01  -0.49813609359071026  -0.10380031077472321
7.0200000000000005  -0.4985296762815665  -0.1045465928766454
7.03  -0.4988987813745825  -0.1052977236406384
7.04  -0.4992433909694469  -0.10605368158632696
7.05  -0.4995634885299147  -0.10681444498295828
7.0600000000000005  -0.49985905888477  -0.10757999185117505
7.07  -0.5001300882287112  -0.10835029996480065
7.08  -0.500376564123164  -0.10912534685263876
7.09  -0.5005984754970175  -0.10990510980028398
7.1000000000000005  -0.5007958126472862  -0.11068956585194653
7.11  -0.5009685672396964  -0.11147869181228884
7.12  -0.5011167323091978  -0.1122724642482745
7.13  -0.5012403022604001  -0.11307085949102959
7.140000000000001  -0.5013392728679336  -0.11387385363771645
7.15  -0.501413641276736  -0.1146814225534182
7.16  -0.5014634060022628  -0.11549354187303697
7.17  -0.5014885669306229  -0.11631018700320192
7.18  -0.5014891253186392  -0.1171313331241899
7.19  -0.5014650837938334  -0.11795695519185738
7.2  -0.5014164463543365  -0.1187870279395827
7.21  -0.5013432183687231  -0.11962152588022118
7.22  -0.501245406575771  -0.12046042330806943
7.23  -0.5011230190841457  -0.12130369430084145
7.24  -0.5009760653720092  -0.12215131272165457
7.25  -0.5008045562865543  -0.12300325222102712
7.26  -0.5006085040434632  -0.12385948623888546
7.2700000000000005  -0.5003879222262912  -0.12471998800658116
7.28  -0.5001428257857757  -0.12558473054891894
7.29  -0.4998732310390693  -0.12645368668619403
7.3  -0.49957915566889854  -0.1273268290362393
7.3100000000000005  -0.499260618722648  -0.1282041300164821
7.32  -0.498917640611368  -0.12908556184601053
7.33  -0.4985502431087098  -0.12997109654764896
7.34  -0.4981584493497837  -0.13086070595004287
7.3500000000000005  -0.4977422838299436  -0.13175436168975221
7.36  -0.49730177240349743  -0.13265203521335397
7.37  -0.4968369422823406  -0.13355369777955367
7.38  -0.4963478220345183  -0.13445932046130485
7.390000000000001  -0.4958344415827108  -0.13536887414793705
7.4  -0.49529683220264514  -0.13628232954729225
7.41  -0.49473502652143286  -0.13719965718786925
7.42  -0.4941490585158328  -0.13812082742097576
7.43  -0.4935389635104414  -0.13904581042288844
7.44  -0.49290477817580636  -0.13997457619702053
7.45  -0.4922465405264692  -0.14090709457609704
7.46  -0.49156428991893203  -0.1418433352243364
7.47  -0.4908580670495518  -0.14278326763964053
7.48  -0.49012791395236016  -0.1437268611557912
7.49  -0.48937387399681065  -0.14467408494465223
7.5  -0.4885959918854521  -0.14562490801838038
7.51  -0.4877943136515287  -0.146579299231641
7.5200000000000005  -0.48696888665650717  -0.14753722728383106
7.53  -0.4861197595875316  -0.14849866072130685
7.54  -0.48524698245480435  -0.14946356793961985
7.55  -0.4843506065888952  -0.15043191718575682
7.5600000000000005  -0.48343068463797756  -0.15140367656038597
7.57  -0.4824872705649925  -0.15237881402010858
7.58  -0.48152041964474024  -0.1533572973797164
7.59  -0.48053018846090045  -0.15433909431445375
7.6000000000000005  -0.4795166349029795  -0.1553241723622847
7.61  -0.47847981816318697  -0.15631249892616586
7.62  -0.4774197987332399  -0.15730404127632194
7.63  -0.47633663840109636  -0.15829876655252875
7.640000000000001  -0.47523040024761687  -0.15929664176639802
7.65  -0.47410114864315633  -0.16029763380366757
7.66  -0.47294894924408315  -0.16130170942649527
7.67  -0.4717738689892292  -0.16230883527575776
7.68  -0.470575976096269  -0.16331897787335095
7.69  -0.46935534005802837  -0.16433210362449607
7.7  -0.4681120316387233  -0.16534817882004815
7.71  -0.4668461228701284  -0.1663671696388078
7.72  -0.46555768704767736  -0.16738904214983635
7.73  -0.464246798726491  -0.16841376231477365
7.74  -0.4629135337173397  -0.16944129599015836
7.75  -0.46155796908253377  -0.17047160892975186
7.76  -0.4601801831317471  -0.17150466678686332
7.7700000000000005  -0.4587802554177711  -0.17254043511667788
7.78  -0.4573582667322008  -0.1735788793785865
7.79  -0.455914299101053  -0.17461996493851767
7.8  -0.45444843578031624  -0.17566365707127188
7.8100000000000005  -0.4529607612514335  -0.17670992096285618
7.82  -0.45145136121671686  -0.17775872171282084
7.83  -0.4499203225946964  -0.1788100243365981
7.84  -0.44836773351540093  -0.1798637937678407
7.8500000000000005  -0.4467936833155728  -0.1809199948607622
7.86  -0.4451982625338159  -0.18197859239247782
7.87  -0.44358156290567863  -0.1830395510653461
7.88  -0.44194367735866985  -0.18410283550931056
7.890000000000001  -0.4402847000072099  -0.1851684102842423
7.9  -0.4386047261475163  -0.18623623988228222
7.91  -0.4369038522524248  -0.18730628873018354
7.92  -0.435182175966145  -0.1883785211916542
7.930000000000001  -0.43343979609895195  -0.18945290156969827
7.94  -0.43167681262181484  -0.19052939410895767
7.95  -0.4298933266609587  -0.19160796299805286
7.96  -0.4280894404923659  -0.1926885723719227
7.97  -0.4262652575362134  -0.1937711863141631
7.98  -0.424420882351246  -0.1948557688593654
7.99  -0.4225564206290876  -0.19594228399545177
8.0  -0.42067197918849153  -0.1970306956660111
8.01  -0.4187676659695264  -0.19812096777263216
8.02  -0.41684359002770194  -0.19921306417723472
8.03  -0.41489986152803393  -0.2003069487043993
8.040000000000001  -0.41293659173904484  -0.20140258514369544
8.05  -0.41095389302671037  -0.20249993725200494
8.06  -0.4089518788483373  -0.20359896875584715
8.07  -0.4069306637463868  -0.20469964335369759
8.08  -0.4048903633422379  -0.2058019247183055
8.09  -0.4028310943298889  -0.20690577649900907
8.1  -0.4007529744696017  -0.20801116232404646
8.11  -0.3986561225814868  -0.2091180458028642
8.120000000000001  -0.39654065853903053  -0.21022639052842218
8.13  -0.394406703262564  -0.21133616007949502
8.14  -0.39225437871267366  -0.21244731802296984
8.15  -0.390083807883555  -0.21355982791614
8.16  -0.38789511479631117  -0.21467365330899546
8.17  -0.3856884244921923  -0.21578875774650785
8.18  -0.3834638630257805  -0.21690510477091268
8.19  -0.38122155745811787  -0.2180226579239857
8.2  -0.37896163584978043  -0.21914138074931594
8.21  -0.37668422725389433  -0.22026123679457293
8.22  -0.37438946170910364  -0.22138218961376915
8.23  -0.37207747023247467  -0.2225042027695187
8.24  -0.3697483848123535  -0.22362723983528937
8.25  -0.36740233840116837  -0.22475126439764925
8.26  -0.36503946490817724  -0.22587624005850918
8.27  -0.3626598991921645  -0.22700213043735784
8.28  -0.36026377705408463  -0.22812889917349305
8.290000000000001  -0.3578512352296522  -0.229256509928245
8.3  -0.3554224113818863  -0.2303849263871946
8.31  -0.35297744409359544  -0.23151411226238575
8.32  -0.35051647285981713  -0.23264403129453026
8.33  -0.34803963808020755  -0.23377464725520766
8.34  -0.3455470810513789  -0.2349059239490561
8.35  -0.34303894395918766  -0.2360378252159594
8.36  -0.34051536987097586  -0.23717031493322388
8.370000000000001  -0.3379765027277595  -0.23830335701775132
8.38  -0.3354224873363767  -0.23943691542820122
8.39  -0.33285346936157795  -0.24057095416714924
8.4  -0.33026959531807576  -0.24170543728323576
8.41  -0.3276710125625468  -0.24284032887330656
8.42  -0.3250578692855857  -0.24397559308454775
8.43  -0.32243031450361354  -0.24511119411661064
8.44  -0.3197884980507412  -0.24624709622372926
8.45  -0.31713257057058786  -0.24738326371683053
8.46  -0.3144626835080516  -0.24851966096563477
8.47  -0.311778989101044  -0.24965625240074757
8.48  -0.3090816403721685  -0.2507930025157447
8.49  -0.30637079112036736  -0.2519298758692468
8.5  -0.30364659591251875  -0.2530668370869856
8.51  -0.3009092100749935  -0.2542038508638605
8.52  -0.29815878968517007  -0.2553408819659875
8.53  -0.2953954915629079  -0.2564778952327371
8.540000000000001  -0.2926194732619778  -0.257614855578764
8.55  -0.28983089306145765  -0.2587517279960257
8.56  -0.28702990995707983  -0.25988847755579403
8.57  -0.28421668365254393  -0.2610250694106544
8.58  -0.28139137455079133  -0.2621614687964958
8.59  -0.2785541437452377  -0.2632976410344916
8.6  -0.27570515301096954  -0.2644335515330685
8.61  -0.27284456479590236  -0.26556916578986706
8.620000000000001  -0.26997254221189987  -0.26670444939369053
8.63  -0.26708924902586295  -0.2678393680264427
8.64  -0.26419484965077233  -0.2689738874650569
8.65  -0.26128950913670274  -0.2701079735834125
8.66  -0.25837339316180097  -0.27124159235424056
8.67  -0.2554466680232266  -0.2723747098510199
8.68  -0.2525095006280606  -0.27350729224986026
8.69  -0.2495620584841792  -0.2746393058313749
8.700000000000001  -0.24660450969109393  -0.27577071698254235
8.71  -0.24363702293076128  -0.276901492198555
8.72  -0.24065976745835696  -0.2780315980846582
8.73  -0.2376729130930189  -0.2791610013579764
8.74  -0.23467663020856255  -0.28028966884932693
8.75  -0.2316710897241605  -0.2814175675050228
8.76  -0.22865646309499488  -0.28254466438866316
8.77  -0.2256329223028789  -0.2836709266829114
8.78  -0.2226006398468496  -0.2847963216912606
8.790000000000001  -0.21955978873372978  -0.285920816839788
8.8  -0.21651054246866874  -0.28704437967889423
8.81  -0.21345307504564284  -0.28816697788503337
8.82  -0.21038756093794175  -0.2892885792624274
8.83  -0.20731417508862038  -0.29040915174476956
8.84  -0.20423309290092656  -0.2915286633969135
8.85  -0.20114449022870393  -0.29264708241655046
8.86  -0.19804854336676883  -0.2937643771358731
8.870000000000001  -0.1949454290412609  -0.2948805160232258
8.88  -0.1918353243999767  -0.2959954676847404
8.89  -0.18871840700266912  -0.2971092008659621
8.9  -0.18559485481133103  -0.2982216844534581
8.91  -0.18246484618045672  -0.2993328874764142
8.92  -0.17932855984727714  -0.30044277910821793
8.93  -0.17618617492197725  -0.30155132866802703
8.94  -0.17303787087789138  -0.30265850562232505
8.950000000000001  -0.16988382754167564  -0.3037642795864619
8.96  -0.16672422508346899  -0.30486862032618084
8.97  -0.16355924400702287  -0.30597149775913174
8.98  -0.16038906513982043  -0.30707288195636906
8.99  -0.15721386962317752  -0.30817274314383664
9.0  -0.1540338389023218  -0.3092710517038364
9.01  -0.15084915471645785  -0.31036777817648514
9.02  -0.147659999088815  -0.31146289326115384
9.03  -0.14446655431667865  -0.3125563678178941
9.040000000000001  -0.14126900296140527  -0.31364817286884966
9.05  -0.13806752783842852  -0.31473827959965206
9.06  -0.13486231200723908  -0.31582665936080273
9.07  -0.13165353876136313  -0.31691328366903954
9.08  -0.12844139161832005  -0.3179981242086873
9.09  -0.12522605430956982  -0.3190811528329953
9.1  -0.12200771077044789  -0.32016234156545714
9.11  -0.11878654513008884  -0.3212416626011171
9.120000000000001  -0.11556274170133599  -0.3223190883078606
9.13  -0.11233648497064869  -0.32339459122768854
9.14  -0.10910795958798797  -0.32446814407797764
9.15  -0.10587735035670084  -0.32553971975272344
9.16  -0.10264484222339475  -0.32660929132376937
9.17  -0.09941062026780145  -0.32767683204201864
9.18  -0.09617486969263433  -0.32874231533863124
9.19  -0.0929377758134387  -0.32980571482620524
9.200000000000001  -0.08969952404843287  -0.3308670042999415
9.21  -0.08646029990835083  -0.3319261577387923
9.22  -0.083220288986268  -0.3329831493065959
9.23  -0.07997967694742936  -0.3340379533531923
9.24  -0.07673864951907391  -0.33509054441552477
9.25  -0.07349739248025082  -0.33614089721872453
9.26  -0.07025609165163484  -0.3371889866771793
9.27  -0.06701493288533915  -0.3382347878955851
9.28  -0.06377410205472302  -0.339278276169983
9.290000000000001  -0.06053378504420238  -0.3403194269887785
9.3  -0.057294167739058426  -0.3413582160337436
9.31  -0.05405543601523841  -0.3423946191810046
9.32  -0.05081777572916773  -0.3434286125020122
9.33  -0.04758137270755474  -0.3444601722644941
9.34  -0.04434641273719913  -0.3454892749333929
9.35  -0.0411130815548023  -0.34651589717178555
9.36  -0.03788156483677919  -0.34754001584178745
9.370000000000001  -0.034652048189071395  -0.34856160800543945
9.38  -0.03142471713697121  -0.3495806509255764
9.39  -0.02819975711493547  -0.35059712206668275
9.4  -0.024977353456418667  -0.35161099909572724
9.41  -0.02175769138370165  -0.3526222598829826
9.42  -0.018540955997729265  -0.3536308825028285
9.43  -0.015327332267953922  -0.35463684523453687
9.44  -0.012117005022185365  -0.3556401265630405
9.450000000000001  -0.008910158936446047  -0.35664070517968527
9.46  -0.0057069785248409916  -0.35763855998296334
9.47  -0.002507648129425555  -0.35863367007923225
9.48  0.0006876480899107931  -0.35962601478341416
9.49  0.00387872616555094  -0.3606155736196795
9.5  0.007065402332250607  -0.36160232632211325
9.51  0.01024749303722567  -0.36258625283536366
9.52  0.013424814950228237  -0.36356733331527386
9.53  0.01659718497361444  -0.36454554812949713
9.540000000000001  0.01976442025239434  -0.3655208778580935
9.55  0.022926338184271672  -0.3664933032941096
9.56  0.026082756429675856  -0.3674628054441426
9.57  0.029233492921769744  -0.36842936552888483
9.58  0.03237836587645121  -0.3693929649836524
9.59  0.0355171938023359  -0.3703535854588962
9.6  0.03864979551072606  -0.371311208820695
9.61  0.041775990125562275  -0.3722658171512331
9.620000000000001  0.044895597093361744  -0.3732173927492578
9.63  0.04800843619313109  -0.37416591813052175
9.64  0.05111432754627506  -0.3751113760282077
9.65  0.05421309162647357  -0.3760537493933349
9.66  0.05730454926954817  -0.376993021395149
9.67  0.06038852168330664  -0.3779291754214942
9.68  0.06346483045736787  -0.37886219507916863
9.69  0.06653329757296647  -0.37979206419426126
9.700000000000001  0.06959374541273833  -0.38071876681247324
9.71  0.07264599677047814  -0.38164228719941923
9.72  0.07568987486088674  -0.38256260984091456
9.73  0.0787252033292841  -0.38347971944324283
9.74  0.08175180626130599  -0.3843936009334068
9.75  0.08476950819257553  -0.385304239459362
9.76  0.0877781341183506  -0.38621162039023355
9.77  0.09077750950314592  -0.38711572931651467
9.78  0.0937674602903326  -0.38801655205024826
9.790000000000001  0.09674781291170872  -0.38891407462519256
9.8  0.09971839429704325  -0.3898082832969668
9.81  0.10267903188360081  -0.39069916454318243
9.82  0.10562955362562867  -0.3915867050635552
9.83  0.10856978800382318  -0.3924708917800018
9.84  0.11149956403476549  -0.39335171183671686
9.85  0.11441871128032832  -0.39422915260023533
9.86  0.11732705985705591  -0.3951032016594761
9.870000000000001  0.12022444044551028  -0.3959738468257694
9.88  0.12311068429958759  -0.39684107613286623
9.89  0.1259856232558109  -0.39770487783693187
9.9  0.1288490897425808  -0.39856524041652136
9.91  0.1317009167894016  -0.39942215257253877
9.92  0.13454093803607262  -0.40027560322817873
9.93  0.13736898774184725  -0.40112558152885147
9.94  0.1401849007945582  -0.4019720768420909
9.950000000000001  0.14298851271971097  -0.40281507875744627
9.96  0.14577965968953666  -0.40365457708635555
9.97  0.148558178532021  -0.4044905618620043
9.98  0.15132390673988655  -0.4053230233391653
9.99  0.15407668247954687  -0.40615195199402343
10.0  0.1568163446000205  -0.40697733852398277
