0.0  -0.4595415038597429  0.5770871179085476
0.01  -0.45672949937331697  0.5752133277349047
0.02  -0.45388988547292164  0.573337223371586
0.03  -0.451022826486273  0.5714588335066115
0.04  -0.4481284883715532  0.5695781868259115
0.05  -0.4452070387082837  0.5676953120124825
0.06  -0.44225864668810033  0.5658102377455437
0.07  -0.4392834831054338  0.5639229926996951
0.08  -0.4362817203480924  0.5620336055440742
0.09  -0.4332535323877504  0.5601421049415152
0.1  -0.4301990947703414  0.5582485195477079
0.11  -0.4271185846063569  0.5563528780103579
0.12  -0.4240121805610514  0.554455208968347
0.13  -0.4208800628445545  0.5525555410508941
0.14  -0.4177224132018893  0.5506539028767179
0.15  -0.4145394149028999  0.5487503230531993
0.16  -0.41133125273208615  0.5468448301755455
0.17  -0.40809811297834825  0.5449374528259545
0.18  -0.4048401834246399  0.5430282195727804
0.19  -0.40155765333753246  0.5411171589696996
0.2  -0.39825071345668944  0.5392042995548787
0.21  -0.39491955598425227  0.5372896698501421
0.22  -0.3915643745741374  0.5353732983601421
0.23  -0.38818536432124684  0.5334552135715285
0.24  -0.38478272175059125  0.53153544395212
0.25  -0.38135664480632603  0.5296140179500772
0.26  -0.3779073328407033  0.5276909639930761
0.27  -0.3744349866029369  0.525766310487482
0.28  -0.3709398082279845  0.5238400858175263
0.29  -0.36742200122524477  0.5219123183444832
0.3  -0.36388177046717174  0.5199830364058475
0.31  -0.3603193221778067  0.5180522683145158
0.32  -0.3567348639212281  0.516120042357965
0.33  -0.3531286045899197  0.5141863867974364
0.34  -0.34950075439305883  0.5122513298671183
0.35000000000000003  -0.34585152484472426  0.5103148997733302
0.36  -0.3421811287520246  0.5083771246937108
0.37  -0.33848978020314835  0.5064380327764038
0.38  -0.33477769455533596  0.504497652139248
0.39  -0.3310450884227744  0.5025560108689678
0.4  -0.3272921796644154  0.500613137020365
0.41000000000000003  -0.3235191873717172  0.49866905861551225
0.42  -0.31972633185631216  0.49672380364294855
0.43  -0.3159138346375983  0.49477740005687565
0.44  -0.3120819184302586  0.4928298757763569
0.45  -0.30823080713170586  0.49088125868451626
0.46  -0.3043607258094561  0.488931576627741
0.47000000000000003  -0.30047190068842944  0.4869808574148843
0.48  -0.2965645591381809  0.48502912881647053
0.49  -0.29263892966006017  0.48307641856390177
0.5  -0.28869524187430196  0.48112275434866686
0.51  -0.2847337265070481  0.47916816382155125
0.52  -0.2807546153773009  0.47721267459184935
0.53  -0.27675814138380966  0.47525631422657877
0.54  -0.27274453849189034  0.4732991102496954
0.55  -0.2687140417201794  0.4713410901413125
0.56  -0.2646668871273228  0.46938228133691906
0.5700000000000001  -0.2606033117986006  0.4674227112266024
0.58  -0.2565235538324876  0.4654624071542715
0.59  -0.2524278523271517  0.46350139641688254
0.6  -0.24831644736689013  0.461539706263667
0.61  -0.24418958000850433  0.4595773638953608
0.62  -0.24004749226761432  0.4576143964634368
0.63  -0.23589042710491331  0.4556508310693384
0.64  -0.23171862841236374  0.4536866947637155
0.65  -0.2275323409993349  0.45172201454566296
0.66  -0.22333181057868326  0.4497568173619612
0.67  -0.21911728375277637  0.4477911301063186
0.68  -0.21488900799946078  0.4458249796186164
0.6900000000000001  -0.21064723165797553  0.44385839268415606
0.7000000000000001  -0.20639220391481083  0.4418913960329083
0.71  -0.2021241747895141  0.43992401633876543
0.72  -0.19784339512044283  0.4379562802187952
0.73  -0.1935501165504663  0.43598821423249695
0.74  -0.18924459151261627  0.43401984488106105
0.75  -0.18492707321568735  0.43205119860662977
0.76  -0.18059781562978863  0.43008230179156126
0.77  -0.17625707347184638  0.4281131807576955
0.78  -0.17190510219105967  0.42614386176562324
0.79  -0.16754215795430882  0.42417437101395694
0.8  -0.16316849763151833  0.42220473463860464
0.81  -0.1587843787809746  0.42023497871204607
0.8200000000000001  -0.15439005963459942  0.41826512924261194
0.8300000000000001  -0.14998579908318008  0.416295212173765
0.84  -0.14557185666155686  0.41432525338338433
0.85  -0.14114849253376924  0.4123552786830522
0.86  -0.13671596747816103  0.41038531381734367
0.87  -0.13227454287244547  0.4084153844631182
0.88  -0.12782448067873142  0.4064455162288152
0.89  -0.12336604342851118  0.4044757346537514
0.9  -0.11889949420761094  0.4025060652074212
0.91  -0.11442509664110528  0.4005365332888002
0.92  -0.10994311487819479  0.39856716422565114
0.93  -0.10545381357705036  0.39659798327383256
0.9400000000000001  -0.1009574578896227  0.3946290156166111
0.9500000000000001  -0.09645431344641898  0.39266028636397576
0.96  -0.0919446463412478  0.3906918205519556
0.97  -0.08742872311593197  0.38872364314194047
0.98  -0.08290681074499243  0.3867557790200042
0.99  -0.07837917662030075  0.3847882529962314
1.0  -0.07384608853570492  0.3828210898040468
1.01  -0.06930781467162618  0.38085431409954756
1.02  -0.0647646235796295  0.37888795046083956
1.03  -0.0602167841669682  0.37692202338737507
1.04  -0.05566456568110345  0.37495655729929533
1.05  -0.05110823769419931  0.37299157653677495
1.06  -0.046548070087595275  0.37102710535937
1.07  -0.041984333036256  0.3690631679453695
1.08  -0.037417296993199414  0.36709978839114904
1.09  -0.032847232673904686  0.3651369907105292
1.1  -0.02827441104070065  0.36317479883413595
1.11  -0.023699103287134732  0.3612132366087645
1.12  -0.01912158082232547  0.35925232779674676
1.1300000000000001  -0.014542115255296487  0.35729209607532203
1.1400000000000001  -0.009960978379295743  0.3553325650360109
1.1500000000000001  -0.005378442156099075  0.35337375818399214
1.16  -0.0007947787002996198  0.3514156989374839
1.17  0.003789739736415776  0.3494584106271271
1.18  0.008374840781002743  0.3475019164953728
1.19  0.012960251954806767  0.34554623969587367
1.2  0.017545700689321486  0.34359140329287735
1.21  0.02213091434195595  0.34163743026062426
1.22  0.02671562021181144  0.33968434348274934
1.23  0.0312995455554652  0.33773216575168596
1.24  0.035882417602761604  0.3357809197680742
1.25  0.04046396357260862  0.3338306281401733
1.26  0.04504391068878036  0.331881313383275
1.27  0.049621986195722376  0.3299329979191247
1.28  0.05419791737436115  0.3279857040753421
1.29  0.05877143155791546  0.32603945408484797
1.3  0.06334225614770901  0.32409427008529346
1.31  0.06791011862898344  0.3221501741184935
1.32  0.0724747465867109  0.3202071881298638
1.33  0.0770358677214056  0.31826533396786116
1.34  0.0815932098649319  0.3163246333834283
1.35  0.0861465009963102  0.3143851080294413
1.36  0.09069546925751831  0.31244677946016197
1.37  0.09523984296928699  0.3105096691306928
1.3800000000000001  0.09977935064689067  0.30857379839643684
1.3900000000000001  0.10431372101593023  0.30663918851256045
1.4000000000000001  0.10884268302810801  0.30470586063346033
1.41  0.11336596587699424  0.3027738358122344
1.42  0.11788329901378415  0.3008431350001557
1.43  0.12239441216304303  0.29891377904615213
1.44  0.12689903533844094  0.2969857886962875
1.45  0.13139689885847447  0.29505918459324865
1.46  0.13588773336217547  0.2931339872758352
1.47  0.14037126982480436  0.2912102171784534
1.48  0.14484723957352924  0.2892878946306148
1.49  0.1493153743030886  0.28736703985643763
1.5  0.15377540609143636  0.2854476729741533
1.51  0.1582270674153694  0.28352981399561583
1.52  0.1626700911661359  0.28161348282581616
1.53  0.16710421066502418  0.2796986992624002
1.54  0.17152915967893012  0.27778548299519035
1.55  0.1759446724359036  0.2758738536057126
1.56  0.18035048364067147  0.27396383056672563
1.57  0.18474632849013808  0.27205543324175585
1.58  0.18913194268886047  0.2701486808846352
1.59  0.19350706246449853  0.26824359263904424
1.6  0.19787142458323909  0.2663401875380583
1.61  0.2022247663651928  0.26443848450369856
1.62  0.2065668256997622  0.2625385023464866
1.6300000000000001  0.21089734106098218  0.26064025976500405
1.6400000000000001  0.21521605152282974  0.25874377534545556
1.6500000000000001  0.21952269677450292  0.25684906756123627
1.6600000000000001  0.22381701713566798  0.25495615477250383
1.67  0.22809875357167467  0.253065055225754
1.68  0.23236764770873758  0.25117578705340127
1.69  0.236623441849083  0.24928836827336298
1.7  0.2408658789860607  0.24740281678864837
1.71  0.24509470281921958  0.2455191503869516
1.72  0.24930965776934644  0.24363738674024854
1.73  0.25351048899346623  0.2417575434043993
1.74  0.2576969423998044  0.23987963781875382
1.75  0.2618687646627087  0.2380036873057617
1.76  0.2660257032375309  0.23612970907058783
1.77  0.27016750637546677  0.23425772020073057
1.78  0.2742939231383542  0.23238773766564574
1.79  0.27840470341342743  0.23051977831637407
1.8  0.28249959792802776  0.22865385888517367
1.81  0.2865783582642691  0.22678999598515648
1.82  0.2906407368736575  0.22492820610992917
1.83  0.2946864870916645  0.22306850563323877
1.84  0.2987153631522526  0.22121091080862287
1.85  0.3027271202023521  0.21935543776906347
1.86  0.3067215143162891  0.21750210252664592
1.87  0.31069830251016345  0.21565092097222274
1.8800000000000001  0.314657242756175  0.21380190887508058
1.8900000000000001  0.318598093996899  0.21195508188261342
1.9000000000000001  0.32252061615950794  0.21011045551999863
1.9100000000000001  0.32642457016994086  0.20826804518987874
1.92  0.3303097179670167  0.20642786617204734
1.93  0.33417582251649486  0.2045899336231387
1.94  0.33802264782507724  0.2027542625763241
1.95  0.3418499589543551  0.2009208679410101
1.96  0.34565752203469746  0.19908976450254318
1.97  0.34944510427908143  0.19726096692191813
1.98  0.35321247399686256  0.19543448973549182
1.99  0.35695940060748577  0.19361034735470015
2.0  0.36068565465413494  0.19178855406578127
2.0100000000000002  0.3643910078173209  0.18996912402950222
2.02  0.36807523292840577  0.18815207128089068
2.0300000000000002  0.37173810398306667  0.18633740972897123
2.04  0.375379396154691  0.18452515315650642
2.05  0.3789988858077109  0.18271531521974216
2.06  0.3825963505108698  0.18090790944815766
2.07  0.3861715690504214  0.17910294924422127
2.08  0.3897243214432645  0.1773004478831488
2.09  0.3932543889500056  0.1755004185126687
2.1  0.3967615540879569  0.17370287415279045
2.11  0.4002456006440602  0.17190782769557816
2.12  0.403706313687744  0.17011529190492908
2.13  0.40714347958370706  0.1683252794163566
2.14  0.41055688600463097  0.16653780273677732
2.15  0.4139463219438194  0.16475287424430435
2.16  0.41731157772776434  0.16297050618804354
2.17  0.4206524450286371  0.1611907106878963
2.18  0.4239687168767058  0.15941349973436514
2.19  0.4272601876726755  0.15763888518836572
2.2  0.430526653199953  0.1558668787810424
2.21  0.433767910636833  0.15409749211358942
2.22  0.43698375856860866  0.1523307366570762
2.23  0.4401739969995998  0.15056662375227775
2.24  0.4433384273651057  0.1488051646095097
2.25  0.44647685254327446  0.147046370308468
2.2600000000000002  0.449589076866894  0.14529025179807362
2.27  0.45267490613509875  0.1435368198963221
2.2800000000000002  0.4557341476249972  0.1417860852901373
2.29  0.4587666101032135  0.14003805853523071
2.3000000000000003  0.46177210383734785  0.1382927500559647
2.31  0.4647504406073502  0.13655017014522167
2.32  0.4677014337168114  0.13481032896427672
2.33  0.4706248980041662  0.133073236542676
2.34  0.4735206498538112  0.13133890277811988
2.35  0.47638850720713577  0.12960733743634964
2.36  0.4792282895734644  0.12787855015104155
2.37  0.48203981804091145  0.12615255042370271
2.38  0.484822915287146  0.12442934762357387
2.39  0.4875774055900682  0.12270895098753602
2.4  0.4903031148383938  0.12099136962002269
2.41  0.49299987054214833  0.11927661249293575
2.42  0.4956675018430706  0.11756468844556722
2.43  0.4983058395249217  0.11585560618452527
2.44  0.5009147160237032  0.11414937428366545
2.45  0.5034939654377808  0.11244600118402613
2.46  0.5060434235379142  0.11074549519376957
2.47  0.5085629277771918  0.10904786448812687
2.48  0.5110523173008701  0.10735311710934882
2.49  0.5135114329561182  0.10566126096666055
2.5  0.5159401173016642  0.10397230383622164
2.5100000000000002  0.5183382146173452  0.10228625336109091
2.52  0.52070557091356  0.10060311705119586
2.5300000000000002  0.5230420339406227  0.09892290228330718
2.54  0.525347453198018  0.0972456163010179
2.5500000000000003  0.5276216799435571  0.09557126621472754
2.56  0.5298645672024327  0.09389985900163086
2.57  0.5320759697761749  0.09223140150571152
2.58  0.5342557442515053  0.09056590043774063
2.59  0.5364037490090885  0.08890336237528033
2.6  0.5385198442321837  0.0872437937626912
2.61  0.540603891915191  0.08558720091114626
2.62  0.5426557558720968  0.08393358999864763
2.63  0.544675301744814  0.08228296707005013
2.64  0.5466623970114184  0.08063533803708774
2.65  0.5486169109942799  0.07899070867840673
2.66  0.5505387148680898  0.07734908463960155
2.67  0.5524276816677802  0.07571047143325796
2.68  0.5542836862963396  0.0740748744389983
2.69  0.5561066055325194  0.07244229890353399
2.7  0.5578963180384349  0.07081274994072076
2.71  0.5596527043670577  0.06918623253162065
2.72  0.5613756469696011  0.06756275152456691
2.73  0.5630650302027949  0.06594231163523495
2.74  0.564720740336053  0.06432491744671756
2.75  0.5663426655585312  0.06271057340960533
2.7600000000000002  0.5679306959860738  0.06109928384207079
2.77  0.5694847236680516  0.059491052929959196
2.7800000000000002  0.5710046425940877  0.05788588472688151
2.79  0.5724903487006731  0.056283783154315106
2.8000000000000003  0.5739417398776696  0.05468475200170608
2.81  0.5753587159747018  0.053088794926579724
2.82  0.5767411788074362  0.05149591545465225
2.83  0.5780890321637473  0.04990611697994973
2.84  0.5794021818097697  0.04831940276493128
2.85  0.5806805354958393  0.04673577594061584
2.86  0.581924002962317  0.04515523950671567
2.87  0.583132495945301  0.043577796331771806
2.88  0.5843059281822226  0.04200344915329739
2.89  0.5854442154173275  0.04043220057792307
2.9  0.5865472754070417  0.03886405308154886
2.91  0.5876150279252222  0.03729900900949924
2.92  0.5886473947682908  0.03573707057668461
2.93  0.589644299760251  0.03417823986776551
2.94  0.5906056687575902  0.03262251883732324
2.95  0.5915314296540632  0.031069909310034116
2.96  0.5924215123853579  0.029520412980848745
2.97  0.5932758489336456  0.027974031415175613
2.98  0.5940943733320107  0.026430766049069798
2.99  0.5948770216687642  0.024890618189426117
3.0  0.5956237320916377  0.023353589014176904
3.0100000000000002  0.5963344448118584  0.02181967957249377
3.02  0.5970091021081059  0.020288890784995753
3.0300000000000002  0.5976476483303493  0.018761223443959196
3.04  0.5982500299035641  0.017236678213535736
3.0500000000000003  0.5988161953313305  0.015715255629971586
3.06  0.5993460951993101  0.014196956101833524
3.0700000000000003  0.5998396821786045  0.012681779910238486
3.08  0.6002969110289909  0.011169727209088431
3.09  0.6007177386020381  0.009660798025308559
3.1  0.601102123844103  0.008154992259091276
3.11  0.6014500277992032  0.00665230968414425
3.12  0.60176141361177  0.005152749947942681
3.13  0.6020362465292798  0.0036563125719866335
3.14  0.6022744939047628  0.002162996952062235
3.15  0.6024761251991916  0.0006728023585078485
3.16  0.6026411119837451  -0.0008142720635155726
3.17  0.6027694279419533  -0.0022982272937488862
3.18  0.6028610488717169  -0.0037790644365566506
3.19  0.6029159526872062  -0.005256784720641963
3.2  0.6029341194206369  -0.006731389498759371
3.21  0.6029155312239223  -0.008202880247420996
3.22  0.6028601723702036  -0.009671258566600394
3.23  0.6027680292552573  -0.011136526179430756
3.24  0.6026390903987777  -0.012598684931898849
3.25  0.6024733464455387  -0.014057736792535164
3.2600000000000002  0.6022707901664301  -0.015513683852099128
3.27  0.6020314164593716  -0.016966528323259913
3.2800000000000002  0.601755222350103  -0.018416272540273948
3.29  0.6014422069928503  -0.019862918958656217
3.3000000000000003  0.6010923716708694  -0.021306470154849516
3.31  0.6007057197968645  -0.022746928825887205
3.3200000000000003  0.600282256913284  -0.024184297789053635
3.33  0.599821990692492  -0.025618579981538783
3.34  0.5993249309368155  -0.027049778460089643
3.35  0.5987910895784687  -0.028477896400656844
3.36  0.5982204806793532  -0.029902937098036805
3.37  0.5976131204307326  -0.03132490396551099
3.38  0.5969690271527859  -0.03274380053447916
3.39  0.5962882212940344  -0.034159630454089526
3.4  0.595570725430647  -0.03557239749086459
3.41  0.5948165642656191  -0.03698210552832311
3.42  0.5940257646278296  -0.038388758566596695
3.43  0.5931983554709723  -0.03979236072204426
3.44  0.5923343678723659  -0.04119291622685989
3.45  0.5914338350316369  -0.04259042942867944
3.46  0.5904967922692819  -0.043984904790180246
3.47  0.5895232770251031  -0.0453763468886791
3.48  0.5885133288565241  -0.04676476041572461
3.49  0.5874669894367772  -0.048150150176686196
3.5  0.5863843025529722  -0.049532521090338885
3.5100000000000002  0.5852653141040371  -0.050911878188444615
3.52  0.5841100720985399  -0.052288226615328365
3.5300000000000002  0.5829186266523831  -0.05366157162745169
3.54  0.5816910299863789  -0.05503191859298118
3.5500000000000003  0.5804273364236967  -0.056399272991354
3.56  0.5791276023871941  -0.057763640412838185
3.5700000000000003  0.5777918863966183  -0.05912502655809075
3.58  0.5764202490656897  -0.06048343723770978
3.59  0.5750127530990612  -0.061838878371785116
3.6  0.5735694632891548  -0.06319135598944317
3.61  0.5720904465128773  -0.06454087622838849
3.62  0.5705757717282128  -0.06588744533444213
3.63  0.5690255099706938  -0.06723106966107535
3.64  0.5674397343497504  -0.06857175566894001
3.65  0.5658185200449392  -0.06990950992539503
3.66  0.5641619443020486  -0.0712443391040297
3.67  0.5624700864290854  -0.07257624998418162
3.68  0.560743027792139  -0.0739052494504531
3.69  0.5589808518111257  -0.07523134449222209
3.7  0.5571836439554116  -0.07655454220315042
3.71  0.5553514917393167  -0.07787484978068808
3.72  0.5534844847174982  -0.07919227452557366
3.73  0.5515827144802129  -0.0805068238413317
3.74  0.5496462746484633  -0.08181850523376567
3.75  0.5476752608690204  -0.08312732631044814
3.7600000000000002  0.5456697708093312  -0.08443329478020714
3.77  0.5436299041523048  -0.08573641845260804
3.7800000000000002  0.5415557625909818  -0.08703670523743434
3.79  0.5394474498230847  -0.08833416314416143
3.8000000000000003  0.5373050715454504  -0.08962880028143051
3.81  0.5351287354483458  -0.09092062485651589
3.8200000000000003  0.5329185512096655  -0.09220964517479129
3.83  0.5306746304890133  -0.09349586963919122
3.84  0.5283970869216655  -0.0947793067496696
3.85  0.5260860361124203  -0.0960599651026547
3.86  0.523741595629329  -0.09733785339050079
3.87  0.5213638849973132  -0.09861298040093655
3.88  0.5189530256916659  -0.09988535501651022
3.89  0.5165091411314374  -0.101154986214031
3.9  0.5140323566727079  -0.10242188306400762
3.91  0.511522799601744  -0.10368605473008387
3.92  0.5089805991280442  -0.10494751046846956
3.93  0.5064058863772671  -0.10620625962737047
3.94  0.5037987943840511  -0.10746231164641282
3.95  0.5011594580847167  -0.10871567605606608
3.96  0.498488014309861  -0.10996636247706186
3.97  0.4957846017768367  -0.11121438061981029
3.98  0.4930493610821224  -0.11245974028381261
3.99  0.4902824346935798  -0.11370245135707119
4.0  0.48748396694260226  -0.11494252381549604
4.01  0.48465410401615117  -0.11617996772230874
4.0200000000000005  0.4817929939486845  -0.11741479322744311
4.03  0.4789007866139752  -0.11864701056694257
4.04  0.4759776337168201  -0.11987663006235516
4.05  0.47302368878464174  -0.12110366212012544
4.0600000000000005  0.470039107158982  -0.12232811723098264
4.07  0.4670240459868884  -0.12355000596932683
4.08  0.46397866421219186  -0.12476933899261226
4.09  0.46090312256668076  -0.1259861270407271
4.1  0.45779758356116707  -0.12720038093537098
4.11  0.45466221147644714  -0.1284121115794291
4.12  0.4514971723541602  -0.1296213299563437
4.13  0.4483026339875369  -0.13082804712948404
4.14  0.4450787659120501  -0.13203227424151137
4.15  0.4418257393959574  -0.1332340225137426
4.16  0.43854372743074543  -0.13443330324551156
4.17  0.43523290472146636  -0.13563012781352607
4.18  0.4318934476769778  -0.13682450767122445
4.19  0.42852553440007696  -0.1380164543481272
4.2  0.42512934467753966  -0.13920597944918722
4.21  0.4217050599700521  -0.14039309465413846
4.22  0.4182528634020496  -0.1415778117168392
4.23  0.41477293975145235  -0.142760142464616
4.24  0.41126547543930525  -0.14394009879760256
4.25  0.4077306585193167  -0.14511769268807745
4.26  0.4041686786673043  -0.14629293617979952
4.2700000000000005  0.40057972717054036  -0.14746584138733984
4.28  0.3969639969170042  -0.14863642049541198
4.29  0.3933216823845357  -0.1498046857581997
4.3  0.38965297962989787  -0.1509706494986825
4.3100000000000005  0.38595808627774164  -0.15213432410795857
4.32  0.38223720150948126  -0.15329572204456515
4.33  0.3784905260520709  -0.15445485583379712
4.34  0.3747182621666948  -0.1556117380670235
4.3500000000000005  0.3709206136373621  -0.156766381401001
4.36  0.36709778575941343  -0.1579187985571856
4.37  0.3632499853279325  -0.15906900232104207
4.38  0.35937742062607386  -0.16021700554135154
4.39  0.35548030141329756  -0.1613628211295169
4.4  0.3515588389135158  -0.162506462058865
4.41  0.34761324580315495  -0.16364794136394817
4.42  0.3436437361991259  -0.16478727213984368
4.43  0.3396505256467118  -0.16592446754144957
4.44  0.33563383110736744  -0.1670595407827805
4.45  0.3315938709464383  -0.1681925051362596
4.46  0.3275308649207871  -0.16932337393201072
4.47  0.32344503416634607  -0.1704521605571462
4.48  0.31933660118557905  -0.17157887845505465
4.49  0.3152057898348677  -0.17270354112468614
4.5  0.3110528253118092  -0.17382616211983515
4.51  0.3068779341424401  -0.17494675504842286
4.5200000000000005  0.30268134416837544  -0.17606533357177614
4.53  0.2984632845338725  -0.17718191140390552
4.54  0.2942239856728111  -0.1782965023107824
4.55  0.28996367929560163  -0.17940912010961224
4.5600000000000005  0.28568259837601195  -0.18051977866810826
4.57  0.2813809771379212  -0.1816284919037622
4.58  0.2770590510419944  -0.18273527378311386
4.59  0.2727170567722861  -0.18384013832101911
4.6000000000000005  0.2683552322227677  -0.184943099579916
4.61  0.2639738164837837  -0.18604417166908954
4.62  0.2595730498284317  -0.1871433687439351
4.63  0.2551531736988753  -0.18824070500521983
4.64  0.2507144306925839  -0.189336194698343
4.65  0.2462570645485011  -0.19042985211259486
4.66  0.24178132013314818  -0.19152169158041357
4.67  0.23728744342665353  -0.19261172747664168
4.68  0.23277568150871933  -0.19369997421778032
4.69  0.22824628254451718  -0.1947864462612431
4.7  0.22369949577052284  -0.19587115810460648
4.71  0.21913557148027957  -0.19695412428486206
4.72  0.2145547610101023  -0.19803535937766534
4.73  0.20995731672471424  -0.19911487799658362
4.74  0.2053434920028258  -0.2001926947923428
4.75  0.20071354122264423  -0.20126882445207392
4.76  0.1960677197473294  -0.20234328169855692
4.7700000000000005  0.19140628391038395  -0.20341608128946495
4.78  0.18672949100098996  -0.2044872380166053
4.79  0.18203759924927804  -0.20555676670516237
4.8  0.17733086781154844  -0.20662468221293756
4.8100000000000005  0.17260955675542866  -0.20769099942958724
4.82  0.1678739270449788  -0.2087557332758626
4.83  0.16312424052573765  -0.2098188987028463
4.84  0.1583607599097196  -0.21088051069118874
4.8500000000000005  0.1535837487603539  -0.21194058425034415
4.86  0.14879347147737468  -0.21299913441780416
4.87  0.14399019328165485  -0.21405617625833284
4.88  0.1391741801999943  -0.2151117248631988
4.89  0.13434569904985508  -0.21616579534940733
4.9  0.1295050174240468  -0.2172184028589327
4.91  0.1246524036753684  -0.2182695625579478
4.92  0.1197881269011961  -0.2193192896360544
4.93  0.11491245692803034  -0.2203675993055132
4.94  0.11002566429599359  -0.2214145068004716
4.95  0.10512802024328805  -0.2224600273761918
4.96  0.10021979669060331  -0.22350417630827885
4.97  0.09530126622548717  -0.22454696889190698
4.98  0.09037270208666968  -0.22558842044104654
4.99  0.085434378148352  -0.22662854628768891
5.0  0.08048656890444801  -0.2276673617810726
5.01  0.07552954945279301  -0.22870488228690838
5.0200000000000005  0.07056359547930939  -0.229741123186603
5.03  0.0655889832421406  -0.23077609987648384
5.04  0.06060598955574109  -0.2318098277670223
5.05  0.05561489177493793  -0.23284232228205815
5.0600000000000005  0.0506159677789528  -0.23387359885802106
5.07  0.045609495955395415  -0.23490367294315462
5.08  0.04059575518421725  -0.23593255999673862
5.09  0.035575024821640336  -0.23696027548831128
5.1000000000000005  0.030547584684050236  -0.23798683489689204
5.11  0.025513715031864184  -0.2390122537102018
5.12  0.02047369655336302  -0.24003654742388694
5.13  0.015427810348502574  -0.24105973154074023
5.14  0.010376337912693503  -0.24208182156992158
5.15  0.0053195611205544835  -0.24310283302618127
5.16  0.00025776220964558727  -0.24412278142908014
5.17  -0.004808776235830245  -0.24514168230221212
5.18  -0.00987977130134339  -0.2461595511724257
5.19  -0.014954939758378957  -0.24717640356904513
5.2  -0.020033998080796797  -0.2481922550230925
5.21  -0.02511666246121627  -0.24920712106651033
5.22  -0.030202648827416217  -0.25022101723138224
5.23  -0.03529167285875698  -0.25123395904915663
5.24  -0.040383450002616686  -0.252245962049868
5.25  -0.04547769549084742  -0.25325704176136
5.26  -0.050574124356244934  -0.2542672137085089
5.2700000000000005  -0.05567245144903475  -0.2552764934124462
5.28  -0.06077239145336938  -0.25628489638978214
5.29  -0.06587365890384171  -0.2572924381518297
5.3  -0.07097596820200758  -0.25829913420382944
5.3100000000000005  -0.07607903363292191  -0.2593050000441732
5.32  -0.08118256938168056  -0.26031005116362993
5.33  -0.08628628954997598  -0.2613143030445708
5.34  -0.09138990817265778  -0.2623177711601957
5.3500000000000005  -0.09649313923430218  -0.2633204709737595
5.36  -0.10159569668578343  -0.26432241793779915
5.37  -0.10669729446085818  -0.26532362749336147
5.38  -0.11179764649274516  -0.26632411506923126
5.39  -0.11689646673071491  -0.2673238960811608
5.4  -0.12199346915667755  -0.2683229859310986
5.41  -0.12708836780177238  -0.2693214000064201
5.42  -0.13218087676296025  -0.2703191536791587
5.43  -0.1372707102196133  -0.27131626230523737
5.44  -0.14235758245010283  -0.2723127412237013
5.45  -0.14744120784838272  -0.2733086057559504
5.46  -0.1525213009405762  -0.274303871204975
5.47  -0.15759757640154887  -0.27529855285458926
5.48  -0.1626697490714839  -0.27629266596866753
5.49  -0.16773753397244276  -0.27728622579038165
5.5  -0.1728006463249293  -0.2782792475414376
5.51  -0.17785880156443412  -0.2792717464213155
5.5200000000000005  -0.18291171535797746  -0.280263737606508
5.53  -0.18795910362063561  -0.28125523624976156
5.54  -0.19300068253206248  -0.28224625747931825
5.55  -0.19803616855299444  -0.28323681639815834
5.5600000000000005  -0.20306527844174266  -0.2842269280832443
5.57  -0.20808772927066913  -0.28521660758476586
5.58  -0.2131032384426536  -0.286205869925386
5.59  -0.21811152370753897  -0.28719473009948865
5.6000000000000005  -0.22311230317856084  -0.2881832030724274
5.61  -0.2281052953487572  -0.2891713037797745
5.62  -0.23309021910736427  -0.29015904712657326
5.63  -0.23806679375618775  -0.29114644798658923
5.64  -0.2430347390259535  -0.292133521201565
5.65  -0.247993775092638  -0.29312028158047443
5.66  -0.25294362259377257  -0.29410674389877944
5.67  -0.25788400264473066  -0.2950929228976882
5.68  -0.26281463685498185  -0.2960788332834139
5.69  -0.26773524734432547  -0.2970644897264361
5.7  -0.27264555675909385  -0.2980499068607623
5.71  -0.2775452882883341  -0.2990350992831921
5.72  -0.28243416567995383  -0.3000200815525829
5.73  -0.2873119132568417  -0.30100486818911604
5.74  -0.292178255932954  -0.30198947367356543
5.75  -0.2970329192293767  -0.3029739124465681
5.76  -0.3018756292903468  -0.30395819890789566
5.7700000000000005  -0.3067061128992451  -0.3049423474157277
5.78  -0.3115240974945514  -0.3059263722859268
5.79  -0.31632931118577057  -0.30691028779131535
5.8  -0.32112148276931546  -0.3078941081609551
5.8100000000000005  -0.3259003417443564  -0.3088778475794257
5.82  -0.33066561832863023  -0.30986152018610874
5.83  -0.3354170434742148  -0.3108451400744707
5.84  -0.3401543488832599  -0.31182872129134903
5.8500000000000005  -0.34487726702367727  -0.31281227783624027
5.86  -0.34958553114478846  -0.3137958236605891
5.87  -0.3542788752929341  -0.31477937266708067
5.88  -0.35895703432703696  -0.3157629387089339
5.89  -0.363619743934117  -0.3167465355891965
5.9  -0.3682667406447673  -0.3177301770600438
5.91  -0.37289776184857726  -0.3187138768220769
5.92  -0.37751254580951743  -0.31969764852362553
5.93  -0.3821108316812652  -0.3206815057600514
5.94  -0.38669235952248965  -0.32166546207305413
5.95  -0.391256870312081  -0.32264953094997895
5.96  -0.3958041059643369  -0.3236337258231279
5.97  -0.40033380934408647  -0.3246180600690708
5.98  -0.4048457242817701  -0.32560254700796154
5.99  -0.4093395955884601  -0.3265871999028533
6.0  -0.41381516907083415  -0.3275720319590191
6.01  -0.4182721915460834  -0.32855705632327237
6.0200000000000005  -0.4227104108567738  -0.32954228608329095
6.03  -0.427129575885642  -0.33052773426694326
6.04  -0.43152943657034315  -0.3315134138416166
6.05  -0.43590974391812964  -0.33249933771354834
6.0600000000000005  -0.44027025002047726  -0.3334855187271589
6.07  -0.4446107080676452  -0.3344719696643873
6.08  -0.44893087236318346  -0.33545870324403004
6.09  -0.4532304983383665  -0.33644573212108103
6.1000000000000005  -0.45750934256657283  -0.33743306888607527
6.11  -0.4617671627775949  -0.3384207260644341
6.12  -0.4660037178718892  -0.3394087161158141
6.13  -0.47021876793475725  -0.34039705143345766
6.140000000000001  -0.4744120742504597  -0.34138574434354624
6.15  -0.47858339931626387  -0.3423748071045568
6.16  -0.4827325068564259  -0.3433642519066207
6.17  -0.48685916183610023  -0.34435409087088464
6.18  -0.4909631304751792  -0.3453443360488755
6.19  -0.49504418026206537  -0.34633499942186685
6.2  -0.49910207996736755  -0.34732609290024796
6.21  -0.5031365996575309  -0.3483176283228982
6.22  -0.5071475107083864  -0.3493096174565596
6.23  -0.5111345858186335  -0.35030207199521723
6.24  -0.5150975990232413  -0.3512950035594785
6.25  -0.519036325706782  -0.35228842369595786
6.26  -0.5229505426166803  -0.3532823438766628
6.2700000000000005  -0.526840027876391  -0.354276775498384
6.28  -0.5307045609984952  -0.3552717298820872
6.29  -0.5345439228977227  -0.35626721827230906
6.3  -0.5383578959038886  -0.3572632518365554
6.3100000000000005  -0.5421462637747556  -0.35825984166470287
6.32  -0.5459088117088094  -0.3592569987684028
6.33  -0.5496453263579604  -0.36025473408048914
6.34  -0.5533555958401544  -0.36125305845438915
6.3500000000000005  -0.5570394097519057  -0.36225198266353686
6.36  -0.5606965591807423  -0.36325151740078926
6.37  -0.5643268367175734  -0.36425167327784713
6.38  -0.5679300364689612  -0.36525246082467755
6.390000000000001  -0.5715059540693149  -0.36625389048894014
6.4  -0.575054386692993  -0.3672559726354162
6.41  -0.5785751330663231  -0.3682587175454421
6.42  -0.5820679934795262  -0.3692621354163443
6.43  -0.585532769798558  -0.3702662363608787
6.44  -0.5889692654768575  -0.3712710304066734
6.45  -0.5923772855670055  -0.37227652749567386
6.46  -0.5957566367322943  -0.37328273748359214
6.47  -0.5991071272582006  -0.3742896701393594
6.48  -0.602428567063771  -0.37529733514458113
6.49  -0.6057207677129107  -0.3763057420929966
6.5  -0.6089835424255812  -0.37731490048994143
6.51  -0.6122167060889006  -0.3783248197518131
6.5200000000000005  -0.6154200752681502  -0.3793355092055406
6.53  -0.6185934682176853  -0.38034697808805695
6.54  -0.6217367048917494  -0.3813592355457757
6.55  -0.6248496069551903  -0.38237229063407074
6.5600000000000005  -0.6279319977940797  -0.3833861523167594
6.57  -0.6309837025262324  -0.38440082946558907
6.58  -0.6340045480116296  -0.38541633085972815
6.59  -0.6369943628627391  -0.3864326651852598
6.6000000000000005  -0.639952977454737  -0.387449841034679
6.61  -0.642880223935627  -0.38846786690639423
6.62  -0.6457759362362618  -0.3894867512042321
6.63  -0.6486399500802569  -0.3905065022369456
6.640000000000001  -0.6514721029938054  -0.39152712821772695
6.65  -0.6542722343153885  -0.392548637263722
6.66  -0.6570401852053827  -0.3935710373955509
6.67  -0.6597757986555601  -0.39459433653683074
6.68  -0.662478919498487  -0.39561854251370304
6.69  -0.6651493944168139  -0.3966436630543638
6.7  -0.667787071952461  -0.3976697057885977
6.71  -0.6703918025156965  -0.3986966782473177
6.72  -0.6729634383941074  -0.39972458786210574
6.73  -0.6755018337614623  -0.4007534419647596
6.74  -0.678006844686466  -0.4017832477868413
6.75  -0.680478329141406  -0.4028140124592327
6.76  -0.6829161470106878  -0.40384574301169085
6.7700000000000005  -0.6853201600992616  -0.40487844637241094
6.78  -0.6876902321409373  -0.40591212936759064
6.79  -0.6900262288065915  -0.40694679872099926
6.8  -0.6923280177122577  -0.40798246105355196
6.8100000000000005  -0.6945954684271107  -0.40901912288288544
6.82  -0.6968284524813328  -0.4100567906229395
6.83  -0.6990268433738718  -0.41109547058354234
6.84  -0.7011905165800825  -0.41213516896999947
6.8500000000000005  -0.7033193495592561  -0.4131758918826867
6.86  -0.7054132217620329  -0.41421764531664673
6.87  -0.7074720146377043  -0.4152604351611914
6.88  -0.709495611641395  -0.41630426719950575
6.890000000000001  -0.7114838982411331  -0.41734914710825816
6.9  -0.7134367619248017  -0.4183950804572128
6.91  -0.7153540922069754  -0.4194420727088481
6.92  -0.7172357806356395  -0.4204901292179776
6.93  -0.7190817207987914  -0.42153925523137625
6.94  -0.720891808330925  -0.4225894558874095
6.95  -0.722665940919396  -0.4236407362156682
6.96  -0.7244040183106697  -0.4246931011366061
6.97  -0.7261059423164488  -0.4257465554611828
6.98  -0.7277716168196837  -0.42680110389051024
6.99  -0.7294009477804599  -0.4278567510155029
7.0  -0.7309938432417693  -0.4289135013165339
7.01  -0.7325502133351577  -0.4299713591630936
7.0200000000000005  -0.7340699702862541  -0.4310303288134532
7.03  -0.7355530284201764  -0.4320904144143327
7.04  -0.7369993041668192  -0.4331516200005733
7.05  -0.7384087160660153  -0.43421394949481296
7.0600000000000005  -0.7397811847725798  -0.4352774067071683
7.07  -0.7411166330612279  -0.4363419953349181
7.08  -0.7424149858313723  -0.4374077189621945
7.09  -0.7436761701117972  -0.43847458105967485
7.1000000000000005  -0.744900115065209  -0.4395425849842812
7.11  -0.7460867519926624  -0.440611733978882
7.12  -0.7472360143378639  -0.44168203117199867
7.13  -0.7483478376913512  -0.44275347957751754
7.140000000000001  -0.7494221597945474  -0.4438260820944051
7.15  -0.7504589205436907  -0.4448998415064273
7.16  -0.75145806199364  -0.44597476048187534
7.17  -0.7524195283615543  -0.44705084157329333
7.18  -0.7533432660304483  -0.448128087217212
7.19  -0.75422922355262  -0.44920649973388677
7.2  -0.7550773516529545  -0.45028608132703873
7.21  -0.7558876032321014  -0.4513668340836031
7.22  -0.7566599333695255  -0.452448759973479
7.23  -0.7573942993264315  -0.4535318608492858
7.24  -0.7580906605485612  -0.4546161384461225
7.25  -0.7587489786688653  -0.45570159438133323
7.26  -0.7593692175100473  -0.45678823015427616
7.2700000000000005  -0.7599513430869805  -0.45787604714609675
7.28  -0.7604953236089973  -0.45896504661950666
7.29  -0.761001129482052  -0.4600552297185659
7.3  -0.7614687333107549  -0.46114659746847053
7.3100000000000005  -0.7618981099002796  -0.4622391507753449
7.32  -0.762289236258141  -0.46333289042603687
7.33  -0.7626420915958478  -0.46442781708792025
7.34  -0.7629566573304245  -0.46552393130869985
7.3500000000000005  -0.7632329170858057  -0.4666212335162216
7.36  -0.7634708566941035  -0.4677197240182873
7.37  -0.763670464196744  -0.4688194030024744
7.38  -0.7638317298454782  -0.46992027053595986
7.390000000000001  -0.7639546461032622  -0.47102232656534887
7.4  -0.764039207645009  -0.472125570916508
7.41  -0.7640854113582125  -0.4732300032944034
7.42  -0.7640932563434419  -0.4743356232829431
7.43  -0.7640627439147083  -0.4754424303448243
7.44  -0.7639938775997006  -0.47655042382138574
7.45  -0.7638866631398946  -0.47765960293246335
7.46  -0.7637411084905316  -0.47876996677625205
7.47  -0.7635572238204692  -0.4798815143291717
7.48  -0.7633350215119025  -0.4809942444457377
7.49  -0.7630745161599559  -0.4821081558584354
7.5  -0.762775724572148  -0.48322324717760123
7.51  -0.7624386657677245  -0.4843395168913065
7.5200000000000005  -0.7620633609768646  -0.4854569633652475
7.53  -0.7616498336397577  -0.4865755848426383
7.54  -0.7611981094055515  -0.4876953794441108
7.55  -0.7607082161311708  -0.4888163451676175
7.5600000000000005  -0.7601801838800075  -0.48993847988833994
7.57  -0.7596140449204832  -0.49106178135860123
7.58  -0.7590098337244807  -0.4921862472077841
7.59  -0.7583675869656501  -0.49331187494225315
7.6000000000000005  -0.7576873435175835  -0.49443866194528163
7.61  -0.7569691444518631  -0.4955666054769838
7.62  -0.7562130330359804  -0.4966957026742508
7.63  -0.755419054731127  -0.49782595055069245
7.640000000000001  -0.7545872571898581  -0.4989573459965837
7.65  -0.7537176902536271  -0.5000898857788141
7.66  -0.7528104059501927  -0.5012235665408445
7.67  -0.7518654584908985  -0.5023583848026674
7.68  -0.7508829042678251  -0.5034943369607707
7.69  -0.7498628018508143  -0.5046314192881093
7.7  -0.7488052119843664  -0.5057696279340782
7.71  -0.7477101975844103  -0.5069089589244926
7.72  -0.7465778237349465  -0.5080494081615717
7.73  -0.7454081576845639  -0.509190971423928
7.74  -0.7442012688428292  -0.5103336443665598
7.75  -0.7429572287765511  -0.5114774225208513
7.76  -0.7416761112059165  -0.5126223012945736
7.7700000000000005  -0.7403579920005028  -0.5137682759718951
7.78  -0.7390029491751628  -0.5149153417133921
7.79  -0.7376110628857858  -0.5160634935560668
7.8  -0.7361824154249308  -0.5172127264133706
7.8100000000000005  -0.7347170912173374  -0.5183630350752296
7.82  -0.7332151768153106  -0.5195144142080771
7.83  -0.73167676089398  -0.5206668583548901
7.84  -0.7301019342464375  -0.5218203619352304
7.8500000000000005  -0.728490789778748  -0.5229749192452909
7.86  -0.7268434225048375  -0.5241305244579461
7.87  -0.7251599295412591  -0.525287171622808
7.88  -0.7234404101018331  -0.5264448546662863
7.890000000000001  -0.7216849654921664  -0.5276035673916535
7.9  -0.7198936991040482  -0.5287633034791146
7.91  -0.7180667164097241  -0.529924056485882
7.92  -0.7162041249560471  -0.5310858198462551
7.930000000000001  -0.7143060343585086  -0.5322485868717038
7.94  -0.7123725562951471  -0.5334123507509577
7.95  -0.7104038045003349  -0.5345771045501001
7.96  -0.7083998947584468  -0.5357428412126658
7.97  -0.7063609448974061  -0.5369095535597446
7.98  -0.7042870747821119  -0.538077234290089
7.99  -0.7021784063077467  -0.5392458759802272
8.0  -0.7000350633929644  -0.5404154710845797
8.01  -0.69785717197296  -0.541586011935582
8.02  -0.6956448599924202  -0.5427574907438115
8.03  -0.693398257398358  -0.5439298995981184
8.040000000000001  -0.6911174961328252  -0.5451032304657631
8.05  -0.6888027101255152  -0.5462774751925553
8.06  -0.6864540352862403  -0.5474526255030017
8.07  -0.6840716094972983  -0.5486286730004553
8.08  -0.6816555726057226  -0.5498056091672705
8.09  -0.6792060664154155  -0.5509834253649638
8.1  -0.6767232346791661  -0.5521621128343768
8.11  -0.6742072230905553  -0.553341662695847
8.120000000000001  -0.6716581792757452  -0.5545220659493802
8.13  -0.669076252785157  -0.5557033134748305
8.14  -0.6664615950850319  -0.556885396032082
8.15  -0.6638143595488819  -0.5580683042612382
8.16  -0.6611347014488292  -0.5592520286828133
8.17  -0.6584227779468323  -0.5604365596979305
8.18  -0.6556787480858002  -0.5616218875885228
8.19  -0.6529027727805978  -0.5628080025175404
8.2  -0.6500950148089398  -0.5639948945291613
8.21  -0.6472556388021736  -0.5651825535490074
8.22  -0.6443848112359593  -0.5663709693843642
8.23  -0.6414827004208301  -0.5675601317244069
8.24  -0.638549476492655  -0.5687500301404296
8.25  -0.6355853114029884  -0.5699406540860789
8.26  -0.632590378909314  -0.5711319928975935
8.27  -0.6295648545651829  -0.5723240357940472
8.28  -0.6265089157102438  -0.5735167718775974
8.290000000000001  -0.6234227414601692  -0.5747101901337367
8.3  -0.6203065126964801  -0.5759042794315505
8.31  -0.6171604120562582  -0.5770990285239795
8.32  -0.6139846239217619  -0.5782944260480845
8.33  -0.6107793344099379  -0.5794904605253179
8.34  -0.6075447313618276  -0.5806871203617993
8.35  -0.6042810043318747  -0.5818843938485945
8.36  -0.6009883445771294  -0.5830822691620002
8.370000000000001  -0.5976669450463522  -0.5842807343638334
8.38  -0.5943170003690235  -0.5854797774017231
8.39  -0.5909387068442419  -0.5866793861094095
8.4  -0.587532262429535  -0.5878795482070466
8.41  -0.5840978667295676  -0.5890802513015072
8.42  -0.5806357209847525  -0.5902814828866956
8.43  -0.5771460280597647  -0.5914832303438626
8.44  -0.5736289924319602  -0.5926854809419252
8.45  -0.5700848201796994  -0.593888221837792
8.46  -0.5665137189705725  -0.5950914400766913
8.47  -0.5629158980495397  -0.5962951225925046
8.48  -0.5592915682269648  -0.5974992562081041
8.49  -0.555640941866568  -0.5987038276356953
8.5  -0.5519642328732803  -0.5999088234771627
8.51  -0.5482616566810082  -0.601114230224421
8.52  -0.544533430240308  -0.6023200342597701
8.53  -0.5407797720059706  -0.6035262218562545
8.540000000000001  -0.537000901924514  -0.6047327791780273
8.55  -0.5331970414215947  -0.6059396922807171
8.56  -0.529368413389322  -0.6071469471118021
8.57  -0.5255152421734901  -0.6083545295109857
8.58  -0.5216377535607265  -0.6095624252105775
8.59  -0.5177361747655496  -0.6107706198358787
8.6  -0.5138107344173446  -0.6119790989055708
8.61  -0.5098616625472548  -0.6131878478321107
8.620000000000001  -0.5058891905749874  -0.6143968519221268
8.63  -0.5018935512955444  -0.6156060963768221
8.64  -0.4978749788658591  -0.6168155662923803
8.65  -0.4938337087913623  -0.6180252466603762
8.66  -0.4897699779124652  -0.6192351223681898
8.67  -0.48568402439096053  -0.6204451781994258
8.68  -0.4815760876963484  -0.6216553988343365
8.69  -0.4774464085920811  -0.6228657688502474
8.700000000000001  -0.47329522912173316  -0.6240762727219902
8.71  -0.46912279259509615  -0.6252868948223363
8.72  -0.464929343574193  -0.6264976194224372
8.73  -0.4607151278592223  -0.6277084306922676
8.74  -0.4564803924744286  -0.6289193127010726
8.75  -0.4522253856538972  -0.6301302494178189
8.76  -0.4479503568272786  -0.6313412247116503
8.77  -0.44365555660544  -0.6325522223523481
8.78  -0.4393412367660491  -0.6337632260107925
8.790000000000001  -0.43500765023908283  -0.6349742192594323
8.8  -0.43065505109227714  -0.636185185572754
8.81  -0.42628369451649417  -0.6373961083277592
8.82  -0.4218938368110361  -0.638606970804442
8.83  -0.4174857353688853  -0.6398177561862735
8.84  -0.41305964866188016  -0.6410284475606876
8.85  -0.4086158362258271  -0.6422390279195724
8.86  -0.40415455864554906  -0.6434494801597658
8.870000000000001  -0.3996760775398678  -0.6446597870835525
8.88  -0.3951806555465327  -0.6458699313991667
8.89  -0.39066855630707653  -0.6470798957212994
8.9  -0.38614004445161876  -0.6482896625716077
8.91  -0.3815953855836097  -0.649499214379228
8.92  -0.37703484626451245  -0.6507085334812945
8.93  -0.3724586939984286  -0.6519176021234596
8.94  -0.3678671972166694  -0.6531264024604196
8.950000000000001  -0.36326062526226527  -0.6543349165564427
8.96  -0.3586392483744314  -0.6555431263859016
8.97  -0.35400333767296466  -0.65675101383381
8.98  -0.3493531651425983  -0.6579585606963609
8.99  -0.34468900361730187  -0.659165748681472
9.0  -0.3400111267645281  -0.6603725594093304
9.01  -0.3353198090694097  -0.6615789744129444
9.02  -0.3306153258189088  -0.6627849751386974
9.03  -0.3258979530859153  -0.6639905429469053
9.040000000000001  -0.32116796771329714  -0.6651956591123774
9.05  -0.31642564729791156  -0.6664003048249814
9.06  -0.3116712701745555  -0.6676044611902116
9.07  -0.30690511539988635  -0.6688081092297605
9.08  -0.3021274627362909  -0.6700112298820935
9.09  -0.2973385926357117  -0.6712138040030284
9.1  -0.2925387862234346  -0.6724158123663161
9.11  -0.28772832528183195  -0.6736172356642264
9.120000000000001  -0.2829074922340652  -0.6748180545081375
9.13  -0.2780765701277559  -0.6760182494291265
9.14  -0.27323584261860595  -0.6772178008785665
9.15  -0.2683855939539895  -0.6784166892287244
9.16  -0.26352610895650785  -0.6796148947733628
9.17  -0.2586576730075053  -0.6808123977283458
9.18  -0.2537805720305539  -0.6820091782322473
9.19  -0.24889509247490268  -0.6832052163469626
9.200000000000001  -0.24400152129889363  -0.6844004920583242
9.21  -0.2391001459533533  -0.6855949852767185
9.22  -0.23419125436494154  -0.6867886758377089
9.23  -0.22927513491947946  -0.6879815435026588
9.24  -0.22435207644524904  -0.6891735679593605
9.25  -0.21942236819625974  -0.6903647288226653
9.26  -0.21448629983549294  -0.6915550056351172
9.27  -0.20954416141811932  -0.6927443778675899
9.28  -0.20459624337468896  -0.693932824919927
9.290000000000001  -0.19964283649430242  -0.695120326121585
9.3  -0.19468423190775894  -0.6963068607322784
9.31  -0.18972072107067353  -0.6974924079426297
9.32  -0.1847525957465872  -0.6986769468748208
9.33  -0.1797801479900469  -0.699860456583248
9.34  -0.17480367012967202  -0.7010429160551793
9.35  -0.16982345475120064  -0.7022243042114152
9.36  -0.16483979468051993  -0.7034045999069524
9.370000000000001  -0.15985298296667813  -0.70458378193165
9.38  -0.15486331286489077  -0.705761829010898
9.39  -0.14987107781951664  -0.7069387198062902
9.4  -0.1448765714470379  -0.7081144329162986
9.41  -0.1398800875190172  -0.7092889468769502
9.42  -0.13488191994504917  -0.7104622401625078
9.43  -0.1298823627556998  -0.7116342911861527
9.44  -0.1248817100854379  -0.7128050783006699
9.450000000000001  -0.11988025615555609  -0.713974579799137
9.46  -0.11487829525709305  -0.7151427739156139
9.47  -0.10987612173373713  -0.7163096388258376
9.48  -0.10487402996473459  -0.7174751526479171
9.49  -0.09987231434779213  -0.7186392934430321
9.5  -0.09487126928197478  -0.7198020392161348
9.51  -0.08987118915060255  -0.7209633679166529
9.52  -0.08487236830414714  -0.7221232574391954
9.53  -0.07987510104312566  -0.7232816856242619
9.540000000000001  -0.07487968160099949  -0.7244386302589534
9.55  -0.0698864041270768  -0.7255940690776843
9.56  -0.06489556266940688  -0.7267479797629008
9.57  -0.05990745115769265  -0.7279003399457971
9.58  -0.054922363386200324  -0.7290511272070359
9.59  -0.04994059299667707  -0.7302003190774724
9.6  -0.04496243346127549  -0.7313478930388779
9.61  -0.03998817806548702  -0.7324938265246685
9.620000000000001  -0.03501811989108018  -0.733638096920634
9.63  -0.03005255179906112  -0.734780681565669
9.64  -0.025091766412625796  -0.7359215577525083
9.65  -0.020136056100142068  -0.7370607027284622
9.66  -0.015185712958136149  -0.7381980936961547
9.67  -0.010241028794294362  -0.7393337078142643
9.68  -0.005302295110480734  -0.7404675221982661
9.69  -0.0003698030857708194  -0.7415995139211764
9.700000000000001  0.004556156440500971  -0.7427296600142999
9.71  0.00947529298566509  -0.7438579374679766
9.72  0.014387316440639397  -0.7449843232323341
9.73  0.019291937086814672  -0.7461087942180396
9.74  0.024188865612928726  -0.7472313272970538
9.75  0.029077813131914904  -0.7483518993033875
9.76  0.033958491197729056  -0.7494704870338605
9.77  0.038830611822151306  -0.7505870672488605
9.78  0.04369388749156494  -0.7517016166731055
9.790000000000001  0.0485480311837077  -0.7528141119964082
9.8  0.05339275638439161  -0.7539245298744399
9.81  0.05822777710420812  -0.7550328469294989
9.82  0.0630528078951899  -0.7561390397512795
9.83  0.06786756386745003  -0.7572430848976417
9.84  0.07267176070578958  -0.7583449588953842
9.85  0.07746511468627204  -0.7594446382410183
9.86  0.08224734269276748  -0.7605420994015426
9.870000000000001  0.08701816223346054  -0.7616373188152217
9.88  0.09177729145731978  -0.7627302728923625
9.89  0.09652444917054466  -0.7638209380160972
9.9  0.10125935485296098  -0.7649092905431627
9.91  0.1059817286743859  -0.7659953068046852
9.92  0.11069129151095405  -0.767078963106964
9.93  0.11538776496140304  -0.7681602357322579
9.94  0.12007087136331841  -0.7692391009395725
9.950000000000001  0.12474033380934033  -0.7703155349654496
9.96  0.12939587616331766  -0.7713895140247558
9.97  0.13403722307643556  -0.7724610143114758
9.98  0.138664100003283  -0.7735300119995043
9.99  0.1432762332178832  -0.7745964832434401
10.0  0.14787334982967626  -0.775660404179381
