0.0  -0.28984060511599297  0.2722884459367183
0.01  -0.28697446158626705  0.27152671912404885
0.02  -0.2840945635698806  0.270763366837401
0.03  -0.28120106903884556  0.2699983960926723
0.04  -0.27829413670441216  0.2692318139429737
0.05  -0.27537392600841637  0.268463627478432
0.06  -0.27244059711458624  0.2676938438259905
0.07  -0.2694943108998104  0.2669224701492088
0.08  -0.26653522894536663  0.2661495136480611
0.09  -0.26356351352811186  0.26537498155873385
0.1  -0.26057932761163577  0.2645988811534214
0.11  -0.257582834837375  0.26382121974012096
0.12  -0.2545741995156916  0.26304200466242617
0.13  -0.25155358661691496  0.26226124329931966
0.14  -0.24852116176234734  0.26147894306496416
0.15  -0.24547709121523403  0.26069511140849255
0.16  -0.2424215418716988  0.2599097558137966
0.17  -0.23935468125164466  0.2591228837993152
0.18  -0.23627667748962042  0.2583345029178201
0.19  -0.2331876993256541  0.2575446207562022
0.2  -0.23008791609605309  0.256753244935255
0.21  -0.22697749772417203  0.25596038310945823
0.22  -0.22385661471114832  0.2551660429667597
0.23  -0.2207254381266065  0.25437023222835603
0.24  -0.21758413959933165  0.2535729586484725
0.25  -0.21443289130791177  0.2527742300141418
0.26  -0.21127186597135106  0.2519740541449813
0.27  -0.20810123683965276  0.2511724388929698
0.28  -0.20492117768437412  0.2503693921422226
0.29  -0.2017318627891519  0.24956492180876594
0.3  -0.19853346694020052  0.2487590358403103
0.31  -0.19532616541678297  0.24795174221602234
0.32  -0.1921101339816543  0.24714304894629613
0.33  -0.18888554887147924  0.24633296407252314
0.34  -0.18565258678722368  0.24552149566686143
0.35000000000000003  -0.18241142488452114  0.24470865183200335
0.36  -0.17916224076401394  0.24389444070094263
0.37  -0.17590521246167068  0.24307887043674048
0.38  -0.1726405184390799  0.2422619492322903
0.39  -0.16936833757372005  0.24144368531008176
0.4  -0.16608884914920746  0.24062408692196371
0.41000000000000003  -0.16280223284552142  0.23980316234890625
0.42  -0.1595086687292087  0.23898091990076142
0.43  -0.1562083372435659  0.23815736791602377
0.44  -0.15290141919880176  0.23733251476158884
0.45  -0.14958809576217974  0.23650636883251175
0.46  -0.14626854844814072  0.2356789385517642
0.47000000000000003  -0.14294295910840674  0.23485023236999067
0.48  -0.13961150992206678  0.2340202587652639
0.49  -0.13627438338564427  0.2331890262428391
0.5  -0.13293176230314763  0.23235654333490788
0.51  -0.1295838297761036  0.23152281860035032
0.52  -0.12623076919357504  0.23068786062448698
0.53  -0.12287276422216227  0.22985167801882994
0.54  -0.11950999879598992  0.22901427942083222
0.55  -0.11614265710667884  0.2281756734936375
0.56  -0.11277092359330416  0.22733586892582786
0.5700000000000001  -0.10939498293233968  0.22649487443117158
0.58  -0.10601502002758961  0.22565269874836943
0.59  -0.10263122000010735  0.22480935064080057
0.6  -0.09924376817810324  0.2239648388962674
0.61  -0.0958528500868405  0.22311917232673958
0.62  -0.0924586514385203  0.2222723597680975
0.63  -0.08906135812215711  0.2214244100798747
0.64  -0.08566115619344394  0.22057533214499964
0.65  -0.08225823186460898  0.21972513486953646
0.66  -0.07885277149426329  0.21887382718242546
0.67  -0.07544496157724065  0.2180214180352223
0.68  -0.07203498873443012  0.21716791640183664
0.6900000000000001  -0.0686230397026015  0.2163133312782703
0.7000000000000001  -0.06520930132422473  0.21545767168235427
0.71  -0.06179396053728335  0.21460094665348514
0.72  -0.05837720436508266  0.21374316525236103
0.73  -0.05495921990605354  0.2128843365607167
0.74  -0.05154019432355195  0.21202446968105745
0.75  -0.04812031483565496  0.2111635737363934
0.76  -0.044699768704953784  0.21030165786997213
0.77  -0.041278743228344385  0.20943873124501103
0.78  -0.03785742572681619  0.2085748030444292
0.79  -0.03443600353523963  0.20770988247057817
0.8  -0.031014663992152712  0.20684397874497243
0.81  -0.0275935944295475  0.2059771011080192
0.8200000000000001  -0.024172982162657175  0.2051092588187476
0.8300000000000001  -0.02075301447974348  0.20424046115453695
0.84  -0.017333878631886068  0.20337071741084503
0.85  -0.013915761822773813  0.20250003690093504
0.86  -0.010498851198498645  0.20162842895560268
0.87  -0.007083333837352476  0.200755902922902
0.88  -0.0036693967396280378  0.19988246816787122
0.89  -0.0002572268174235587  0.1990081340722577
0.9  0.0031529891155473097  0.19813291003424238
0.91  0.0065610643541402225  0.19725680546816388
0.92  0.009966812311959589  0.1963798298042418
0.93  0.013370046531530552  0.1955019924882997
0.9400000000000001  0.016770580694464673  0.19462330298148744
0.9500000000000001  0.020168228631617872  0.1937437707600032
0.96  0.02356280433323997  0.19286340531481483
0.97  0.026954121959116048  0.1919822161513808
0.98  0.030341995848697706  0.19110021278937067
0.99  0.03372624053122577  0.19021740476238502
1.0  0.0371066707358414  0.18933380161767527
1.01  0.04048310140168694  0.1884494129158624
1.02  0.043855347687995566  0.18756424823065604
1.03  0.047223224984168144  0.18667831714857241
1.04  0.05058654891983809  0.18579162926865248
1.05  0.053945135374923445  0.18490419420217905
1.06  0.05729880048966434  0.1840160215723942
1.07  0.06064736067464698  0.18312712101421563
1.08  0.06399063262081285  0.18223750217395324
1.09  0.06732843330945254  0.1813471747090249
1.1  0.07066058002218338  0.1804561482876721
1.11  0.07398689035091152  0.1795644325886751
1.12  0.07730718220777597  0.17867203730106798
1.1300000000000001  0.08062127383507647  0.17777897212385327
1.1400000000000001  0.0839289838151823  0.17688524676571593
1.1500000000000001  0.08723013108042292  0.17599087094473756
1.16  0.09052453492295992  0.1750958543881102
1.17  0.0938120150046386  0.1742002068318492
1.18  0.09709239136682002  0.17330393802050695
1.19  0.10036548444019198  0.17240705770688536
1.2  0.10363111505455905  0.17150957565174854
1.21  0.10688910444861048  0.17061150162353517
1.22  0.11013927427966635  0.1697128453980706
1.23  0.11338144663340052  0.16881361675827875
1.24  0.11661544403354016  0.16791382549389372
1.25  0.11984108945154145  0.16701348140117145
1.26  0.12305820631624137  0.16611259428260072
1.27  0.12626661852348373  0.1652111739466144
1.28  0.12946615044572032  0.1643092302073004
1.29  0.13265662694158592  0.16340677288411234
1.3  0.13583787336544678  0.16250381180158016
1.31  0.1390097155769221  0.16160035678902054
1.32  0.14217197995037759  0.16069641768024726
1.33  0.14532449338439218  0.1597920043132813
1.34  0.14846708331119435  0.15888712653006115
1.35  0.1515995777060708  0.15798179417615238
1.36  0.15472180509674513  0.1570760171004579
1.37  0.15783359457272575  0.1561698051549274
1.3800000000000001  0.16093477579462437  0.1552631681942674
1.3900000000000001  0.16402517900344238  0.15435611607565056
1.4000000000000001  0.1671046350298257  0.15344865865842558
1.41  0.17017297530328798  0.15254080580382648
1.42  0.17323003186140096  0.15163256737468217
1.43  0.17627563735895124  0.15072395323512608
1.44  0.17930962507706372  0.14981497325030546
1.45  0.18233182893229125  0.14890563728609083
1.46  0.18534208348566922  0.1479959552087856
1.47  0.18834022395173472  0.1470859368848354
1.48  0.19132608620751088  0.14617559218053758
1.49  0.1942995068014545  0.14526493096175092
1.5  0.19726032296236717  0.14435396309360488
1.51  0.2002083726082694  0.14344269844020965
1.52  0.20314349435523715  0.14253114686436555
1.53  0.20606552752620036  0.14161931822727286
1.54  0.20897431215970264  0.14070722238824168
1.55  0.2118696890186226  0.13979486920440204
1.56  0.2147514995988547  0.13888226853041372
1.57  0.2176195861379513  0.1379694302181765
1.58  0.22047379162372327  0.13705636411654054
1.59  0.22331395980280022  0.13614308007101678
1.6  0.22613993518914935  0.13522958792348738
1.61  0.2289515630725525  0.13431589751191667
1.62  0.23174868952704003  0.1334020186700618
1.6300000000000001  0.2345311614192837  0.13248796122718398
1.6400000000000001  0.23729882641694489  0.1315737350077598
1.6500000000000001  0.24005153299697948  0.13065934983119232
1.6600000000000001  0.24278913045389872  0.1297448155115232
1.67  0.24551146890798564  0.12883014185714414
1.68  0.24821839931346656  0.12791533867050922
1.69  0.25090977346663645  0.12700041574784707
1.7  0.253585444013939  0.1260853828788736
1.71  0.25624526446000045  0.12517024984650482
1.72  0.25888908917561604  0.1242550264265695
1.73  0.26151677340568963  0.12333972238752315
1.74  0.26412817327712573  0.12242434749016134
1.75  0.26672314580667317  0.12150891148733346
1.76  0.2693015489087206  0.12059342412365731
1.77  0.2718632414030427  0.11967789513523344
1.78  0.2744080830224971  0.11876233424936003
1.79  0.2769359344206719  0.11784675118424817
1.8  0.27944665717948236  0.11693115564873735
1.81  0.28194011381671785  0.11601555734201136
1.82  0.2844161677935366  0.11509996595331456
1.83  0.28687468352191003  0.11418439116166844
1.84  0.28931552637201513  0.1132688426355888
1.85  0.29173856267957377  0.11235333003280293
1.86  0.29414365975314044  0.11143786299996764
1.87  0.29653068588133646  0.11052245117238726
1.8800000000000001  0.29889951034003037  0.10960710417373248
1.8900000000000001  0.30125000339946545  0.10869183161575921
1.9000000000000001  0.30358203633133196  0.1077766430980283
1.9100000000000001  0.30589548141578604  0.10686154820762517
1.92  0.3081902119484118  0.10594655651888073
1.93  0.3104661022471304  0.10503167759309161
1.94  0.31272302765905113  0.10411692097824213
1.95  0.31496086456726813  0.10320229620872579
1.96  0.3171794903975994  0.1022878128050677
1.97  0.3193787836252699  0.1013734802736474
1.98  0.3215586237815365  0.10045930810642231
1.99  0.32371889146025634  0.09954530578065156
2.0  0.32585946832439655  0.09863148275862041
2.0100000000000002  0.32798023711248614  0.09771784848736521
2.02  0.3300810816450084  0.09680441239839911
2.0300000000000002  0.3321618868307362  0.09589118390743777
2.04  0.3342225386730053  0.09497817241412643
2.05  0.3362629242759302  0.09406538730176693
2.06  0.33828293185055947  0.09315283793704539
2.07  0.34028245072096924  0.0922405336697613
2.08  0.3422613713302989  0.09132848383255568
2.09  0.3442195852467222  0.09041669774064144
2.1  0.34615698516936105  0.08950518469153336
2.11  0.34807346493413344  0.08859395396477915
2.12  0.34996891951954306  0.08768301482169086
2.13  0.3518432450524042  0.0867723765050775
2.14  0.35369633881350543  0.08586204823897736
2.15  0.35552809924320944  0.0849520392283923
2.16  0.3573384259469902  0.08404235865902131
2.17  0.35912721970090666  0.08313301569699602
2.18  0.36089438245701216  0.08222401948861618
2.19  0.3626398173487002  0.08131537916008588
2.2  0.3643634286959856  0.08040710381725094
2.21  0.36606512201072094  0.07949920254533646
2.22  0.36774480400174825  0.07859168440868564
2.23  0.3694023825799848  0.0776845584504988
2.24  0.3710377668634445  0.0767778336925739
2.25  0.3726508671821923  0.07587151913504682
2.2600000000000002  0.37424159508323346  0.07496562375613339
2.27  0.37580986333533545  0.07406015651187169
2.2800000000000002  0.37735558593378465  0.0731551263358651
2.29  0.3788786781050747  0.07225054213902654
2.3000000000000003  0.3803790563115287  0.071346412809323
2.31  0.38185663825585353  0.07044274721152131
2.32  0.38331134288562757  0.06953955418693472
2.33  0.3847430903977186  0.06863684255316978
2.34  0.3861518022426354  0.06773462110387504
2.35  0.38753740112881035  0.06683289860848936
2.36  0.38889981102681326  0.0659316838119924
2.37  0.3902389571734968  0.06503098543465496
2.38  0.39155476607607237  0.06413081217179073
2.39  0.3928471655161174  0.06323117269350848
2.4  0.3941160845535127  0.06233207564446602
2.41  0.3953614535303098  0.061433529643623905
2.42  0.39658320407452974  0.060535543284001014
2.43  0.39778126910388956  0.05963812513243037
2.44  0.3989555828294612  0.05874128372931652
2.45  0.40010608075925724  0.05784502758839329
2.46  0.4012326997017478  0.056949365196482846
2.47  0.4023353777693057  0.05605430501325535
2.48  0.40341405438158073  0.05515985547099028
2.49  0.4044686702688025  0.05426602497433783
2.5  0.4054991674750123  0.05337282190008186
2.5100000000000002  0.40650548936122266  0.05248025459690371
2.52  0.4074875806085059  0.05158833138514707
2.5300000000000002  0.40844538722100987  0.05069706055658358
2.54  0.40937885652890216  0.049806450374179745
2.5500000000000003  0.41028793719124207  0.048916509071864914
2.56  0.41117257919877936  0.04802724485429988
2.57  0.4120327338766814  0.047138665896646836
2.58  0.4128683538871872  0.046250780344340395
2.59  0.41367939323218783  0.04536359631285976
2.6  0.41446580725573534  0.044477121887501074
2.61  0.4152275526464767  0.043591365123152606
2.62  0.4159645874400163  0.04270633404406882
2.63  0.4166768710212031  0.041822036643647614
2.64  0.417364364126346  0.04093848088420688
2.65  0.41802702884535414  0.04005567469676367
2.66  0.41866482862380466  0.039173625980813156
2.67  0.419277728264935  0.038292342604109866
2.68  0.4198656939315629  0.03741183240244898
2.69  0.42042869314793124  0.03653210317944956
2.7  0.42096669480147836  0.03565316270633852
2.71  0.4214796691445353  0.034775018721736065
2.72  0.42196758779594756  0.03389767893144158
2.73  0.4224304237426228  0.03302115100822156
2.74  0.42286815134100375  0.032145442591598086
2.75  0.4232807463184667  0.03127056128763891
2.7600000000000002  0.4236681857746451  0.03039651466874799
2.77  0.42403044818267854  0.029523310273458524
2.7800000000000002  0.42436751339038636  0.028650955606225374
2.79  0.4246793626213671  0.02777945813722066
2.8000000000000003  0.4249659784760219  0.026908825302128778
2.81  0.42522734493250414  0.026039064501944025
2.82  0.42546344734759284  0.025170183102768466
2.83  0.42567427245749134  0.02430218843561161
2.84  0.4258598083785509  0.02343508779619119
2.85  0.42602004460791915  0.022568888444734855
2.86  0.42615497202411246  0.02170359760578389
2.87  0.4262645828875141  0.020839222467997014
2.88  0.4263488708407966  0.019975770183956756
2.89  0.42640783090926815  0.019113247869976042
2.9  0.4264414595011449  0.01825166260590668
2.91  0.42644975440774663  0.017391021434948754
2.92  0.42643271480361794  0.016531331363461743
2.93  0.4263903412465731  0.01567259936077632
2.94  0.4263226356776666  0.014814832359008188
2.95  0.4262296014210875  0.01395803725287239
2.96  0.42611124318397847  0.013102220899499951
2.97  0.42596756705617966  0.01224739011825459
2.98  0.42579858050989716  0.011393551690552062
2.99  0.4256042923992961  0.0105407123596798
3.0  0.42538471296001795  0.009688878830618614
3.0100000000000002  0.42513985380862324  0.008838057769864939
3.02  0.42486972794195876  0.00798825580525573
3.0300000000000002  0.42457434973644914  0.007139479525792927
3.04  0.4242537349473134  0.006291735481471147
3.0500000000000003  0.42390790070770673  0.005445030183105284
3.06  0.423536865527787  0.004599370102160313
3.0700000000000003  0.4231406492937052  0.0037547616705821615
3.08  0.42271927326652303  0.002911211280630148
3.09  0.42227276008105247  0.0020687252847104848
3.1  0.4218011337446241  0.0012273099952113606
3.11  0.4213044196357774  0.0003869716843398832
3.12  0.42078264450287806  -0.00045228341604041516
3.13  0.42023583646266005  -0.001290449114570165
3.14  0.4196640249986932  -0.002127519260553219
3.15  0.41906724095977654  -0.002963487744114729
3.16  0.4184455165582564  -0.003798348496357351
3.17  0.41779888536827103  -0.004632095489516028
3.18  0.4171273823239206  -0.005464722737112002
3.19  0.4164310437173633  -0.006296224294104286
3.2  0.415709907196837  -0.007126594257040861
3.21  0.4149640117646069  -0.007955826764207231
3.22  0.41419339777484043  -0.008783915995774425
3.23  0.41339810693140727  -0.009610856173945422
3.24  0.4125781822856057  -0.0104366415630993
3.25  0.4117336682338173  -0.011261266469935152
3.2600000000000002  0.41086461051508527  -0.012084725243613433
3.27  0.409971056208623  -0.012907012275896447
3.2800000000000002  0.40905305373124673  -0.013728122001287243
3.29  0.40811065283473724  -0.014548048897166557
3.3000000000000003  0.4071439046031269  -0.015366787483929133
3.31  0.40615286144991636  -0.016184332325117567
3.3200000000000003  0.40513757711521675  -0.017000678027555477
3.33  0.404098106662821  -0.017815819241478417
3.34  0.4030345064772014  -0.018629750660664066
3.35  0.4019468342604371  -0.0194424670225602
3.36  0.40083514902906836  -0.02025396310841121
3.37  0.39969951111087937  -0.02106423374338383
3.38  0.39853998214161057  -0.0218732737966904
3.39  0.3973566250615978  -0.02268107818171082
3.4  0.39614950411234245  -0.023487641856113517
3.41  0.39491868483300907  -0.024292959821974346
3.42  0.393664234056853  -0.025097027125893734
3.43  0.392386219907577  -0.025899838859113157
3.44  0.3910847117956182  -0.0267013901576287
3.45  0.38975978041436427  -0.027501676202304683
3.46  0.38841149773629996  -0.02830069221898425
3.47  0.38703993700908357  -0.029098433478599223
3.48  0.38564517275155485  -0.029894895297278318
3.49  0.3842272807496717  -0.030690073036453255
3.5  0.38278633805238044  -0.03148396210296396
3.5100000000000002  0.3813224229674145  -0.03227655794916189
3.52  0.3798356150570267  -0.03306785607301152
3.5300000000000002  0.3783259951336515  -0.033857852018190665
3.54  0.37679364525550074  -0.03464654137418885
3.5500000000000003  0.375238648722089  -0.035433919776404726
3.56  0.3736610900696947  -0.036219982906240546
3.5700000000000003  0.3720610550667503  -0.03700472649119671
3.58  0.3704386307091679  -0.03778814630496321
3.59  0.36879390521559624  -0.038570238167510824
3.6  0.36712696802261247  -0.03935099794517958
3.61  0.3654379097798463  -0.04013042155076589
3.62  0.3637268223450386  -0.040908504943608565
3.63  0.3619937987790342  -0.041685244129672686
3.64  0.3602389333407086  -0.04246063516163182
3.65  0.3584623214818304  -0.043234674138949034
3.66  0.35666405984185706  -0.04400735720795618
3.67  0.35484424624266786  -0.04477868056193082
3.68  0.35300297968323074  -0.04554864044117263
3.69  0.35114036033420587  -0.04631723313307738
3.7  0.3492564895324852  -0.04708445497220959
3.71  0.34735146977566794  -0.047850302340373393
3.72  0.3454254047164739  -0.04861477166668186
3.73  0.34347839915709233  -0.04937785942762478
3.74  0.3415105590434695  -0.05013956214713432
3.75  0.33952199145953277  -0.0508998763966496
3.7600000000000002  0.33751280462135375  -0.051658798795179484
3.77  0.3354831078712487  -0.0524163260093631
3.7800000000000002  0.33343301167181816  -0.053172454753529955
3.79  0.3313626275999254  -0.05392718178975682
3.8000000000000003  0.32927206834061384  -0.05468050392792448
3.81  0.32716144768096456  -0.05543241802577148
3.8200000000000003  0.325030880503893  -0.056182920988947296
3.83  0.3228804827818874  -0.056932009771063094
3.84  0.32071037157068505  -0.05767968137374127
3.85  0.31852066500289294  -0.05842593284666302
3.86  0.3163114822815469  -0.05917076128761441
3.87  0.31408294367361433  -0.059914163842530635
3.88  0.31183517050343723  -0.060656137705538724
3.89  0.309568285146119  -0.06139668011899852
3.9  0.3072824110208533  -0.0621357883735421
3.91  0.30497767258419584  -0.06287345980811129
3.92  0.30265419532328036  -0.06360969180999344
3.93  0.30031210574897726  -0.06434448181485604
3.94  0.2979515313889977  -0.06507782730677907
3.95  0.29557260078094116  -0.06580972581828592
3.96  0.2931754434652889  -0.06654017493037259
3.97  0.2907601899783418  -0.06726917227253516
3.98  0.2883269718451048  -0.06799671552279585
3.99  0.2858759215721168  -0.06872280240772692
4.0  0.28340717264022725  -0.06944743070247308
4.01  0.2809208594973199  -0.07017059823077249
4.0200000000000005  0.2784171175509832  -0.07089230286497583
4.03  0.27589608316112957  -0.0716125425260632
4.04  0.2733578936325607  -0.07233131518366054
4.05  0.2708026872074834  -0.07304861885605317
4.0600000000000005  0.2682306030579735  -0.0737644516101981
4.07  0.26564178127838944  -0.07447881156173476
4.08  0.2630363628777338  -0.07519169687499387
4.09  0.26041448977196796  -0.07590310576300488
4.1  0.25777630477627517  -0.07661303648750105
4.11  0.25512195159727435  -0.07732148735892397
4.12  0.2524515748251886  -0.07802845673642474
4.13  0.24976531992595957  -0.07873394302786546
4.14  0.24706333323332055  -0.07943794468981738
4.15  0.24434576194081692  -0.08014046022755808
4.16  0.24161275409378494  -0.08084148819506695
4.17  0.23886445858127808  -0.0815410271950187
4.18  0.23610102512795267  -0.08223907587877574
4.19  0.23332260428590448  -0.08293563294637811
4.2  0.23052934742646375  -0.08363069714653196
4.21  0.22772140673194002  -0.08432426727659716
4.22  0.22489893518732904  -0.08501634218257169
4.23  0.2220620865719713  -0.08570692075907589
4.24  0.21921101545117014  -0.08639600194933399
4.25  0.21634587716776418  -0.08708358474515404
4.26  0.21346682783366042  -0.08776966818690705
4.2700000000000005  0.21057402432132327  -0.08845425136350327
4.28  0.20766762425522356  -0.08913733341236726
4.29  0.20474778600324417  -0.08981891351941174
4.3  0.20181466866804862  -0.09049899091900905
4.3100000000000005  0.19886843207840638  -0.0911775648939612
4.32  0.1959092367804815  -0.09185463477546836
4.33  0.19293724402907836  -0.09253019994309546
4.34  0.18995261577885306  -0.09320425982473737
4.3500000000000005  0.18695551467548338  -0.09387681389658233
4.36  0.18394610404680353  -0.09454786168307307
4.37  0.1809245478938986  -0.09521740275686746
4.38  0.17789101088216597  -0.09588543673879661
4.39  0.17484565833233803  -0.09655196329782148
4.4  0.1717886562114691  -0.09721698215098795
4.41  0.16872017112388973  -0.09788049306337979
4.42  0.1656403703021226  -0.09854249584807104
4.43  0.16254942159776703  -0.09920299036607538
4.44  0.15944749347234732  -0.09986197652629483
4.45  0.15633475498813215  -0.10051945428546608
4.46  0.15321137579891436  -0.10117542364810578
4.47  0.15007752614076558  -0.10182988466645387
4.48  0.14693337682275362  -0.10248283744041523
4.49  0.1437790992176338  -0.1031342821174997
4.5  0.14061486525250314  -0.10378421889276056
4.51  0.13744084739943063  -0.1044326480087313
4.5200000000000005  0.13425721866605356  -0.10507956975536081
4.53  0.13106415258614745  -0.10572498446994637
4.54  0.12786182321016396  -0.1063688925370663
4.55  0.12465040509574465  -0.10701129438850955
4.5600000000000005  0.12143007329820385  -0.10765219050320439
4.57  0.11820100336098671  -0.10829158140714545
4.58  0.11496337130609784  -0.10892946767331893
4.59  0.11171735362450724  -0.1095658499216263
4.6000000000000005  0.10846312726652801  -0.11020072881880641
4.61  0.10520086963217126  -0.11083410507835584
4.62  0.10193075856147293  -0.11146597946044774
4.63  0.09865297232480119  -0.11209635277184914
4.64  0.09536768961313746  -0.11272522586583619
4.65  0.09207508952833389  -0.11335259964210866
4.66  0.08877535157335217  -0.11397847504670182
4.67  0.08546865564247569  -0.1146028530718975
4.68  0.08215518201150426  -0.11522573475613321
4.69  0.0788351113279247  -0.11584712118390987
4.7  0.07550862460106554  -0.11646701348569707
4.71  0.07217590319222686  -0.1170854128378386
4.72  0.06883712880479498  -0.11770232046245431
4.73  0.06549248347433549  -0.11831773762734187
4.74  0.062142149558672505  -0.11893166564587618
4.75  0.05878630972794377  -0.11954410587690739
4.76  0.055425146954645406  -0.12015505972465769
4.7700000000000005  0.0520588445036549  -0.12076452863861616
4.78  0.0486875859222439  -0.1213725141134315
4.79  0.04531155503006779  -0.12197901768880504
4.8  0.04193093590914816  -0.12258404094938015
4.8100000000000005  0.038545912893836104  -0.12318758552463097
4.82  0.03515667056076449  -0.12378965308874981
4.83  0.03176339371878379  -0.12439024536053267
4.84  0.028366267398889373  -0.12498936410326345
4.8500000000000005  0.02496547684413323  -0.12558701112459628
4.86  0.021561207499526842  -0.1261831882764366
4.87  0.018153645001929647  -0.12677789745482063
4.88  0.014742975169931033  -0.1273711405997934
4.89  0.01132938399371966  -0.1279629196952851
4.9  0.00791305762494366  -0.12855323676898606
4.91  0.004494182366564244  -0.1291420938922201
4.92  0.0010729446626978195  -0.12972949317981647
4.93  -0.002350468911547131  -0.13031543678998037
4.94  -0.005775871660242099  -0.13089992692416177
4.95  -0.009203076776814367  -0.13148296582692254
4.96  -0.012631897354232785  -0.1320645557858031
4.97  -0.01606214639519568  -0.13264469913118612
4.98  -0.0194936368223263  -0.13322339823616008
4.99  -0.022926181488369238  -0.13380065551638043
5.0  -0.026359593186394872  -0.13437647342992953
5.01  -0.029793684660003525  -0.13495085447717584
5.0200000000000005  -0.03322826861353535  -0.1355238012006305
5.03  -0.036663157722277635  -0.1360953161848029
5.04  -0.04009816464268077  -0.1366654020560554
5.05  -0.04353310202256838  -0.13723406148245604
5.0600000000000005  -0.04696778251135276  -0.13780129717362927
5.07  -0.05040201877024541  -0.13836711188060677
5.08  -0.05383562348247363  -0.1389315083956751
5.09  -0.057268409363489134  -0.13949448955222357
5.1000000000000005  -0.06070018917118009  -0.1400560582245894
5.11  -0.06413077571607545  -0.14061621732790186
5.12  -0.06755998187155372  -0.14117496981792568
5.13  -0.07098762058404107  -0.14173231869090214
5.14  -0.07441350488320947  -0.14228826698338887
5.15  -0.07783744789217056  -0.1428428177720993
5.16  -0.08125926283766088  -0.14339597417373906
5.17  -0.08467876306022601  -0.14394773934484262
5.18  -0.08809576202439529  -0.14449811648160754
5.19  -0.09151007332885161  -0.1450471088197276
5.2  -0.0949215107165915  -0.14559471963422468
5.21  -0.09832988808508103  -0.1461409522392796
5.22  -0.10173501949639953  -0.14668580998806052
5.23  -0.10513671918737756  -0.14722929627255152
5.24  -0.10853480157972206  -0.14777141452337864
5.25  -0.11192908129013468  -0.14831216820963494
5.26  -0.11531937314041718  -0.14885156083870482
5.2700000000000005  -0.11870549216756754  -0.14938959595608614
5.28  -0.12208725363386133  -0.14992627714521128
5.29  -0.1254644730369246  -0.15046160802726738
5.3  -0.12883696611979095  -0.15099559226101508
5.3100000000000005  -0.13220454888094774  -0.15152823354260528
5.32  -0.13556703758436467  -0.1520595356053957
5.33  -0.1389242487695124  -0.15258950221976536
5.34  -0.1422759992613629  -0.15311813719292813
5.3500000000000005  -0.1456221061803764  -0.15364544436874528
5.36  -0.14896238695246825  -0.15417142762753583
5.37  -0.15229665931896624  -0.15469609088588693
5.38  -0.15562474134654283  -0.15521943809646185
5.39  -0.15894645143713607  -0.1557414732478077
5.4  -0.1622616083378474  -0.15626220036416105
5.41  -0.16557003115082347  -0.1567816235052528
5.42  -0.1688715393431181  -0.1572997467661121
5.43  -0.17216595275653487  -0.15781657427686854
5.44  -0.175453091617447  -0.1583321102025533
5.45  -0.17873277654659742  -0.15884635874289882
5.46  -0.18200482856888087  -0.15935932413213863
5.47  -0.18526906912309737  -0.15987101063880366
5.48  -0.1885253200716887  -0.16038142256551974
5.49  -0.19177340371044727  -0.16089056424880244
5.5  -0.1950131427782079  -0.16139844005885112
5.51  -0.19824436046650717  -0.1619050543993425
5.5200000000000005  -0.2014668804292247  -0.16241041170722165
5.53  -0.20468052679219495  -0.16291451645249333
5.54  -0.20788512416279678  -0.16341737313801138
5.55  -0.21108049763951536  -0.16391898629926743
5.5600000000000005  -0.21426647282147537  -0.16441936050417758
5.57  -0.21744287581794852  -0.16491850035286962
5.58  -0.22060953325783508  -0.1654164104774672
5.59  -0.22376627229911505  -0.1659130955418746
5.6000000000000005  -0.22691292063826962  -0.16640856024155967
5.61  -0.23004930651967398  -0.16690280930333506
5.62  -0.23317525874496267  -0.16739584748514
5.63  -0.2362906066823623  -0.16788767957581943
5.64  -0.23939518027599177  -0.16837831039490292
5.65  -0.24248881005513523  -0.16886774479238245
5.66  -0.24557132714347843  -0.16935598764848897
5.67  -0.2486425632683187  -0.16984304387346794
5.68  -0.25170235076973524  -0.1703289184073543
5.69  -0.25475052260973113  -0.17081361621974564
5.7  -0.25778691238133744  -0.17129714230957493
5.71  -0.2608113543176886  -0.17177950170488232
5.72  -0.2638236833010562  -0.17226069946258551
5.73  -0.266823734871852  -0.17274074066824946
5.74  -0.26981134523759204  -0.17321963043585517
5.75  -0.27278635128182915  -0.173697373907567
5.76  -0.275748590573042  -0.17417397625350006
5.7700000000000005  -0.2786979013734927  -0.17464944267148547
5.78  -0.28163412264804133  -0.17512377838683535
5.79  -0.28455709407292884  -0.17559698865210693
5.8  -0.2874666560445137  -0.1760690787468654
5.8100000000000005  -0.2903626496879753  -0.176540053977446
5.82  -0.29324491686597276  -0.17700991967671534
5.83  -0.29611330018726856  -0.17747868120383162
5.84  -0.2989676430153081  -0.17794634394400394
5.8500000000000005  -0.3018077894767582  -0.1784129133082513
5.86  -0.3046335844700043  -0.17887839473315947
5.87  -0.3074448736736077  -0.1793427936806386
5.88  -0.31024150355471847  -0.1798061156376787
5.89  -0.31302332137744376  -0.1802683661161048
5.9  -0.315790175211176  -0.18072955065233148
5.91  -0.31854191393887404  -0.1811896748071159
5.92  -0.32127838726530433  -0.1816487441653109
5.93  -0.32399944572523154  -0.18210676433561634
5.94  -0.32670494069156836  -0.18256374095033068
5.95  -0.3293947243834769  -0.1830196796651005
5.96  -0.3320686498744277  -0.1834745861586707
5.97  -0.3347265711002072  -0.1839284661326325
5.98  -0.3373683428668818  -0.18438132531117196
5.99  -0.33999382085871177  -0.1848331694408165
6.0  -0.34260286164602227  -0.18528400429018185
6.01  -0.3451953226930191  -0.18573383564971746
6.0200000000000005  -0.3477710623655616  -0.18618266933145142
6.03  -0.3503299399388817  -0.18663051116873475
6.04  -0.35287181560525904  -0.18707736701598476
6.05  -0.35539655048164026  -0.18752324274842827
6.0600000000000005  -0.35790400661721156  -0.18796814426184313
6.07  -0.3603940470009179  -0.1884120774723
6.08  -0.3628665355689356  -0.18885504831590313
6.09  -0.3653213372120867  -0.18929706274853034
6.1000000000000005  -0.3677583177832067  -0.18973812674557247
6.11  -0.3701773441044566  -0.19017824630167196
6.12  -0.37257828397458415  -0.19061742743046164
6.13  -0.37496100617613215  -0.19105567616430144
6.140000000000001  -0.3773253804825899  -0.19149299855401566
6.15  -0.3796712776654932  -0.19192940066862954
6.16  -0.3819985695014705  -0.1923648885951043
6.17  -0.3843071287792338  -0.1927994684380729
6.18  -0.38659682930651146  -0.1932331463195742
6.19  -0.38886754591693046  -0.19366592837878688
6.2  -0.3911191544768375  -0.1940978207717627
6.21  -0.39335153189206956  -0.1945288296711602
6.22  -0.39556455611466196  -0.19495896126597545
6.23  -0.3977581061495039  -0.19538822176127532
6.24  -0.3999320620609328  -0.19581661737792777
6.25  -0.4020863049792759  -0.19624415435233278
6.26  -0.40422071710732793  -0.1966708389361527
6.2700000000000005  -0.40633518172677474  -0.19709667739604203
6.28  -0.408429583204555  -0.19752167601337606
6.29  -0.41050380699916694  -0.19794584108398033
6.3  -0.41255773966690995  -0.1983691789178586
6.3100000000000005  -0.4145912688680713  -0.19879169583892048
6.32  -0.41660428337304894  -0.1992133981847091
6.33  -0.41859667306841775  -0.19963429230612784
6.34  -0.42056832896293084  -0.20005438456716682
6.3500000000000005  -0.4225191431934623  -0.20047368134462948
6.36  -0.4244490090308868  -0.2008921890278572
6.37  -0.42635782088590046  -0.20130991401845566
6.38  -0.42824547431477505  -0.20172686273001914
6.390000000000001  -0.4301118660250532  -0.20214304158785504
6.4  -0.431956893881179  -0.20255845702870826
6.41  -0.43378045691006806  -0.20297311550048466
6.42  -0.43558245530661  -0.20338702346197476
6.43  -0.4373627904391115  -0.20380018738257646
6.44  -0.4391213648546728  -0.20421261374201813
6.45  -0.4408580822845001  -0.20462430903008116
6.46  -0.442572847649156  -0.20503527974632127
6.47  -0.44426556706374104  -0.20544553239979113
6.48  -0.4459361478430135  -0.20585507350876173
6.49  -0.4475844985064412  -0.20626390960044316
6.5  -0.44921052878319095  -0.2066720472107061
6.51  -0.4508141496170482  -0.2070794928838021
6.5200000000000005  -0.45239527317127326  -0.20748625317208447
6.53  -0.45395381283338926  -0.20789233463572795
6.54  -0.4554896832199057  -0.20829774384244903
6.55  -0.45700280018097217  -0.2087024873672256
6.5600000000000005  -0.458493080804967  -0.20910657179201653
6.57  -0.4599604434230161  -0.2095100037054808
6.58  -0.46140480761344826  -0.20991278970269686
6.59  -0.46282609420617726  -0.2103149363848815
6.6000000000000005  -0.46422422528701934  -0.2107164503591084
6.61  -0.46559912420194044  -0.21111733823802728
6.62  -0.4669507155612366  -0.21151760663958163
6.63  -0.46827892524364306  -0.2119172621867276
6.640000000000001  -0.46958368040037607  -0.21231631150715208
6.65  -0.47086490945910386  -0.2127147612329904
6.66  -0.4721225421278502  -0.21311261800054465
6.67  -0.4733565093988257  -0.21350988845000127
6.68  -0.4745667435521902  -0.21390657922514913
6.69  -0.4757531781597457  -0.2143026969730968
6.7  -0.4769157480885574  -0.21469824834399
6.71  -0.4780543895045052  -0.2150932399907299
6.72  -0.47916903987576404  -0.2154876785686897
6.73  -0.48025963797621346  -0.21588157073543274
6.74  -0.48132612388877477  -0.21627492315042907
6.75  -0.4823684390086798  -0.2166677424747738
6.76  -0.4833865260466642  -0.21706003537090374
6.7700000000000005  -0.4843803290320924  -0.21745180850231477
6.78  -0.48534979331600814  -0.2178430685332798
6.79  -0.48629486557411566  -0.21823382212856526
6.8  -0.4872154938096856  -0.21862407595314917
6.8100000000000005  -0.4881116273563911  -0.21901383667193833
6.82  -0.48898321688106944  -0.21940311094948545
6.83  -0.48983021438641317  -0.21979190544970728
6.84  -0.490652573213586  -0.22018022683560204
6.8500000000000005  -0.49145024804476745  -0.2205680817689667
6.86  -0.4922231949056235  -0.22095547691011486
6.87  -0.49297137116770484  -0.22134241891759512
6.88  -0.4936947355507707  -0.22172891444790832
6.890000000000001  -0.4943932481250403  -0.2221149701552262
6.9  -0.4950668703133695  -0.22250059269110892
6.91  -0.4957155648933547  -0.22288578870422407
6.92  -0.49633929599936266  -0.22327056484006488
6.93  -0.4969380291244858  -0.22365492774066867
6.94  -0.49751173112242414  -0.22403888404433578
6.95  -0.49806037020929267  -0.22442244038534873
6.96  -0.4985839159653549  -0.22480560339369088
6.97  -0.4990823393366808  -0.2251883796947665
6.98  -0.49955561263673226  -0.22557077590911961
6.99  -0.5000037095478724  -0.22595279865215404
7.0  -0.500426605122801  -0.2263344545338537
7.01  -0.5008242757859147  -0.2267157501585023
7.0200000000000005  -0.5011966993345929  -0.22709669212440414
7.03  -0.501543854940409  -0.22747728702360465
7.04  -0.5018657231502661  -0.22785754144161174
7.05  -0.5021622858874579  -0.22823746195711656
7.0600000000000005  -0.502433526452655  -0.2286170551417155
7.07  -0.5026794295248158  -0.2289963275596315
7.08  -0.5028999811620216  -0.22937528576743704
7.09  -0.5030951688022385  -0.2297539363137757
7.1000000000000005  -0.5032649812640011  -0.23013228573908526
7.11  -0.5034094087470246  -0.2305103405753213
7.12  -0.5035284428327377  -0.23088810734567985
7.13  -0.5036220764847432  -0.23126559256432164
7.140000000000001  -0.5036903040492021  -0.23164280273609653
7.15  -0.5037331212551419  -0.23201974435626727
7.16  -0.5037505252146905  -0.23239642391023535
7.17  -0.5037425144232339  -0.23277284787326558
7.18  -0.5037090887594992  -0.2331490227102122
7.19  -0.5036502494855608  -0.2335249548752451
7.2  -0.5035659992467736  -0.23390065081157566
7.21  -0.5034563420716285  -0.23427611695118475
7.22  -0.5033212833715331  -0.23465135971454948
7.23  -0.5031608299405183  -0.23502638551037133
7.24  -0.5029749899548673  -0.23540120073530416
7.25  -0.502763772972672  -0.23577581177368342
7.26  -0.5025271899333109  -0.23615022499725527
7.2700000000000005  -0.5022652531568543  -0.23652444676490625
7.28  -0.5019779763433931  -0.23689848342239367
7.29  -0.5016653745722925  -0.23727234130207614
7.3  -0.5013274643013709  -0.23764602672264534
7.3100000000000005  -0.5009642633660023  -0.2380195459888573
7.32  -0.500575790978146  -0.23839290539126504
7.33  -0.5001620677252988  -0.2387661112059514
7.34  -0.49972311556937415  -0.2391391696942626
7.3500000000000005  -0.49925895784550445  -0.23951208710254196
7.36  -0.49876961926077096  -0.23988486966186465
7.37  -0.49825512589285587  -0.240257523587773
7.38  -0.4977155051886229  -0.2406300550800121
7.390000000000001  -0.49715078596262074  -0.24100247032226602
7.4  -0.49656099839551326  -0.24137477548189518
7.41  -0.49594617403243446  -0.24174697670967354
7.42  -0.4953063457812697  -0.24211908013952704
7.43  -0.4946415479108626  -0.24249109188827228
7.44  -0.49395181604914695  -0.2428630180553562
7.45  -0.4932371871812059  -0.24323486472259648
7.46  -0.49249769964725554  -0.24360663795392146
7.47  -0.49173339314055575  -0.2439783437951126
7.48  -0.49094430870524747  -0.24434998827354662
7.49  -0.4901304887341152  -0.24472157739793746
7.5  -0.48929197696627685  -0.24509311715808083
7.51  -0.48842881848480013  -0.2454646135245981
7.5200000000000005  -0.4875410597142453  -0.24583607244868158
7.53  -0.486628748418135  -0.24620749986183957
7.54  -0.48569193369635155  -0.2465789016756436
7.55  -0.48473066598246034  -0.24695028378147563
7.5600000000000005  -0.4837449970409614  -0.24732165205027543
7.57  -0.48273497996446846  -0.2476930123322898
7.58  -0.48170066917081455  -0.24806437045682198
7.59  -0.480642120400087  -0.24843573223198218
7.6000000000000005  -0.4795593907115888  -0.2488071034444381
7.61  -0.478452538480729  -0.2491784898591678
7.62  -0.47732162339584094  -0.24954989721921098
7.63  -0.4761667064549294  -0.24992133124542412
7.640000000000001  -0.4749878499623453  -0.25029279763623374
7.65  -0.47378511752539104  -0.250664302067392
7.66  -0.47255857405085233  -0.25103585019173247
7.67  -0.47130828574146133  -0.25140744763892764
7.68  -0.4700343200922881  -0.25177910001524595
7.69  -0.46873674588706216  -0.25215081290331054
7.7  -0.467415633194423  -0.25252259186185944
7.71  -0.46607105336410115  -0.252894442425505
7.72  -0.4647030790230296  -0.2532663701044958
7.73  -0.46331178407138474  -0.2536383803844787
7.74  -0.46189724367855894  -0.25401047872626176
7.75  -0.4604595342790632  -0.25438267056557856
7.76  -0.4589987335683611  -0.25475496131285275
7.7700000000000005  -0.4575149204986338  -0.25512735635296446
7.78  -0.4560081752744771  -0.2554998610450169
7.79  -0.45447857934852953  -0.2558724807221035
7.8  -0.45292621541703293  -0.2562452206910781
7.8100000000000005  -0.45135116741532477  -0.25661808623232335
7.82  -0.4497535205132633  -0.25699108259952197
7.83  -0.44813336111058544  -0.25736421501942847
7.84  -0.4464907768321973  -0.25773748869164165
7.8500000000000005  -0.4448258565233981  -0.2581109087883783
7.86  -0.4431386902450375  -0.25848448045424816
7.87  -0.4414293692686067  -0.2588582088060292
7.88  -0.4396979860712639  -0.2592320989324449
7.890000000000001  -0.4379446343307931  -0.2596061558939414
7.9  -0.4361694089204985  -0.25998038472246693
7.91  -0.43437240590403314  -0.2603547904212511
7.92  -0.43255372253016267  -0.26072937796458634
7.930000000000001  -0.4307134572274646  -0.2611041522976096
7.94  -0.42885170959896424  -0.26147911833608556
7.95  -0.42696858041670355  -0.2618542809661907
7.96  -0.4250641716162501  -0.26222964504429835
7.97  -0.42313858629114054  -0.26260521539676546
7.98  -0.421191928687261  -0.26298099681971987
7.99  -0.41922430419716483  -0.2633569940788485
8.0  -0.4172358193543284  -0.2637332119091874
8.01  -0.41522658182734373  -0.2641096550149127
8.02  -0.4131967004140499  -0.26448632806913197
8.03  -0.41114628503560335  -0.26486323571367787
8.040000000000001  -0.4090754467304846  -0.26524038255890214
8.05  -0.4069842976484492  -0.2656177731834705
8.06  -0.4048729510444109  -0.26599541213416034
8.07  -0.40274152127227025  -0.26637330392565717
8.08  -0.40059012377868164  -0.26675145304035436
8.09  -0.39841887509676016  -0.2671298639281529
8.1  -0.39622789283972953  -0.2675085410062626
8.11  -0.3940172956945113  -0.26788748865900475
8.120000000000001  -0.39178720341525564  -0.2682667112376155
8.13  -0.38953773681681414  -0.2686462130600512
8.14  -0.38726901776815376  -0.2690259984107941
8.15  -0.3849811691857135  -0.2694060715406597
8.16  -0.3826743150267062  -0.2697864366666055
8.17  -0.38034858028236057  -0.2701670979715408
8.18  -0.37800409097110843  -0.27054805960413775
8.19  -0.3756409741317159  -0.27092932567864325
8.2  -0.3732593578163586  -0.2713109002746931
8.21  -0.37085937108364053  -0.2716927874371266
8.22  -0.36844114399156314  -0.27207499117580225
8.23  -0.3660048075904315  -0.27245751546541597
8.24  -0.363550493915713  -0.27284036424531916
8.25  -0.36107833598084077  -0.2732235414193387
8.26  -0.3585884677699628  -0.27360705085559855
8.27  -0.3560810242306387  -0.27399089638634166
8.28  -0.35355614126648416  -0.2743750818077548
8.290000000000001  -0.35101395572976135  -0.2747596108797929
8.3  -0.3484546054139235  -0.27514448732600616
8.31  -0.34587822904609955  -0.27552971483336747
8.32  -0.3432849662795338  -0.2759152970521017
8.33  -0.3406749576859746  -0.27630123759551695
8.34  -0.3380483447480112  -0.27668754003983487
8.35  -0.33540526985136176  -0.2770742079240257
8.36  -0.33274587627711244  -0.2774612447496414
8.370000000000001  -0.33007030819390537  -0.2778486539806528
8.38  -0.32737871065008495  -0.27823643904328554
8.39  -0.3246712295657865  -0.2786246033258603
8.4  -0.32194801172498383  -0.2790131501786322
8.41  -0.3192092047674897  -0.27940208291363183
8.42  -0.31645495718090677  -0.27979140480450904
8.43  -0.31368541829253405  -0.28018111908637655
8.44  -0.3109007382612273  -0.2805712289556558
8.45  -0.30810106806921467  -0.28096173756992443
8.46  -0.3052865595138639  -0.28135264804776444
8.47  -0.3024573651994143  -0.2817439634686119
8.48  -0.29961363852865086  -0.2821356868726088
8.49  -0.2967555336945478  -0.28252782126045584
8.5  -0.2938832056718617  -0.2829203695932663
8.51  -0.2909968102086843  -0.2833133347924218
8.52  -0.28809650381795254  -0.28370671973942996
8.53  -0.28518244376891827  -0.28410052727578244
8.540000000000001  -0.28225478807857285  -0.28449476020281506
8.55  -0.27931369550303914  -0.28488942128156935
8.56  -0.2763593255289124  -0.2852845132326557
8.57  -0.2733918383645689  -0.2856800387361178
8.58  -0.2704113949314338  -0.28607600043129816
8.59  -0.26741815685520925  -0.28647240091670634
8.6  -0.2644122864570635  -0.2868692427498868
8.61  -0.26139394674478417  -0.2872665284472901
8.620000000000001  -0.2583633014038902  -0.28766426048414484
8.63  -0.25532051478871476  -0.28806244129433034
8.64  -0.252265751913441  -0.2884610732702522
8.65  -0.24919917844310902  -0.2888601587627184
8.66  -0.24612096068458728  -0.2892597000808173
8.67  -0.24303126557750554  -0.28965969949179726
8.68  -0.23993026068515602  -0.29006015922094763
8.69  -0.2368181141853593  -0.2904610814514805
8.700000000000001  -0.23369499486129683  -0.2908624683244161
8.71  -0.23056107209231216  -0.2912643219384668
8.72  -0.22741651584467648  -0.2916666443499257
8.73  -0.22426149666232373  -0.2920694375725542
8.74  -0.2210961856575566  -0.292472703577473
8.75  -0.21792075450171744  -0.29287644429305315
8.76  -0.2147353754158312  -0.29328066160480976
8.77  -0.2115402211612179  -0.29368535735529705
8.78  -0.20833546503007574  -0.29409053334400426
8.790000000000001  -0.20512128083603298  -0.2944961913272542
8.8  -0.2018978429046791  -0.2949023330181023
8.81  -0.19866532606405493  -0.2953089600862385
8.82  -0.19542390563512846  -0.29571607415788903
8.83  -0.1921737574222364  -0.2961236768157217
8.84  -0.18891505770350098  -0.29653176959875105
8.85  -0.18564798322122172  -0.2969403540022461
8.86  -0.18237271117224146  -0.2973494314776397
8.870000000000001  -0.17908941919828536  -0.29775900343243905
8.88  -0.17579828537628306  -0.29816907123013725
8.89  -0.1724994882086561  -0.2985796361901285
8.9  -0.16919320661358986  -0.29899069958762275
8.91  -0.16587961991528255  -0.2994022626535628
8.92  -0.1625589078341686  -0.29981432657454343
8.93  -0.15923125047712275  -0.30022689249273116
8.94  -0.15589682832764312  -0.3006399615057866
8.950000000000001  -0.15255582223601055  -0.3010535346667879
8.96  -0.14920841340943652  -0.30146761298415603
8.97  -0.14585478340217928  -0.3018821974215811
8.98  -0.14249511410564983  -0.30229728889795154
8.99  -0.13912958773849865  -0.3027128882872836
9.0  -0.1357583868366816  -0.30312899641865315
9.01  -0.1323816942435102  -0.30354561407612923
9.02  -0.12899969309968534  -0.3039627419987088
9.03  -0.1256125668333145  -0.3043803808802533
9.040000000000001  -0.12222049914991108  -0.3047985313694273
9.05  -0.11882367402238674  -0.3052171940696377
9.06  -0.1154222756810151  -0.305636369538976
9.07  -0.11201648860339554  -0.306056058290161
9.08  -0.10860649750439505  -0.30647626079048385
9.09  -0.10519248732608019  -0.3068969774617546
9.1  -0.1017746432276358  -0.30731820868025
9.11  -0.09835315057527272  -0.3077399547766638
9.120000000000001  -0.09492819493212112  -0.30816221603605803
9.13  -0.09149996204812125  -0.30858499269781575
9.14  -0.08806863784989247  -0.3090082849555964
9.15  -0.0846344084306005  -0.309432092957292
9.16  -0.0811974600398151  -0.3098564168049853
9.17  -0.07775797907335652  -0.3102812565549094
9.18  -0.07431615206313535  -0.3107066122174094
9.19  -0.07087216566698529  -0.3111324837569056
9.200000000000001  -0.06742620665848617  -0.31155887109185826
9.21  -0.06397846191678906  -0.3119857740947335
9.22  -0.06052911841642324  -0.3124131925919725
9.23  -0.057078363217106354  -0.31284112636396033
9.24  -0.05362638345355  -0.31326957514499815
9.25  -0.050173366325257304  -0.31369853862327596
9.26  -0.046719499086319234  -0.31412801644084754
9.27  -0.04326496903520827  -0.31455800819360713
9.28  -0.0398099635045667  -0.31498851343126755
9.290000000000001  -0.036354669850997855  -0.31541953165733994
9.3  -0.032899275444854624  -0.3158510623291156
9.31  -0.029443967660020637  -0.316283104857649
9.32  -0.02598893386370199  -0.3167156586077429
9.33  -0.022534361406211942  -0.31714872289793505
9.34  -0.01908043761075874  -0.31758229700048624
9.35  -0.015627349763235217  -0.31801638014137035
9.36  -0.012175285102009978  -0.3184509715002663
9.370000000000001  -0.008724430807719154  -0.3188860702105512
9.38  -0.005274973993069566  -0.319321675359295
9.39  -0.00182710169263086  -0.3197577859872582
9.4  0.0016189991473529453  -0.3201944010888894
9.41  0.00506314167915644  -0.320631519612326
9.42  0.008505139163757246  -0.32106914045939555
9.43  0.011944804981014606  -0.3215072624856194
9.44  0.015381952639841996  -0.3219458845002178
9.450000000000001  0.01881639578837433  -0.32238500526611735
9.46  0.022247948224120614  -0.3228246234999585
9.47  0.02567642390411931  -0.32326473787210663
9.48  0.02910163695507765  -0.32370534700666354
9.49  0.03252340168350119  -0.32414644948148125
9.5  0.03594153258581795  -0.3245880438281774
9.51  0.03935584435848928  -0.3250301285321519
9.52  0.04276615190810974  -0.3254727020326056
9.53  0.04617227036149893  -0.3259157627225612
9.540000000000001  0.049574015075775676  -0.3263593089488845
9.55  0.05297120164842187  -0.32680333901230857
9.56  0.05636364592733932  -0.32724785116745914
9.57  0.05975116402088218  -0.3276928436228814
9.58  0.06313357230788325  -0.3281383145410693
9.59  0.06651068744766209  -0.32858426203849533
9.6  0.06988232639001883  -0.3290306841856428
9.61  0.07324830638521171  -0.3294775790070401
9.620000000000001  0.07660844499392062  -0.3299249444812956
9.63  0.07996256009718591  -0.3303727785411351
9.64  0.08331046990634307  -0.3308210790734405
9.65  0.08665199297292593  -0.3312698439192903
9.66  0.08998694819855944  -0.3317190708740019
9.67  0.09331515484483076  -0.33216875768717524
9.68  0.09663643254314092  -0.3326189020627384
9.69  0.0999506013045361  -0.3330695016589948
9.700000000000001  0.1032574815295206  -0.333520554088672
9.71  0.10655689401784113  -0.3339720569189718
9.72  0.10984865997826196  -0.3344240076716234
9.73  0.11313260103830514  -0.33487640382293593
9.74  0.11640853925397518  -0.3353292428038551
9.75  0.11967629711945837  -0.3357825220000194
9.76  0.12293569757679823  -0.33623623875181946
9.77  0.12618656402554612  -0.33669039035445836
9.78  0.1294287203323889  -0.33714497405801336
9.790000000000001  0.13266199084074826  -0.3375999870675005
9.8  0.1358862003803534  -0.33805542654293885
9.81  0.13910117427679491  -0.3385112895994184
9.82  0.14230673836104066  -0.3389675733071683
9.83  0.14550271897893152  -0.33942427469162745
9.84  0.14868894300064683  -0.3398813907335163
9.85  0.15186523783014044  -0.3403389183689104
9.86  0.15503143141455059  -0.34079685448931557
9.870000000000001  0.1581873522535764  -0.341255195941745
9.88  0.16133282940882396  -0.34171393952879725
9.89  0.16446769251312965  -0.34217308200873686
9.9  0.1675917717798411  -0.3426326200955759
9.91  0.17070489801207417  -0.343092550459157
9.92  0.173806902611935  -0.34355286972523885
9.93  0.17689761758970993  -0.3440135744755823
9.94  0.17997687557302205  -0.34447466124803866
9.950000000000001  0.18304450981595594  -0.34493612653663974
9.96  0.18610035420814175  -0.3453979667916886
9.97  0.1891442432838161  -0.3458601784198537
9.98  0.19217601223083616  -0.3463227577842619
9.99  0.19519549689966537  -0.3467857012045961
10.0  0.19820253381231992  -0.3472490049571922
