0.0  3.3649181840534954  5.953112297666303
0.005  3.451772058836502  6.213656127122284
0.01  3.537610287653221  6.463334088942434
0.015  3.6223969887150087  6.7017530037934385
0.02  3.706096435411954  6.928539460129966
0.025  3.7886730947575775  7.143340432718088
0.03  3.870091666373915  7.34582386522984
0.035  3.9503171219456585  7.535679215921675
0.04  4.029314745070477  7.712617965474805
0.045  4.107050171431292  7.876374086142195
0.05  4.183489429215041  8.026704471415442
0.055  4.258598979701361  8.163389325494174
0.06  4.332345757943777  8.286232511911631
0.065  4.404697213465165  8.395061860741933
0.07  4.475621350888685  8.489729433887492
0.075  4.545086770424967  8.57011174801867
0.08  4.613062708136047  8.63610995481232
0.085  4.679519075896449  8.687649978210773
0.09  4.744426500971891  8.724682608498297
0.095  4.807756365136313  8.747183553067842
0.1  4.869480843248321  8.755153443826721
0.105  4.929572941208724  8.748617801265928
0.11  4.988006533221521  8.727626955293596
0.115  5.044756398281674  8.69225592300879
0.12  5.099798255813945  8.642604243667039
0.125  5.153108800388398  8.578795771163863
0.13  5.204665735439456  8.500978424436687
0.135  5.254447805916983  8.409323896258933
0.14  5.302434829799518  8.304027320972594
0.145  5.348607728401637  8.18530690177719
0.15  5.392948555409355  8.053403498263252
0.155  5.435440524579668  7.908580174947748
0.16  5.476068036042521  7.751121711636488
0.165  5.51481670114592  7.581334076504899
0.17  5.551673365787445  7.3995438628531165
0.17500000000000002  5.586626132177979  7.206097690554289
0.18  5.619664378986366  7.001361573276089
0.185  5.650778779816453  6.785720252614508
0.19  5.679961319971062  6.559576500336181
0.195  5.70720531146046  6.323350389980356
0.2  5.732505406216109  6.077478539124438
0.20500000000000002  5.755857607473753  5.82241332366731
0.21  5.7772592792932205  5.558622065532749
0.215  5.796709154185828  5.286586195240556
0.22  5.814207338823658  5.0068003908361085
0.225  5.829755317808689  4.7197716947091255
0.23  5.843355955483237  4.426018609870054
0.23500000000000001  5.855013495766942  4.126070177287244
0.24  5.864733560009179  3.820465035919896
0.245  5.87252314284953  3.5097504671108823
0.25  5.878390606082754  3.1944814250295037
0.255  5.882345670528391  2.875219554877417
0.26  5.884399405909041  2.552532200590896
0.265  5.884564218745051  2.2269914037896705
0.27  5.8828538382772235  1.8991728957364729
0.275  5.879283300432854  1.56965508408212
0.28  5.873868929854235  1.239018036178706
0.28500000000000003  5.866628320012454  0.9078424607480058
0.29  5.85758031143299  0.5767086896934487
0.295  5.846744968063326  0.2461956618423542
0.3  5.834143551816314  -0.08312008959974004
0.305  5.81979849532662  -0.41066544410909933
0.31  5.803733372961046  -0.7358716936554814
0.315  5.785972870126892  -1.058175533517208
0.32  5.766542750925883  -1.3770200423686436
0.325  5.745469824204402  -1.6918556499293622
0.33  5.722781908053911  -2.0021410904876946
0.335  5.698507792818466  -2.307344340637548
0.34  5.672677202669228  -2.6069435395966405
0.34500000000000003  5.645320755808585  -2.9004278905062955
0.35000000000000003  5.616469923369345  -3.187298541147698
0.355  5.586156987076916  -3.4670694425471567
0.36  5.554414995744899  -3.739268183983059
0.365  5.521277720676866  -4.00343680294993
0.37  5.4867796100491875  -4.259132568680453
0.375  5.450955742351926  -4.505928737873877
0.38  5.413841778966567  -4.7434152813293355
0.385  5.375473915961231  -4.971199580234982
0.39  5.335888835185496  -5.188907090918208
0.395  5.29512365474841  -5.396181976918781
0.4  5.253215878964572  -5.592687707305251
0.405  5.210203347854168  -5.77810762021527
0.41000000000000003  5.166124186283922  -5.952145450662511
0.41500000000000004  5.121016752836513  -6.114525821716765
0.42  5.0749195884967495  -6.264994698228786
0.425  5.027871365243124  -6.403319802338313
0.43  4.9799108346336585  -6.529290990071526
0.435  4.931076776475012  -6.642720588403338
0.44  4.8814079476637335  -6.743443692230043
0.445  4.83094303128826  -6.831318420768962
0.45  4.779720586079827  -6.906226132973514
0.455  4.727778996299826  -6.968071601624776
0.46  4.675156422150403  -7.016783145833569
0.465  4.621890750794057  -7.052312721760649
0.47000000000000003  4.568019548066949  -7.07463597143636
0.47500000000000003  4.5135800109693  -7.083752229634941
0.48  4.458608921014831  -7.079684488832742
0.485  4.403142598519549  -7.062479322353284
0.49  4.347216857908457  -7.032206765875845
0.495  4.2908669641168435  -6.988960157557305
0.5  4.234127590160652  -6.932855937089874
0.505  4.177032775948374  -6.864033404089298
0.51  4.119615888404372  -6.782654436279528
0.515  4.06190958297119  -6.688903168010332
0.52  4.003945766555706  -6.582985629713759
0.525  3.9457555619812354  -6.465129348973732
0.53  3.887369274004876  -6.335582913950167
0.535  3.828816356956317  -6.194615499964723
0.54  3.7701253840513314  -6.042516360119609
0.545  3.711324018429872  -5.879594280883552
0.55  3.6524389859655213  -5.706177003640006
0.555  3.5934960498895254  -5.52261061325189
0.56  3.5345199872693  -5.329258894754499
0.5650000000000001  3.4755345673776685  -5.1265026593433705
0.5700000000000001  3.416562531985532  -4.914739040877276
0.5750000000000001  3.3576255776069894  -4.694380764167323
0.58  3.2987443397221545  -4.465855386372053
0.585  3.2399383789992484  -4.22960451286457
0.59  3.1812261695336295  -3.9860829889819516
0.595  3.122625089117611  -3.735758069108219
0.6  3.0641514115511193  -3.4791085645812854
0.605  3.0058203009992503  -3.216623971950266
0.61  2.947645808398995  -2.9488035831430417
0.615  2.889640869913424  -2.6761555791345866
0.62  2.8318173074278516  -2.399196108734492
0.625  2.7741858310784955  -2.118448354136944
0.63  2.716756043800433  -1.834441584898608
0.635  2.659536447877754  -1.5477102020288647
0.64  2.602534453475089  -1.2587927738930165
0.645  2.5457563891259247  -0.9682310656421528
0.65  2.4892075141494647  -0.6765690638934352
0.655  2.432892032964194  -0.38435199839168444
0.66  2.3768131112627193  -0.09212536238693156
0.665  2.3209728940090173  0.1995660665362795
0.67  2.265372525215836  0.4901792034443332
0.675  2.2100121694566535  0.7791736291263585
0.68  2.154891035063475  1.0660125575323696
0.685  2.100007398958524  1.3501637958687829
0.6900000000000001  2.045358633065038  1.631100695656893
0.6950000000000001  1.9909412322393463  1.908303093076869
0.7000000000000001  1.9367508436637448  2.1812582369402165
0.705  1.8827822976370552  2.449461702656629
0.71  1.8290296396971168  2.712418290587262
0.715  1.775486164007273  2.969642907204929
0.72  1.7221444479365435  3.220661427513733
0.725  1.66899638776111  3.465011537214437
0.73  1.6160332354128677  3.7022435531390077
0.735  1.5632456361989173  3.9319212205171814
0.74  1.510623667414289  4.153622485679865
0.745  1.4581568777687202  4.366940242848535
0.75  1.4058343275469332  4.57148305370663
0.755  1.3536446294208009  4.76687583849788
0.76  1.3015759898307055  4.952760537447709
0.765  1.2496162508526356  5.128796741357149
0.77  1.1977529324669196  5.294662290273929
0.775  1.1459732751439502  5.450053839202592
0.78  1.0942642826620421  5.594687389874433
0.785  1.0426127650723225  5.728298787658616
0.79  0.9910053817256509  5.850644182758178
0.795  0.9394286842767776  5.961500454898113
0.8  0.8878691595812288  6.060665600777911
0.805  0.8363132724010948  6.14795908362712
0.81  0.7847475078364291  6.22322214426983
0.8150000000000001  0.7331584134000261  6.286318073172515
0.8200000000000001  0.681532640654215  6.337132443018742
0.8250000000000001  0.6298569863296072  6.375573301424428
0.8300000000000001  0.5781184328470905  6.401571323477867
0.835  0.5263041881657886  6.415079923860016
0.84  0.4744017248814906  6.416075328371945
0.845  0.42239881850177197  6.404556604768301
0.85  0.37028358482601514  6.380545652867413
0.855  0.31804451636067577  6.344087153980761
0.86  0.26567051770229927  6.295248479776178
0.865  0.21315093982321526  6.234119560760849
0.87  0.16047561319731307  6.160812714641285
0.875  0.1076348797058766  6.075462434888156
0.88  0.05461962326625197  5.97822513990393
0.885  0.001421299128866793  5.869278883260572
0.89  -0.05196803820886883  5.748823025543018
0.895  -0.10555570852024657  5.617077868401593
0.9  -0.15934838084390204  5.474284251482855
0.905  -0.21335204999751245  5.32070311297358
0.91  -0.267572014649438  5.156615014556252
0.915  -0.32201285698380055  4.982319631636907
0.92  -0.376678423991067  4.798135209766878
0.925  -0.43157181041279385  4.604397988239154
0.93  -0.4866953433655744  4.401461591897425
0.935  -0.5420505686658006  4.189696392251422
0.9400000000000001  -0.5976382388730942  3.9694888390455967
0.9450000000000001  -0.6534583030668096  3.7412407634797864
0.9500000000000001  -0.7095098983662687  3.5053686543298133
0.9550000000000001  -0.7657913432017315  3.262302908263031
0.96  -0.8223001323395728  3.0124870556887116
0.965  -0.8790329336613238  2.756376963525583
0.97  -0.9359855866927409  2.494440016308651
0.975  -0.9931531028753908  2.227154277095111
0.98  -1.0505296675696374  1.9550076296638004
0.985  -1.1081086437744154  1.6784969035347792
0.99  -1.1658825775456227  1.398126983365478
0.995  -1.2238432050915167  1.114409904305965
1.0  -1.2819814615201095  0.8278639349205125
1.0050000000000001  -1.340287491210192  0.5390126493029886
1.01  -1.3987506597743615  0.2483839900325534
1.0150000000000001  -1.4573595675792475  -0.043490676369359216
1.02  -1.5161020647849652  -0.3360775098066109
1.025  -1.5749652678629162  -0.6288411511177207
1.03  -1.6339355775479874  -0.9212456790371202
1.035  -1.6929986981784912  -1.2127555679153357
1.04  -1.7521396583744901  -1.5028366445047845
1.045  -1.8113428330023738  -1.7909570421196048
1.05  -1.8705919663713617  -2.076588150484632
1.055  -1.9298701966049459  -2.3592055595957375
1.06  -1.9891600811283086  -2.63828999592629
1.065  -2.048443623210474  -2.9133282493278387
1.07  -2.1077022994981207  -3.18381408899115
1.075  -2.166917088476078  -3.4492491668530216
1.08  -2.2260684997879103  -3.7091439068579266
1.085  -2.2851366043484327  -3.9630183785084863
1.09  -2.3441010651786587  -4.210403153167908
1.095  -2.4029411688924083  -4.450840141607895
1.1  -2.461635857762847  -4.683883411330061
1.105  -2.5201637622961215  -4.909099982224248
1.11  -2.578503234238785  -5.126070599166993
1.115  -2.636632379944814  -5.334390480203676
1.12  -2.694529094027862  -5.533670039002198
1.125  -2.7521710932239287  -5.723535580311419
1.1300000000000001  -2.809535950389653  -5.903629967206072
1.135  -2.866601128561413  -6.073613258949717
1.1400000000000001  -2.9233440150007084  -6.233163318359874
1.145  -2.979741955151601  -6.381976387613263
1.1500000000000001  -3.03577228643665  -6.519767631485457
1.155  -3.0914123718183073  -6.6462716470766585
1.16  -3.146639633053826  -6.761242939134926
1.165  -3.2014315835725062  -6.86445636014895
1.17  -3.25576586090543  -6.9557075144447555
1.175  -3.309620258599139  -7.034813125584579
1.18  -3.3629727575460615  -7.101611366430684
1.185  -3.4158015566662248  -7.1559621513030764
1.19  -3.468085102876465  -7.197747389726759
1.195  -3.5198021202852283  -7.2268712013320915
1.2  -3.570931638553088  -7.243260091540134
1.205  -3.6214530203612387  -7.24686308773405
1.21  -3.671345987932444  -7.237651835687164
1.215  -3.7205906485513403  -7.2156206560882055
1.22  -3.7691675190334655  -7.180786561074522
1.225  -3.817057549094983  -7.133189230754258
1.23  -3.8642421435776773  -7.072890949768882
1.235  -3.910703183486779  -6.999976504017586
1.24  -3.9564230458018095  -6.914553037735046
1.245  -4.001384622023779  -6.816749871183522
1.25  -4.0455713354249925  -6.706718279289485
1.2550000000000001  -4.088967156970882  -6.584631231623253
1.26  -4.131556619886372  -6.450683094187997
1.2650000000000001  -4.173324832842596  -6.305089293551209
1.27  -4.214257491742919  -6.14808594391782
1.2750000000000001  -4.254340890090677  -5.979929437808712
1.28  -4.293561927924172  -5.800896001072346
1.285  -4.331908119308081  -5.611281213019201
1.29  -4.369367598373574  -5.411399492529871
1.295  -4.405929123902954  -5.201583551047085
1.3  -4.441582082458025  -4.9821838134193035
1.305  -4.476316490054745  -4.753567807620237
1.31  -4.510122992390098  -4.516119524422117
1.315  -4.542992863630512  -4.270238748153589
1.32  -4.574918003774467  -4.0163403597226806
1.325  -4.605890934605211  -3.7548536131342467
1.33  -4.635904794252839  -3.4862213867765734
1.335  -4.664953330388094  -3.210899410796356
1.34  -4.693030892073517  -2.929355471921995
1.345  -4.720132420300576  -2.6420685971349225
1.35  -4.746253437244525  -2.3495282176244543
1.355  -4.771390034271599  -2.0522333144966822
1.36  -4.795538858736127  -1.7506915477382763
1.365  -4.818697099607837  -1.445418369965953
1.37  -4.840862471972394  -1.1369361265176137
1.375  -4.862033200450773  -0.8257731434652584
1.3800000000000001  -4.882208001585525  -0.512462805149737
1.385  -4.901386065244467  -0.19754262285589386
1.3900000000000001  -4.919567035094488  0.11844670373911315
1.395  -4.936750988200333  0.43496223069865814
1.4000000000000001  -4.952938413805337  0.751459717886584
1.405  -4.968130191352778  1.0673945792930035
1.41  -4.9823275678084995  1.3822228339621725
1.415  -4.995532134346869  1.69540205585746
1.42  -5.007745802463735  2.006392321001049
1.425  -5.018970779581369  2.3146571502318145
1.43  -5.029209544211468  2.6196644459320737
1.435  -5.038464820743469  2.9208874210860367
1.44  -5.046739553926196  3.21780551904582
1.445  -5.054036883111619  3.5099053223985104
1.45  -5.060360116330134  3.7966814493465417
1.455  -5.065712704267092  4.077637436036783
1.46  -5.070098214210641  4.352286603298064
1.465  -5.0735203040409935  4.620152906275379
1.47  -5.075982696331239  4.880771765478605
1.475  -5.077489152629487  5.133690877797407
1.48  -5.078043447991905  5.378471006068484
1.485  -5.077649345835513  5.6146867458203795
1.49  -5.076310573179058  5.841927267860297
1.495  -5.074030796339351  6.059797035410898
1.5  -5.070813597149464  6.26791649454926
1.5050000000000001  -5.066662449764072  6.465922736747798
1.51  -5.0615806981158915  6.653470132365461
1.5150000000000001  -5.055571534085733  6.830230933989245
1.52  -5.048637976447086  6.995895848578488
1.5250000000000001  -5.0407828506444785  7.150174577419683
1.53  -5.032008769462877  7.292796322955745
1.5350000000000001  -5.022318114643545  7.423510261612
1.54  -5.011713019499523  7.542085981800675
1.545  -5.000195352581749  7.648313886346768
1.55  -4.987766702444372  7.74200555864051
1.555  -4.97442836355544  7.822994091885117
1.56  -4.960181323396474  7.891134380873202
1.565  -4.945026250791799  7.946303375790645
1.57  -4.928963485505664  7.988400297613288
1.575  -4.911993029142402  8.017346814728825
1.58  -4.894114537381791  8.03308718048407
1.585  -4.875327313578871  8.035588331426045
1.59  -4.855630303754208  8.024839946073866
1.595  -4.835022092997608  8.000854464127443
1.6  -4.813500903304859  7.963667066087784
1.605  -4.791064592863924  7.913335613333024
1.61  -4.767710656803595  7.849940548762901
1.615  -4.7434362294143355  7.7735847581933815
1.62  -4.718238087847541  7.684393392751296
1.625  -4.69211265729609  7.582513652586871
1.6300000000000001  -4.66505601765561  7.468114532289195
1.635  -4.637063911662456  7.341386528456529
1.6400000000000001  -4.608131754500861  7.202541309938811
1.645  -4.578254644868451  7.051811351334944
1.6500000000000001  -4.547427377485716  6.889449530390985
1.655  -4.515644457031744  6.715728690008264
1.6600000000000001  -4.482900113485096  6.530941165631628
1.665  -4.449188318845403  6.3353982788483725
1.67  -4.414502805207951  6.129429798086677
1.675  -4.378837084160242  5.9133833673596214
1.68  -4.342184467466471  5.687623904056082
1.685  -4.304538089002516  5.452532966833286
1.69  -4.265890927901266  5.208508094717878
1.695  -4.226235832864861  4.955962118571554
1.7  -4.185565547597824  4.69532244612571
1.705  -4.143872737311968  4.427030321834505
1.71  -4.101150016251578  4.151540062839816
1.715  -4.057389976184491  3.869318272382099
1.72  -4.012585215802451  3.5808430320306193
1.725  -3.9667283709715897  3.2866030741422105
1.73  -3.9198121457717185  2.98709693599261
1.735  -3.871829344260938  2.6828320970546637
1.74  -3.822772902900163  2.374324100927809
1.745  -3.7726359235702156  2.0620956634482845
1.75  -3.721411707112459  1.7466757685341352
1.7550000000000001  -3.6690937873223515  1.4285987533388824
1.76  -3.61567596532393  1.1084033843068455
1.7650000000000001  -3.5611523442518083  0.7866319257374298
1.77  -3.505517364166328  0.4638292024791324
1.7750000000000001  -3.448765837126375  0.14054165838283494
1.78  -3.390892982343639  -0.18268358784834005
1.7850000000000001  -3.331894461341359  -0.5052996877721787
1.79  -3.2717664130402344  -0.826761007641174
1.795  -3.2105054886936863  -1.1465240705168869
1.8  -3.148108886594569  -1.4640484944290493
1.805  -3.0845743864754587  -1.7787979249510335
1.81  -3.019900383524661  -2.0902409605737127
1.815  -2.954085921940612  -2.3978520692723375
1.82  -2.88713072794756  -2.7011124946775174
1.825  -2.819035242196418  -2.999511150279195
1.83  -2.7498006514750526  -3.2925455001146133
1.835  -2.6794289196536965  -3.579722424414428
1.84  -2.607922817791917  -3.860559068708532
1.845  -2.53528595333514  -4.134583674921613
1.85  -2.4615227983300145  -4.4013363930209835
1.855  -2.386638716589556  -4.660370071812558
1.86  -2.310639989740717  -4.911251027518598
1.865  -2.2335338420889883  -5.153559788808754
1.87  -2.155328464236594  -5.386891816998213
1.875  -2.076033035393057  -5.610858200169472
1.8800000000000001  -1.9956577443191663  -5.825086320020707
1.885  -1.9142138088479215  -6.029220490290671
1.8900000000000001  -1.8317134939284059  -6.222922565660505
1.895  -1.748170128141425  -6.4058725200837765
1.9000000000000001  -1.6635981186383626  -6.577768993550084
1.905  -1.578012964457726  -6.738329806342083
1.9100000000000001  -1.49143126817674  -6.88729243990309
1.915  -1.4038707458586037  -7.024414483490142
1.92  -1.3153502352590476  -7.149474045847401
1.925  -1.2258897022592092  -7.262270131195522
1.93  -1.1355102454951778  -7.362622978894915
1.935  -1.044234099157897  -7.4503743662039525
1.94  -0.9520846339407867  -7.525387873617351
1.945  -0.8590863561156952  -7.587549112335316
1.95  -0.7652649047217777  -7.636765913479501
1.955  -0.6706470468550529  -7.672968478738661
1.96  -0.5752606710505387  -7.6961094921937026
1.965  -0.47913477875214805  -7.706164193139277
1.97  -0.3822994738695654  -7.703130409786872
1.975  -0.2847859504248029  -7.687028553802134
1.98  -0.18662647829506107  -7.657901575697195
1.985  -0.08785438706204463  -7.615814881166602
1.99  0.011495952018171218  -7.5608562085232
1.995  0.11138914590715088  -7.493135467457711
2.0  0.21178880151654245  -7.41278453941276
2.005  0.3126575492561122  -7.319957039928569
2.0100000000000002  0.4139570683686461  -7.214828043383405
2.015  0.5156481140196568  -7.097593770616956
2.02  0.6176905461063473  -6.968471239988762
2.025  0.7200433597466583  -6.827697882487678
2.0300000000000002  0.8226647174061041  -6.675531121569573
2.035  0.9255119826166076  -6.5122479184624655
2.04  1.0285417552386598  -6.33814428373676
2.045  1.1317099082145226  -6.153534755997782
2.05  1.2349716257577352  -5.958751848613242
2.055  1.3382814429209078  -5.754145465444538
2.06  1.4415932864810852  -5.540082286603327
2.065  1.5448605170794192  -5.31694512530705
2.07  1.6480359725490779  -5.085132256956515
2.075  1.7510720123630708  -4.845056721606688
2.08  1.8539205631313087  -4.597145601047552
2.085  1.9565331650741307  -4.341839271754962
2.09  2.0588610193972583  -4.079590635014221
2.095  2.1608550364915824  -3.810864325556525
2.1  2.2624658848791643  -3.536135900087011
2.105  2.363644040825538  -3.2558910071157356
2.11  2.464339838536627  -2.970624539536974
2.115  2.5645035208576754  -2.680839771429574
2.12  2.6640852903901973  -2.3870474805800015
2.125  2.7630353609422644  -2.089765058251948
2.13  2.861304009226413  -1.789515607750218
2.1350000000000002  2.958841626719066  -1.4868270333438347
2.14  3.055598771594749  -1.182231121130247
2.145  3.1515262206483357  -0.8762626134362431
2.15  3.246575021118143  -0.5694582783613396
2.1550000000000002  3.340696542323067  -0.26235597607815064
2.16  3.4338425270269664  0.04450627649159433
2.165  3.5259651424441927  0.3505912410033547
2.17  3.617017030800292  0.6553633913976272
2.1750000000000003  3.7069513593631913  0.9582898443709957
2.18  3.7957218698606483  1.2588412849991162
2.185  3.8832829272011944  1.556492885908154
2.19  3.969589567416663  1.850725218403645
2.195  4.0545975447461995  2.141025153979414
2.2  4.138263377782861  2.426886754646756
2.205  4.220544394605902  2.70781215054381
2.21  4.30139877682359  2.983312403307093
2.215  4.38078560245335  3.2529083537127765
2.22  4.458664887568373  3.5161314521221954
2.225  4.534997626641928  3.7725245702971537
2.23  4.609745831523275  4.021642793182264
2.235  4.682872568981382  4.263054189287359
2.24  4.754341996755561  4.496340558339647
2.245  4.824119398054828  4.721098154915858
2.25  4.892171214450766  4.9369383868056484
2.255  4.958465077111655  5.143488486902225
2.2600000000000002  5.022969836328782  5.340392157461748
2.265  5.085655589289088  5.527310185621464
2.27  5.146493706051638  5.703921029116854
2.275  5.205456853688714  5.869921371188744
2.2800000000000002  5.262519018555879  6.025026643726463
2.285  5.3176555266588625  6.168971517746723
2.29  5.3708430620888095  6.301510360366184
2.295  5.42205968350084  6.422417657482184
2.3000000000000003  5.4712848386149115  6.531488401437172
2.305  5.518499376721402  6.628538443001836
2.31  5.563685559177841  6.713404807074846
2.315  5.606827067886787  6.7859459715590305
2.32  5.6479090117488475  6.846042108938496
2.325  5.686917931088536  6.893595290145176
2.33  5.7238418000545135  6.92852965036888
2.335  5.758670026999595  6.950791516530879
2.34  5.791393452849603  6.960349496207048
2.345  5.822004347474041  6.957194527853727
2.35  5.850496404075182  6.941339892256074
2.355  5.876864731615975  6.912821185185868
2.36  5.901105845310719  6.871696251322807
2.365  5.9232176552061375  6.818045079560203
2.37  5.943199452883975  6.75196965988281
2.375  5.9610518963197565  6.673593802070741
2.38  5.976776992935708  6.583062916549616
2.3850000000000002  5.990378080889142  6.480543757772114
2.39  6.001859808640895  6.3662241305811085
2.395  6.011228112851543  6.240312560068168
2.4  6.018490194656015  6.103037925504322
2.4050000000000002  6.023654494370353  5.954649058982071
2.41  6.0267306646870376  5.79541430946815
2.415  6.027729542418047  5.625621073026515
2.42  6.026663118847364  5.445575290029091
2.4250000000000003  6.023544508757115  5.255600910228957
2.43  6.018387918193804  5.056039326625605
2.435  6.011208611043314  4.847248779106107
2.44  6.002022874485299  4.629603728897596
2.445  5.9908479833995685  4.4034942049172
2.45  5.977702163798725  4.169325123153461
2.455  5.962604555362885  3.927515580259825
2.46  5.945575173153814  3.678498122585228
2.465  5.926634868586933  3.4227179919087547
2.47  5.905805289740907  3.1606323491858466
2.475  5.883108841085309  2.8927094776504774
2.48  5.8585686427077235  2.61942796665404
2.485  5.8322084891221975  2.341275877653949
2.49  5.804052807741423  2.0587498937963478
2.495  5.774126617095237  1.7723544545644432
2.5  5.7424554848781675  1.4826008769904586
2.505  5.709065485908671  1.1900064649514939
2.5100000000000002  5.673983160082438  0.8950936080904033
2.515  5.637235470401754  0.5983888719203015
2.52  5.598849761162283  0.30042208068563425
2.525  5.55885371637797  0.001725394566759221
2.5300000000000002  5.5172753185237555  -0.29716761717780665
2.535  5.474142807674825  -0.5957229055281598
2.54  5.4294846411197195  -0.8934068718738808
2.545  5.383329453523505  -1.1896872974302173
2.5500000000000003  5.3357060177153635  -1.4840342702949507
2.555  5.286643206173511  -1.7759211085430764
2.56  5.236169953278344  -2.064825277766056
2.565  5.184315218402872  -2.350229301469409
2.57  5.131107949907236  -2.6316216627575653
2.575  5.076577050101999  -2.9084976957481246
2.58  5.020751341242395  -3.180360465176472
2.585  4.963659532613253  -3.446721632672764
2.59  4.905330188761754  -3.707102308214645
2.595  4.845791698932342  -3.961033885287132
2.6  4.785072247755354  -4.208058858307152
2.605  4.723199787237863  -4.447731620902999
2.61  4.660202010102381  -4.679619243670014
2.615  4.596106324515783  -4.903302230061412
2.62  4.530939830247632  -5.118375249109071
2.625  4.464729296293878  -5.3244478437110745
2.63  4.397501139998436  -5.521145113263084
2.6350000000000002  4.3292814077019015  -5.708108369456467
2.64  4.260095756943053  -5.88499576411188
2.645  4.18996944023521  -6.051482887965026
2.65  4.118927290436336  -6.207263339372052
2.6550000000000002  4.046993707727706  -6.352049261953291
2.66  3.9741926482127634  -6.485571850248366
2.665  3.900547614143883  -6.607581822510177
2.67  3.8260816457813216  -6.7178498598225005
2.6750000000000003  3.7508173148849533  -6.816167010783493
2.68  3.6747767198357026  -6.902345061057316
2.685  3.5979814823800194  -6.9762168671560945
2.69  3.5204527459873027  -7.037636653876483
2.695  3.4422111758062925  -7.086480274877435
2.7  3.363276960203354  -7.1226454359494324
2.705  3.2836698138617  -7.146051880589673
2.71  3.2034089824174643  -7.1566415375625185
2.715  3.122513248605133  -7.154378630190076
2.72  3.0410009398813083  -7.139249747183539
2.725  2.958889937493009  -7.111263874892289
2.73  2.8761976869530446  -7.07045239091391
2.735  2.7929412098823674  -7.016869019074992
2.74  2.709137117176185  -6.950589745858904
2.745  2.624801623447652  -6.871712698423077
2.75  2.539950562700393  -6.780357984414416
2.755  2.45459940517831  -6.676667493857116
2.7600000000000002  2.3687632753386962  -6.560804663452419
2.765  2.28245697089229  -6.432954203694529
2.77  2.1956949828512897  -6.293321789270441
2.775  2.108491516524868  -6.142133713275291
2.7800000000000002  2.0208605133989224  -5.979636505836099
2.785  1.9328156738356062  -5.806096517798904
2.79  1.844370480525902  -5.621799470193144
2.795  1.755538222627297  -5.427049970247389
2.8000000000000003  1.6663320205170795  -5.222170994786421
2.805  1.576764851090327  -5.007503341897119
2.81  1.48684957353071  -4.783405051803671
2.815  1.3965989554813654  -4.550250797947047
2.82  1.306025699541853  -4.3084312493132755
2.825  1.2151424700171816  -4.058352405105593
2.83  1.123961919843794  -3.8004349029025444
2.835  1.0324967176175046  -3.535113301489031
2.84  0.9407595746481658  -3.2628353395922907
2.845  0.8487632719655219  -2.9840611717941155
2.85  0.7565206872014729  -2.699262582931805
2.855  0.6640448212736769  -2.408922182335098
2.86  0.5713488247963849  -2.1135325792832282
2.865  0.47844602414492693  -1.8135955410960698
2.87  0.3853499471009633  -1.509621135305314
2.875  0.2920743480068059  -1.202126857376614
2.88  0.1986332323580997  -0.8916367454808667
2.8850000000000002  0.10504088076558832  -0.5786804838324736
2.89  0.011311872218093044  -0.26379249613411515
2.895  -0.08253889341984855  0.052488969317144196
2.9  -0.17649617373982124  0.3696227612924038
2.9050000000000002  -0.27054436301392876  0.687065752480616
2.91  -0.3646674723720901  1.0042737699358244
2.915  -0.45884911099095715  1.3207025275252788
2.92  -0.5530724683505825  1.635808558779202
2.9250000000000003  -0.6473202976125629  1.949050148541566
2.93  -0.7415749001711238  2.2598882618243983
2.935  -0.8358181114257313  2.567787468271934
2.94  -0.930031287821002  2.872216860649399
2.945  -1.0241952951972761  3.1726509657808313
2.95  -1.1182904984916497  3.4685706463739003
2.955  -1.2122967528268367  3.7594639921852746
2.96  -1.306193396021744  4.04482719899814
2.965  -1.399959242554476  4.324165433904902
2.97  -1.493572579005562  4.596993685411072
2.975  -1.5870111610053348  4.862837596903267
2.98  -1.6802522117066077  5.1212342820519625
2.985  -1.7732724217999438  5.371733120751392
2.99  -1.8660479510854662  5.613896534231751
2.995  -1.9585544316118444  5.847300738015482
3.0  -2.0507669723893147  6.07153647142658
3.005  -2.142660165680247  6.286209702402789
3.0100000000000002  -2.2342080948670815  6.490942306402552
3.015  -2.325384343893946  6.685372718243077
3.02  -2.4161620082750184  6.869156555752977
3.025  -2.5065137076584407  7.04196721416991
3.0300000000000002  -2.5964115999319914  7.2034964302655595
3.035  -2.685827396852422  7.353454815230626
3.04  -2.774732381177518  7.49157235540755
3.045  -2.8630974252761767  7.617598880012345
3.0500000000000003  -2.9508930111884752  7.731304495044978
3.055  -3.0380892521046237  7.83247998264442
3.06  -3.124655915228212  7.920937165204922
3.065  -3.2105624459859805  7.996509233629297
3.0700000000000003  -3.2957779935435805  8.059051039157545
3.075  -3.380271437583251  8.108439348270796
3.08  -3.464011416296965  8.144573060234249
3.085  -3.5469663555453965  8.16737338690671
3.09  -3.6291044991303893  8.176783994508835
3.095  -3.710393940126297  8.172771107107632
3.1  -3.7908026532125336  8.1553235716401
3.105  -3.8702985279478552  8.12445288436492
3.11  -3.948849402924246  8.080193178697115
3.115  -4.0264231007362365  8.022601174446711
3.12  -4.102987463699667  7.951756088548635
3.125  -4.1785103902518115  7.86775950743678
3.13  -4.2529598719632355  7.770735221281136
3.1350000000000002  -4.326304031090072  7.660829020371953
3.14  -4.39851115859401  7.538208453999709
3.145  -4.469549752556246  7.403062552243967
3.15  -4.539388556910017  7.255601511147466
3.1550000000000002  -4.607996600416002  7.096056341814769
3.16  -4.675343235803529  6.924678484036058
3.165  -4.741398179000335  6.741739385097739
3.17  -4.806131548372863  6.547530044500815
3.1750000000000003  -4.869513903898801  6.342360525366544
3.18  -4.93151628619363  6.126559433365416
3.185  -4.992110255312738  5.900473364061504
3.19  -5.051267929250873  5.664466319617812
3.1950000000000003  -5.108962022061268  5.418919095860928
3.2  -5.16516588151692  5.164228640753844
3.205  -5.219853526237582  4.90080738537405
3.21  -5.272999682206554  4.62908254854236
3.215  -5.324579818602452  4.349495416291203
3.22  -5.374570182872426  4.062500597405518
3.225  -5.422947834974327  3.7685652563091585
3.23  -5.469690680717093  3.4681683246090573
3.235  -5.514777504130041  3.1617996926453027
3.24  -5.558187998793474  2.8499593824299216
3.245  -5.599902798065161  2.533156703388027
3.25  -5.639903504139016  2.21190939234513
3.255  -5.678172715874648  1.8867427392305864
3.2600000000000002  -5.7146940553386845  1.558188699991835
3.265  -5.749452193001184  1.2267849982357566
3.27  -5.782432871533197  0.8930742171316748
3.275  -5.813622928153862  0.5576028831291124
3.2800000000000002  -5.843010315478539  0.22092054305449516
3.285  -5.8705841208221345  -0.1164211638351087
3.29  -5.89633458391489  -0.4538694372574967
3.295  -5.9202531129909275  -0.7908712491776754
3.3000000000000003  -5.9423322992129375  -1.126874277354558
3.305  -5.962565929399778  -1.4613278375666647
3.31  -5.980948997026968  -1.7936838129264787
3.315  -5.997477711473348  -2.123397578695637
3.3200000000000003  -6.012149505490893  -2.4499289210236976
3.325  -6.024963040877782  -2.7727429480415786
3.33  -6.035918212338672  -3.091310991755848
3.335  -6.045016149519497  -3.4051114992049283
3.34  -6.0522592172077765  -3.7136309113570034
3.345  -6.05765101369304  -4.016364528251557
3.35  -6.061196367285588  -4.312817358908526
3.355  -6.062901330995422  -4.602504954557643
3.36  -6.062773175376903  -4.8849542237667185
3.365  -6.060820379548184  -5.159704228081366
3.37  -6.057052620398228  -5.426306956820052
3.375  -6.051480759997659  -5.684328079706349
3.38  -6.044116831233432  -5.9333476760562425
3.3850000000000002  -6.034974021690623  -6.172960939280844
3.39  -6.0240666558082525  -6.402778855505568
3.395  -6.0114101753394955  -6.622428855152666
3.4  -5.997021118149845  -6.831555436379725
3.4050000000000002  -5.980917095390224  -7.029820759315321
3.41  -5.963116767085275  -7.216905210083502
3.415  -5.943639816179992  -7.392507933660349
3.42  -5.922506921091253  -7.556347334659619
3.4250000000000003  -5.899739726813417  -7.708161545199403
3.43  -5.875360814630229  -7.8477088590586215
3.435  -5.849393670488035  -7.974768131389668
3.44  -5.821862652087738  -8.089139143312968
3.4450000000000003  -5.792792954755768  -8.190642930779356
3.45  -5.762210576156482  -8.279122077147537
3.455  -5.730142279910767  -8.354440968986431
3.46  -5.69661555818786  -8.416486014674776
3.465  -5.661658593339277  -8.46516582543486
3.47  -5.625300218645657  -8.500411358501202
3.475  -5.5875698782490915  -8.5221760221902
3.48  -5.548497586345016  -8.53043574270219
3.485  -5.508113885709236  -8.525188992552698
3.49  -5.466449805636905  -8.506456780595865
3.495  -5.423536819371324  -8.47428260366853
3.5  -5.379406801101507  -8.428732359949546
3.505  -5.334091982608168  -8.369894224194281
3.5100000000000002  -5.287624909638428  -8.297878485069875
3.515  -5.240038398090066  -8.212817344881575
3.52  -5.191365490086305  -8.11486468204488
3.525  -5.141639410022467  -8.004195776722408
3.5300000000000002  -5.090893520665591  -7.881007000106949
3.535  -5.039161279388114  -7.745515467895099
3.54  -4.986476194616136  -7.597958658556355
3.545  -4.932871782572492  -7.4385939970638955
3.5500000000000003  -4.87838152439404  -7.26769840481119
3.555  -4.823038823701693  -7.085567816497737
3.56  -4.76687696470084  -6.892516664822338
3.565  -4.709929070888545  -6.688877333878904
3.5700000000000003  -4.652228064442582  -6.4749995822019315
3.575  -4.5938066263659945  -6.251249936461764
3.58  -4.534697157459065  -6.0180110568591365
3.585  -4.474931740188995  -5.7756810753173085
3.59  -4.414542101525633  -5.524672907616635
3.595  -4.353559576809333  -5.265413540660227
3.6  -4.292015074715268  -4.998343296103031
3.605  -4.229939043375741  -4.723915071615221
3.61  -4.167361437719878  -4.442593561091153
3.615  -4.104311688087554  -4.154854455148586
3.62  -4.040818670171463  -3.86118362329879
3.625  -3.9769106763387727  -3.5620762791969534
3.63  -3.9126153883806905  -3.258036130413422
3.6350000000000002  -3.8479598517354416  -2.9495745141907905
3.64  -3.782970451227012  -2.6372095206762594
3.645  -3.717672888358729  -2.321465105140081
3.65  -3.652092160197895  -2.002870190709003
3.6550000000000002  -3.58625253988387  -1.6819577631601437
3.66  -3.520177558789149  -1.3592639593332625
3.665  -3.4538899903590727  -1.035327150730736
3.67  -3.387411835652721  -0.7106870238818949
3.6750000000000003  -3.320764310603842  -0.3858836590541603
3.68  -3.253967835017073  -0.06145660889496174
3.685  -3.187042023311231  0.2620560214107572
3.69  -3.1200056770178755  0.584118490886643
3.6950000000000003  -3.0528767790395444  0.9041983348386887
3.7  -2.985672489668719  1.2217672706895708
3.705  -2.918409144364678  1.536302096018224
3.71  -2.8511022532819843  1.8472855772612586
3.715  -2.783766502540793  2.154207327551717
3.72  -2.7164157572252963  2.45656467218757
3.725  -2.6490630660935697  2.7538635002456533
3.73  -2.58172066797813  3.0456191008799287
3.735  -2.514399999853349  3.33135698287033
3.74  -2.447111706542468  3.610613676017124
3.745  -2.3798656520334336  3.8829375130080894
3.75  -2.312670932369742  4.147889390419058
3.755  -2.2455358900791422  4.405043507545237
3.7600000000000002  -2.178468130100037  4.653988081798856
3.765  -2.1114745371624095  4.894326039449591
3.77  -2.044561294576922  5.125675680527569
3.775  -1.977733904383585  5.347671316752224
3.7800000000000002  -1.9109972088079563  5.559963881398899
3.785  -1.8443554129708992  5.762221510062063
3.79  -1.7778121087949361  5.954130091326101
3.795  -1.7113703000481255  6.135393786405249
3.8000000000000003  -1.6450324284642068  6.305735516869428
3.805  -1.5788004008753926  6.464897419626992
3.81  -1.5126756172924423  6.612641268393079
3.815  -1.4466589998648527  6.748748860929308
3.8200000000000003  -1.3807510226520083  6.8730223714009515
3.825  -1.3149517421350583  6.985284667257147
3.83  -1.2492608283974738  7.085379590102007
3.835  -1.1836775969012359  7.173172200086193
3.84  -1.11820104078459  7.248548983412074
3.845  -1.0528298636060733  7.311418022609388
3.85  -0.9875625124591989  7.3617091293026276
3.855  -0.9223972113811629  7.399373939256605
3.86  -0.8573319949787681  7.424385969551591
3.865  -0.792364742194502  7.436740637805321
3.87  -0.7274932101353508  7.436455243424603
3.875  -0.6627150678872931  7.42356891093518
3.88  -0.5980279302383867  7.398142495503955
3.8850000000000002  -0.533429391233972  7.360258450833182
3.89  -0.4689170574879239  7.310020659671636
3.895  -0.40448858117442743  7.247554227251675
3.9  -0.3401416926261651  7.1730052380264535
3.9050000000000002  -0.27587423246512177  7.08654047614386
3.91  -0.21168418319401128  6.988347110157299
3.915  -0.14756970017721294  6.87863234253502
3.92  -0.08352914194183558  6.757623024590684
3.9250000000000003  -0.01956109973117648  6.625565237517355
3.93  0.044335573755604485  6.482723840266883
3.935  0.10816173650170657  6.329381985071752
3.94  0.1719179302507146  6.165840601465543
3.9450000000000003  0.23560435458464424  5.992417849709667
3.95  0.2992208420592936  5.809448544588912
3.955  0.3627668344523011  5.617283550588951
3.96  0.4262413601764889  5.4162891495180885
3.9650000000000003  0.4896430129083694  5.206846381684321
3.97  0.5529699314792162  4.989350361782941
3.975  0.6162197810729848  4.764209570695135
3.98  0.679389735772443  4.531845124438741
3.985  0.7424764624921016  4.292690021552388
3.99  0.8054761063329836  4.047188370230796
3.995  0.8683842773915227  3.795794596565722
4.0  0.9311960390512932  3.53897263527645
4.005  0.9939058977832185  3.277195104348479
4.01  1.0565077944762804  3.0109424650224668
4.015  1.1189950973175369  2.7407021686034945
4.0200000000000005  1.1813605962368674  2.466967791583165
4.025  1.2435964989279475  2.190238160585982
4.03  1.305694428454157  1.9110164686699718
4.035  1.3676454224439496  1.6298093845264916
4.04  1.4294399338769366  1.347126156136257
4.045  1.4910678334586742  1.0634777104472222
4.05  1.5525184135780465  0.7793757506482364
4.055  1.6137803938382347  0.495331852615142
4.0600000000000005  1.6748419281482647  0.21185656210865278
4.065  1.735690613359064  -0.07054150569960604
4.07  1.7963134994243335  -0.35135656279977856
4.075  1.8566971010631201  -0.6300865394487196
4.08  1.9168274108977952  -0.9062339682506225
4.085  1.9766899140378962  -1.179306859669793
4.09  2.0362696040768125  -1.4488195674460107
4.095  2.095551000465561  -1.7142936424004147
4.1  2.154518167224449  -1.9752586731417114
4.105  2.213154732950886  -2.231253112203449
4.11  2.2714439120781615  -2.4818250861698363
4.115  2.329368527337925  -2.7265331883749138
4.12  2.3869110333758234  -2.9649472527905805
4.125  2.444053541467403  -3.1966491077515844
4.13  2.5007778452791847  -3.4212333082010926
4.135  2.557065447617007  -3.6383078451771116
4.14  2.6128975881018857  -3.8474948313010433
4.1450000000000005  2.6682552717115504  -4.048431161070376
4.15  2.7231192981235064  -4.240769144801432
4.155  2.7774702917942795  -4.424177115115543
4.16  2.8312887327072644  -4.598340004907662
4.165  2.8845549877203087  -4.7629598957882235
4.17  2.937249342442997  -4.91775653603898
4.175  2.9893520335719623  -5.0624678271781125
4.18  3.040843281611894  -5.196850278283496
4.1850000000000005  3.0917033239086797  -5.320679427280145
4.19  3.1419124479206495  -5.433750228454655
4.195  3.1914510246531385  -5.535877405519671
4.2  3.2402995421811425  -5.6268957696100745
4.205  3.288438639184675  -5.7066605016548335
4.21  3.3358491384214  -5.77504739863044
4.215  3.382512080060864  -5.831953083264717
4.22  3.4284087548053286  -5.877295176823873
4.225  3.473520736722156  -5.911012434680023
4.23  3.5178299157136816  -5.93306484442158
4.235  3.5613185295507335  -5.943433686334328
4.24  3.603969195397392  -5.942121556146705
4.245  3.645764940755159  -5.929152349999001
4.25  3.6866892337560127  -5.904571211662083
4.255  3.726726012735442  -5.868444442097357
4.26  3.7658597150175863  -5.820859371515731
4.265  3.8040753048466134  -5.761924194158718
4.2700000000000005  3.8413583004001546  -5.6917677660903685
4.275  3.877694799822333  -5.610539366353343
4.28  3.91307150621639  -5.518408421906791
4.285  3.947475751538746  -5.41556419682695
4.29  3.980895519338723  -5.302215446314378
4.295  4.013319466290834  -5.178590036113048
4.3  4.0447369424687665  -5.044934528007895
4.305  4.075138010313129  -4.901513732126057
4.3100000000000005  4.104513462247615  -4.748610226826233
4.315  4.132854836901282  -4.586523847016957
4.32  4.1601544338974925  -4.415571141800563
4.325  4.186405327173173  -4.23608480239307
4.33  4.2116013767951825  -4.04841306132286
4.335  4.235737239243859  -3.8529190639620223
4.34  4.258808376136964  -3.649980213491863
4.345  4.280811061370754  -3.439987490452272
4.3500000000000005  4.301742386658166  -3.2233447480683575
4.355  4.321600265447675  -3.0004679845921185
4.36  4.340383435209803  -2.7717845939351595
4.365  4.358091458081752  -2.5377325959097634
4.37  4.374724719864306  -2.2987598474293844
4.375  4.390284427368536  -2.0553232360554796
4.38  4.404772604113606  -1.8078878573070387
4.385  4.41819208438038  -1.55692617717956
4.39  4.430546505629232  -1.3029171813467715
4.3950000000000005  4.441840299293964  -1.0463455125406569
4.4  4.452078679967242  -0.7877005976289131
4.405  4.461267632996593  -0.5274757659250288
4.41  4.469413900513332  -0.2661673602853571
4.415  4.476524965920293  -0.004273842557266136
4.42  4.482609036867687  0.25770510504418725
4.425  4.487675026749592  0.5192694810476142
4.43  4.491732534756957  0.7799198667345721
4.4350000000000005  4.494791824526155  1.0391583274565614
4.44  4.496863801425217  1.2964893116676872
4.445  4.497959988522948  1.5514205460866926
4.45  4.4980925012889985  1.8034639254051548
4.455  4.497274021075884  2.0521363949708915
4.46  4.4955177674366205  2.296960824884693
4.465  4.492837469334275  2.537466873963399
4.47  4.489247335302299  2.773191842040452
4.4750000000000005  4.484762022616803  3.0036815090933544
4.48  4.479396605544311  3.2284909597107383
4.485  4.473166542730564  3.447185391436277
4.49  4.46608764379801  3.6593409055546005
4.495  4.458176035221441  3.864545278914106
4.5  4.44944812555298  4.062398715414429
4.505  4.439920570069157  4.252514575820651
4.51  4.429610234914263  4.434520084604787
4.515  4.418534160815418  4.608057012553633
4.5200000000000005  4.406709526445864  4.7727823339240665
4.525  4.39415361151405  4.928368856971509
4.53  4.380883759656687  5.074505826722875
4.535  4.366917341214734  5.2108994989131805
4.54  4.352271715971679  5.337273684055145
4.545  4.3369641959336915  5.453370260663474
4.55  4.321012008231489  5.558949656708147
4.555  4.30443225822361  5.653791298426895
4.5600000000000005  4.287241892880602  5.73769402568334
4.565  4.269457664529274  5.810476473116018
4.57  4.251096095035605  5.8719774163826335
4.575  4.232173440504178  5.922056082864806
4.58  4.212705656571195  5.960592426260515
4.585  4.19270836436693  5.987487364554722
4.59  4.172196817222554  6.002662980922194
4.595  4.151185868194586  6.0060626871814184
4.6000000000000005  4.129689938479002  5.997651349484195
4.605  4.107722986785146  5.977415375991179
4.61  4.085298479737901  5.945362766350437
4.615  4.0624293633746325  5.901523122862838
4.62  4.039128035801119  5.845947623285358
4.625  4.015406321068797  5.778708955290442
4.63  3.9912754443328415  5.699901212667065
4.635  3.966746008348483  5.6096397534162525
4.64  3.9418279713601247  5.508061019960638
4.6450000000000005  3.916530626435064  5.395322321754292
4.65  3.890862582290974  5.271601580645638
4.655  3.8648317456630332  5.137097039410896
4.66  3.8384453052537686  4.99202693394156
4.665  3.81170971730549  4.836629129632507
4.67  3.7846306928317315  4.671160722581391
4.675  3.7572131865411023  4.495897606271292
4.68  3.729461387483287  4.311134004470365
4.6850000000000005  3.7013787114436263  4.1171819711413775
4.69  3.672967795109063  3.914370858213564
4.695  3.644230492024712  3.7030467521243384
4.7  3.6151678703567147  3.483571880095916
4.705  3.585780212473284  3.256323987164767
4.71  3.5560670163521366  3.021695685033299
4.715  3.5260269988189505  2.780093773864759
4.72  3.495658100617483  2.5319385381893076
4.7250000000000005  3.4649574933084932  2.2776630181370257
4.73  3.4339215879906497  2.0177122572561723
4.735  3.402546045832973  1.7525425282181497
4.74  3.3708257904047048  1.4826205377503314
4.745  3.3387550217844955  1.2084226121755222
4.75  3.3063272324276096  0.9304338649709187
4.755  3.273535224765615  0.6491473477936562
4.76  3.2403711305100096  0.36506318644879443
4.765  3.206826431627297  0.07868770330476593
4.7700000000000005  3.1728919829496407  -0.20946747231570717
4.775  3.138558036382035  -0.49888630421690006
4.78  3.1038142666631767  -0.7890492583127282
4.785  3.0686497986343206  -1.0794342189226462
4.79  3.0330532359671847  -1.3695174107784063
4.795  2.997012691298596  -1.6587743251283935
4.8  2.9605158177170563  -1.9466806483164705
4.805  2.923549841543103  -2.2327131912083775
4.8100000000000005  2.886101596342966  -2.516350817834044
4.815  2.8481575581120273  -2.797075371615144
4.82  2.8097038815623763  -3.074372597549569
4.825  2.770726437446207  -3.3477330587303618
4.83  2.7312108508446613  -3.616653045585208
4.835  2.6911425403493947  -3.8806354762329547
4.84  2.6505067580625608  -4.1391907863695305
4.845  2.60928863033865  -4.391837807110562
4.8500000000000005  2.5674731991903674  -4.63810462923925
4.855  2.5250454642788673  -4.877529452328655
4.86  2.481990425407519  -5.109661417235253
4.865  2.438293125437255  -5.334061420485195
4.87  2.393938693540157  -5.550302909107712
4.875  2.348912388707627  -5.757972654500898
4.88  2.3031996434281794  -5.956671503952293
4.885  2.25678610744993  -6.146015108473177
4.89  2.2096576915421333  -6.325634625645699
4.8950000000000005  2.1618006111699564  -6.495177396225666
4.9  2.1132014299970185  -6.6543075932868225
4.905  2.0638471031298047  -6.802706842741017
4.91  2.013725020018893  -6.940074814115699
4.915  1.9628230469322876  -7.066129780523129
4.92  1.91112956891656  -7.180609146806955
4.925  1.8586335311628224  -7.283269944907408
4.93  1.8053244796950492  -7.373889295541854
4.9350000000000005  1.7511926012998895  -7.452264835356658
4.94  1.6962287626180976  -7.518215108764487
4.945  1.6404245483193247  -7.571579923743288
4.95  1.5837722982838052  -7.612220670934363
4.955  1.5262651437160575  -7.6400206054414515
4.96  1.4678970421176616  -7.654885090796533
4.965  1.4086628110486081  -7.656741804623925
4.97  1.3485581606084218  -7.6455409056006545
4.9750000000000005  1.287579724571204  -7.621255161378273
4.98  1.2257250901107863  -7.58388003719902
4.985  1.1629928260550026  -7.533433745007619
4.99  1.0993825096110807  -7.4699572529288885
4.995  1.0348947515064535  -7.393514255050157
5.0  0.9695312194929899  -7.304191101516799
