0.0  0.0  0.0
0.01  -0.0631417829974189  -0.16890155561698827
0.02  -0.10077481770011401  -0.30991201282465297
0.03  -0.11999999687104135  -0.41926862924966785
0.04  -0.12977471847758626  -0.5097548521717077
0.05  -0.13466882638895103  -0.5884931867490172
0.06  -0.1370722328671647  -0.6588318380826169
0.07  -0.1384230655685151  -0.7223632963034687
0.08  -0.13970513517750494  -0.779855263295297
0.09  -0.141654224381425  -0.8316680514745228
0.1  -0.14484884747885712  -0.8779530883925053
0.11  -0.1497521379574828  -0.9187541000075578
0.12  -0.1567317485229877  -0.9540621320858944
0.13  -0.16606946398896075  -0.9838472207613819
0.14  -0.1779659990993919  -1.008077526786188
0.15  -0.19254370700496878  -1.026731359773849
0.16  -0.209848628149816  -1.0398049562083247
0.17  -0.22985265744645478  -1.0473175915629072
0.18  -0.2524562587407377  -1.0493149338767886
0.19  -0.27749195686099726  -1.0458711787093002
0.2  -0.3047287169535013  -1.0370902976041185
0.21  -0.33387724282361025  -1.0231066110569518
0.22  -0.3645961724565275  -1.0040848245057734
0.23  -0.3964991101824268  -0.9802196215663571
0.24  -0.4291624058739757  -0.9517348812058447
0.25  -0.4621335692421994  -0.9188825682366193
0.26  -0.4949401901141309  -0.8819413355639102
0.27  -0.5270992226145192  -0.8412148697026327
0.28  -0.5581264819031512  -0.7970300067513718
0.29  -0.5875461962212818  -0.7497346433641926
0.3  -0.6149004542699756  -0.6996954657075964
0.31  -0.6397583882280097  -0.6472955185450668
0.32  -0.6617249358837202  -0.5929316361972637
0.33  -0.680449031267238  -0.5370117570063915
0.34  -0.6956310816751328  -0.47995214296687766
0.35000000000000003  -0.7070295999045221  -0.4221745262858437
0.36  -0.7144668736587636  -0.36410320474500424
0.37  -0.7178335692260621  -0.30616210780691366
0.38  -0.7170921834144279  -0.24877185541123514
0.39  -0.7122792760767718  -0.192346831318123
0.4  -0.7035064350835324  -0.1372922926596186
0.41000000000000003  -0.6909599459855285  -0.08400153704480107
0.42  -0.6748991595327579  -0.032853148122947144
0.43  -0.6556535713438358  0.01579166006318199
0.44  -0.6336186490210156  0.06159158030627122
0.45  -0.6092504625444896  0.10422761225422457
0.46  -0.5830591935312663  0.14340530739513987
0.47000000000000003  -0.5556016175945322  0.1788568422729632
0.48  -0.5274726712919915  0.2103429044103188
0.49  -0.49929623073039614  0.2376543767390755
0.5  -0.4717152425480349  0.26061380776832493
0.51  -0.4453813595064116  0.2790766562445483
0.52  -0.42094424209857106  0.2929323006698025
0.53  -0.39904069427213323  0.3021048057299376
0.54  -0.3802838054558172  0.3065534394345594
0.55  -0.3652522724947604  0.3062729365714775
0.56  -0.3544800738091238  0.3012935059180048
0.5700000000000001  -0.3484466641008841  0.29168058051654383
0.58  -0.34756785129568357  0.2775343121989714
0.59  -0.35218750821131883  0.2589888134197619
0.6  -0.36257025982293173  0.23621115131783824
0.61  -0.37889527311583526  0.20940010075806856
0.62  -0.40125126058411853  0.1787846648915658
0.63  -0.4296327906828121  0.1446223735060977
0.64  -0.4639379792382183  0.10719737110096514
0.65  -0.5039676152543711  0.06681830820205456
0.66  -0.5494257530332185  0.023816050920352175
0.67  -0.599921780377185  -0.021458774860405268
0.68  -0.6549739502012709  -0.06863838701476986
0.6900000000000001  -0.7140143404891971  -0.11734057963244796
0.7000000000000001  -0.7763951855261354  -0.16717156460224608
0.71  -0.8413965000662703  -0.21772890166132322
0.72  -0.9082348978738305  -0.2686044955348465
0.73  -0.9760734872231487  -0.3193876382338247
0.74  -1.044032708749244  -0.3696680741822277
0.75  -1.1112019657730074  -0.41903906561204574
0.76  -1.176651884124131  -0.46710043559919
0.77  -1.239447027757784  -0.5134615662151699
0.78  -1.2986588882799954  -0.5577443295393214
0.79  -1.3533789609957712  -0.5995859297125675
0.8  -1.4027317173674485  -0.6386416348137415
0.81  -1.4458872838708738  -0.6745873780995355
0.8200000000000001  -1.4820736401738397  -0.7071222090640956
0.8300000000000001  -1.510588155301832  -0.735970575837923
0.84  -1.5308082889255197  -0.7608844216507036
0.85  -1.5422012959860503  -0.781645079420443
0.86  -1.5443327864119685  -0.798064949992358
0.87  -1.5368740074822245  -0.8099889511248696
0.88  -1.5196077342251229  -0.8172957259953604
0.89  -1.492432672854359  -0.8198986017629214
0.9  -1.4553663033440125  -0.817746290566224
0.91  -1.408546109525193  -0.8108233272383164
0.92  -1.3522291682202323  -0.7991502399725567
0.93  -1.2867900925744629  -0.7827834521604867
0.9400000000000001  -1.2127173485511562  -0.7618149156284715
0.9500000000000001  -1.1306079871690833  -0.7363714775103213
0.96  -1.0411608581337746  -0.7066139849927813
0.97  -0.9451683926994423  -0.6727361341446119
0.98  -0.8435070645679283  -0.6349630709730839
0.99  -0.7371266570706624  -0.5935497547293017
1.0  -0.6270384824984702  -0.5487790952915766
1.01  -0.5143027149777495  -0.5009598781802083
1.02  -0.40001501150640395  -0.4504244923841904
1.03  -0.2852926064593265  -0.3975264776979909
1.04  -0.17126007288892306  -0.34263790966280544
1.05  -0.05903494915849785  -0.2861466414706267
1.06  0.05028656822592379  -0.22845342331113805
1.07  0.15564366531473714  -0.1699689206118933
1.08  0.25602448818700585  -0.1111106534336499
1.09  0.3504790668198807  -0.05229987992847079
1.1  0.438131404139278  0.00604155275714018
1.11  0.5181905608415068  0.06349436645235612
1.12  0.5899605808547836  0.11964499500225943
1.1300000000000001  0.6528491188538599  0.17408868863312893
1.1400000000000001  0.7063746498077009  0.22643255613539431
1.1500000000000001  0.7501721608568487  0.2762985217729159
1.16  0.7839972475849968  0.3233261744190282
1.17  0.8077285596482163  0.36717548718337695
1.18  0.8213685644180425  0.40752938672366407
1.19  0.8250426214324041  0.44409615252653234
1.2  0.8189963846755927  0.4766116276840268
1.21  0.8035915736684401  0.5048412240775682
1.22  0.7793001776898019  0.5285817063999184
1.23  0.7466971798269646  0.5476627410861834
1.24  0.7064519086367498  0.5619481979753026
1.25  0.6593181446812514  0.5713371943708259
1.26  0.6061231267966845  0.5757648731002322
1.27  0.5477556184033943  0.5752029081712803
1.28  0.48515320724427674  0.5696597336768
1.29  0.4192890224578322  0.5591804936905813
1.3  0.3511580606991227  0.5438467130107378
1.31  0.2817633180058627  0.5237756907271639
1.32  0.2121019261985755  0.49911962070031674
1.33  0.14315149177739475  0.4700644451235247
1.34  0.07585683155100398  0.43682844938435367
1.35  0.011117292666180103  0.3996606084266767
1.36  -0.050225164597616355  0.35883869672864116
1.37  -0.10739695480182583  0.31466717583805326
1.3800000000000001  -0.1597027739328492  0.2674748751315738
1.3900000000000001  -0.2065342889418379  0.21761248307423384
1.4000000000000001  -0.24737749303221476  0.16544986773851214
1.41  -0.2818186295987554  0.11137324668597484
1.42  -0.3095486091959733  0.055782227508669666
1.43  -0.3303658664266401  -0.0009132586373883691
1.44  -0.34417762685582814  -0.058296107306546406
1.45  -0.3509995776241166  -0.11594525095213985
1.46  -0.35095395900339144  -0.17343890462262543
1.47  -0.3442661173583584  -0.23035782242965755
1.48  -0.3312595825008811  -0.28628853991117637
1.49  -0.3123497539180507  -0.3408265774602935
1.5  -0.28803630050020085  -0.3935795802275341
1.51  -0.25889439689452265  -0.44417037032862766
1.52  -0.2255649361914705  -0.4922398877996216
1.53  -0.1887438730722113  -0.5374499975316286
1.54  -0.14917086359635465  -0.579486140383229
1.55  -0.10761737731679387  -0.6180598078026548
1.56  -0.06487446423778505  -0.652910820586122
1.57  -0.021740363189460373  -0.6838093938435317
1.58  0.020991860575293033  -0.7105579718276813
1.59  0.06254646235665716  -0.7329928179962771
1.6  0.10217676775269151  -0.750985347504787
1.61  0.1391763504952273  -0.764443191258769
1.62  0.1728894734326726  -0.7733109826723928
1.6300000000000001  0.20272063990146  -0.7775708603701786
1.6400000000000001  0.2281431171733068  -0.777242682215869
1.6500000000000001  0.24870631014421346  -0.7723839482395292
1.6600000000000001  0.2640418816866257  -0.763089432244955
1.67  0.2738685358355128  -0.7494905240974175
1.68  0.27799540091744646  -0.7317542868998902
1.69  0.276323971536871  -0.7100822354473301
1.7  0.26884859067105676  -0.6847088444866738
1.71  0.2556554756527845  -0.655899797388603
1.72  0.23692031419366427  -0.6239499878398985
1.73  0.21290447848022484  -0.5891812890769478
1.74  0.18394992642700173  -0.551940106986946
1.75  0.1504728790765544  -0.5125947350896141
1.76  0.11295638159469693  -0.47153253096573594
1.77  0.0719418720418927  -0.4291569351074675
1.78  0.028019896857486334  -0.385884354418106
1.79  -0.018179875448416483  -0.342140933676088
1.8  -0.0659991807266192  -0.2983592391907218
1.81  -0.11476205643500295  -0.2549748796083489
1.82  -0.1637859353944755  -0.21242308937130397
1.83  -0.21239275946862782  -0.17113530068372904
1.84  -0.25991993704237926  -0.1315357299949592
1.85  -0.30573097136501465  -0.09403800497123858
1.86  -0.3492255926863288  -0.059041857689929124
1.87  -0.38984923555449136  -0.026929909358479782
1.8800000000000001  -0.42710171352480236  0.001935428763737771
1.8900000000000001  -0.46054495667662904  0.027214914374802605
1.9000000000000001  -0.4898096925436964  0.0485952701991791
1.9100000000000001  -0.5146009680915481  0.06579179541379881
1.92  -0.5347024289587402  0.07855077206446454
1.93  -0.549979292024989  0.08665164759793588
1.94  -0.5603799681707843  0.08990897627270451
1.95  -0.5659363135254655  0.08817410398255605
1.96  -0.5667625092315178  0.08133658291823438
1.97  -0.5630525914449296  0.06932530448986624
1.98  -0.5550766746086546  0.052109341021255265
1.99  -0.5431759316487932  0.02969848889112103
2.0  -0.5277564143320045  0.002143508019569956
2.0100000000000002  -0.5092818152854673  -0.030463945136150517
2.02  -0.48826528983512113  -0.06799169162132486
2.0300000000000002  -0.4652604706071416  -0.11026770930410483
2.04  -0.4408518205334503  -0.15708111343133935
2.05  -0.41564448030887874  -0.20818343211088852
2.06  -0.3902537743052552  -0.26329016819087614
2.07  -0.3652945443336596  -0.3220826368463388
2.08  -0.3413704833778146  -0.3842100661003547
2.09  -0.3190636414574055  -0.44929194551572
2.1  -0.29892427311979664  -0.5169206064101133
2.11  -0.28146119074394016  -0.5866640151860693
2.12  -0.26713277995344153  -0.6580687597412057
2.13  -0.25633882309906936  -0.7306632074454732
2.14  -0.249413264144404  -0.8039608118529521
2.15  -0.24661803356705295  -0.8774635441650215
2.16  -0.24813803529950923  -0.950665424489347
2.17  -0.25407737953492204  -1.0230561271515406
2.18  -0.26445692569493023  -1.0941246337206512
2.19  -0.27921317930143785  -1.163362907009394
2.2  -0.2981985652296359  -1.2302695591094528
2.21  -0.3211830781746197  -1.2943534865218658
2.22  -0.3478572894738714  -1.3551374456435912
2.23  -0.37783666802824334  -1.4121615422714486
2.24  -0.410667152286998  -1.464986609381838
2.25  -0.4458318904297149  -1.513197448233554
2.2600000000000002  -0.48275904729792524  -1.5564059088168523
2.27  -0.5208305595907784  -1.5942537868263726
2.2800000000000002  -0.559391705607542  -1.6264155156609978
2.29  -0.597761342632983  -1.6526006334394474
2.3000000000000003  -0.6352426541266357  -1.6725560066560394
2.31  -0.6711342403653893  -1.686067793873695
2.32  -0.7047413802363577  -1.692963134748285
2.33  -0.7353872885792077  -1.6931115516850197
2.34  -0.7624241928893872  -1.6864260535293236
2.35  -0.7852440553299046  -1.6728639328752664
2.36  -0.8032887708309181  -1.652427250818207
2.37  -0.8160596795143936  -1.6251630052678276
2.38  -0.8231262416551115  -1.5911629812561634
2.39  -0.8241337357310587  -1.5505632840051382
2.4  -0.8188098546402487  -1.5035435578422525
2.41  -0.806970091648808  -1.450325896353765
2.42  -0.7885218258370718  -1.3911734514251786
2.43  -0.7634670364509872  -1.3263887510218022
2.44  -0.7319035963468105  -1.2563117376915456
2.45  -0.6940251163218603  -1.1813175418117992
2.46  -0.6501193342237354  -1.101814005537252
2.47  -0.6005650649875284  -1.018238975221313
2.48  -0.5458277498252351  -0.9310573817671122
2.49  -0.48645366434537485  -0.8407581299022021
2.5  -0.42306286608397176  -0.747850818753004
2.5100000000000002  -0.35634098146169163  -0.6528623173102558
2.52  -0.2870299502462436  -0.556333219416652
2.5300000000000002  -0.21591786191461965  -0.4588142037646579
2.54  -0.14382803262464391  -0.3608623250602521
2.5500000000000003  -0.07160748359641124  -0.26303726298200647
2.56  -0.0001149913835803628  -0.1658975558416014
2.57  0.06979111237133379  -0.0699968459292841
2.58  0.1372652096671018  0.024119836593841818
2.59  0.20148654964407983  0.115919724714692
2.6  0.2616711042372409  0.20488587447158557
2.61  0.3170829472338155  0.2905206084217364
2.62  0.36704498457578066  0.3723488182449522
2.63  0.41094887295937643  0.4499211031261536
2.64  0.44826397548585645  0.5228167218009152
2.65  0.47854521713639425  0.5906463375500081
2.66  0.501439718972335  0.6530545369813507
2.67  0.516692107958828  0.7097221051278565
2.68  0.5241484189069362  0.7603680412055805
2.69  0.5237585259325815  0.8047513013034998
2.7  0.5155770627265016  0.8426722563005843
2.71  0.49976281348831647  0.8739738554112949
2.72  0.4765765792600657  0.8985424879322421
2.73  0.4463775472548046  0.9163085379833642
2.74  0.4096182132687733  0.9272466292906033
2.75  0.36683792905093565  0.9313755593262522
2.7600000000000002  0.3186551672510821  0.9287579243913607
2.77  0.2657586159627703  0.9194994394746411
2.7800000000000002  0.20889723262482107  0.9037479589375998
2.79  0.14886940287520145  0.8816922062397231
2.8000000000000003  0.08651136362171304  0.8535602230143005
2.81  0.02268506089618115  0.8196175498197138
2.82  -0.04173437818149808  0.7801651528075741
2.83  -0.10587137392120569  0.7355371123543867
2.84  -0.16886263434573892  0.6860980913838451
2.85  -0.2298697180411875  0.6322406026506949
2.86  -0.2880912327328711  0.5743820956528856
2.87  -0.3427744879080667  0.5129618850767468
2.88  -0.39322642770128546  0.44843794375130613
2.89  -0.4388236807694667  0.3812835839852015
2.9  -0.47902157685730135  0.31198405187680883
2.91  -0.5133619949955339  0.24103305972043135
2.92  -0.5414799255602454  0.16892928197535229
2.93  -0.5631086474916066  0.09617284041831803
2.94  -0.5780834425414959  0.02326180406311593
2.95  -0.5863437901831335  -0.04931127079571041
2.96  -0.5879340094466551  -0.12106273547190655
2.97  -0.5830023371033203  -0.19152115436371703
2.98  -0.5717984549603446  -0.26023049744752746
2.99  -0.55466950219785  -0.32675319716703277
3.0  -0.5320546313312688  -0.39067304820795734
3.0100000000000002  -0.5044781881759876  -0.4515979299155666
3.02  -0.4725416167985526  -0.5091623325244096
3.0300000000000002  -0.4369142095499582  -0.5630296699161137
3.04  -0.3983228396039008  -0.612894363288945
3.0500000000000003  -0.357540828704815  -0.6584836819000079
3.06  -0.31537611583687314  -0.6995593289127565
3.0700000000000003  -0.27265890305933527  -0.7359187623354362
3.08  -0.23022896265602602  -0.7673962430542315
3.09  -0.18892279489809416  -0.7938636040337625
3.1  -0.14956082804028661  -0.8152307368606786
3.11  -0.11293485162622974  -0.8314457939280128
3.12  -0.07979587077439285  -0.8424951066824108
3.13  -0.05084256290382779  -0.8484028224674885
3.14  -0.02671050942916177  -0.84923026457861
3.15  -0.007962363441499889  -0.8450750221817379
3.16  0.004920899532938338  -0.8360697787266884
3.17  0.011547516732566585  -0.8223808893884367
3.18  0.01162114644479576  -0.8042067198852063
3.19  0.004945656282369895  -0.7817757607355569
3.2  -0.008571580465145166  -0.7553445326163333
3.21  -0.028917930068252766  -0.7251952999574457
3.22  -0.055975311849346454  -0.6916336112476968
3.23  -0.08952158319980406  -0.6549856857187055
3.24  -0.12923347594831974  -0.6155956671131493
3.25  -0.17469104076496078  -0.5738227661219985
3.2600000000000002  -0.22538353379421514  -0.5300383137872227
3.27  -0.280716658205833  -0.48462274870710836
3.2800000000000002  -0.3400210531574477  -0.43796256124760274
3.29  -0.40256190407951836  -0.39044721815298294
3.3000000000000003  -0.46754953150012873  -0.3424660909621723
3.31  -0.5341508010734354  -0.2944054114738955
3.3200000000000003  -0.6015011852796145  -0.2466452771666497
3.33  -0.6687172976071324  -0.19955672897162238
3.34  -0.7349097130546958  -0.15349892312281666
3.35  -0.7991958846032241  -0.10881641797465977
3.36  -0.8607129639695594  -0.06583659569044677
3.37  -0.9186303364820477  -0.024867237573007163
3.38  -0.9721616842888552  0.013805729458218242
3.39  -1.0205763992566146  0.04992029913247746
3.4  -1.0632101767299957  0.08324025023090362
3.41  -1.099474633654159  0.1135567961326156
3.42  -1.1288658092243673  0.14069000820740302
3.43  -1.1509714229995711  0.16449000353415089
3.44  -1.1654767840456417  0.18483788926187739
3.45  -1.1721692648788176  0.2016464578167332
3.46  -1.1709412754561233  0.2148606290784817
3.47  -1.1617916948837397  0.22445763758972131
3.48  -1.1448257415492888  0.23044696480524582
3.49  -1.1202532856833247  0.2328700183231846
3.5  -1.0883856315691025  0.23179956194906423
3.5100000000000002  -1.0496308193993344  0.2273389023146877
3.52  -1.0044875187827598  0.21962083959165254
3.5300000000000002  -0.9535376068019092  0.20880639159110223
3.54  -0.8974375430042463  0.19508330221405487
3.5500000000000003  -0.836908671480159  0.17866434679812782
3.56  -0.772726595978707  0.15978544838536313
3.5700000000000003  -0.7057097875997653  0.13870362030139538
3.58  -0.6367075957783643  0.11569475167886115
3.59  -0.5665878418779599  0.09105125366884409
3.6  -0.4962241806084933  0.06507958505584009
3.61  -0.42648341759685976  0.03809767681730854
3.62  -0.35821297171889555  0.010432275843271234
3.63  -0.29222866825296656  -0.017583771449989637
3.64  -0.22930304357760478  -0.04561427451807707
3.65  -0.17015433409432398  -0.07332247180515951
3.66  -0.11543631143621252  -0.10037380024772119
3.67  -0.06572911298754386  -0.1264386399565741
3.68  -0.021531201488886126  -0.15119501314980024
3.69  0.016747429729907334  -0.17433121684679068
3.7  0.04879070829784457  -0.19554836942283038
3.71  0.07438051392240609  -0.21456285185967078
3.72  0.09339923337311937  -0.23110862540369867
3.73  0.10583080591774663  -0.24493940835263428
3.74  0.11176024855240568  -0.255830695825616
3.75  0.11137167323153888  -0.2635816076210824
3.7600000000000002  0.10494483093467315  -0.2680165506219766
3.77  0.09285023946304266  -0.2689866836578026
3.7800000000000002  0.07554297300760243  -0.26637117426656176
3.79  0.05355521145302579  -0.26007823840475036
3.8000000000000003  0.027487665780554858  -0.2500459558179005
3.81  -0.001999987469511249  -0.23624285549498952
3.8200000000000003  -0.03419951516516411  -0.2186682673742698
3.83  -0.06836522018444671  -0.19735243823260687
3.84  -0.10372554801787029  -0.172356411461838
3.85  -0.13949503049057455  -0.14377167220096695
3.86  -0.17488638517202312  -0.11171956103877527
3.87  -0.2091225872498962  -0.07635046121509156
3.88  -0.24144873163514563  -0.0378427659176771
3.89  -0.27114350681706273  0.003598366116525335
3.9  -0.29753010843781996  0.04774245694388635
3.91  -0.31998642960236506  0.0943353464850531
3.92  -0.3379543764388603  0.14310100773575374
3.93  -0.3509481711975807  0.1937435262554199
3.94  -0.35856152100804856  0.24594922890663368
3.95  -0.360473548060317  0.29938894577046793
3.96  -0.3564533961642424  0.35372038823814816
3.97  -0.3463634490748157  0.4085906254852767
3.98  -0.33016111733845116  0.4636386408750654
3.99  -0.30789917238634773  0.5184979493169586
4.0  -0.2797246288406138  0.5727992562285018
4.01  -0.2458761981662751  0.6261731385144019
4.0200000000000005  -0.20668035855934855  0.6782527278873303
4.03  -0.16254610697584662  0.728676376910694
4.04  -0.1139584791589741  0.7770902883427827
4.05  -0.06147094210875965  0.8231510887016773
4.0600000000000005  -0.005696780377480087  0.8665283274487294
4.07  0.052700387390396695  0.9069068837997537
4.08  0.1130168123510665  0.9439892639131636
4.09  0.17451937988499716  0.9774977720657728
4.1  0.23645676655374043  1.0071765404040582
4.11  0.29807081609983116  1.0327934029424004
4.12  0.3586079581905129  1.0541416006622644
4.13  0.417330493518978  1.0710413058380583
4.14  0.473527571508409  1.0833409550663717
4.15  0.5265256921703246  1.0909183818957464
4.16  0.5756985715629279  1.0936817414325548
4.17  0.6204762206529174  1.0915702208245035
4.18  0.6603531000412609  1.0845545310846767
4.19  0.6948952277728184  1.0726371773050924
4.2  0.7237461340799276  1.0558525059070905
4.21  0.7466315751527542  1.0342665291752562
4.22  0.7633629376006631  1.0079765289103757
4.23  0.7738392858654286  0.9771104426035323
4.24  0.7780480261492635  0.9418260370669524
4.25  0.7760641820986989  0.9023098759465321
4.26  0.768048299203573  0.8587760889758698
4.2700000000000005  0.75424301629294  0.8114649522020086
4.28  0.7349683633053459  0.7606412897095883
4.29  0.7106158643581196  0.7065927085838434
4.3  0.6816415437326655  0.6496276799760218
4.3100000000000005  0.6485579494427248  0.5900734801592677
4.32  0.6119253242970815  0.5282740063830272
4.33  0.5723420675715734  0.46458748314286163
4.34  0.530434641364019  0.3993840751761039
4.3500000000000005  0.4868470842497675  0.3330434240669714
4.36  0.44223030085405035  0.26595212579527094
4.37  0.3972312993164679  0.19850116688747232
4.38  0.3524825492914707  0.13108333702733235
4.39  0.30859163109591753  0.06409063605362984
4.4  0.2661313419119091  -0.0020883067833693766
4.41  0.22563041765274938  -0.06707078361696388
4.42  0.18756501931460895  -0.13048251142596037
4.43  0.15235112051761832  -0.19196007120427128
4.44  0.12033791867435456  -0.25115326642101754
4.45  0.09180237603224135  -0.30772738500766467
4.46  0.06694497896898854  -0.361365349868897
4.47  0.04588678465394762  -0.4117697437744795
4.48  0.02866780382096491  -0.45866469544352495
4.49  0.015246747246239555  -0.501797614673127
4.5  0.005502141915539846  -0.5409407654823604
4.51  -0.0007651988650761871  -0.5758926674320977
4.5200000000000005  -0.0038283886743922546  -0.6064793165322427
4.53  -0.004029422717664801  -0.6325552184520904
4.54  -0.0017729524075155343  -0.6540042280972943
4.55  0.002481023025003634  -0.6707401909994009
4.5600000000000005  0.008225433300465757  -0.682707383371856
4.57  0.014915252021003562  -0.6898807491105537
4.58  0.021977305919620514  -0.6922659334486336
4.59  0.02882062320078729  -0.6898991144057325
4.6000000000000005  0.03484715677349781  -0.6828466345931223
4.61  0.039462711773151235  -0.6712044373407444
4.62  0.04208790304117543  -0.6550973124933153
4.63  0.04216896725368946  -0.6346779585751356
4.64  0.03918825619461048  -0.6101258693425649
4.65  0.03267424224794465  -0.5816460540270698
4.66  0.022210874492652855  -0.5494676018203367
4.67  0.007446133739631858  -0.5138421023686943
4.68  -0.011900352660704732  -0.4750419352341854
4.69  -0.036030760533678347  -0.4333584424557282
4.7  -0.06506369031003037  -0.3890999995253399
4.71  -0.09903004821596656  -0.3425900013096259
4.72  -0.13787025426184768  -0.29416478073883906
4.73  -0.18143282136856326  -0.24417147951532753
4.74  -0.229474325715846  -0.19296589175046203
4.75  -0.28166076266011875  -0.14091030345277875
4.76  -0.337570255317694  -0.0883713533503927
4.7700000000000005  -0.3966970539388129  -0.03571794391669148
4.78  -0.45845673303505635  0.01668076390169708
4.79  -0.5221924589687079  0.06845723225003554
4.8  -0.587182161791876  0.11924725486399657
4.8100000000000005  -0.652646398870616  0.16869142941624304
4.82  -0.7177566397878896  0.2164363101009627
4.83  -0.7816436247269063  0.26213512557194446
4.84  -0.8434053393629298  0.30544789874523937
4.8500000000000005  -0.9021139864874567  0.3460407278140504
4.86  -0.9568210798323896  0.38358386240740727
4.87  -1.0065593694644517  0.41774799957047426
4.88  -1.0503396009808215  0.44819786467851885
4.89  -1.0871388612029893  0.4745815036747272
4.9  -1.1158749637356897  0.49651253487975777
4.91  -1.135356906162413  0.5135403404192274
4.92  -1.144192499720758  0.5250985918944181
4.93  -1.1406152029354808  0.5304127036057301
4.94  -1.1221488385076976  0.5283244893126372
4.95  -1.084923269414958  0.5169378037541763
4.96  -1.0221784540536307  0.4928461427545246
4.97  -0.9207445480768143  0.44931182326093405
4.98  -0.7525096866865505  0.3718184332723307
4.99  -0.45959143020874277  0.2300826997380533
5.0  -9.747382614679249e-15  4.9484221734288215e-15
5.01  0.43063137064552415  -0.22192774818003014
5.0200000000000005  0.660214445296212  -0.3458323249226738
5.03  0.7553533202215446  -0.4027566234466125
5.04  0.7824252606771304  -0.42538430919624076
5.05  0.7725287394331783  -0.4290829991363323
5.0600000000000005  0.7403308393301888  -0.4210248095577638
5.07  0.6936039138308535  -0.4049173578863626
5.08  0.637021219269597  -0.3829027343748639
5.09  0.5737389578519267  -0.35635455339454647
5.1000000000000005  0.5061094305179176  -0.3262407285176562
5.11  0.4360255976141823  -0.29330160991366244
5.12  0.36509636253688  -0.2581431847675601
5.13  0.29473849479276465  -0.22128835359827304
5.14  0.22622504801978655  -0.18320621758769037
5.15  0.1607100144559096  -0.1443292189804285
5.16  0.09923958414223448  -0.10506326914662784
5.17  0.042755750860587555  -0.06579367555350334
5.18  -0.007904396356899084  -0.026888473959240804
5.19  -0.05201166495853826  0.011299880584230223
5.2  -0.08894874585044832  0.04843387782098362
5.21  -0.11821434840483207  0.08419099951571551
5.22  -0.1394269093765185  0.11826420657550081
5.23  -0.15232747884607684  0.150362702435985
5.24  -0.15678150722472733  0.18021285963151917
5.25  -0.1527793443005951  0.20755922939142715
5.26  -0.14043532720141885  0.232165576080776
5.2700000000000005  -0.11998538659934081  0.2538158933400027
5.28  -0.09178314401013327  0.2723153693302556
5.29  -0.05629451033975986  0.28749127609598746
5.3  -0.014090828502595142  0.2991937636922595
5.3100000000000005  0.0341593680993542  0.3072965440249006
5.32  0.08769988367961273  0.3116974527336072
5.33  0.14569755437536436  0.3123188801881119
5.34  0.20725396841145574  0.30910806495247933
5.3500000000000005  0.27141805464158647  0.3020372450285101
5.36  0.3371993677409246  0.29110366390290476
5.37  0.4035818870172283  0.27632942995325194
5.38  0.4695381374973815  0.25776122915578453
5.39  0.5340434366743098  0.2354698923109688
5.4  0.5960900680830693  0.20954981917996593
5.41  0.6547011837004528  0.1801182630185561
5.42  0.7089442409835255  0.14731448001304323
5.43  0.757943787092947  0.1112987490701925
5.44  0.8008934123670878  0.07225126829286131
5.45  0.8370667072625224  0.030370935286301068
5.46  0.8658270715621933  -0.01412598081310715
5.47  0.8866362414459448  -0.06100726701429537
5.48  0.8990614187608548  -0.11002628466807407
5.49  0.9027809072350708  -0.16092356845409242
5.5  0.8975881821395747  -0.21342849595364755
5.51  0.883394342689694  -0.2672610171989571
5.5200000000000005  0.860228919950627  -0.3221334332565962
5.53  0.8282390368173524  -0.37775221264129344
5.54  0.7876869404248229  -0.43381983416765024
5.55  0.7389459507554417  -0.4900366447306028
5.5600000000000005  0.68249489190088  -0.5461027204616405
5.57  0.618911094068956  -0.601719719735151
5.58  0.5488620746854533  -0.6565927165979937
5.59  0.4730960255279828  -0.7104320033632852
5.6000000000000005  0.3924312494734301  -0.7629548513459359
5.61  0.3077447049006688  -0.8138872190197848
5.62  0.21995982785754659  -0.8629653972428959
5.63  0.1300338116054385  -0.9099375816252527
5.64  0.03894452996105563  -0.9545653625998702
5.65  -0.052322705125734226  -0.9966251243001067
5.66  -0.1427883601394399  -1.0359093439398908
5.67  -0.2314916807579676  -1.0722277840357182
5.68  -0.31750329132364163  -1.105408570495514
5.69  -0.3999372147524783  -1.1352991503260823
5.7  -0.4779621444263801  -1.1617671234728546
5.71  -0.5508118118858905  -1.1847009440989178
5.72  -0.6177943086744837  -1.2040104874298665
5.73  -0.6783002372514201  -1.219627479132088
5.74  -0.7318095842306411  -1.2315057850496824
5.75  -0.7778972290348013  -1.2396215599942026
5.76  -0.8162370220701618  -1.2439732551567912
5.7700000000000005  -0.8466043884081761  -1.2445814845888155
5.78  -0.8688774353677893  -1.241488752069666
5.79  -0.8830365649880996  -1.2347590405438988
5.8  -0.8891626148206404  -1.2244772671592388
5.8100000000000005  -0.8874335724144347  -1.2107486077671035
5.82  -0.8781199299845407  -1.1936976955534828
5.83  -0.8615787657283063  -1.1734676992453692
5.84  -0.8382466567842942  -1.1502192870817642
5.8500000000000005  -0.8086315456408795  -1.1241294834445406
5.86  -0.7733036966461719  -1.0953904257083553
5.87  -0.7328858919298595  -1.064208029486903
5.88  -0.6880430263372608  -1.0308005710210495
5.89  -0.6394712687493379  -0.9953971959693669
5.9  -0.5878869623108632  -0.9582363643201179
5.91  -0.5340154385462459  -0.9195642415431983
5.92  -0.4785799200808288  -0.8796330464377663
5.93  -0.4222906837226975  -0.8386993664050659
5.94  -0.3658346500512855  -0.7970224510832156
5.95  -0.30986555750410844  -0.7548624954213364
5.96  -0.25499486838692814  -0.7124789233420753
5.97  -0.20178354143011532  -0.6701286831445136
5.98  -0.15073479068175927  -0.6280645657327786
5.99  -0.10228793390468609  -0.5865335566199885
6.0  -0.05681341549526811  -0.5457752324523324
6.01  -0.01460906955490197  -0.5060202125258847
6.0200000000000005  0.024102331573202553  -0.46748867542968964
6.03  0.059174218918095114  -0.43038895054493503
6.04  0.09053605547303967  -0.3949161936637459
6.05  0.11819186975193188  -0.3612511554646153
6.0600000000000005  0.14221753307463234  -0.3295590509977695
6.07  0.16275683941649405  -0.29998853769606404
6.08  0.18001646570884772  -0.2726708087389729
6.09  0.19425990821225525  -0.24771880786280132
6.1000000000000005  0.20580050672794512  -0.2252265709335588
6.11  0.2149936827142586  -0.20526869878477857
6.12  0.22222852961304862  -0.18789996497553643
6.13  0.22791890367719964  -0.17315506124928332
6.140000000000001  0.23249417117101084  -0.1610484825769165
6.15  0.2363897728748604  -0.15157455275357637
6.16  0.24003776928738693  -0.1447075905932012
6.17  0.24385752974783115  -0.14040221583410403
6.18  0.24824672590247462  -0.13859379293816465
6.19  0.2535727845602585  -0.13919901004203752
6.2  0.26016494710916965  -0.14211658940646638
6.21  0.2683070724241627  -0.14722812481589212
6.22  0.2782313077509668  -0.15439904051036157
6.23  0.2901127375962072  -0.16347966539149722
6.24  0.3040651044215074  -0.17430641543934988
6.25  0.3201376771839828  -0.18670307651304613
6.26  0.3383133247689513  -0.20048217899042076
6.2700000000000005  0.35850783142235687  -0.21544645503544713
6.28  0.3805704707258196  -0.23139036867191334
6.29  0.40428583379117367  -0.2481017082922549
6.3  0.4293768865141093  -0.26536323074537704
6.3100000000000005  0.4555092102481682  -0.28295434573114786
6.32  0.4822963604651879  -0.3006528288846147
6.33  0.5093062591716524  -0.3182365516637607
6.34  0.5360685193505  -0.33548521596233366
6.3500000000000005  0.5620825837756828  -0.3521820812569068
6.36  0.5868265464562833  -0.36811567206552953
6.37  0.6097665129364267  -0.3830814535460088
6.38  0.6303663459018636  -0.39688346319463264
6.390000000000001  0.6480976351845098  -0.4093358868218705
6.4  0.6624497264365978  -0.4202645672787701
6.41  0.672939640549779  -0.42950843478614775
6.42  0.67912171636607  -0.4369208481758865
6.43  0.6805968123682506  -0.44237083688782625
6.44  0.6770209088090178  -0.44574423417398684
6.45  0.6681129600593634  -0.4469446926409037
6.46  0.6536618577086285  -0.44589457400688115
6.47  0.6335323779722223  -0.44253570575954376
6.48  0.607670002065283  -0.4368299982656045
6.49  0.576104515154425  -0.4287599168037876
6.5  0.5389523080496219  -0.41832880395786476
6.51  0.4964173256630317  -0.4055610488135061
6.5200000000000005  0.44879062713798346  -0.3905021004440177
6.53  0.3964485441209639  -0.37321832423886764
6.54  0.3398494455807249  -0.3537967007185733
6.55  0.27952913953423275  -0.33234436758258357
6.5600000000000005  0.21609496367969452  -0.30898800684583855
6.57  0.15021863792674017  -0.2838730800271827
6.58  0.08262797182619915  -0.25716291545113346
6.59  0.014097538623947739  -0.2290376528058597
6.6000000000000005  -0.05456155519976292  -0.19969305115712851
6.61  -0.1225126607631658  -0.1693391676426384
6.62  -0.18890518066465273  -0.1381989150561818
6.63  -0.2528865977215218  -0.10650650746926195
6.640000000000001  -0.31361476199661764  -0.0745058039219956
6.65  -0.3702702537976743  -0.042448561038492844
6.66  -0.4220686373218103  -0.010592606178170417
6.67  -0.4682724193976146  0.02080005658251825
6.68  -0.5082025303695494  0.05146519473924554
6.69  -0.5412491495472226  0.08113833650103686
6.7  -0.5668817057403199  0.109556786933065
6.71  -0.5846578941087794  0.13646165691163312
6.72  -0.5942315637298216  0.16159989045886497
6.73  -0.5953593457320684  0.1847262758808486
6.74  -0.5879059093511513  0.2056054260898257
6.75  -0.5718477525683359  0.22401371355075908
6.76  -0.5472754548221486  0.23974114545523162
6.7700000000000005  -0.5143943413284974  0.2525931649920043
6.78  -0.473523531482807  0.26239236495219226
6.79  -0.425093367309431  0.26898010037723913
6.8  -0.36964124162112905  0.2722179875266569
6.8100000000000005  -0.3078058691019343  0.27198927710808274
6.82  -0.2403200665793433  0.26820009046978593
6.83  -0.16800213096073205  0.26078050830198773
6.84  -0.09174592434195712  0.24968550232268952
6.8500000000000005  -0.01250979533461637  0.23489570143073357
6.86  0.06869551659135886  0.21641798488724098
6.87  0.1508198312622761  0.19428589622950507
6.88  0.23278715657233068  0.16855987282150217
6.890000000000001  0.31350980910505605  0.13932728719459977
6.9  0.39190283162372913  0.10670229762229023
6.91  0.466898507041432  0.07082550669530237
6.92  0.5374607659659448  0.03186342800920467
6.93  0.6025992853384068  -0.009992237563947348
6.94  0.6613830790508024  -0.05452551318449922
6.95  0.7129533876935098  -0.10149724074070517
6.96  0.7565356836679972  -0.15064635339371327
6.97  0.791450619673268  -0.2016913191162212
6.98  0.8171237628739895  -0.2543317470853093
6.99  0.8330939736776516  -0.3082501475499545
7.0  0.8390203067508548  -0.3631138346075476
7.01  0.834687332420664  -0.41857696019963103
7.0200000000000005  0.8200087986395622  -0.4742826665846494
7.03  0.7950295769226109  -0.5298653435721415
7.04  0.759925859755414  -0.5849529759171401
7.05  0.7150036015712294  -0.6391695654819913
7.0600000000000005  0.6606952201466142  -0.6921376120830284
7.07  0.5975545998067293  -0.743480636356497
7.08  0.5262504618058725  -0.7928257275080701
7.09  0.4475581903063523  -0.8398060984567813
7.1000000000000005  0.36235022418289614  -0.8840636306520825
7.11  0.2715851451125553  -0.9252513907338095
7.12  0.1762956107764787  -0.9630361012220726
7.13  0.07757529823275923  -0.9971005475677586
7.140000000000001  -0.023434963617718907  -1.0271459041656406
7.15  -0.12556168225814665  -1.0528939623293991
7.16  -0.22761361170356476  -1.0740892437503802
7.17  -0.3283968800958559  -1.0905009836063506
7.18  -0.426730127509465  -1.1019249682502603
7.19  -0.5214594469421668  -1.1081852132869394
7.2  -0.6114729246455125  -1.1091354688331325
7.21  -0.695714582047788  -1.1046605398468423
7.22  -0.773197530445832  -1.094677410599026
7.23  -0.8430161612563551  -1.0791361636364158
7.24  -0.9043572087482784  -1.058020684940481
7.25  -0.9565095386136871  -1.0313491484148811
7.26  -0.9988725342324605  -0.9991742743231771
7.2700000000000005  -1.0309629727691696  -0.961583357839258
7.28  -1.052420305010023  -0.9186980654545985
7.29  -1.06301027578101  -0.8706739985981059
7.3  -1.062626845546912  -0.8177000254542948
7.3100000000000005  -1.0512923980249633  -0.7599973836025733
7.32  -1.029156243000442  -0.6978185577323999
7.33  -0.9964914476469561  -0.6314459383046208
7.34  -0.9536900531793098  -0.561190268616179
7.3500000000000005  -0.9012567562579794  -0.4873888892721208
7.36  -0.839801155893662  -0.4104037905637943
7.37  -0.7700286863583823  -0.3306194846842832
7.38  -0.6927303745129868  -0.24844071107026738
7.390000000000001  -0.6087715757516431  -0.16428998943355913
7.4  -0.519079856219778  -0.0786050362252463
7.41  -0.42463219989285317  0.008163938648204434
7.42  -0.32644172735973087  0.09555703707310317
7.43  -0.22554411862580126  0.1831075613130806
7.44  -0.12298393486893619  0.27034496658457385
7.45  -0.019801033821309582  0.35679785769354083
7.46  0.08298272967190319  0.4419970093580834
7.47  0.18437633228718098  0.525478389538209
7.48  0.2834317630421437  0.6067861649370103
7.49  0.3792553904676167  0.6854756678282201
7.5  0.47101836385373946  0.7611163035056175
7.51  0.55796591200614  0.8332943779389866
7.5200000000000005  0.6394254205781149  0.9016158256595886
7.53  0.7148131883148184  0.9657088184817777
7.54  0.783639783158264  1.0252262363948226
7.55  0.8455139407993874  1.079847982824172
7.5600000000000005  0.9001449705953765  1.1292831274607475
7.57  0.9473436564550574  1.1732718609823087
7.58  0.9870216629889463  1.2115872472366163
7.59  1.0191894795792116  1.244036759812495
7.6000000000000005  1.0439529567125998  1.27046359138382
7.61  1.061508509609747  1.2907477257621467
7.62  1.0721370835695834  1.3048067642260837
7.63  1.076196993238616  1.3125964993975756
7.640000000000001  1.0741157639509051  1.3141112316955623
7.65  1.066381117130808  1.309383825203168
7.66  1.0535312533084404  1.2984855016227852
7.67  1.0361445954012969  1.2815253728510991
7.68  1.014829161439578  1.2586497145694548
7.69  0.9902117397704142  1.2300409851007814
7.7  0.9629270409222183  1.1959165956185782
7.71  0.9336069987423744  1.1565274395928629
7.72  0.9028703891766859  1.1121561911092397
7.73  0.871312928217973  1.0631153833868667
7.74  0.8394980012323212  1.0097452804368108
7.75  0.8079481642324376  0.9524115563314194
7.76  0.7771375439000076  0.8915027979867582
7.7700000000000005  0.7474852474879015  0.8274278486820936
7.78  0.7193498764115174  0.7606130107433872
7.79  0.6930252186444645  0.6914991268915748
7.8  0.6687371752659497  0.6205385606933952
7.8100000000000005  0.6466419559792741  0.5481920973440443
7.82  0.6268255574585313  0.4749257866514902
7.83  0.6093045173143127  0.40120775057552954
7.84  0.5940279156311407  0.3275049779973628
7.8500000000000005  0.5808805757466347  0.2542801295529794
7.86  0.5696873965326915  0.18198837535581264
7.87  0.5602187302065226  0.1110742882585541
7.88  0.5521967029278605  0.04196881496288195
7.890000000000001  0.5453023603899823  -0.024913653220729217
7.9  0.5391835075196445  -0.08917808882835429
7.91  0.5334631004676026  -0.15045149560374416
7.92  0.5277480404656766  -0.2083854154324749
7.930000000000001  0.5216382129801683  -0.2626582566389985
7.94  0.5147356119985992  -0.31297742669602224
7.95  0.5066533882995999  -0.3590812537845931
7.96  0.49702466218755476  -0.4007406831506793
7.97  0.48551094539458967  -0.4377607358203092
7.98  0.471810023594322  -0.46998171894791263
7.99  0.45566316012425007  -0.49728017886975007
8.0  0.4368614929316818  -0.5195695898027927
8.01  0.4152515102579241  -0.5368007730556805
8.02  0.39073950594339674  -0.5489620435882198
8.03  0.36329493222750636  -0.5560790827548794
8.040000000000001  0.3329525862620968  -0.5582145380810968
8.05  0.29981358596487245  -0.5554673529337915
8.06  0.26404511100134165  -0.5479718309445971
8.07  0.22587890528091717  -0.5358964420108688
8.08  0.18560855805717397  -0.5194423786204767
8.09  0.14358560120524608  -0.49884187310776557
8.1  0.1002144801848698  -0.4743562882352795
8.11  0.055946475267385234  -0.44627399519552485
8.120000000000001  0.011272667505046598  -0.41490805472615666
8.13  -0.03328393963652308  -0.3805937185183087
8.14  -0.07717701734079452  -0.3436857694592844
8.15  -0.11984608879463085  -0.30455572047834906
8.16  -0.16072613783806042  -0.26358889284604015
8.17  -0.19925749166226464  -0.22118139570700615
8.18  -0.23489581453834038  -0.17773702939485297
8.19  -0.26712204636956977  -0.13366413567919194
8.2  -0.2954521193113267  -0.08937241852503858
8.21  -0.3194462878126661  -0.04526975919902234
8.22  -0.33871791218166003  -0.0017590496331299482
8.23  -0.35294154309691  0.04076493214632688
8.24  -0.3618601642787704  0.08191858099805417
8.25  -0.3652914626510494  0.12133243498650058
8.26  -0.3631330095904951  0.1586540346098439
8.27  -0.3553662530620071  0.19355064930457788
8.28  -0.34205923833087354  0.22571185056366289
8.290000000000001  -0.32336799425680124  0.25485191213045394
8.3  -0.2995365426161519  0.280712019005381
8.31  -0.2708955091556013  0.30306226841758005
8.32  -0.2378593368273994  0.3217034474584634
8.33  -0.20092212355873082  0.3364685737382893
8.34  -0.16065212862763018  0.34722418719671777
8.35  -0.11768501291908418  0.3538713830619359
8.36  -0.07271589868731003  0.3563465778957736
8.370000000000001  -0.026490353636409114  0.35462200267017296
8.38  0.020205578150261867  0.34870591887825564
8.39  0.06655615993089978  0.3386425557753639
8.4  0.11172740820619165  0.3245117689567607
8.41  0.15487903658805738  0.3064284225923041
8.42  0.1951767240992152  0.2845414997390624
8.43  0.23180452761535647  0.2590329472243738
8.44  0.263977254100396  0.23011626361818477
8.45  0.2909526069899567  0.19803484077961878
8.46  0.31204292258409577  0.16306007135331704
8.47  0.3266263166081091  0.1254892363914582
8.48  0.3341570681414805  0.08564318897415321
8.49  0.3341750778055693  0.04386385128045719
8.5  0.3263142493100696  0.0005115440124185361
8.51  0.3103096580136251  -0.04403783161561297
8.52  0.286003386849507  -0.08939573795153996
8.53  0.2533489285619144  -0.1351640486742748
8.540000000000001  0.21241407342277355  -0.18093817705638127
8.55  0.1633822231582013  -0.22631026086434788
8.56  0.10655209439049393  -0.2708723795643169
8.57  0.04233579816475718  -0.31421977920925986
8.58  -0.028744694266966825  -0.35595408027879744
8.59  -0.10606266563568406  -0.39568644382566365
8.6  -0.18889328981624778  -0.4330406715536123
8.61  -0.2764217124280498  -0.46765621590843
8.620000000000001  -0.36775247386176385  -0.499191076903561
8.63  -0.4619201536035953  -0.5273245632203986
8.64  -0.5579010962848752  -0.5517598961143915
8.65  -0.6546260633919055  -0.5722266358148484
8.66  -0.7509936402801205  -0.5884829114202459
8.67  -0.8458842162664855  -0.6003174367520172
8.68  -0.9381743463079332  -0.6075512962276298
8.69  -1.0267512962572702  -0.6100394865363711
8.700000000000001  -1.1105275700255586  -0.6076722017356672
8.71  -1.1884552162339364  -0.6003758513182267
8.72  -1.2595397141281925  -0.5881138028164626
8.73  -1.3228532436305525  -0.5708868425950897
8.74  -1.3775471523493525  -0.5487333506199132
8.75  -1.4228634430472866  -0.5217291871644671
8.76  -1.4581451183332221  -0.48998729160962406
8.77  -1.482845235001693  -0.45365699568817675
8.78  -1.4965345382736968  -0.41292305570980287
8.790000000000001  -1.4989075659350046  -0.3680044104549382
8.8  -1.4897871337379422  -0.31915267353294335
8.81  -1.4691271361197613  -0.26665037104358197
8.82  -1.4370136199645143  -0.21080893734653183
8.83  -1.3936641134517245  -0.15196648361531806
8.84  -1.3394252166384957  -0.09048535561594913
8.85  -1.2747684849536574  -0.026749498792621992
8.86  -1.2002846608839026  0.03883834974933155
8.870000000000001  -1.1166763324508995  0.1058596214118191
8.88  -1.0247491192742884  0.17388300626722272
8.89  -0.9254015077630006  0.24246765002206316
8.9  -0.8196134759753453  0.3111664337224098
8.91  -0.7084340656569964  0.3795293114602586
8.92  -0.5929680736605588  0.4471066808444127
8.93  -0.4743620471553123  0.5134527606951342
8.94  -0.35378977657529787  0.5781289503110072
8.950000000000001  -0.23243748699013772  0.6407071447409141
8.96  -0.11148893241983787  0.7007729807724762
8.97  0.007889401500699025  0.7579289888204963
8.98  0.12456278317837803  0.8117976265596037
8.99  0.23744221071629174  0.8620241709917862
9.0  0.3454976870967324  0.9082794466641256
9.01  0.4477706150093128  0.9502623689480364
9.02  0.5433851445972862  0.9877022826497589
9.03  0.6315583229245137  1.0203610777325909
9.040000000000001  0.7116089116364579  1.0480350655831512
9.05  0.7829647588360109  1.0705566010343925
9.06  0.8451686323294484  1.0877954372542533
9.07  0.8978824438030222  1.0996598026055806
9.08  0.9408898168371187  1.1060971906664692
9.09  0.9740969756038197  1.1070948567535863
9.1  0.9975319552739804  1.1026800164988806
9.11  1.0113421592227119  1.0929197442752574
9.120000000000001  1.0157903117151665  1.0779205715324953
9.13  1.0112488775297046  1.0578277873735726
9.14  0.9981930416009585  1.0328244459565128
9.15  0.9771923619240876  1.003130087530738
9.16  0.9489012273621494  0.9689991820926999
9.17  0.9140482683735037  0.9307193067567445
9.18  0.8734248827919745  0.8886090699676564
9.19  0.8278730504470763  0.8430157976155863
9.200000000000001  0.7782726194423042  0.7943129979371572
9.21  0.7255282531924211  0.7428976237850594
9.22  0.6705562307728912  0.6891871524082199
9.23  0.6142712937175064  0.6336165042953344
9.24  0.5575737301158745  0.5766348238834896
9.25  0.5013368817583131  0.5187021460126515
9.26  0.4463952522393004  0.46028597290672013
9.27  0.3935333834921274  0.40185778717591053
9.28  0.3434756553539392  0.34388952685776797
9.290000000000001  0.2968771476565092  0.2868500488412979
9.3  0.2543156872407622  0.23120160714718083
9.31  0.21628518346799788  0.1773963724662763
9.32  0.1831903355404574  0.12587301908895804
9.33  0.15534277355922946  0.07705340489041683
9.34  0.13295867306767709  0.031339369376257094
9.35  0.11615786019199906  -0.010890326057411191
9.36  0.10496440174256667  -0.04928289252811103
9.370000000000001  0.0993086521252398  -0.08351422082185055
9.38  0.09903070697222405  -0.11329138075952161
9.39  0.10388519236758505  -0.13835489376557522
9.4  0.1135472987297717  -0.15848076130409589
9.41  0.12761995011844976  -0.1734822336539367
9.42  0.14564198322825403  -0.18321130541926292
9.43  0.16709719586172894  -0.18755992620061782
9.44  0.19142411245027394  -0.1864609169692619
9.450000000000001  0.21802630439223208  -0.17988858487775922
9.46  0.24628309574200644  -0.1678590314868449
9.47  0.2755604802123069  -0.1504301516749684
9.48  0.3052220736027254  -0.12770132280590235
9.49  0.334639926659465  -0.09981278604397575
9.5  0.36320502697667156  -0.0669447240084742
9.51  0.39033732480433314  -0.02931604123153553
9.52  0.4154951264227729  0.012817143889725347
9.53  0.4381837099337425  0.05916328479233097
9.540000000000001  0.4579630317205288  0.10939745715856605
9.55  0.47445440722782967  0.1631636591089186
9.56  0.4873460668600832  0.2200773443650479
9.57  0.49639750642156305  0.27972816981101684
9.58  0.5014425713273489  0.34168293725669935
9.59  0.5023912344887477  0.40548870772896306
9.6  0.4992300489936189  0.47067606529452605
9.61  0.4920212781280316  0.5367625062614969
9.620000000000001  0.48090072658381733  0.6032559286224213
9.63  0.4660743175330971  0.6696581957940618
9.64  0.4478134802981911  0.7354687480831015
9.65  0.42644943228943655  0.8001882348617765
9.66  0.4023664564260316  0.8633221401736327
9.67  0.37599429111922694  0.9243843744013773
9.68  0.34779976383206823  0.9829008047098288
9.69  0.31827781101097585  1.0384126972147147
9.700000000000001  0.2879420366203495  1.0904800442069404
9.71  0.2573149684422899  1.1386847502580073
9.72  0.22691817560329916  1.1826336516149005
9.73  0.19726241236705488  1.2219613439179862
9.74  0.1688379520251721  1.2563327938856972
9.75  0.14210527069321768  1.2854457111218385
9.76  0.1174862339629473  1.3090326565012869
9.77  0.09535592966892313  1.3268628635125816
9.78  0.07603527748112802  1.338743748242472
9.790000000000001  0.05978453058013251  1.3445220820221437
9.8  0.046797766161524194  1.3440847975802772
9.81  0.037198439641698236  1.3373593940331527
9.82  0.031036051586146852  1.324313896876317
9.83  0.02828394541826795  1.3049563142108191
9.84  0.02883821582392471  1.2793335062475923
9.85  0.03251765871418912  1.2475293457723207
9.86  0.03906462686462176  1.2096619824329844
9.870000000000001  0.04814655839407964  1.1658799150047898
9.88  0.05935779438281707  1.1163563891038684
9.89  0.07222105088147523  1.0612813078320724
9.9  0.08618746542724426  1.0008492393484218
9.91  0.10063329974582252  0.9352409574603239
9.92  0.11484970371521873  0.8645936678128987
9.93  0.12801837822227555  0.7889502950089903
9.94  0.13915785990144572  0.7081676458751255
9.950000000000001  0.14700531589653157  0.6217385799560965
9.96  0.14974662028485408  0.5284231482918617
9.97  0.14436393826667107  0.4254419359767153
9.98  0.12501776516910265  0.3068039012706838
9.99  0.08008286342129106  0.16232129728467426
10.0  3.5245272991341473e-15  5.8043296200977985e-15
