0.0  -0.20241467231536645  0.19529443596958102
0.01  -0.1994721387782472  0.19488237190723867
0.02  -0.19652031456289445  0.19447311946953938
0.03  -0.19355938080317356  0.1940666277728879
0.04  -0.19058951888784817  0.19366284566790057
0.05  -0.18761091044943698  0.19326172174523584
0.06  -0.18462373735308313  0.19286320434144666
0.07  -0.18162818168543823  0.19246724154485412
0.08  -0.17862442574356086  0.19207378120144195
0.09  -0.17561265202383  0.1916827709207715
0.1  -0.17259304321087632  0.1912941580819158
0.11  -0.16956578216652832  0.1909078898394135
0.12  -0.1665310519187778  0.19052391312924072
0.13  -0.16348903565076295  0.19014217467480127
0.14  -0.16043991668977076  0.18976262099293398
0.15  -0.15738387849625898  0.18938519839993723
0.16  -0.15432110465289917  0.18900985301760945
0.17  -0.15125177885364038  0.18863653077930548
0.18  -0.14817608489279502  0.18826517743600804
0.19  -0.14509420665414724  0.18789573856241384
0.2  -0.14200632810008468  0.18752815956303343
0.21  -0.13891263326075448  0.1871623856783048
0.22  -0.1358133062232431  0.1867983619907194
0.23  -0.1327085311207824  0.18643603343096105
0.24  -0.1295984921219815  0.18607534478405552
0.25  -0.1264833734200845  0.1857162406955325
0.26  -0.12336335922225697  0.1853586656775969
0.27  -0.12023863373889905  0.18500256411531077
0.28  -0.11710938117298827  0.18464788027278423
0.29  -0.11397578570945076  0.18429455829937558
0.3  -0.110838031504563  0.183942542235899
0.31  -0.1076963026753838  0.1835917760208404
0.32  -0.10455078328921796  0.18324220349657996
0.33  -0.10140165735311102  0.1828937684156211
0.34  -0.09824910880337699  0.1825464144468255
0.35000000000000003  -0.09509332149515914  0.18220008518165315
0.36  -0.09193447919202426  0.181854724140407
0.37  -0.08877276555559105  0.18151027477848233
0.38  -0.08560836413519417  0.18116668049261847
0.39  -0.08244145835758279  0.18082388462715449
0.4  -0.07927223151665597  0.18048183048028654
0.41000000000000003  -0.07610086676323416  0.18014046131032735
0.42  -0.07292754709486864  0.17979972034196628
0.43  -0.06975245534568796  0.17945955077253084
0.44  -0.06657577417628341  0.17911989577824705
0.45  -0.06339768606363325  0.1787806985205
0.46  -0.06021837329106644  0.17844190215209296
0.47000000000000003  -0.05703801793826641  0.17810344982350446
0.48  -0.05385680187131568  0.17776528468914327
0.49  -0.05067490673278141  0.17742734991360024
0.5  -0.04749251393184291  0.1770895886778965
0.51  -0.044309804634461034  0.17675194418572784
0.52  -0.04112695975359093  0.17641435966970384
0.53  -0.037944159939437484  0.17607677839758207
0.54  -0.03476158556975506  0.17573914367849616
0.55  -0.031579416740191255  0.17540139886917755
0.56  -0.028397833254675743  0.17506348738016989
0.5700000000000001  -0.0252170146158543  0.1747253526820361
0.58  -0.02203714001556871  0.17438693831155685
0.59  -0.018858388325382884  0.1740481878779205
0.6  -0.01568093808715606  0.17370904506890342
0.61  -0.012504967503663207  0.17336945365704023
0.62  -0.009330654429262869  0.17302935750578402
0.63  -0.006158176360613617  0.1726887005756545
0.64  -0.0029877104274389985  0.1723474269303755
0.65  0.00018056661665821067  0.1720054807429991
0.66  0.003346478403332444  0.17166280630201777
0.67  0.006509848958581484  0.17131934801746246
0.68  0.009670502711782276  0.17097505042698694
0.6900000000000001  0.012828264504675856  0.17062985820193757
0.7000000000000001  0.015982959600300814  0.17028371615340784
0.71  0.01913441369187508  0.16993656923827696
0.72  0.022282452911625842  0.16958836256523263
0.73  0.025426903839566375  0.16923904140077667
0.74  0.028567593512220296  0.168888551175213
0.75  0.031704349431292314  0.16853683748861814
0.76  0.0348369995722853  0.16818384611679274
0.77  0.037965372393063176  0.16782952301719434
0.78  0.04108929684235931  0.16747381433485015
0.79  0.04420860236823005  0.16711666640824985
0.8  0.04732311892645301  0.1667580257752175
0.81  0.050432676988869767  0.16639783917876216
0.8200000000000001  0.05353710755167243  0.1660360535729069
0.8300000000000001  0.056636242143634316  0.16567261612849463
0.84  0.05972991283428364  0.16530747423897224
0.85  0.06281795224202032  0.16494057552614994
0.86  0.06590019354217541  0.16457186784593741
0.87  0.06897647047501312  0.1642012992940549
0.88  0.07204661735367457  0.16382881821171974
0.89  0.07511046907206377  0.1634543731913066
0.9  0.07816786111267458  0.16307791308198194
0.91  0.08121862955435878  0.16269938699531186
0.92  0.08426261108003578  0.16231874431084234
0.93  0.08729964298434179  0.16193593468165207
0.9400000000000001  0.09032956318121999  0.1615509080398767
0.9500000000000001  0.09335221021145072  0.16116361460220482
0.96  0.09636742325012101  0.160774004875344
0.97  0.09937504211403411  0.16038202966145731
0.98  0.10237490726905754  0.1599876400635698
0.99  0.10536685983741115  0.15959078749094355
1.0  0.108350741604893  0.15919142366442193
1.01  0.11132639502804394  0.15878950062174157
1.02  0.11429366324125118  0.15838497072281243
1.03  0.1172523900637888  0.15797778665496465
1.04  0.12020242000679679  0.15756790143816232
1.05  0.12314359828019794  0.15715526843018343
1.06  0.12607577079955135  0.15673984133176533
1.07  0.12899878419284366  0.1563215741917155
1.08  0.13191248580721737  0.15590042141198723
1.09  0.1348167237156359  0.15547633775271946
1.1  0.1377113467234851  0.15504927833724014
1.11  0.14059620437511156  0.15461919865703333
1.12  0.14347114696029678  0.1541860545766688
1.1300000000000001  0.14633602552066824  0.15374980233869456
1.1400000000000001  0.14919069185604567  0.15331039856849038
1.1500000000000001  0.15203499853072347  0.1528678002790837
1.16  0.15486879887968913  0.1524219648759263
1.17  0.15769194701477668  0.15197285016163103
1.18  0.16050429783075576  0.15152041434066954
1.19  0.16330570701135616  0.15106461602402912
1.2  0.16609603103522733  0.15060541423382873
1.21  0.16887512718183278  0.1501427684078941
1.22  0.17164285353728004  0.1496766384042914
1.23  0.17439906900008484  0.14920698450581824
1.24  0.17714363328687033  0.14873376742445277
1.25  0.17987640693800047  0.14825694830575986
1.26  0.18259725132314913  0.14777648873325344
1.27  0.18530602864680235  0.14729235073271577
1.28  0.18800260195369561  0.14680449677647234
1.29  0.19068683513418577  0.14631288978762225
1.3  0.19335859292955673  0.1458174931442236
1.31  0.19601774093725932  0.14531827068343361
1.32  0.19866414561608567  0.14481518670560328
1.33  0.20129767429127793  0.14430820597832547
1.34  0.20391819515957013  0.1437972937404371
1.35  0.20652557729416493  0.14328241570597386
1.36  0.20911969064964434  0.1427635380680785
1.37  0.21170040606681362  0.14224062750286043
1.3800000000000001  0.21426759527748046  0.14171365117320867
1.3900000000000001  0.21682113090916702  0.1411825767325553
1.4000000000000001  0.21936088648975616  0.1406473723285912
1.41  0.22188673645207196  0.14010800660693187
1.42  0.22439855613839432  0.13956444871473464
1.43  0.22689622180490668  0.13901666830426582
1.44  0.22937961062607834  0.1384646355364178
1.45  0.2318486006989809  0.13790832108417578
1.46  0.23430307104753864  0.13734769613603406
1.47  0.23674290162671222  0.13678273239936062
1.48  0.23916797332661777  0.1362134021037112
1.49  0.241578167976579  0.1356396780040912
1.5  0.24397336834911407  0.13506153338416546
1.51  0.24635345816385645  0.13447894205941635
1.52  0.24871832209141015  0.13389187838024874
1.53  0.25106784575713936  0.1333003172350422
1.54  0.2534019157448925  0.1327042340531502
1.55  0.25572041960066055  0.13210360480784591
1.56  0.25802324583617  0.1314984060192138
1.57  0.26031028393241085  0.13088861475698776
1.58  0.2625814243430989  0.13027420864333455
1.59  0.2648365584980728  0.1296551658555832
1.6  0.2670755788066266  0.1290314651288989
1.61  0.26929837866077655  0.12840308575890227
1.62  0.2715048524384636  0.12777000760423346
1.6300000000000001  0.27369489550669107  0.12713221108906014
1.6400000000000001  0.27586840422459735  0.12648967720553034
1.6500000000000001  0.2780252759464647  0.12584238751616855
1.6600000000000001  0.2801654090246625  0.12519032415621628
1.67  0.28228870281252777  0.12453346983591546
1.68  0.28439505766718043  0.12387180784273566
1.69  0.28648437495227475  0.12320532204354386
1.7  0.28855655704068744  0.12253399688671775
1.71  0.2906115073171414  0.12185781740420105
1.72  0.2926491301807665  0.12117676921350133
1.73  0.29466933104759624  0.12049083851963072
1.74  0.29667201635300233  0.11980001211698814
1.75  0.29865709355406483  0.11910427739118314
1.76  0.3006244711318803  0.11840362232080245
1.77  0.30257405859380715  0.11769803547911707
1.78  0.304505766475648  0.11698750603573123
1.79  0.3064195063437701  0.11627202375817242
1.8  0.3083151907971633  0.11555157901342261
1.81  0.31019273346943665  0.11482616276939016
1.82  0.31205204903075184  0.11409576659632256
1.83  0.3138930531896966  0.1133603826681598
1.84  0.315715662695096  0.11262000376382839
1.85  0.3175197953377621  0.11187462326847526
1.86  0.3193053699521835  0.11112423517464247
1.87  0.321072306418154  0.11036883408338152
1.8800000000000001  0.3228205256623396  0.10960841520530804
1.8900000000000001  0.324549949659787  0.1088429743615959
1.9000000000000001  0.3262605014353702  0.1080725079849118
1.9100000000000001  0.32795210506517886  0.10729701312028862
1.92  0.3296246856778451  0.10651648742593946
1.93  0.33127816945581334  0.10573092917400986
1.94  0.3329124836365486  0.10494033725127092
1.95  0.33452755651368743  0.10414471115975059
1.96  0.3361233174381294  0.10334405101730469
1.97  0.33769969681907075  0.10253835755812729
1.98  0.33925662612497903  0.10172763213320012
1.99  0.3407940378845105  0.10091187671068075
2.0  0.34231186568737015  0.10009109387623057
2.0100000000000002  0.343810044185113  0.09926528683328102
2.02  0.3452885090918895  0.09843445940323944
2.0300000000000002  0.34674719718513425  0.09759861602563315
2.04  0.34818604630619615  0.09675776175819344
2.05  0.349604995360915  0.09591190227687749
2.06  0.35100398432014  0.09506104387582946
2.07  0.352382954220193  0.09420519346728154
2.08  0.35374184716327695  0.09334435858139163
2.09  0.35508060631782773  0.09247854736602239
2.1  0.35639917591881326  0.09160776858645732
2.11  0.35769750126797517  0.09073203162505679
2.12  0.3589755287340187  0.08985134648085259
2.13  0.36023320575274703  0.08896572376908171
2.14  0.3614704808271425  0.08807517472065836
2.15  0.3626873035273942  0.08717971118158643
2.16  0.36388362449087236  0.08627934561230935
2.17  0.36505939542205007  0.08537409108700043
2.18  0.3662145690923724  0.08446396129279171
2.19  0.36734909934007326  0.08354897052894192
2.2  0.3684629410699409  0.0826291337059443
2.21  0.3695560502530303  0.08170446634457311
2.22  0.3706283839263265  0.08077498457487033
2.23  0.371679900192355  0.07984070513507104
2.24  0.3727105582187426  0.07890164537046926
2.25  0.3737203182377278  0.0779578232322226
2.2600000000000002  0.37470914154562096  0.07700925727609763
2.27  0.3756769905022148  0.07605596666115447
2.2800000000000002  0.3766238285301459  0.07509797114837163
2.29  0.37754962011420695  0.07413529109921106
2.3000000000000003  0.37845433080061014  0.07316794747412324
2.31  0.37933792719620246  0.0721959618309928
2.32  0.3802003769676336  0.07121935632352472
2.33  0.38104164884047464  0.07023815369957079
2.34  0.3818617125982909  0.06925237729939751
2.35  0.38266053908166675  0.06826205105389384
2.36  0.3834381001871849  0.06726719948272154
2.37  0.38419436886635805  0.06626784769240533
2.38  0.3849293191245155  0.06526402137436525
2.39  0.385642926019644  0.06425574680289016
2.4  0.3863351656611831  0.06324305083305373
2.41  0.3870060152087751  0.062225960898571145
2.42  0.38765545287097225  0.06120450500959919
2.43  0.38828345790389673  0.06017871175047759
2.44  0.3888900106098603  0.059148610277413666
2.45  0.38947509233593663  0.05811423031610914
2.46  0.3900386854724942  0.05707560215933008
2.47  0.39058077345168324  0.05603275666441973
2.48  0.39110134074588193  0.054985725250755346
2.49  0.3916003728661  0.053934539897147485
2.5  0.3920778563603409  0.052879233139184134
2.5100000000000002  0.39253377881192164  0.051819838066518006
2.52  0.39296812883775256  0.050756388320098975
2.5300000000000002  0.3933808960865761  0.04968891808935001
2.54  0.39377207123716473  0.04861746210928859
2.5500000000000003  0.39414164599647983  0.0475420556575929
2.56  0.39448961309778974  0.04646273455161318
2.57  0.3948159662987497  0.045379535145328484
2.58  0.39512070037944247  0.04429249432624964
2.59  0.3954038111403795  0.04320164951226807
2.6  0.3956652954004658  0.04210703864845031
2.61  0.39590515099492485  0.04100870020378068
2.62  0.39612337677318776  0.039906673167848725
2.63  0.39631997259674423  0.03880099704748617
2.64  0.39649493933695723  0.03769171186334923
2.65  0.3966482788728411  0.03657885814645048
2.66  0.3967799940888038  0.03546247693463739
2.67  0.39689008887235316  0.03434260976902059
2.68  0.3969785681117681  0.03321929869034948
2.69  0.39704543769373507  0.03209258623533824
2.7  0.3970907045009487  0.030962515432940027
2.71  0.39711437640968  0.029829129800572285
2.72  0.39711646228730985  0.02869247334029011
2.73  0.39709697198982774  0.027552590534912227
2.74  0.39705591635929977  0.02640952634409574
2.75  0.3969933072213016  0.02526332620036377
2.7600000000000002  0.39690915738232047  0.024114036005082343
2.77  0.3968034806271241  0.022961702124391872
2.7800000000000002  0.39667629171609864  0.021806371385087633
2.79  0.3965276063825544  0.020648091070455718
2.8000000000000003  0.3963574413300013  0.019486908916059517
2.81  0.3961658142293931  0.018322873105481183
2.82  0.39595274371634187  0.0171560322660156
2.83  0.3957182493883016  0.015986435464318882
2.84  0.3954623518017228  0.014814132202011665
2.85  0.39518507246917817  0.01363917241123594
2.86  0.3948864338564582  0.012461606450168985
2.87  0.39456645937963924  0.011281485098490779
2.88  0.394225173402123  0.010098859552809522
2.89  0.3938626012316477  0.008913781422041717
2.9  0.3934787691172725  0.007726302722750697
2.91  0.39307370424633387  0.006536475874440978
2.92  0.39264743474137614  0.005344353694811663
2.93  0.3921999896570541  0.0041499893949667604
2.94  0.3917313989770109  0.0029534365745848418
2.95  0.3912416936107291  0.0017547492170472412
2.96  0.3907309053903566  0.0005539816845259588
2.97  0.39019906706750757  -0.0006488112869688784
2.98  0.389646212310038  -0.001853574592581092
2.99  0.38907237569879727  -0.0030602527636397203
3.0  0.3884775927243557  -0.00426878997272917
3.0100000000000002  0.38786189978370694  -0.00547913003879804
3.02  0.3872253341769493  -0.006691216432304921
3.0300000000000002  0.3865679341039413  -0.007904992280402964
3.04  0.38588973866093584  -0.009120400372159984
3.0500000000000003  0.38519078783719174  -0.010337383163816181
3.06  0.38447112251156296  -0.011555882784077244
3.0700000000000003  0.38373078444906505  -0.012775841039443278
3.08  0.38296981629742227  -0.013997199419572469
3.09  0.38218826158359015  -0.01521989910267988
3.1  0.38138616471026077  -0.016443880960969895
3.11  0.3805635709523447  -0.017669085566102152
3.12  0.37972052645343357  -0.018895453194690937
3.13  0.3788570782222432  -0.020122923833837264
3.14  0.3779732741290359  -0.021351437186692412
3.15  0.37706916290202463  -0.022580932678053986
3.16  0.3761447941237567  -0.02381134945999227
3.17  0.3752002182274802  -0.025042626417507353
3.18  0.3742354864934907  -0.026274702174217096
3.19  0.3732506510454608  -0.027507515098073296
3.2  0.3722457648467508  -0.02874100330710845
3.21  0.3712208816967025  -0.02997510467520948
3.22  0.3701760562269155  -0.031209756837920627
3.23  0.36911134389750694  -0.032444897198273655
3.24  0.36802680099335305  -0.0336804629326442
3.25  0.36692248462031657  -0.03491639099663579
3.2600000000000002  0.36579845270145567  -0.03615261813098861
3.27  0.36465476397321933  -0.037389080867514225
3.2800000000000002  0.36349147798162457  -0.03862571553505545
3.29  0.3623086550784212  -0.039862458265469206
3.3000000000000003  0.36110635641723854  -0.04109924499963482
3.31  0.3598846439497204  -0.042336011493483997
3.3200000000000003  0.3586435804216433  -0.04357269332405464
3.33  0.35738322936902156  -0.04480922589556557
3.34  0.3561036551141978  -0.0460455444455142
3.35  0.3548049227619204  -0.04728158405079387
3.36  0.3534870981954077  -0.048517279633832115
3.37  0.35215024807239736  -0.04975256596874939
3.38  0.35079443982118547  -0.050987377687536195
3.39  0.3494197416366502  -0.05222164928624907
3.4  0.3480262224762654  -0.05345531513122566
3.41  0.34661395205610046  -0.054688309465316616
3.42  0.34518300084680914  -0.05592056641413408
3.43  0.3437334400696056  -0.05715201999231853
3.44  0.342265341692231  -0.058382604109818784
3.45  0.34077877842490656  -0.05961225257819042
3.46  0.3392738237162777  -0.06084089911690613
3.47  0.3377505517493454  -0.06206847735968239
3.48  0.3362090374373894  -0.06329492086081856
3.49  0.3346493564198788  -0.06452016310154945
3.5  0.3330715850583746  -0.06574413749641013
3.5100000000000002  0.3314758004324207  -0.06696677739961329
3.52  0.32986208033542685  -0.0681880161114366
3.5300000000000002  0.3282305032705407  -0.06940778688462222
3.54  0.32658114844651226  -0.07062602293078528
3.5500000000000003  0.3249140957735473  -0.07184265742683318
3.56  0.3232294258591549  -0.07305762352139199
3.5700000000000003  0.32152722000398315  -0.07427085434124313
3.58  0.31980756019764933  -0.0754822829977667
3.59  0.31807052911455974  -0.07669184259339241
3.6  0.31631621010972333  -0.07789946622805728
3.61  0.3145446872145564  -0.07910508700566822
3.62  0.31275604513268024  -0.08030863804057209
3.63  0.31095036923571107  -0.08151005246402844
3.64  0.30912774555904304  -0.08270926343068802
3.65  0.3072882607976245  -0.0839062041250739
3.66  0.3054320023017263  -0.08510080776806696
3.67  0.30355905807270517  -0.08629300762339179
3.68  0.3016695167587587  -0.0874827370041067
3.69  0.29976346765067574  -0.08866992927909322
3.7  0.2978410006775795  -0.08985451787954737
3.71  0.2959022064026649  -0.09103643630547056
3.72  0.29394717601893083  -0.09221561813215984
3.73  0.29197600134490553  -0.09339199701669759
3.74  0.28998877482036783  -0.09456550670443861
3.75  0.28798558950206155  -0.0957360810354958
3.7600000000000002  0.2859665390594062  -0.09690365395122255
3.77  0.28393171777020176  -0.09806815950069123
3.7800000000000002  0.2818812205163287  -0.09922953184716862
3.79  0.2798151427794433  -0.10038770527458521
3.8000000000000003  0.27773358063666853  -0.10154261419400079
3.81  0.2756366307562802  -0.1026941931500627
3.8200000000000003  0.27352439039338905  -0.10384237682745859
3.83  0.27139695738561875  -0.10498710005736173
3.84  0.26925443014877826  -0.10612829782386879
3.85  0.2670969076725335  -0.10726590527042888
3.86  0.2649244895160717  -0.10839985770626476
3.87  0.2627372758037647  -0.10953009061278307
3.88  0.26053536722082654  -0.11065653964997638
3.89  0.2583188650089695  -0.11177914066281264
3.9  0.2560878709620555  -0.11289782968761526
3.91  0.25384248742174464  -0.11401254295843011
3.92  0.2515828172731411  -0.11512321691338023
3.93  0.24930896394043472  -0.1162297882010085
3.94  0.24702103138254128  -0.1173321936866056
3.95  0.24471912408873878  -0.11843037045852439
3.96  0.2424033470743015  -0.1195242558344794
3.97  0.24007380587613097  -0.12061378736783104
3.98  0.2377306065483853  -0.12169890285385408
3.99  0.2353738556581048  -0.12277954033598916
4.0  0.23300366028083652  -0.12385563811207745
4.01  0.2306201279962552  -0.12492713474057798
4.0200000000000005  0.22822336688378328  -0.12599396904676652
4.03  0.22581348551820823  -0.1270560801289149
4.04  0.22339059296529695  -0.12811340736445256
4.05  0.2209547987774097  -0.12916589041610688
4.0600000000000005  0.2185062129891114  -0.130213469238023
4.07  0.2160449461127813  -0.13125608408186326
4.08  0.21357110913421978  -0.13229367550288448
4.09  0.2110848135082553  -0.13332618436599344
4.1  0.2085861711543483  -0.13435355185177855
4.11  0.20607529445219347  -0.1353757194625198
4.12  0.2035522962373229  -0.13639262902817273
4.13  0.20101728979670266  -0.13740422271233022
4.14  0.1984703888643336  -0.13841044301815741
4.15  0.19591170761684643  -0.13941123279430184
4.16  0.1933413606690994  -0.14040653524077734
4.17  0.1907594630697698  -0.1413962939148213
4.18  0.1881661302969489  -0.14238045273672462
4.19  0.18556147825373195  -0.1433589559956338
4.2  0.18294562326381128  -0.1443317483553245
4.21  0.18031868206706206  -0.14529877485994727
4.22  0.17768077181513345  -0.1462599809397423
4.23  0.17503201006703392  -0.14721531241672545
4.24  0.17237251478471866  -0.14816471551034358
4.25  0.1697024043286726  -0.14910813684309798
4.26  0.1670217974534961  -0.15004552344613784
4.2700000000000005  0.16433081330348692  -0.15097682276482022
4.28  0.16162957140822273  -0.15190198266423793
4.29  0.1589181916781408  -0.15282095143471477
4.3  0.15619679440011935  -0.15373367779726665
4.3100000000000005  0.15346550023305539  -0.15464011090902816
4.32  0.15072443020344423  -0.1555402003686457
4.33  0.14797370570095433  -0.156433896221634
4.34  0.1452134484740055  -0.15732114896569854
4.3500000000000005  0.1424437806253429  -0.15820190955602026
4.36  0.13966482460761248  -0.1590761294105043
4.37  0.13687670321893242  -0.159943760414992
4.38  0.1340795395984674  -0.1608047549284346
4.39  0.13127345722199946  -0.16165906578802872
4.4  0.12845857989749743  -0.16250664631431383
4.41  0.12563503176068855  -0.1633474503162296
4.42  0.12280293727062526  -0.16418143209613528
4.43  0.11996242120525374  -0.16500854645478685
4.44  0.11711360865697924  -0.1658287486962754
4.45  0.11425662502823453  -0.16664199463292345
4.46  0.11139159602704043  -0.16744824059014038
4.47  0.10851864766257291  -0.16824744341123524
4.48  0.10563790624072263  -0.16903956046218788
4.49  0.1027494983596595  -0.16982454963637672
4.5  0.09985355090538939  -0.17060236935926298
4.51  0.09695019104731566  -0.171372978593032
4.5200000000000005  0.09403954623379586  -0.17213633684118937
4.53  0.09112174418769964  -0.17289240415311263
4.54  0.08819691290196233  -0.17364114112855855
4.55  0.08526518063514099  -0.17438250892212376
4.5600000000000005  0.08232667590696625  -0.17511646924766028
4.57  0.07938152749389486  -0.17584298438264429
4.58  0.07642986442465835  -0.17656201717249784
4.59  0.07347181597581354  -0.17727353103486398
4.6000000000000005  0.07050751166728858  -0.1779774899638336
4.61  0.06753708125793065  -0.17867385853412454
4.62  0.06456065474104758  -0.1793626019052119
4.63  0.061578362339953355  -0.18004368582540992
4.64  0.05859033450350822  -0.18071707663590425
4.65  0.05559670190165733  -0.18138274127473475
4.66  0.052597595420971  -0.182040647280728
4.67  0.04959314616017839  -0.1826907627973794
4.68  0.046583485425703675  -0.18333305657668503
4.69  0.043568744727196566  -0.18396749798292145
4.7  0.040549055773065695  -0.18459405699637374
4.71  0.03752455046600475  -0.18521270421701352
4.72  0.03449536089852082  -0.1858234108681222
4.73  0.03146161934845748  -0.18642614879986302
4.74  0.02842345827452012  -0.18702089049279963
4.75  0.02538101031179299  -0.18760760906136154
4.76  0.022334408267260016  -0.1881862782572558
4.7700000000000005  0.0192837851153188  -0.18875687247282427
4.78  0.016229273993297353  -0.18931936674434652
4.79  0.01317100819696142  -0.1898737367552894
4.8  0.010109121176026352  -0.1904199588394992
4.8100000000000005  0.007043746529662307  -0.19095800998434023
4.82  0.003975018001999104  -0.19148786783377708
4.83  0.000903069477625567  -0.19200951069140115
4.84  -0.0021719650229095992  -0.1925229175234004
4.8500000000000005  -0.005249951347603452  -0.19302806796147304
4.86  -0.008330755217504138  -0.193524942305684
4.87  -0.011414242231222742  -0.19401352152726434
4.88  -0.014500277869443719  -0.19449378727135302
4.89  -0.0175887274994413  -0.19496572185968106
4.9  -0.020679456379598702  -0.19542930829319782
4.91  -0.02377232966392792  -0.19588453025463864
4.92  -0.026867212406596147  -0.19633137211103363
4.93  -0.02996396956645277  -0.1967698189161589
4.94  -0.033062466011561556  -0.19719985641292725
4.95  -0.036162566523733154  -0.19762147103571992
4.96  -0.039264135803065134  -0.19803464991265937
4.97  -0.042367038472481716  -0.19843938086782154
4.98  -0.04547113908228005  -0.1988356524233884
4.99  -0.048576302114676645  -0.19922345380173984
5.0  -0.05168239198836094  -0.19960277492748513
5.01  -0.05478927306305014  -0.1999736064294345
5.0200000000000005  -0.05789680964404967  -0.20033593964250823
5.03  -0.061004865986813726  -0.2006897666095855
5.04  -0.06411330630151589  -0.20103508008329193
5.05  -0.06722199475761745  -0.20137187352772545
5.0600000000000005  -0.07033079548844406  -0.20170014112011955
5.07  -0.07343957259576203  -0.20201987775244618
5.08  -0.07654819015436513  -0.20233107903295486
5.09  -0.07965651221665873  -0.20263374128765083
5.1000000000000005  -0.08276440281725356  -0.2029278615617099
5.11  -0.08587172597755818  -0.20321343762083022
5.12  -0.08897834571038321  -0.20349046795252312
5.13  -0.09208412602454233  -0.20375895176733866
5.14  -0.09518893092946223  -0.2040188890000292
5.15  -0.09829262443979708  -0.2042702803106503
5.16  -0.10139507058004378  -0.2045131270855966
5.17  -0.10449613338916677  -0.2047474314385758
5.18  -0.10759567692522388  -0.20497319621151777
5.19  -0.11069356526999904  -0.2051904249754205
5.2  -0.11378966253363698  -0.20539912203113195
5.21  -0.11688383285928676  -0.2055992924100681
5.22  -0.1199759404277461  -0.20579094187486602
5.23  -0.12306584946211392  -0.20597407691997413
5.24  -0.12615342423244472  -0.206148704772177
5.25  -0.1292385290604106  -0.206314833391056
5.26  -0.1323210283239669  -0.2064724714693857
5.2700000000000005  -0.13540078646202366  -0.20662162843346574
5.28  -0.13847766797912056  -0.20676231444338752
5.29  -0.14155153745010937  -0.20689454039323643
5.3  -0.14462225952483948  -0.20701831791123032
5.3100000000000005  -0.14768969893285128  -0.2071336593597909
5.32  -0.1507537204880703  -0.2072405778355528
5.33  -0.15381418909351185  -0.20733908716930566
5.34  -0.1568709697459875  -0.2074292019258725
5.3500000000000005  -0.15992392754081908  -0.20751093740392296
5.36  -0.16297292767655394  -0.20758430963572072
5.37  -0.16601783545969337  -0.20764933538680685
5.38  -0.16905851630941743  -0.2077060321556175
5.39  -0.17209483576232287  -0.20775441817303714
5.4  -0.175126659477161  -0.20779451240188562
5.41  -0.17815385323958405  -0.20782633453634164
5.42  -0.18117628296689686  -0.2078499050013001
5.43  -0.18419381471281393  -0.20786524495166472
5.44  -0.18720631467222087  -0.20787237627157568
5.45  -0.19021364918594172  -0.2078713215735721
5.46  -0.19321568474551534  -0.20786210419769038
5.47  -0.1962122879979719  -0.2078447482104958
5.48  -0.1992033257506192  -0.2078192784040514
5.49  -0.20218866497583118  -0.20778572029482065
5.5  -0.2051681728158479  -0.20774410012250527
5.51  -0.20814171658757374  -0.20769444484881988
5.5200000000000005  -0.21110916378738664  -0.20763678215619935
5.53  -0.21407038209595017  -0.20757114044644434
5.54  -0.21702523938303347  -0.2074975488393006
5.55  -0.21997360371233618  -0.20741603717097434
5.5600000000000005  -0.22291534334631719  -0.207326635992583
5.57  -0.22585032675103  -0.2072293765685428
5.58  -0.22877842260096629  -0.20712429087489032
5.59  -0.2316994997839024  -0.20701141159754194
5.6000000000000005  -0.23461342740575103  -0.20689077213048834
5.61  -0.23752007479541945  -0.2067624065739248
5.62  -0.24041931150967485  -0.20662634973231922
5.63  -0.24331100733801378  -0.2064826371124151
5.64  -0.24619503230753542  -0.20633130492117197
5.65  -0.24907125668782412  -0.20617239006364219
5.66  -0.2519395509958331  -0.20600593014078494
5.67  -0.2547997860007797  -0.2058319634472165
5.68  -0.2576518327290387  -0.2056505289688988
5.69  -0.2604955624690469  -0.20546166638076413
5.7  -0.2633308467762089  -0.2052654160442781
5.71  -0.2661575574778133  -0.20506181900494008
5.72  -0.26897556667794814  -0.2048509169897214
5.73  -0.27178474676242614  -0.20463275240444154
5.74  -0.27458497040371177  -0.20440736833108275
5.75  -0.2773761105658585  -0.20417480852504274
5.76  -0.2801580405094445  -0.2039351174123265
5.7700000000000005  -0.28293063379651917  -0.2036883400866762
5.78  -0.2856937642955496  -0.20343452230664105
5.79  -0.2884473061863784  -0.20317371049258537
5.8  -0.2911911339651794  -0.20290595172363707
5.8100000000000005  -0.2939251224494234  -0.2026312937345748
5.82  -0.29664914678284443  -0.20234978491265654
5.83  -0.2993630824404157  -0.20206147429438653
5.84  -0.30206680523332596  -0.2017664115622239
5.8500000000000005  -0.3047601913139621  -0.20146464704123163
5.86  -0.30744311718089445  -0.20115623169566618
5.87  -0.3101154596838701  -0.20084121712550845
5.88  -0.3127770960288082  -0.2005196555629363
5.89  -0.3154279037827976  -0.2001915998687384
5.9  -0.31806776087910266  -0.19985710352867073
5.91  -0.3206965456221687  -0.19951622064975438
5.92  -0.3233141366926373  -0.19916900595651676
5.93  -0.3259204131523583  -0.19881551478717518
5.94  -0.32851525444941093  -0.1984558030897638
5.95  -0.33109854042312514  -0.19808992741820355
5.96  -0.3336701513091108  -0.19771794492831654
5.97  -0.33622996774428493  -0.19733991337378365
5.98  -0.3387778707719057  -0.19695589110204736
5.99  -0.3413137418466079  -0.19656593705015846
6.0  -0.34383746283944505  -0.19617011074056812
6.01  -0.3463489160429283  -0.19576847227686572
6.0200000000000005  -0.34884798417607416  -0.19536108233946134
6.03  -0.35133455038944994  -0.19494800218121527
6.04  -0.3538084982702273  -0.1945292936230132
6.05  -0.35626971184723255  -0.1941050190492886
6.0600000000000005  -0.3587180755960031  -0.1936752414034916
6.07  -0.36115347444384327  -0.19324002418350594
6.08  -0.36357579377488686  -0.19279943143701334
6.09  -0.36598491943515504  -0.19235352775680586
6.1000000000000005  -0.3683807377376211  -0.19190237827604711
6.11  -0.37076313546727435  -0.19144604866348222
6.12  -0.37313199988618617  -0.19098460511859755
6.13  -0.37548721873857915  -0.19051811436672889
6.140000000000001  -0.37782868025589256  -0.19004664365412077
6.15  -0.3801562731618528  -0.18957026074293656
6.16  -0.3824698866775442  -0.18908903390621795
6.17  -0.3847694105264804  -0.18860303192279715
6.18  -0.38705473493967296  -0.18811232407215991
6.19  -0.38932575066070574  -0.18761698012926126
6.2  -0.3915823489508036  -0.18711707035929298
6.21  -0.39382442159390746  -0.18661266551240507
6.22  -0.3960518609017419  -0.186103836818379
6.23  -0.39826455971888886  -0.1855906559812569
6.24  -0.4004624114278547  -0.18507319517392318
6.25  -0.4026453099541435  -0.18455152703264127
6.26  -0.4048131497713213  -0.18402572465154582
6.2700000000000005  -0.40696582590608604  -0.18349586157709083
6.28  -0.4091032339433306  -0.18296201180245242
6.29  -0.4112252700312098  -0.1824242497618893
6.3  -0.41333183088619946  -0.18188265032505987
6.3100000000000005  -0.4154228137981587  -0.1813372887912964
6.32  -0.41749811663538566  -0.18078824088383752
6.33  -0.41955763784967487  -0.1802355827440184
6.34  -0.42160127648136836  -0.17967939092542062
6.3500000000000005  -0.4236289321644059  -0.17911974238798067
6.36  -0.4256405051313699  -0.17855671449205823
6.37  -0.4276358962185319  -0.17799038499246506
6.38  -0.42961500687088827  -0.17742083203245462
6.390000000000001  -0.4315777391471979  -0.17684813413767225
6.4  -0.4335239957250123  -0.1762723702100683
6.41  -0.43545367990570505  -0.17569361952177198
6.42  -0.43736669561949126  -0.17511196170892962
6.43  -0.43926294743044764  -0.17452747676550456
6.44  -0.44114234054152396  -0.173940245037042
6.45  -0.44300478079955  -0.17335034721439802
6.46  -0.4448501747002391  -0.1727578643274323
6.47  -0.4466784293931817  -0.17216287773866729
6.48  -0.44848945268683665  -0.17156546913691312
6.49  -0.45028315305351296  -0.17096572053085812
6.5  -0.4520594396343488  -0.1703637142426273
6.51  -0.4538182222442791  -0.16975953290130702
6.5200000000000005  -0.4555594113769993  -0.1691532594364388
6.53  -0.45728291820991945  -0.16854497707148125
6.54  -0.458988654609113  -0.1679347693172402
6.55  -0.4606765331342551  -0.1673227199652699
6.5600000000000005  -0.46234646704355375  -0.16670891308124314
6.57  -0.4639983702986718  -0.1660934329982932
6.58  -0.465632157569642  -0.16547636431032553
6.59  -0.4672477442397698  -0.1648577918653027
6.6000000000000005  -0.4688450464105285  -0.16423780075850059
6.61  -0.47042398090644433  -0.16361647632573917
6.62  -0.4719844652799724  -0.16299390413658407
6.63  -0.4735264178163602  -0.16237016998752474
6.640000000000001  -0.4750497575385016  -0.1617453598951263
6.65  -0.4765544042117798  -0.16111956008915623
6.66  -0.47804027834889995  -0.16049285700568705
6.67  -0.4795073012147078  -0.15986533728017566
6.68  -0.4809553948309982  -0.15923708774051984
6.69  -0.4823844819813113  -0.15860819540009088
6.7  -0.48379448621571475  -0.15797874745074586
6.71  -0.48518533185557533  -0.15734883125581803
6.72  -0.4865569439983149  -0.15671853434308622
6.73  -0.4879092485221544  -0.1560879443977244
6.74  -0.4892421720908428  -0.1554571492552313
6.75  -0.4905556421583741  -0.15482623689434188
6.76  -0.4918495869736861  -0.15419529542991953
6.7700000000000005  -0.4931239355853476  -0.1535644131058308
6.78  -0.49437861784622816  -0.15293367828780377
6.79  -0.49561356441815463  -0.15230317945626784
6.8  -0.49682870677654867  -0.1516730051991803
6.8100000000000005  -0.4980239772150507  -0.15104324420483486
6.82  -0.49919930885012503  -0.15041398525465716
6.83  -0.5003546356256507  -0.14978531721598584
6.84  -0.501489892317492  -0.14915732903483936
6.8500000000000005  -0.5026050145380536  -0.1485301097286705
6.86  -0.5036999387408158  -0.14790374837910836
6.87  -0.5047746022248532  -0.14727833412468905
6.88  -0.5058289431393332  -0.14665395615357424
6.890000000000001  -0.5068629004879966  -0.14603070369626048
6.9  -0.5078764141336165  -0.14540866601827757
6.91  -0.5088694248024404  -0.14478793241287885
6.92  -0.5098418740886093  -0.14416859219372147
6.93  -0.5107937044585581  -0.14355073468753962
6.94  -0.5117248592553939  -0.14293444922681026
6.95  -0.5126352827032535  -0.1423198251424121
6.96  -0.513524919911639  -0.14170695175627734
6.97  -0.5143937168797302  -0.14109591837403987
6.98  -0.5152416205006781  -0.14048681427767692
6.99  -0.5160685785658702  -0.1398797287181471
7.0  -0.5168745397691772  -0.13927475090802463
7.01  -0.5176594537111732  -0.13867197001413054
7.0200000000000005  -0.5184232709033334  -0.13807147515016172
7.03  -0.519165942772207  -0.13747335536931773
7.04  -0.5198874216635644  -0.13687769965692692
7.05  -0.5205876608465204  -0.13628459692307127
7.0600000000000005  -0.5212666145176322  -0.1356941359952126
7.07  -0.5219242378049687  -0.1351064056108182
7.08  -0.5225604867721569  -0.13452149440998862
7.09  -0.5231753184223994  -0.13393949092808674
7.1000000000000005  -0.5237686907024652  -0.1333604835883705
7.11  -0.5243405625066531  -0.13278456069462802
7.12  -0.5248908936807272  -0.13221181042381636
7.13  -0.5254196450258234  -0.13164232081870575
7.140000000000001  -0.5259267783023279  -0.13107617978052827
7.15  -0.5264122562337267  -0.13051347506163208
7.16  -0.526876042510424  -0.12995429425814267
7.17  -0.5273181017935327  -0.12939872480263076
7.18  -0.5277383997186329  -0.12884685395678738
7.19  -0.5281369028995003  -0.12829876880410807
7.2  -0.5285135789318038  -0.12775455624258508
7.21  -0.5288683963967702  -0.12721430297741024
7.22  -0.5292013248648185  -0.12667809551368625
7.23  -0.5295123348991606  -0.12614602014915022
7.24  -0.5298013980593694  -0.12561816296690778
7.25  -0.5300684869049144  -0.1250946098281796
7.26  -0.5303135749986627  -0.12457544636506014
7.2700000000000005  -0.5305366369103462  -0.12406075797328942
7.28  -0.5307376482199949  -0.12355062980504014
7.29  -0.5309165855213346  -0.12304514676171664
7.3  -0.5310734264251495  -0.12254439348677156
7.3100000000000005  -0.53120814956261  -0.12204845435853627
7.32  -0.5313207345885618  -0.12155741348306924
7.33  -0.5314111621847823  -0.12107135468701966
7.34  -0.5314794140631972  -0.12059036151050985
7.3500000000000005  -0.5315254729690602  -0.12011451720003503
7.36  -0.5315493226840956  -0.11964390470138292
7.37  -0.5315509480296025  -0.11917860665257109
7.38  -0.5315303348695204  -0.11871870537680562
7.390000000000001  -0.5314874701134558  -0.11826428287546002
7.4  -0.5314223417196691  -0.11781542082107509
7.41  -0.5313349386980218  -0.11737220055038038
7.42  -0.5312252511128841  -0.11693470305733855
7.43  -0.5310932700860012  -0.11650300898621266
7.44  -0.530938987799318  -0.11607719862465637
7.45  -0.5307623974977641  -0.11565735189682975
7.46  -0.5305634934919949  -0.1152435483565374
7.47  -0.5303422711610923  -0.11483586718039498
7.48  -0.5300987269552206  -0.11443438716101949
7.49  -0.5298328583982416  -0.11403918670024643
7.5  -0.5295446640902841  -0.1136503438023748
7.51  -0.5292341437102714  -0.11326793606743962
7.5200000000000005  -0.5289012980184025  -0.11289204068451214
7.53  -0.5285461288585902  -0.11252273442502925
7.54  -0.5281686391608537  -0.11216009363615248
7.55  -0.5277688329436646  -0.11180419423415744
7.5600000000000005  -0.5273467153162488  -0.11145511169785238
7.57  -0.5269022924808399  -0.11111292106202962
7.58  -0.5264355717348879  -0.1107776969109476
7.59  -0.5259465614732197  -0.11044951337184569
7.6000000000000005  -0.5254352711901523  -0.11012844410849132
7.61  -0.5249017114815574  -0.109814562314762
7.62  -0.524345894046879  -0.10950794070825871
7.63  -0.5237678316911016  -0.10920865152395662
7.640000000000001  -0.5231675383266684  -0.10891676650788888
7.65  -0.522545028975352  -0.10863235691086723
7.66  -0.5219003197700735  -0.10835549348223776
7.67  -0.5212334279566709  -0.10808624646367462
7.68  -0.5205443718956203  -0.10782468558300935
7.69  -0.519833171063701  -0.1075708800480998
7.7  -0.5190998460556131  -0.10732489854073618
7.71  -0.5183444185855416  -0.107086809210586
7.72  -0.5175669114886692  -0.10685667966917911
7.73  -0.5167673487226344  -0.10663457698393192
7.74  -0.5159457553689399  -0.10642056767221245
7.75  -0.5151021576343053  -0.10621471769544605
7.76  -0.5142365828519664  -0.10601709245326278
7.7700000000000005  -0.5133490594829215  -0.1058277567776869
7.78  -0.5124396171171223  -0.10564677492736849
7.79  -0.5115082864746101  -0.10547421058185771
7.8  -0.5105550994065979  -0.10531012683592392
7.8100000000000005  -0.5095800888964951  -0.10515458619391732
7.82  -0.5085832890608778  -0.10500765056417556
7.83  -0.5075647351504026  -0.10486938125347556
7.84  -0.5065244635506635  -0.1047398389615304
7.8500000000000005  -0.5054625117829922  -0.10461908377553264
7.86  -0.5043789185052002  -0.10450717516474341
7.87  -0.5032737235122654  -0.10440417197512876
7.88  -0.5021469677369579  -0.10431013242404344
7.890000000000001  -0.50099869325041  -0.10422511409496196
7.9  -0.49982894326262567  -0.10414917393225889
7.91  -0.49863776212293265  -0.10408236823603684
7.92  -0.49742519532037377  -0.10402475265700466
7.930000000000001  -0.49619128948403957  -0.10397638219140395
7.94  -0.494936092383341  -0.10393731117598747
7.95  -0.49365965292822095  -0.10390759328304626
7.96  -0.4923620211693058  -0.10388728151548925
7.97  -0.4910432482979963  -0.10387642820197292
7.98  -0.48970338664649726  -0.10387508499208417
7.99  -0.48834248968778377  -0.10388330285157418
8.0  -0.48696061203550906  -0.10390113205764615
8.01  -0.48555780944384713  -0.10392862219429504
8.02  -0.4841341388072737  -0.10396582214770159
8.03  -0.4826896581602863  -0.10401278010167994
8.040000000000001  -0.4812244266770571  -0.10406954353318008
8.05  -0.4797385046710288  -0.10413615920784361
8.06  -0.4782319535944398  -0.10421267317561692
8.07  -0.47670483603778996  -0.10429913076641784
8.08  -0.4751572157292414  -0.10439557658585885
8.09  -0.47358915753395453  -0.10450205451102723
8.1  -0.4720007274533584  -0.1046186076863209
8.11  -0.4703919926243578  -0.1047452785193421
8.120000000000001  -0.46876302131847397  -0.10488210867684752
8.13  -0.4671138829409199  -0.10502913908075771
8.14  -0.46544464802961033  -0.10518640990422257
8.15  -0.46375538825410434  -0.10535396056774715
8.16  -0.46204617641448453  -0.1055318297353754
8.17  -0.4603170864401663  -0.10572005531093302
8.18  -0.4585681933886428  -0.10591867443433052
8.19  -0.4567995734441617  -0.10612772347792483
8.2  -0.45501130391633515  -0.10634723804294262
8.21  -0.45320346323868116  -0.10657725295596285
8.22  -0.45137613096710116  -0.10681780226546078
8.23  -0.44952938777828383  -0.10706891923841308
8.24  -0.4476633154680447  -0.10733063635696417
8.25  -0.4457779969495977  -0.10760298531515401
8.26  -0.4438735162517559  -0.10788599701570895
8.27  -0.44194995851706526  -0.10817970156689323
8.28  -0.4400074099998687  -0.10848412827942513
8.290000000000001  -0.43804595806430036  -0.1087993056634542
8.3  -0.4360656911822148  -0.10912526142560265
8.31  -0.434066698931039  -0.1094620224660699
8.32  -0.4320490719915616  -0.10980961487580064
8.33  -0.4300129021456499  -0.11016806393371777
8.34  -0.4279582822738963  -0.11053739410401778
8.35  -0.42588530635319544  -0.11091762903353289
8.36  -0.42379406945425024  -0.11130879154915539
8.370000000000001  -0.4216846677390073  -0.11171090365532957
8.38  -0.4195571984580259  -0.1121239865316062
8.39  -0.4174117599477686  -0.11254806053026466
8.4  -0.415248451627826  -0.11298314517399978
8.41  -0.41306737399807136  -0.1134292591536736
8.42  -0.41086862863574114  -0.11388642032613537
8.43  -0.4086523181924452  -0.11435464571210563
8.44  -0.40641854639110647  -0.11483395149412799
8.45  -0.40416741802282863  -0.11532435301458772
8.46  -0.40189903894368995  -0.11582586477379639
8.47  -0.39961351607147283  -0.11633850042814367
8.48  -0.3973109573823098  -0.11686227278831715
8.49  -0.39499147190726885  -0.11739719381758904
8.5  -0.3926551697288604  -0.11794327463017025
8.51  -0.3903021619774742  -0.11850052548963205
8.52  -0.3879325608277438  -0.11906895580739667
8.53  -0.3855464794948399  -0.1196485741412947
8.540000000000001  -0.3831440322306874  -0.12023938819419117
8.55  -0.3807253343201188  -0.12084140481267977
8.56  -0.37829050207694476  -0.12145462998584632
8.57  -0.3758396528399585  -0.12207906884409962
8.58  -0.3733729049688682  -0.12271472565807151
8.59  -0.3708903778401535  -0.12336160383758633
8.6  -0.3683921918428522  -0.12401970593069775
8.61  -0.36587846837427357  -0.12468903362279662
8.620000000000001  -0.3633493298356373  -0.1253695877357865
8.63  -0.36080489962764606  -0.12606136822732858
8.64  -0.3582453021459767  -0.12676437419015646
8.65  -0.35567066277670484  -0.1274786038514601
8.66  -0.35308110789165686  -0.1282040545723386
8.67  -0.3504767648436867  -0.1289407228473238
8.68  -0.34785776196188206  -0.1296886043039721
8.69  -0.34522422854669765  -0.1304476937025265
8.700000000000001  -0.3425762948650153  -0.131217984935649
8.71  -0.33991409214513385  -0.1319994710282209
8.72  -0.33723775257168387  -0.13279214413721524
8.73  -0.3345474092804708  -0.13359599555163745
8.74  -0.3318431963532487  -0.13441101569253625
8.75  -0.32912524881241806  -0.13523719411308427
8.76  -0.3263937026156533  -0.13607451949872895
8.77  -0.32364869465045815  -0.13692297966741324
8.78  -0.3208903627286489  -0.13778256156986535
8.790000000000001  -0.31811884558076436  -0.13865325128996034
8.8  -0.31533428285041015  -0.13953503404514866
8.81  -0.31253681508851977  -0.14042789418695795
8.82  -0.30972658374755646  -0.1413318152015618
8.83  -0.3069037311756363  -0.1422467797104201
8.84  -0.3040684006105814  -0.14317276947098834
8.85  -0.30122073617390316  -0.14410976537749698
8.86  -0.29836088286471346  -0.14505774746180078
8.870000000000001  -0.2954889865535632  -0.14601669489429742
8.88  -0.292605193976217  -0.1469865859849147
8.89  -0.2897096527273465  -0.14796739818417037
8.9  -0.2868025112541612  -0.14895910808429824
8.91  -0.28388391884996766  -0.14996169142044505
8.92  -0.28095402564765626  -0.15097512307193683
8.93  -0.27801298261311996  -0.15199937706361388
8.94  -0.2750609415386027  -0.15303442656723593
8.950000000000001  -0.27209805503597567  -0.154080243902955
8.96  -0.2691244765299525  -0.15513680054085818
8.97  -0.2661403602512234  -0.15620406710257928
8.98  -0.2631458612295278  -0.1572820133629785
8.99  -0.2601411352866594  -0.15837060825189178
9.0  -0.257126339029397  -0.15946981985594705
9.01  -0.2541016298423717  -0.16057961542045124
9.02  -0.2510671658808636  -0.16169996135134287
9.03  -0.24802310606353173  -0.16283082321721448
9.040000000000001  -0.24496961006507423  -0.16397216575140278
9.05  -0.24190683830882842  -0.16512395285414538
9.06  -0.23883495195929078  -0.1662861475948072
9.07  -0.23575411291458334  -0.16745871221417263
9.08  -0.23266448379884586  -0.1686416081268053
9.09  -0.22956622795456394  -0.16983479592347614
9.1  -0.22645950943483126  -0.1710382353736562
9.11  -0.22334449299554615  -0.17225188542807848
9.120000000000001  -0.2202213440875402  -0.17347570422136496
9.13  -0.2170902288486496  -0.17470964907471986
9.14  -0.21395131409571058  -0.17595367649869031
9.15  -0.210804767316498  -0.17720774219599159
9.16  -0.2076507566615993  -0.1784718010643988
9.17  -0.20448945093622217  -0.17974580719970387
9.18  -0.20132101959194  -0.1810297138987378
9.19  -0.1981456327183746  -0.18232347366245796
9.200000000000001  -0.1949634610348136  -0.18362703819910045
9.21  -0.19177467588177302  -0.18494035842739578
9.22  -0.18857944921248676  -0.18626338447985125
9.23  -0.18537795358434142  -0.18759606570609505
9.24  -0.18217036215025112  -0.1889383506762854
9.25  -0.17895684864996672  -0.19029018718458274
9.26  -0.17573758740132714  -0.19165152225268517
9.27  -0.17251275329145102  -0.19302230213342725
9.28  -0.16928252176786554  -0.19440247231444124
9.290000000000001  -0.16604706882958067  -0.19579197752188077
9.3  -0.1628065710181037  -0.19719076172420597
9.31  -0.15956120540838786  -0.19859876813603194
9.32  -0.1563111495997347  -0.20001593922203786
9.33  -0.1530565817066305  -0.2014422167009366
9.34  -0.14979768034952862  -0.20287754154950627
9.35  -0.14653462464557487  -0.20432185400668212
9.36  -0.1432675941992764  -0.20577509357770848
9.370000000000001  -0.13999676909311298  -0.2072371990383508
9.38  -0.13672232987810085  -0.20870810843916626
9.39  -0.13344445756428752  -0.2101877591098365
9.4  -0.1301633336112069  -0.21167608766355583
9.41  -0.12687913991827157  -0.2131730300014797
9.42  -0.12359205881511445  -0.21467852131723147
9.43  -0.12030227305187814  -0.2161924961014666
9.44  -0.11700996578945083  -0.217714888146494
9.450000000000001  -0.11371532058964903  -0.21924563055095633
9.46  -0.11041852140535564  -0.22078465572456324
9.47  -0.10711975257059665  -0.22233189539288606
9.48  -0.10381919879057486  -0.22388728060220386
9.49  -0.10051704513165408  -0.22545074172440782
9.5  -0.09721347701129002  -0.22702220846195986
9.51  -0.09390868018791539  -0.2286016098529064
9.52  -0.09060284075077668  -0.2301888742759454
9.53  -0.08729614510972046  -0.23178392945554993
9.540000000000001  -0.0839887799849378  -0.23338670246714263
9.55  -0.08068093239666041  -0.2349971197423238
9.56  -0.07737278965480474  -0.2366151070741545
9.57  -0.07406453934858148  -0.2382405896224893
9.58  -0.07075636933605231  -0.23987349191936225
9.59  -0.06744846773364618  -0.24151373787442348
9.6  -0.0641410229056308  -0.2431612507804279
9.61  -0.060834223453541975  -0.2448159533187742
9.620000000000001  -0.057528258205568006  -0.24647776756509304
9.63  -0.05422331620590051  -0.24814661499488516
9.64  -0.05091958670403051  -0.2498224164892108
9.65  -0.047617259144017945  -0.2515050923404248
9.66  -0.04431652315371296  -0.2531945622579619
9.67  -0.041017568533940736  -0.2548907453741692
9.68  -0.03772058524764771  -0.25659356025018676
9.69  -0.034425763409009894  -0.2583029248818739
9.700000000000001  -0.031133293272502006  -0.26001875670578317
9.71  -0.027843365221936915  -0.26174097260517826
9.72  -0.024556169759457125  -0.26346948891610056
9.73  -0.021271897494503145  -0.2652042214334778
9.74  -0.01799073913274052  -0.2669450854172779
9.75  -0.0147128854649545  -0.2686919955987075
9.76  -0.011438527355911804  -0.2704448661864537
9.77  -0.008167855733190205  -0.2722036108729678
9.78  -0.004901061575974225  -0.27396814284079246
9.790000000000001  -0.0016383359038225354  -0.2757383747689314
9.8  0.0016201302345941332  -0.2775142188392576
9.81  0.00487414577279275  -0.2792955867429664
9.82  0.008123519637795784  -0.2810823896870658
9.83  0.011368060761484784  -0.2828745384009085
9.84  0.014607578091978893  -0.28467194314276206
9.85  0.017841880605039995  -0.28647451370641797
9.86  0.021070777315506467  -0.2882821594278399
9.870000000000001  0.024294077288748564  -0.29009478919184883
9.88  0.027511589652148366  -0.2919123114388444
9.89  0.030723123606611585  -0.29373463417156587
9.9  0.033928488438091084  -0.2955616649618854
9.91  0.037127493529140194  -0.29739331095764004
9.92  0.04031994837048561  -0.29922947888949614
9.93  0.04350566257262127  -0.3010700750778497
9.94  0.046684445877422084  -0.30291500543975997
9.950000000000001  0.04985610816977909  -0.30476417549591694
9.96  0.05302045948924643  -0.3066174903776393
9.97  0.05617731004171815  -0.3084748548339083
9.98  0.05932647021110954  -0.31033617323842977
9.99  0.06246775057106284  -0.31220134959672885
10.0  0.06560096189666456  -0.31407028755327426
