0.0  0.07911713187667663  -1.2366446335015944
0.01  0.08565419977638522  -1.2101012923421435
0.02  0.09219999577704907  -1.1831902086498804
0.03  0.09874993740477922  -1.1559190822722578
0.04  0.10529940627610859  -1.1282957140928358
0.05  0.11184375143999253  -1.10032800387001
0.06  0.11837829275903214  -1.0720239480484524
0.07  0.12489832432742681  -1.0433916375438776
0.08  0.13139911792312522  -1.0144392555017347
0.09  0.1378759264916135  -0.9851750750304475
0.1  0.14432398765874832  -0.9556074569098258
0.11  0.15073852727001344  -0.9257448472752754
0.12  0.15711476295355353  -0.895595775278447
0.13  0.1634479077043121  -0.8651688507249637
0.14  0.1697331734865794  -0.8344727616898848
0.15  0.17596577485223558  -0.8035162721115516
0.16  0.18214093257195574  -0.7723082193644826
0.17  0.18825387727662596  -0.740857511811989
0.18  0.19429985310620662  -0.7091731263391775
0.19  0.2002741213632675  -0.67726410586702
0.2  0.20617196416840566  -0.6451395568481809
0.21  0.21198868811475402  -0.6128086467452798
0.22  0.21771962791877827  -0.5802806014922935
0.23  0.22336015006455825  -0.5475647029397901
0.24  0.22890565643874872  -0.5146702862846985
0.25  0.23435158795341263  -0.4816067374853227
0.26  0.23969342815392541  -0.44838349066230815
0.27  0.24492670680915152  -0.4150100254862814
0.28  0.250047003481103  -0.3814958645528722
0.29  0.2550499510712971  -0.34785057074585135
0.3  0.2599312393410436  -0.31408374458909893
0.31  0.2646866184029038  -0.2802050215881409
0.32  0.26931190218057927  -0.2462240695619784
0.33  0.2738029718345068  -0.21215058596594508
0.34  0.27815577915045486  -0.17799429520633375
0.35000000000000003  0.2823663498884389  -0.14376494594752512
0.36  0.2864307870892967  -0.10947230841236123
0.37  0.2903452743362915  -0.07512617167650726
0.38  0.2941060789691375  -0.04073634095754741
0.39  0.29770955524787374  -0.006312634899555997
0.4  0.3011521474640436  0.028135117146105948
0.41000000000000003  0.3044303929966704  0.06259707784301843
0.42  0.3075409253105581  0.09706340459421423
0.43  0.3104804768944812  0.13152425226821246
0.44  0.31324588213687027  0.16596977592583384
0.45  0.31583408013663794  0.20039013354704716
0.46  0.31824211744683895  0.2347754887570888
0.47000000000000003  0.3204671507488978  0.2691160135511154
0.48  0.32250644945518847  0.30340189101663184
0.49  0.32435739823779786  0.33762331805295054
0.5  0.32601749948135683  0.3717705080869322
0.51  0.3274843756578726  0.4058336937842625
0.52  0.3287557716215538  0.4398031297555138
0.53  0.32982955682167225  0.4736690952562541
0.54  0.3307037274315634  0.5074218968804561
0.55  0.3313764083919274  0.5410518712464664
0.56  0.3318458553666527  0.5745493876747951
0.5700000000000001  0.33211045660944305  0.6079048508569919
0.58  0.33216873473959724  0.6411087035148698
0.59  0.3320193484253498  0.674151429049349
0.6  0.33166109397325044  0.7070235541781897
0.61  0.33109290682212567  0.7397156515618879
0.62  0.33031386294023424  0.7722183424170146
0.63  0.32932318012429784  0.8045222991162762
0.64  0.32812021919915957  0.8366182477745789
0.65  0.3267044851168915  0.8684969708203951
0.66  0.3250756279542504  0.900149309551709
0.67  0.3232334438074494  0.9315661666758547
0.68  0.3211778755832895  0.9627385088325312
0.6900000000000001  0.3189090136857716  0.9936573690993169
0.7000000000000001  0.316427096597384  1.0243138494789794
0.71  0.31373251135433733  1.0546991233679055
0.72  0.3108257939150979  1.0848044380049684
0.73  0.3077076294216464  1.114621116900158
0.74  0.3043788523529696  1.144140562242305
0.75  0.3008404465703705  1.1733542572852447
0.76  0.29709354525426324  1.2022537687117467
0.77  0.29313943073219717  1.2308307489745776
0.78  0.28897953419793815  1.2590769386140428
0.79  0.28461543532151135  1.286984168551368
0.8  0.2800488617501953  1.3145443623573003
0.81  0.27528168850053414  1.3417495384952838
0.8200000000000001  0.2703159372415189  1.3685918125386216
0.8300000000000001  0.26515377546916696  1.3950633993609822
0.84  0.2597975155728133  1.4211566152996717
0.85  0.25424961379350386  1.4468638802910632
0.86  0.24851266907496825  1.4721777199775998
0.87  0.242589421807721  1.4970907677857905
0.88  0.2364827524669299  1.5215957669746276
0.89  0.23019568014476416  1.5456855726538592
0.9  0.22373136097801571  1.5693531537715635
0.91  0.21709308647186765  1.5925915950704779
0.92  0.21028428172076197  1.615394099012541
0.93  0.20330850352739416  1.637753987671121
0.9400000000000001  0.19616943842094414  1.6596647045904047
0.9500000000000001  0.1888709005757251  1.6811198166114445
0.96  0.1814168296315117  1.7021130156643465
0.97  0.17381128841688054  1.7226381205261194
0.98  0.16605846057697382  1.7426890785436897
0.99  0.15816264810716676  1.762259967321617
1.0  0.15012826879419353  1.7813449963740358
1.01  0.14195985356635943  1.7999385087403779
1.02  0.13366204375453308  1.8180349825644218
1.03  0.12523958826568432  1.8356290326362381
1.04  0.1166973406708027  1.852715411896608
1.05  0.10804025620909344  1.869289012903494
1.06  0.09927338871041705  1.8853448692601646
1.07  0.09040188743800243  1.9008781570045747
1.08  0.08143099385352276  1.915884195959625
1.09  0.07236603830668845  1.9303584510439173
1.1  0.06321243665156845  1.9442965335426576
1.11  0.05397568679191042  1.9576942023383448
1.12  0.044661365157786084  1.970547365100912
1.1300000000000001  0.03527512311594369  1.9828520794369913
1.1400000000000001  0.02582268331630161  1.9946045539979818
1.1500000000000001  0.01630983597707089  2.0058011495466195
1.16  0.006742435111039946  2.01643837998175
1.17  -0.0028736053043935395  2.026512913321026
1.18  -0.012532315210811495  2.036021572641253
1.19  -0.0222276724033158  2.0449613369761277
1.2  -0.03195360651329972  2.05332934217112
1.21  -0.041704003036695914  2.0611228816952587
1.22  -0.051472707404905144  2.0683394074096024
1.23  -0.06125352909557405  2.07497653029218
1.24  -0.0710402457803575  2.081032021119196
1.25  -0.0808266075067659  2.0865038111023235
1.26  -0.09060634091116937  2.0913899924818926
1.27  -0.10037315346000425  2.095688819075825
1.28  -0.11012073771619643  2.0993987067841555
1.29  -0.11984277562779827  2.1025182340489925
1.3  -0.12953294283580896  2.10504614226981
1.31  -0.13918491299813313  2.106981336173933
1.32  -0.14879236212661157  2.108322884142128
1.33  -0.15834897293404435  2.109070018489203
1.34  -0.1678484391881164  2.1092221356995386
1.35  -0.17728447006911974  2.1087787966174782
1.36  -0.18665079452836245  2.107739726592541
1.37  -0.19594116564414882  2.10610481557939
1.3800000000000001  -0.20514936497220665  2.103874118192552
1.3900000000000001  -0.214269206887442  2.101047853715857
1.4000000000000001  -0.22329454291389977  2.0976264060665946
1.41  -0.2322192660398099  2.0936103237144055
1.42  -0.24103731501460923  2.089000319554916
1.43  -0.24974267862483043  2.083797270738157
1.44  -0.2583293999457665  2.078002218451812
1.45  -0.2667915805658254  2.0716163676593466
1.46  -0.275123384780507  2.064641086793101
1.47  -0.283319043752952  2.0570779074024146
1.48  -0.29137285963802817  2.0489285237568873
1.49  -0.2992792096669447  2.0401947924048853
1.5  -0.3070325501894064  2.0308787316874044
1.51  -0.3146274206703459  2.020982521207427
1.52  -0.32205844763829805  2.0105085012549186
1.53  -0.32932034858251674  1.9994591721876178
1.54  -0.336407935795958  1.9878371937677877
1.55  -0.3433161201612956  1.97564538445511
1.56  -0.35003991487716646  1.962886720655919
1.57  -0.3565744391218856  1.9495643359289712
1.58  -0.3629149216519062  1.9356815201479758
1.59  -0.3690567043323502  1.921241718621109
1.6  -0.3749952455969727  1.9062485311677555
1.61  -0.3807261238349731  1.8907057111527288
1.62  -0.3862450407021162  1.8746171644782306
1.6300000000000001  -0.39154782435367186  1.8579869485338318
1.6400000000000001  -0.39663043259674197  1.840819271104755
1.6500000000000001  -0.4014889559595891  1.8231184892387595
1.6600000000000001  -0.40611962067564433  1.80488910807194
1.67  -0.41051879157992516  1.7861357796137618
1.68  -0.4146829749156571  1.7668633014916502
1.69  -0.4186088210489486  1.7470766156555044
1.7  -0.42229312708944167  1.726780807042466
1.71  -0.42573283941491064  1.7059811022023135
1.72  -0.42892505609786263  1.6846828678838701
1.73  -0.43186702923224946  1.6628916095827964
1.74  -0.43455616715847506  1.640612970051172
1.75  -0.4369900365849519  1.6178527277692791
1.76  -0.4391663646045298  1.5946167953799988
1.77  -0.4410830406041971  1.5709112180862443
1.78  -0.44273811806652397  1.5467421720118901
1.79  -0.44412981626139647  1.5221159625266198
1.8  -0.44525652182666486  1.4970390225351697
1.81  -0.44611679023640816  1.4715179107314305
1.82  -0.4467093471555938  1.445559309817886
1.83  -0.4470330896799939  1.4191700246908692
1.84  -0.447087087460297  1.3923569805921505
1.85  -0.4468705837094382  1.3651272212273429
1.86  -0.4463829960922505  1.3374879068516574
1.87  -0.44562391749662417  1.3094463123235207
1.8800000000000001  -0.4445931166854458  1.2810098251265933
1.8900000000000001  -0.44329053882867053  1.252185943360735
1.9000000000000001  -0.4417163059149663  1.2229822737024574
1.9100000000000001  -0.4398707170424565  1.1934065293354261
1.92  -0.43775424858817036  1.1634665278515923
1.93  -0.4353675542558956  1.1331701891235029
1.94  -0.432711465002221  1.1025255331483976
1.95  -0.42978698884063293  1.0715406778646726
1.96  -0.4265953105236245  1.0402238369413055
1.97  -0.42313779110286154  1.0085833175408516
1.98  -0.41941596736753195  0.9766275180566323
1.99  -0.41543155116110053  0.9443649258247204
2.0  -0.4111864285767671  0.911804114811358
2.0100000000000002  -0.40668265903202383  0.8789537432764474
2.02  -0.40192247422278665  0.8458225514137394
2.0300000000000002  -0.39690827695766306  0.8124193589683758
2.04  -0.3916426398730097  0.7787530628324495
2.05  -0.38612830402950915  0.7448326346192111
2.06  -0.38036817739109247  0.710667118216616
2.07  -0.3743653331871074  0.6762656273208821
2.08  -0.36812300815872157  0.641637342950701
2.09  -0.3616446006906381  0.6067915109428306
2.1  -0.3549336688292688  0.5717374394297158
2.11  -0.3479939281886141  0.536484496299861
2.12  -0.3408292497451557  0.5010421066416187
2.13  -0.3334436575231704  0.4654197501711334
2.14  -0.3258413261719336  0.4296269586450982
2.15  -0.31802657843637866  0.3936733132590865
2.16  -0.3100038825228334  0.357568442032124
2.17  -0.3017778493615546  0.32132201717825626
2.18  -0.2933532297678362  0.28494375246580195
2.19  -0.2847349115035549  0.24844340056504666
2.2  -0.2759279162410786  0.21183075038506202
2.21  -0.2669373964315474  0.17511562440044304
2.22  -0.25776863207958645  0.13830787596862115
2.23  -0.2484270274266066  0.10141738663855912
2.24  -0.2389181075448812  0.06445406345151145
2.25  -0.2292475148446899  0.027427836234636405
2.2600000000000002  -0.21942100549684745  -0.00965134511185381
2.27  -0.2094444457730328  -0.04677351333318433
2.2800000000000002  -0.19932380830635837  -0.08392868654349273
2.29  -0.1890651682747171  -0.12110687095346179
2.3000000000000003  -0.17867469950945902  -0.1582980636014207
2.31  -0.16815867053204897  -0.19549225508712365
2.32  -0.1575234405213685  -0.2326794323074888
2.33  -0.14677545521440843  -0.26984958119352337
2.34  -0.1359212427431323  -0.3069926894476885
2.35  -0.12496740941033649  -0.3440987492809807
2.36  -0.11392063540739306  -0.38115776014892006
2.37  -0.10278767047678264  -0.418159731485768
2.38  -0.09157532952239564  -0.4550946854361589
2.39  -0.08029048817058096  -0.49195265958344264
2.4  -0.06894007828500238  -0.528723709673959
2.41  -0.05753108343835741  -0.565397912336524
2.42  -0.04607053434407694  -0.6019653677963448
2.43  -0.03456550425113144  -0.6384162025826767
2.44  -0.02302310430512141  -0.6747405722293955
2.45  -0.011450478878828198  -0.7109286639678496
2.46  0.00014519912454617062  -0.7469706994111449
2.47  0.011756732992224135  -0.7828569372292109
2.48  0.023376906943517524  -0.8185776758138665
2.49  0.034998490889051215  -0.8541232559331788
2.5  0.04661424520424216  -0.8894840633743606
2.5100000000000002  0.05821692551375157  -0.9246505315745142
2.52  0.06979928748358499  -0.9596131442384741
2.5300000000000002  0.08135409161753465  -0.9943624379430427
2.54  0.092874108054631  -1.0288890047268977
2.5500000000000003  0.10435212136429137  -1.0631834946654735
2.56  0.11578093533582216  -1.0972366184300835
2.57  0.1271533777589704  -1.131039149830614
2.58  0.13846230519218733  -1.1645819283410768
2.59  0.1497006077153018  -1.1978558616073096
2.6  0.16086121366329914  -1.2308519279361745
2.61  0.17193709433790344  -1.2635611787655385
2.62  0.18292126869369968  -1.2959747411143767
2.63  0.19380680799551755  -1.3280838200123113
2.64  0.20458684044384626  -1.3598797009079442
2.65  0.21525455576504354  -1.3913537520552854
2.66  0.22580320976315565  -1.4224974268776602
2.67  0.2362261288301534  -1.45330226630842
2.68  0.2465167144114563  -1.4837599011078373
2.69  0.2566684474236128  -1.5138620541555068
2.7  0.2666748926210627  -1.5436005427176949
2.71  0.27652970290892015  -1.572967280688934
2.72  0.28622662359877804  -1.601954280807307
2.73  0.2957594966045409  -1.6305536568427859
2.74  0.3051222645753686  -1.6587576257580385
2.75  0.3143089749628276  -1.68655850984108
2.7600000000000002  0.3233137840194119  -1.7139487388092434
2.77  0.332130960725627  -1.7409208518838135
2.7800000000000002  0.3407548906428972  -1.7674674998348285
2.79  0.34918007968958537  -1.7935814469954359
2.8000000000000003  0.35740115783749205  -1.8192555732452833
2.81  0.3654128827262329  -1.844482875962365
2.82  0.37321014319296897  -1.8692564719428415
2.83  0.3807879627150098  -1.8935695992882435
2.84  0.38814150276287523  -1.9174156192595786
2.85  0.3952660660614693  -1.9407880180978454
2.86  0.4021570997570688  -1.963680408810404
2.87  0.40881019848791295  -1.9860865329227666
2.88  0.41522110735623075  -2.0080002621952935
2.89  0.4213857247996271  -2.029415600304341
2.9  0.42730010535980223  -2.050326684487379
2.91  0.4329604623466691  -2.0707277871516636
2.92  0.43836317039598827  -2.090613317445974
2.93  0.4435047679187303  -2.109977822795025
2.94  0.44838195944043713  -2.128815990396114
2.95  0.4529916178289459  -2.147122648677591
2.96  0.45733078640889946  -2.1648927687187536
2.97  0.46139668096156616  -2.182121465630785
2.98  0.4651866916085533  -2.198803999898344
2.99  0.468698384578097  -2.2149357786814416
3.0  0.47192950385267773  -2.230512357077256
3.0100000000000002  0.47487797269680954  -2.245529439341526
3.02  0.4775418950639201  -2.2599828800691952
3.0300000000000002  0.479919556881337  -2.2738686853339836
3.04  0.4820094272124707  -2.2871830137865663
3.0500000000000003  0.4838101592953785  -2.2999221777110685
3.06  0.4853205914569738  -2.312082644039578
3.0700000000000003  0.48653974790224075  -2.323661035324398
3.08  0.487466839377892  -2.334654130667775
3.09  0.4881012637100062  -2.3450588666088477
3.1  0.48844260621526064  -2.35487233796757
3.11  0.48849063998547115  -2.3640917986453767
3.12  0.4882453260452346  -2.3727146623823714
3.13  0.4877068133825635  -2.3807385034708366
3.14  0.4868754388524863  -2.388161057424854
3.15  0.48575172695368185  -2.3949802216058647
3.16  0.48433638947830027  -2.4011940558039937
3.17  0.4826303250352165  -2.4068007827749742
3.18  0.4806346184470478  -2.4117987887325296
3.19  0.4783505400213588  -2.416186623796077
3.2  0.4757795446965615  -2.4199630023936236
3.21  0.4729232710631128  -2.4231268036197515
3.22  0.46978354026068964  -2.425677071548593
3.23  0.46636235475212107  -2.4276130155017013
3.24  0.462661896974932  -2.4289340102707513
3.25  0.458684527871446  -2.4296395962950066
3.2600000000000002  0.45443278529847886  -2.4297294797935045
3.27  0.4499093823177374  -2.429203532851914
3.2800000000000002  0.4451172053681211  -2.4280617934640616
3.29  0.44005931232121287  -2.4263044655280885
3.3000000000000003  0.43473893042131656  -2.4239319187972623
3.31  0.42915945411149403  -2.420944688785441
3.3200000000000003  0.42332444274711756  -2.417343476627221
3.33  0.41723761819855054  -2.4131291488928066
3.34  0.4109028623446287  -2.408302737357654
3.35  0.40432421445870753  -2.402865438726945
3.36  0.3975058684891033  -2.396818614314973
3.37  0.39045217023583756  -2.3901637896795256
3.38  0.38316761442566255  -2.382902654211364
3.39  0.37565684168741786  -2.375037060678911
3.4  0.36792463542984233  -2.3665690247282756
3.41  0.35997591862402056  -2.35750072433874
3.42  0.35181575049272945  -2.3478344992338798
3.43  0.34344932310899223  -2.3375728502484483
3.44  0.33488195790623554  -2.3267184386512274
3.45  0.3261191021024787  -2.3152740854240124
3.46  0.31716632504107417  -2.3032427704969316
3.47  0.30802931445054704  -2.2906276319403123
3.48  0.29871387262616145  -2.2774319651133235
3.49  0.28922591253587804  -2.263659221769597
3.5  0.27957145385343557  -2.249313009120119
3.5100000000000002  0.2697566189213165  -2.234397088853604
3.52  0.259787628646438  -2.21891537611465
3.5300000000000002  0.24967079833141842  -2.202871938439936
3.54  0.23941253344434862  -2.186270994652769
3.5500000000000003  0.22901932533000802  -2.1691169137162647
3.56  0.21849774686553763  -2.1514142135454977
3.5700000000000003  0.20785444806358278  -2.1331675597789257
3.58  0.19709615162599403  -2.1143817645094427
3.59  0.1862296484511759  -2.095061784975389
3.6  0.17526179309821666  -2.075212722211901
3.61  0.1641994992109704  -2.0548398196629485
3.62  0.15304973490527013  -2.033948461754446
3.63  0.14181951812249288  -2.012544172428845
3.64  0.13051591195270307  -1.9906326136415746
3.65  0.11914601993064403  -1.9682195838197853
3.66  0.10771698130782964  -1.9453110162837777
3.67  0.09623596630404675  -1.9219129776315806
3.68  0.08471017134154722  -1.8980316660870935
3.69  0.07314681426525818  -1.8736734098122783
3.7  0.06155312955231371  -1.8488446651838304
3.71  0.04993636351424742  -1.8235520150348203
3.72  0.038303769495157944  -1.7978021668617856
3.73  0.02666260306919265  -1.77160195099776
3.74  0.015020117240656036  -1.7449583187517392
3.75  0.0033835576500890474  -1.717878340515108
3.7600000000000002  -0.008239842210386483  -1.690369203835523
3.77  -0.019842865769131086  -1.6624382114588014
3.7800000000000002  -0.031418318131179096  -1.634092779339334
3.79  -0.042959030815255116  -1.605340434619598
3.8000000000000003  -0.05445786646837117  -1.5761888135792672
3.81  -0.06590772355472924  -1.5466456595545546
3.8200000000000003  -0.07730154101572309  -1.516718820828297
3.83  -0.08863230289781328  -1.4864162484913888
3.84  -0.09989304294510856  -1.455745994276144
3.85  -0.11107684915348906  -1.4247162083621885
3.86  -0.12217686828314703  -1.393335137155472
3.87  -0.13318631032646255  -1.3616111210410042
3.88  -0.14409845292813395  -1.3295525921099698
3.89  -0.15490664575456398  -1.2971680718617722
3.9  -0.1656043148094905  -1.2644661688817247
3.91  -0.1761849666929427  -1.2314555764949489
3.92  -0.18664219280059557  -1.1981450703971728
3.93  -0.1969696734606822  -1.1645435062630436
3.94  -0.20716118200564504  -1.1306598173326579
3.95  -0.21721058877575938  -1.0965030119768961
3.96  -0.22711186505202297  -1.0620821712423183
3.97  -0.23685908691564855  -1.0274064463762165
3.98  -0.2464464390315457  -0.9924850563325534
3.99  -0.2558682183532578  -0.9573272852594332
4.0  -0.2651188377468391  -0.9219424799688447
4.01  -0.2741928295312618  -0.8863400473892933
4.0200000000000005  -0.28308484893296315  -0.8505294520020987
4.03  -0.29178967745222884  -0.8145202132620253
4.04  -0.300302226139177  -0.7783219030029305
4.05  -0.3086175387771509  -0.7419441428291805
4.0600000000000005  -0.3167307949714164  -0.70539660149354
4.07  -0.3246373131411193  -0.668688992262245
4.08  -0.332332553412539  -0.6318310702679584
4.09  -0.3398121204117262  -0.5948326298514055
4.1  -0.34707176595470735  -0.5577035018923296
4.11  -0.35410739163350335  -0.5204535511305647
4.12  -0.3609150512962782  -0.48309267347794205
4.13  -0.3674909534200314  -0.4456307933217363
4.14  -0.37383146337429696  -0.40807786082043324
4.15  -0.37993310557441784  -0.37044384919254836
4.16  -0.3857925655230231  -0.33273875199922853
4.17  -0.39140669173843745  -0.29497258042136854
4.18  -0.3967724975688075  -0.2571553605320448
4.19  -0.40188716289083715  -0.2192971305649368
4.2  -0.4067480356920903  -0.18140793817956685
4.21  -0.4113526335359158  -0.1434978377240159
4.22  -0.41569864490811764  -0.10557688749596478
4.23  -0.4197839304445997  -0.06765514700271819
4.24  -0.42360652403927523  -0.029742674221050563
4.25  -0.4271646338316432  0.008150477142462087
4.26  -0.4304566430734956  0.046014260389809686
4.2700000000000005  -0.4334811108743243  0.08383863856788068
4.28  -0.4362367728250695  0.1216135872020185
4.29  -0.43872254149995643  0.1593290970260703
4.3  -0.4409375068362271  0.19697517670812753
4.3100000000000005  -0.44288093639168935  0.23454185557125726
4.32  -0.4445522754800718  0.27201918630845556
4.33  -0.44595114718427453  0.3093972476911134
4.34  -0.4470773522476786  0.3466661472701846
4.3500000000000005  -0.4479308688437773  0.3838160240693971
4.36  -0.44851185222446943  0.4208370512696927
4.37  -0.44882063424744345  0.45771943888423283
4.38  -0.4488577227831692  0.49445343642318107
4.39  -0.44862380100209565  0.5310293355475526
4.4  -0.44811972654273935  0.5674374727114062
4.41  -0.4473465305614338  0.6036682317916474
4.42  -0.4463054166645896  0.6397120467047476
4.43  -0.44499775972440114  0.6755594040096056
4.44  -0.4434251045790178  0.711200845495909
4.45  -0.44158916461827424  0.7466269707572166
4.46  -0.43949182025616157  0.7818284397481251
4.47  -0.43713511729129473  0.8167959753247663
4.48  -0.43452126515671086  0.8515203657679636
4.49  -0.4316526350604154  0.8859924672883304
4.5  -0.428531758018159  0.9202032065126945
4.51  -0.4251613227800153  0.9541435829510672
4.5200000000000005  -0.4215441736523935  0.9878046714435532
4.53  -0.4176833082171986  1.0211776245865023
4.54  -0.41358187494991794  1.0542536751372669
4.55  -0.4092431707384877  1.0870241383968477
4.5600000000000005  -0.40467063830485794  1.11948041456985
4.57  -0.39986786353124587  1.1516139911010295
4.58  -0.3948385726931206  1.18341644498786
4.59  -0.3895866296010472  1.2148794450684308
4.6000000000000005  -0.38411603265355854  1.245994754284083
4.61  -0.3784309118033012  1.276754231916129
4.62  -0.37253552543874185  1.3071498357961013
4.63  -0.36643425718380307  1.3371736244888703
4.64  -0.36013161261782717  1.366817759448041
4.65  -0.3536322159183367  1.3960745071430811
4.66  -0.34694080642910746  1.4249362411575313
4.67  -0.3400622351561136  1.4533954442577905
4.68  -0.3330014611939651  1.4814447104318638
4.69  -0.32576354808549085  1.5090767468975272
4.7  -0.3183536601171756  1.5362843760793576
4.71  -0.31077705855318427  1.5630605375541096
4.72  -0.30303909781077354  1.5893982899638712
4.73  -0.2951452215799006  1.6152908128964911
4.74  -0.2871009588898945  1.6407314087327651
4.75  -0.27891192012607563  1.6657135044598865
4.76  -0.2705837929992493  1.690230653450625
4.7700000000000005  -0.2621223384710273  1.7142765372078028
4.78  -0.2535333866379552  1.737844967073529
4.79  -0.24482283257744436  1.7609298859027938
4.8  -0.2359966321585436  1.7835253697008921
4.8100000000000005  -0.22706079782059224  1.8056256292242943
4.82  -0.21802139432282389  1.827225011544464
4.83  -0.2088845344679904  1.8483180015742613
4.84  -0.19965637480311893  1.8688992235564517
4.8500000000000005  -0.19034311130049208  1.8889634425139648
4.86  -0.18095097502197646  1.9085055656614507
4.87  -0.17148622776981087  1.9275206437778176
4.88  -0.16195515772699298  1.94600387253932
4.89  -0.1523640750903804  1.963950593812841
4.9  -0.1427193076996438  1.9813562969090446
4.91  -0.13302719666519486  1.998216619795025
4.92  -0.1232940919982031  2.014527350266138
4.93  -0.11352634824583001  2.030284427076683
4.94  -0.1037303201347703  2.045483941029145
4.95  -0.09391235822620893  2.0601221360216666
4.96  -0.0840788045852534  2.074195410053505
4.97  -0.07423598846792805  2.0877003161881746
4.98  -0.06439022202875778  2.100633563474001
4.99  -0.05454779605197957  2.112992017821873
5.0  -0.044714975709366944  2.1247727028399166
5.01  -0.03489799634766794  2.1359728006248844
5.0200000000000005  -0.02510305930858578  2.1465896525100354
5.03  -0.015336327784241433  2.156620759769306
5.04  -0.005603922710993331  2.166063784277577
5.05  0.004088081295516882  2.1749165491268636
5.0600000000000005  0.013733659961275707  2.1831770391982506
5.07  0.023326843327976327  2.1908434016894205
5.08  0.032861719677532625  2.1979139465976445
5.09  0.04233243940430481  2.2043871471580845
5.1000000000000005  0.05173321883238881  2.2102616402373
5.11  0.06105834397534941  2.215536226681849
5.12  0.07030217423583152  2.220209871621897
5.13  0.07945914604252055  2.2242817047297376
5.14  0.08852377642199159  2.227751020433167
5.15  0.0974906665030235  2.230617278083655
5.16  0.10635450495101473  2.2328801020792577
5.17  0.11511007133020175  2.234539281942253
5.18  0.1237522393914128  2.235594772351471
5.19  0.13227598028318005  2.236046693129313
5.2  0.14067636568406672  2.2358953291834656
5.21  0.148948570854155  2.235141130403329
5.22  0.1570878776036666  2.233784711511185
5.23  0.1650896771767953  2.231826851868152
5.24  0.17294947304885724  2.2292684952349764
5.25  0.1806628836349674  2.2261107494877352
5.26  0.1882256449084863  2.2223548862885205
5.2700000000000005  0.1956336129275778  2.218002340711208
5.28  0.2028827662682669  2.213054710822402
5.29  0.20996920836248817  2.207513757217683
5.3  0.2168891697396457  2.201381402513286
5.3100000000000005  0.22363901017032228  2.1946597307933393
5.32  0.23021522071081923  2.1873509870128407
5.33  0.23661442564730834  2.1794575763565054
5.34  0.24283338433842483  2.1709820635536916
5.3500000000000005  0.2488689929552414  2.161927172149573
5.36  0.2547182861176069  2.1522957837327805
5.37  0.2603784384259442  2.1420909371196974
5.38  0.26584676588765177  2.131315827495662
5.39  0.2711207272373535  2.119973805513304
5.4  0.2761979251503104  2.1080683763482595
5.41  0.2810761073483942  2.095603198712527
5.42  0.2857531675980993  2.0825820838257463
5.43  0.29022714660014837  2.0690089943446703
5.44  0.2944962327703381  2.0548880432511303
5.45  0.2985587629113368  2.040223492698819
5.46  0.30241322277524946  2.02501975281917
5.47  0.30605824751681665  2.0092813804866974
5.48  0.3094926220372256  1.993013078044134
5.49  0.3127152812185705  1.9762196919877026
5.5  0.3157253100490961  1.9589062116128768
5.51  0.318521943639421  1.9410777676210487
5.5200000000000005  0.32110456713004193  1.9227396306874343
5.53  0.32347271549047285  1.903897209990641
5.54  0.3256260732104771  1.8845560517043014
5.55  0.3275644738839113  1.8647218374511751
5.5600000000000005  0.3292878996857922  1.8444003827201514
5.57  0.33079648074326207  1.8235976352466126
5.58  0.332090494401224  1.802319673356548
5.59  0.3331703643834729  1.780572704274926
5.6000000000000005  0.334036659850242  1.7583630623987803
5.61  0.33469009435315106  1.7356972075354737
5.62  0.33513152468862184  1.7125817231066005
5.63  0.33536194965089017  1.689023314318102
5.64  0.33538250868583136  1.6650288062970082
5.65  0.3351944804468707  1.6406051421953591
5.66  0.3347992812543351  1.6157593812618665
5.67  0.33419846345965987  1.5904986968817494
5.68  0.3333937137159414  1.5648303745853744
5.69  0.33238685115638666  1.5387618100262177
5.7  0.33117982548228186  1.5123005069286986
5.71  0.32977471496215827  1.4854540750064198
5.72  0.32817372434390546  1.4582302278514805
5.73  0.3263791826816389  1.430636780795337
5.74  0.3243935410791836  1.4026816487418627
5.75  0.3222193703521058  1.3743728439731875
5.76  0.31985935861027187  1.345718473928919
5.7700000000000005  0.31731630876296946  1.316726738959341
5.78  0.3145931359486859  1.2874059300532708
5.79  0.3116928648916804  1.257764426541092
5.8  0.3086186271875496  1.22781069377369
5.8100000000000005  0.3053736585200219  1.1975532807779021
5.82  0.3019612958112729  1.1670008178891145
5.83  0.29838497430808864  1.1361620143616253
5.84  0.29464822460626006  1.1050456559575357
5.8500000000000005  0.2907546696156137  1.0736606025147108
5.86  0.2867080214681511  1.0420157854945602
5.87  0.2825120783717715  1.0101202055102765
5.88  0.2781707214121215  0.9779829298362301
5.89  0.27368791130512  0.9456130898991761
5.9  0.26906768510276835  0.9130198787520163
5.91  0.2643141528548495  0.880212548530766
5.92  0.2594314942291767  0.8472004078954012
5.93  0.2544239550930707  0.8139928194553926
5.94  0.24929584405874602  0.7805991971805192
5.95  0.24405152899535293  0.7470290037977398
5.96  0.238695433510377  0.7132917481748197
5.97  0.23323203340319207  0.6793969826914376
5.98  0.22766585309349874  0.6453543005984692
5.99  0.22200146202746018  0.61117333336625
6.0  0.21624347106430886  0.5768637480224258
6.01  0.21039652884622967  0.5424352444802227
6.0200000000000005  0.20446531815433802  0.5078975528578569
6.03  0.1984545522535453  0.47326043078976554
6.04  0.19236897122914037  0.43853366073045885
6.05  0.18621333831788842  0.4037270472517011
6.0600000000000005  0.1799924362364716  0.36885041433377935
6.07  0.17371106351005994  0.33391360265159603
6.08  0.16737403080382607  0.29892646685633406
6.09  0.16098615726018273  0.2638988728534499
6.1000000000000005  0.15455226684453627  0.22884069507770682
6.11  0.14807718470230757  0.1937618137660927
6.12  0.14156573352997687  0.15867211222920624
6.13  0.13502272996289644  0.12358147412205955
6.140000000000001  0.12845298098256414  0.08849978071488473
6.15  0.12186128034608025  0.053436908164784025
6.16  0.11525240504042107  0.018402724788944363
6.17  0.10863111176421383  -0.016592911659829873
6.18  0.102002133439595  -0.05154015671451445
6.19  0.09537017575676654  -0.08642918191146776
6.2  0.08873991375378873  -0.12125017750341296
6.21  0.08211598843414258  -0.1559933551672047
6.22  0.07550300342454586  -0.19064895070544916
6.23  0.06890552167548145  -0.22520722674139182
6.24  0.06232806220684184  -0.2596584754062408
6.25  0.055775096901064664  -0.29399302101822666
6.26  0.049251047346099974  -0.3282012227526455
6.2700000000000005  0.04276028173047547  -0.36227347730215864
6.28  0.03630711179272711  -0.3962002215266185
6.29  0.02989578982735483  -0.4299719350916813
6.3  0.02353050574948523  -0.46357914309551307
6.3100000000000005  0.017215384220302887  -0.49701241868280777
6.32  0.010954481835319135  -0.5302623856454501
6.33  0.004751784377439117  -0.5633197210091306
6.34  -0.0013887958632077535  -0.5961751576050941
6.3500000000000005  -0.007463422700826117  -0.6288194866264412
6.36  -0.013468338595057555  -0.6612435601681999
6.37  -0.01939986711988559  -0.693438293750499
6.38  -0.02525441535863196  -0.7253946688241417
6.390000000000001  -0.031028476223405627  -0.7571037352579102
6.4  -0.03671863069743092  -0.7885566138068516
6.41  -0.042321549998743435  -0.8197444985609825
6.42  -0.047833997663799865  -0.8506586593736354
6.43  -0.05325283154962157  -0.8812904442688047
6.44  -0.05857500575316146  -0.9116312818268725
6.45  -0.06379757244663503  -0.9416726835480135
6.46  -0.06891768362765122  -0.9714062461926456
6.47  -0.07393259278301795  -1.000823654098282
6.48  -0.07883965646519248  -1.0299166814721636
6.49  -0.08363633578040033  -1.0586771946589812
6.5  -0.0883201977875327  -1.0870971543831693
6.51  -0.09288891680698785  -1.1151686179650626
6.5200000000000005  -0.0973402756387069  -1.14288374151033
6.53  -0.10167216668872467  -1.1702347820721026
6.54  -0.10588259300362665  -1.1972140997852236
6.55  -0.10996966921237655  -1.2238141599719425
6.5600000000000005  -0.11393162237505847  -1.2500275352185817
6.57  -0.11776679273814328  -1.2758469074225394
6.58  -0.12147363439597736  -1.3012650698090873
6.59  -0.1250507158582448  -1.3262749289174016
6.6000000000000005  -0.12849672052325078  -1.3508695065553078
6.61  -0.13181044705693346  -1.375041941722133
6.62  -0.134990809677596  -1.398785492499242
6.63  -0.13803683834641428  -1.4220935379076507
6.640000000000001  -0.14094767886386272  -1.4449595797322268
6.65  -0.14372259287226302  -1.4673772443119995
6.66  -0.146360957764741  -1.4893402842960919
6.67  -0.1488622665009505  -1.5108425803647296
6.68  -0.15122612732998986  -1.5318781429149337
6.69  -0.15345226342101825  -1.5524411137103942
6.7  -0.15554051240214334  -1.5725257674950455
6.71  -0.15749082580822693  -1.5921265135699745
6.72  -0.15930326843832723  -1.6112378973331578
6.73  -0.16097801762356104  -1.6298546017816253
6.74  -0.16251536240624498  -1.6479714489756545
6.75  -0.16391570263124017  -1.6655834014645932
6.76  -0.16517954795049775  -1.682685563673877
6.7700000000000005  -0.16630751674185235  -1.6992731832529173
6.78  -0.16730033494320753  -1.7153416523834508
6.79  -0.16815883480328533  -1.7308865090480063
6.8  -0.16888395355021357  -1.7459034382581364
6.8100000000000005  -0.16947673197924823  -1.760388273242086
6.82  -0.16993831296103215  -1.7743369965915394
6.83  -0.17026993987181385  -1.7877457413671856
6.84  -0.17047295494712875  -1.800610792162748
6.8500000000000005  -0.17054879756051125  -1.8129285861272066
6.86  -0.17049900242883512  -1.8246957139449302
6.87  -0.17032519774596708  -1.835908920773463
6.88  -0.17002910324644624  -1.8465651071386753
6.890000000000001  -0.16961252820097594  -1.8566613297870644
6.9  -0.16907736934554238  -1.8661948024949542
6.91  -0.16842560874605192  -1.8751628968343796
6.92  -0.16765931160039704  -1.8835631428954378
6.93  -0.1667806239799372  -1.8913932299649163
6.94  -0.1657917705123967  -1.898651007161003
6.95  -0.16469505200825013  -1.905334484023907
6.96  -0.1634928430326902  -1.9114418310622425
6.97  -0.16218758942531503  -1.9169713802549924
6.98  -0.16078180576972756  -1.9219216255089466
6.99  -0.15927807281523945  -1.926291223071477
7.0  -0.15767903485295431  -1.9300789918985288
7.01  -0.1559873970484843  -1.9332839139777396
7.0200000000000005  -0.15420592273363967  -1.9359051346065899
7.03  -0.1523374306594077  -1.9379419626255086
7.04  -0.15038479221260678  -1.9393938706058789
7.05  -0.14835092859859683  -1.9402604949928763
7.0600000000000005  -0.14623880799247316  -1.9405416362031165
7.07  -0.14405144266116665  -1.9402372586770773
7.08  -0.1417918860589172  -1.9393474908862811
7.09  -0.13946322989859572  -1.9378726252952376
7.1000000000000005  -0.13706860120134423  -1.9358131182781606
7.11  -0.13461115932706935  -1.9331695899904702
7.12  -0.13209409298825875  -1.9299428241951353
7.13  -0.1295206172496865  -1.9261337680438844
7.140000000000001  -0.1268939705164983  -1.921743531813354
7.15  -0.12421741151324038  -1.916773388596255
7.16  -0.12149421625634757  -1.911224773947624
7.17  -0.1187276750226431  -1.9050992854862725
7.18  -0.11592108931637404  -1.8983986824515398
7.19  -0.11307776883733438  -1.8911248852154632
7.2  -0.11020102845258431  -1.883279974750514
7.21  -0.10729418517430042  -1.8748661920530347
7.22  -0.10436055514627127  -1.86588593752254
7.23  -0.10140345064152599  -1.8563417702970462
7.24  -0.09842617707360682  -1.8462364075446351
7.25  -0.09543203002392943  -1.8355727237114092
7.26  -0.09242429228772256  -1.824353749726072
7.2700000000000005  -0.08940623094095113  -1.8125826721613576
7.28  -0.08638109443066512  -1.8002628323525123
7.29  -0.08335210969115445  -1.7873977254730962
7.3  -0.08032247928828168  -1.7739909995683456
7.3100000000000005  -0.07729537859433455  -1.7600464545463683
7.32  -0.07427395299572001  -1.7455680411274463
7.33  -0.07126131513577286  -1.7305598597517333
7.34  -0.06826054219493294  -1.7150261594456566
7.3500000000000005  -0.06527467321052108  -1.698971336647311
7.36  -0.062306706438276654  -1.682399933991217
7.37  -0.059359596757818794  -1.6653166390527032
7.38  -0.05643625312412481  -1.6477262830523363
7.390000000000001  -0.053539536067104404  -1.6296338395207006
7.4  -0.050672255241278386  -1.6110444229239163
7.41  -0.047837167027551114  -1.5919632872502705
7.42  -0.045036972189011176  -1.5723958245583505
7.43  -0.042274313582636475  -1.5523475634870816
7.44  -0.03955177392875836  -1.5318241677280555
7.45  -0.03687187364005762  -1.5108314344606348
7.46  -0.034237068711843094  -1.4893752927501531
7.47  -0.031649748675286415  -1.4674618019097765
7.48  -0.029112234615255778  -1.4450971498263825
7.49  -0.026626777254312534  -1.4222876512509592
7.5  -0.024195555104399663  -1.3990397460539898
7.51  -0.021820672687676568  -1.3753599974462938
7.5200000000000005  -0.019504158827911705  -1.3512550901658222
7.53  -0.01724796501376691  -1.326731828630901
7.54  -0.015053963835261919  -1.3017971350604343
7.55  -0.012923947494640708  -1.2764580475615683
7.5600000000000005  -0.0108596263927907  -1.2507217181853787
7.57  -0.00886262779231936  -1.2245954109510826
7.58  -0.006934494558305165  -1.1980864998392993
7.59  -0.005076683977701335  -1.1712024667549945
7.6000000000000005  -0.003290566658278038  -1.1439508994605696
7.61  -0.0015774255079457344  -1.1163394894797292
7.62  6.154520478657277e-05  -1.0883760299726746
7.63  0.0016252407085110554  -1.0600684135832255
7.640000000000001  0.003112646504159433  -1.0314246302584251
7.65  0.004522839057214623  -1.002452765041309
7.66  0.005854986406410495  -0.9731609958373261
7.67  0.007108348688495525  -0.9435575911551236
7.68  0.008282278578712499  -0.9136509078222965
7.69  0.009376221646713756  -0.8834493886766877
7.7  0.010389716627700774  -0.8529615602339189
7.71  0.011322395608651725  -0.8221960303317734
7.72  0.012173984129565663  -0.7911614857520877
7.73  0.012944301199726366  -0.7598666898207785
7.74  0.013633259229058475  -0.7283204799867383
7.75  0.014240863874720205  -0.6965317653801508
7.76  0.014767213803143608  -0.6645095243509911
7.7700000000000005  0.015212500367806747  -0.6322628019883711
7.78  0.015577007203092408  -0.5998007076213876
7.79  0.01586110973465671  -0.5671324123021333
7.8  0.01606527460679505  -0.5342671462716675
7.8100000000000005  0.016190059027373777  -0.5012141964095254
7.82  0.01623611003094963  -0.4679829036675375
7.83  0.016204163660779786  -0.4345826604886404
7.84  0.016095044070478653  -0.4010229082113993
7.8500000000000005  0.01590966254616577  -0.36731313446092584
7.86  0.015649016449984926  -0.3334628705269904
7.87  0.015314188085965297  -0.29948168872991965
7.88  0.014906343489252627  -0.26537919977511387
7.890000000000001  0.014426731139791343  -0.23116505009688731
7.9  0.013876680601614316  -0.19684891919233333
7.91  0.013257601088954768  -0.1624405169459272
7.92  0.0125709799604527  -0.1279495809457107
7.930000000000001  0.01181838114278369  -0.09338587379166308
7.94  0.011001443485114809  -0.058759180397084776
7.95  0.010121879045820209  -0.02407930528370386
7.96  0.009181471312979278  0.010643930128738044
7.97  0.008182073360198605  0.04540069023770488
7.98  0.007125605939391627  0.0801811279770821
7.99  0.006014055512161193  0.11497538753969788
8.0  0.0048494722215194075  0.1497736071024222
8.01  0.0036339678057024927  0.18456592155297805
8.02  0.00236971345589454  0.21934246521785217
8.03  0.0010589376197223388  0.254093374590486
8.040000000000001  -0.0002960762475656964  0.2888087910589784
8.05  -0.0016929919822981365  0.32347886363259537
8.06  -0.003129423059959696  0.35809375166633595
8.07  -0.004602934989114557  0.39264362758275856
8.08  -0.006111047749610923  0.42711867959035765
8.09  -0.007651238272951125  0.46150911439775444
8.1  -0.009220942962696377  0.4958051599228943
8.11  -0.01081756025271044  0.5299970679965795
8.120000000000001  -0.012438453201057256  0.5640751170595704
8.13  -0.014080952117289783  0.598029614852426
8.14  -0.01574235722088352  0.631850901097555
8.15  -0.017419941328513544  0.6655293501724703
8.16  -0.01911095256784913  0.6990553737737315
8.17  -0.020812617115546952  0.7324194235707249
8.18  -0.022522141957054875  0.7656119938486095
8.19  -0.02423671766587876  0.7986236241396356
8.2  -0.025953521199876282  0.8314449018421943
8.21  -0.027669718712209725  0.8640664648268365
8.22  -0.02938246837449461  0.8964790040284781
8.23  -0.031088923209735157  0.9286732660242681
8.24  -0.03278623393259229  0.9606400555961645
8.25  -0.03447155179452408  0.9923702382777065
8.26  -0.03614203143136348  1.0238547428841906
8.27  -0.03779483371084745  1.0550845640255917
8.28  -0.0394271285776588  1.0860507646014859
8.290000000000001  -0.041036097893511224  1.11674447827737
8.3  -0.04261893826981154  1.147156911941609
8.31  -0.044172863890473646  1.1772793481424153
8.32  -0.045695109322399625  1.2071031475041352
8.33  -0.04718293231123114  1.2366197511221768
8.34  -0.04863361655992302  1.265820682935964
8.35  -0.050044474487723756  1.2946975520792263
8.36  -0.051412849967184586  1.3232420552069972
8.370000000000001  -0.05273612103679145  1.351445978798651
8.38  -0.05401170258687715  1.3793012014363808
8.39  -0.055237049016464146  1.4067996960584876
8.4  -0.056409656858710105  1.433933532186819
8.41  -0.05752706737268155  1.4606948781278044
8.42  -0.05858686909916033  1.4870760031464185
8.43  -0.05958670037827413  1.5130692796125318
8.44  -0.06052425182670067  1.5386671851190197
8.45  -0.06139726877231014  1.563862304571071
8.46  -0.06220355364406206  1.5886473322460881
8.47  -0.06294096831507281  1.6130150738236455
8.48  -0.06360743639676927  1.6369584483849458
8.49  -0.06420094548208993  1.6604704903811895
8.5  -0.06471954933575538  1.683544351570363
8.51  -0.06516137002963504  1.7061733029218569
8.52  -0.06552460002132401  1.7283507364884512
8.53  -0.06580750417404502  1.7500701672451031
8.540000000000001  -0.06600842171607932  1.7713252348940702
8.55  -0.06612576813794388  1.7921097056357995
8.56  -0.06615803702559898  1.8124174739052308
8.57  -0.06610380182803016  1.8322425640728686
8.58  -0.06596171755757119  1.8515791321102826
8.59  -0.06573052242142366  1.8704214672195294
8.6  -0.06540903938286036  1.8887639934260272
8.61  -0.06499617765065835  1.9066012711344904
8.620000000000001  -0.06449093409538328  1.9239279986474611
8.63  -0.06389239459117749  1.940739013646024
8.64  -0.06319973528178863  1.9570292946323185
8.65  -0.062412223769625574  1.9727939623334239
8.66  -0.06152922022668775  1.9880282810662306
8.67  -0.06055017842628399  2.0027276600629507
8.68  -0.05947464669451738  2.0168876547568777
8.69  -0.05830226878058134  2.0305039680280315
8.700000000000001  -0.05703278464496661  2.0435724514083806
8.71  -0.055666031164762986  2.05608910624627
8.72  -0.054201942755289  2.0680500848297685
8.73  -0.05264055190736208  2.0794516914685923
8.74  -0.05098198963958936  2.090290383534337
8.75  -0.04922648586511841  2.100562772458702
8.76  -0.04737436967237346  2.1102656246894544
8.77  -0.045426069519352685  2.1193958626038643
8.78  -0.04338211334115555  2.1279505653793387
8.790000000000001  -0.041243128570451926  2.1359269698210492
8.8  -0.03900984207070854  2.143322471146284
8.81  -0.036683079982027106  2.150134623725352
8.82  -0.034263767479545404  2.1563611417787816
8.83  -0.03175292844440894  2.1619999000306787
8.84  -0.029151685047398845  2.1670489343180104
8.85  -0.026461257245371766  2.1715064421556782
8.86  -0.023682962190739454  2.1753707832572227
8.870000000000001  -0.02081821355428623  2.1786404800109906
8.88  -0.017868520761696538  2.1813142179116567
8.89  -0.014835488144231496  2.1833908459469797
8.9  -0.01172081400406752  2.184869376939664
8.91  -0.008526289594881636  2.1857489878442466
8.92  -0.0052537980183355315  2.186029019998936
8.93  -0.0019053130371778082  2.1857089793323032
8.94  0.0015171021942374519  2.1847885365247994
8.950000000000001  0.005011296481162886  2.1832675271250244
8.96  0.008575032020462753  2.1811459516207403
8.97  0.012205985912427053  2.178423975464584
8.98  0.015901751751321025  2.17510192905449
8.99  0.01965984129354531  2.1711803076688114
9.0  0.02347768620221849  2.1666597713561693
9.01  0.02735263986691397  2.161541144780048
9.02  0.03128197929724183  2.155825417018182
9.03  0.03526290708888091  2.1495137413167935
9.040000000000001  0.03929255346062835  2.1426074347997273
9.05  0.04336797836094708  2.1351079781325986
9.06  0.04748617364246527  2.1270170151419867
9.07  0.051644065302791475  2.1183363523898464
9.08  0.05583851578996951  2.1090679587031893
9.09  0.06006632637084888  2.099213964659212
9.1  0.06432423956056688  2.0887766620259693
9.11  0.06860894161131864  2.077758503158785
9.120000000000001  0.0729170650585062  2.066162100352527
9.13  0.07724519132233598  2.0539902251499536
9.14  0.08158985336287508  2.04124580760629
9.15  0.08594753838651278  2.027931935510269
9.16  0.09031469060176764  2.0140518535618126
9.17  0.09468771402229073  1.9996089625066154
9.18  0.09906297531491245  1.9846068182278294
9.19  0.10343680669051741  1.9690491307951197
9.200000000000001  0.10780550883549295  1.9529397634713561
9.21  0.11216535388147407  1.9362827316771964
9.22  0.11651258841106749  1.9190822019138378
9.23  0.1208434364971803  1.9013424906442606
9.24  0.1251541027735944  1.8830680631332442
9.25  0.1294407755343452  1.864263532246472
9.26  0.1336996298594812  1.84493365720908
9.27  0.13792683076471537  1.8250833423239532
9.28  0.1421185363724935  1.8047176356501353
9.290000000000001  0.14627090110194152  1.7838417276417315
9.3  0.15038007887517033  1.7624609497476478
9.31  0.15444222633738236  1.7405807729725538
9.32  0.15845350608818953  1.718206806399484
9.33  0.16241008992158443  1.6953447956744663
9.34  0.1663081620719371  1.6720006214535756
9.35  0.17014392246343568  1.6481802978128883
9.36  0.17391358996032621  1.6238899706217114
9.370000000000001  0.17761340561535813  1.5991359158795575
9.38  0.181239635913772  1.573924538017375
9.39  0.18478857601023596  1.5482623681633545
9.4  0.18825655295607818  1.522156062373968
9.41  0.19163992891418652  1.4956123998305855
9.42  0.19493510435897085  1.4686382810022278
9.43  0.1981385212587447  1.4412407257749293
9.44  0.2012466662379382  1.4134268715482654
9.450000000000001  0.20425607371653487  1.3852039712995017
9.46  0.2071633290241351  1.3565793916159663
9.47  0.20996507148609858  1.3275606106961113
9.48  0.21265799747918263  1.298155216319866
9.49  0.2152388634541542  1.268370903788834
9.5  0.21770448892286173  1.2382154738368547
9.51  0.22005175940725363  1.207696830511551
9.52  0.22227762934789827  1.1768229790274012
9.53  0.22437912496953627  1.1456020235909778
9.540000000000001  0.22635334710127442  1.1140421651988792
9.55  0.22819747394901171  1.082151699409028
9.56  0.22990876381776643  1.0499390140858773
9.57  0.2314845577815744  1.0174125871201976
9.58  0.23292228229867076  0.9845809841240594
9.59  0.23421945176972858  0.9514528561016103
9.6  0.23537367103692852  0.9180369370963213
9.61  0.2363826378217111  0.8843420418153147
9.620000000000001  0.23724414509908076  0.8503770632314726
9.63  0.2379560834063959  0.8161509701639361
9.64  0.23851644308461029  0.7816728048376571
9.65  0.23892331644997994  0.7469516804227228
9.66  0.2391748998943215  0.7119967785540582
9.67  0.2392694959119207  0.6768173468322813
9.68  0.23920551505128812  0.641422696306232
9.69  0.23898147778996792  0.6058221989380923
9.700000000000001  0.2385960163307057  0.5700252850515691
9.71  0.23804787631729724  0.5340414407640153
9.72  0.23733591846853735  0.4978802054030328
9.73  0.23645912012871415  0.4615511689084344
9.74  0.23541657673318062  0.42506396922011214
9.75  0.23420750318758704  0.38842828965269344
9.76  0.2328312351594231  0.3516538562575384
9.77  0.23128723028057843  0.3147504351729242
9.78  0.22957506925971372  0.2777278299630879
9.790000000000001  0.22769445690327633  0.24059587894686768
9.8  0.22564522304408982  0.20336445251668195
9.81  0.22342732337649118  0.166043450448568
9.82  0.2210408401970767  0.12864279920402885
9.83  0.21848598305018493  0.09117244922442155
9.84  0.2157630892773104  0.05364237221863133
9.85  0.21287262446971786  0.016062558444782132
9.86  0.20981518282360667  -0.02155698601331646
9.870000000000001  0.20659148739723937  -0.05920624197413732
9.88  0.20320239026952763  -0.0968751798901672
9.89  0.19964887259963843  -0.1345537625826661
9.9  0.19593204458727237  -0.17223194797858646
9.91  0.19205314533332274  -0.20989969184900853
9.92  0.18801354260071723  -0.24754695054833772
9.93  0.183814732475308  -0.28516368375340595
9.94  0.17945833892676233  -0.3227398572018825
9.950000000000001  0.17494611326947365  -0.3602654454291305
9.96  0.17027993352360646  -0.3977304345027568
9.97  0.16546180367642865  -0.43512482475425773
9.98  0.16049385284421983  -0.472438633506738
9.99  0.15537833433506373  -0.5096618977982322
10.0  0.15011762461294575  -0.5467846770997128
