0.0  -0.3371905193799402  -1.2511593814458781
0.01  -0.3249049147065358  -1.222006920734196
0.02  -0.31242816602298357  -1.1924859796509748
0.03  -0.29976749099037897  -1.1626044197868186
0.04  -0.28693022305793864  -1.1323702038041419
0.05  -0.2739238069146662  -1.1017913932658714
0.06  -0.26075579386684095  -1.070876146436859
0.07  -0.2474338371443727  -1.03963271605862
0.08  -0.23396568713912358  -1.0080694470979965
0.09  -0.2203591865783358  -0.9761947744703668
0.1  -0.20662226563635777  -0.9440172207380311
0.11  -0.19276293698789895  -0.9115453937843941
0.12  -0.1787892908060864  -0.87878798446459
0.13  -0.1647094897086342  -0.8457537642331888
0.14  -0.15053176365547416  -0.8124515827496415
0.15  -0.13626440480122765  -0.7788903654621123
0.16  -0.12191576230593289  -0.7450791111703643
0.17  -0.10749423710746965  -0.7110268895683711
0.18  -0.09300827665914957  -0.6767428387673211
0.19  -0.07846636963596645  -0.6422361627996949
0.2  -0.06387704061302184  -0.6075161291051085
0.21  -0.04924884471966018  -0.5725920659985995
0.22  -0.034590362272866104  -0.5374733601220588
0.23  -0.0199101933934909  -0.5021694538795065
0.24  -0.005216952608885814  -0.46668984285691073
0.25  0.009480736554468044  -0.43104407322726224
0.26  0.02417424698473855  -0.39524173914161076
0.27  0.03885495340132876  -0.3592924801067881
0.28  0.053514237770670006  -0.3232059783505241
0.29  0.06814349471761667  -0.286991956174691
0.3  0.08273413692884675  -0.25066017329739265
0.31  0.09727760054467129  -0.2142204241846347
0.32  0.11176535053566873  -0.1776825353723026
0.33  0.12618888606056727  -0.14105636277918304
0.34  0.14053974580181233  -0.10435178901176917
0.35000000000000003  0.1548095132752724  -0.06757872066158577
0.36  0.16898982211055186  -0.030747085595775048
0.37  0.18307236129840243  0.006133169758311491
0.38  0.19704888040174545  0.0430520831337686
0.39  0.21091119472684358  0.07999967914929948
0.4  0.22465119045118662  0.11696597203813253
0.41000000000000003  0.2382608297046875  0.15394096837994287
0.42  0.2517321556008163  0.1909146698350374
0.43  0.2650572972143335  0.22787707588004003
0.44  0.27822847450232224  0.2648181865443374
0.45  0.29123800316525744  0.3017280051465332
0.46  0.30407829944489195  0.3385965410301527
0.47000000000000003  0.31674188485578203  0.3754138122978568
0.48  0.3292213908473227  0.4121698485434074
0.49  0.34150956339320937  0.44885469358063923
0.5  0.35359926750529236  0.4854584081686881
0.51  0.36548349166884553  0.5219710727327288
0.52  0.37715535219632235  0.5583827900794717
0.53  0.38860809749672875  0.5946836881066799
0.54  0.39983511225780316  0.6308639225059582
0.55  0.41082992153825126  0.6669136794580746
0.56  0.4215861947673459  0.7028231783200728
0.5700000000000001  0.4320977496492707  0.7385826743034423
0.58  0.4423585559696429  0.7741824611426065
0.59  0.45236273930172943  0.8096128737529984
0.6  0.46210458460992904  0.8448642908779975
0.61  0.4715785397481731  0.879927137723995
0.62  0.4807792188509641  0.9147918885828715
0.63  0.4897014056148478  0.949449069441163
0.64  0.498340056468191  0.9838892605751977
0.65  0.5066903036272109  1.0181030991315
0.66  0.514747458036285  1.0520812816917404
0.67  0.5225070121906465  1.0858145668215413
0.68  0.5299646428396537  1.1192937776024268
0.6900000000000001  0.5371162135689014  1.1525098041462323
0.7000000000000001  0.543957777259531  1.185453606091275
0.71  0.5504855784231737  1.2181162150796068
0.72  0.5566960554110522  1.2504887372146674
0.73  0.5625858424958522  1.2825623554986596
0.74  0.5681517718250589  1.314328332248983
0.75  0.5733908752445475  1.3457780114930649
0.76  0.5783003859913007  1.3769028213409196
0.77  0.5828777402542221  1.407694276334797
0.78  0.5871205786020972  1.4381439797752742
0.79  0.5910267472778534  1.4682436260231395
0.8  0.5945942993583566  1.4979850027764574
0.81  0.5978214957790746  1.5273599933221669
0.8200000000000001  0.6007068062230353  1.556360578761618
0.8300000000000001  0.6032489098735909  1.5849788402094132
0.84  0.605446696030606  1.6132069609649689
0.85  0.6072992645897668  1.641037228656191
0.86  0.608805926384814  1.6684620373546757
0.87  0.6099662033925886  1.69547388966186
0.88  0.6107798288008751  1.7220653987655474
0.89  0.6112467469391255  1.7482292904662413
0.9  0.6113671130722302  1.7739584051727322
0.91  0.6111412930576074  1.7992456998663942
0.92  0.6105698628659675  1.8240842500336436
0.93  0.6096536079662052  1.8484672515660372
0.9400000000000001  0.6083935225749638  1.872388022627482
0.9500000000000001  0.6067908087715086  1.8958400054880502
0.96  0.6048468754786368  1.9188167683238906
0.97  0.6025633373104441  1.9413120069827439
0.98  0.5999420132878561  1.9633195467145788
0.99  0.5969849254229243  1.9848333438668724
1.0  0.593694297172974  2.0058474875440675
1.01  0.5900725517657806  2.026356201230758
1.02  0.5861223103970361  2.046353844378147
1.03  0.5818463903014561  2.0658349139533456
1.04  0.5772478026989603  2.084794045951098
1.05  0.5723297506174457  2.103226016867497
1.06  0.5670956265937531  2.121125745135301
1.07  0.5615490102545103  2.1384882925204542
1.08  0.5556936657786153  2.1553088654794252
1.09  0.5495335392432019  2.171582816476991
1.1  0.5430727558550084  2.1873056452641055
1.11  0.5363156170691465  2.202473000115506
1.12  0.5292665975973424  2.217080679026703
1.1300000000000001  0.5219303423077938  2.2311246308700463
1.1400000000000001  0.5143116630188627  2.2446009565095304
1.1500000000000001  0.5064155351888899  2.2575059098740438
1.16  0.49824709450448695  2.2698358989887635
1.17  0.48981163336972744  2.281587486964413
1.18  0.4811145972987306  2.2927573929441114
1.19  0.4721615812141815  2.3033424930075506
1.2  0.46295832565440564  2.3133398210322587
1.21  0.45351071289166855  2.3227465695117058
1.22  0.44382476296442985  2.3315600903300324
1.23  0.43390662962633886  2.339777895493184
1.24  0.42376259621480883  2.347397657816253
1.25  0.4133990714420627  2.354417211566841
1.26  0.4028225851115905  2.360834553064256
1.27  0.3920397837630035  2.366647841234391
1.28  0.3810574262483222  2.3718553981201262
1.29  0.36988237924277045  2.3764557093471073
1.3  0.3585216126931967  2.3804474245447875
1.31  0.34698219520727275  2.383829357722604
1.32  0.33527128938666667  2.3866004876011866
1.33  0.3233961471074144  2.3887599578985164
1.34  0.3113641047507463  2.390307077570947
1.35  0.2991825783876582  2.39124132100902
1.36  0.28685905892054137  2.3915623281880354
1.37  0.2744011071852076  2.39126990477331
1.3800000000000001  0.2618163490166757  2.3903640221801217
1.3900000000000001  0.24911247028209754  2.388844817588304
1.4000000000000001  0.2362972118842236  2.3867125939114935
1.41  0.22337836473882405  2.3839678197210388
1.42  0.21036376472948976  2.3806111291245875
1.43  0.19726128764325498  2.376643321599388
1.44  0.18407884409048164  2.3720653617803515
1.45  0.1708243744124615  2.3668783792029258
1.46  0.15750584358018715  2.3610836680008602
1.47  0.14413123608774658  2.3546826865589385
1.48  0.1307085508437965  2.347677057120772
1.49  0.11724579606455998  2.3400685653517703
1.5  0.10375098417179178  2.331859159857396
1.51  0.0902321266991444  2.323050951656844
1.52  0.0766972292103568  2.3136462136122895
1.53  0.06315428623266997  2.303647379813856
1.54  0.04961127620886556  2.2930570449204737
1.55  0.036076156471295875  2.281877963456808
1.56  0.022556858241258443  2.270113049066455
1.57  0.009061281657044146  2.257765373721604
1.58  -0.004402709166039076  2.2448381668893798
1.59  -0.017827291040393697  2.2313348146551064
1.6  -0.031204686572363735  2.2172588588027127
1.61  -0.04452716898676018  2.202613995852555
1.62  -0.057787066906502385  2.1874040760568945
1.6300000000000001  -0.07097676908423398  2.171633102353332
1.6400000000000001  -0.0840887290828127  2.15530522927646
1.6500000000000001  -0.09711546990161414  2.1384247618280514
1.6600000000000001  -0.11004958854563186  2.1209961543060833
1.67  -0.12288376053440006  2.103024009092921
1.68  -0.13561074434781975  2.084513075402984
1.69  -0.14822338580600547  2.0654682479902617
1.7  -0.16071462238033674  2.0458945658160035
1.71  -0.173077487432937  2.0257972106769673
1.72  -0.18530511438187017  2.0051815057945945
1.73  -0.19739074078939087  1.984052914365507
1.74  -0.20932771237065265  1.9624170380737058
1.75  -0.22110948692033414  1.9402796155649011
1.76  -0.23272963815470188  1.917646520883377
1.77  -0.24418185946670254  1.8945237618718183
1.78  -0.2554599675917334  1.870917478534552
1.79  -0.26655790618180786  1.8468339413646366
1.8  -0.2774697492859086  1.8222795496352657
1.81  -0.2881897047343832  1.7972608296559542
1.82  -0.2987121174253077  1.771784432993984
1.83  -0.30903147251082674  1.7458571346615896
1.84  -0.3191423984815408  1.7194858312693988
1.85  -0.3290396701470906  1.6926775391466107
1.86  -0.3387182115111703  1.6654393924284505
1.87  -0.34817309853926925  1.6377786411114033
1.8800000000000001  -0.35739956181752947  1.6097026490767747
1.8900000000000001  -0.3663929891011788  1.581218892083118
1.9000000000000001  -0.37514892775108477  1.5523349557280717
1.9100000000000001  -0.38366308705705526  1.5230585333801683
1.92  -0.3919313404465887  1.4933974240811934
1.93  -0.3999497275778713  1.4633595304196456
1.94  -0.40771445631588643  1.4329528563759053
1.95  -0.41522190459060415  1.4021855051396896
1.96  -0.42246862213628616  1.3710656769003937
1.97  -0.4294513321110409  1.3396016666109192
1.98  -0.43616693259584166  1.3078018617256228
1.99  -0.4426124979723071  1.2756747399129769
2.0  -0.4487852801786367  1.2432288667435873
2.0100000000000002  -0.45468270984317355  1.2104728933542053
2.02  -0.46030239729515665  1.1774155540883564
2.0300000000000002  -0.46564213345231364  1.144065664114246
2.04  -0.4706998905850306  1.1104321170206024
2.05  -0.475473822956924  1.0765238823910892
2.06  -0.47996226734172487  1.042350003357977
2.07  -0.4841637434164778  1.0079195941357493
2.08  -0.4880769540311392  0.9732418375352803
2.09  -0.4917007853547459  0.9383259824593169
2.1  -0.4950343068984208  0.9031813413799096
2.11  -0.4980767714155535  0.8678172877985159
2.12  -0.5008276146795931  0.8322432536894413
2.13  -0.5032864551399705  0.7964687269273553
2.14  -0.5054530934567489  0.7605032486995442
2.15  -0.5073275119146898  0.7243564109036572
2.16  -0.5089098737175097  0.6880378535316152
2.17  -0.5102005221631697  0.6515572620404364
2.18  -0.5111999797011407  0.6149243647106692
2.19  -0.5119089468726589  0.5781489299931866
2.2  -0.5123283011350629  0.5412407638450265
2.21  -0.5124590955713912  0.5042097070550735
2.22  -0.5123025574864948  0.46706563256023664
2.23  -0.5118600868909906  0.4298184427529306
2.24  -0.5111332548744671  0.39247806678054475
2.25  -0.5101238018694225  0.35505445783768486
2.2600000000000002  -0.5088336358074874  0.3175575904518753
2.27  -0.507264830169565  0.27999745776354146
2.2800000000000002  -0.5054196219315843  0.24238406880093027
2.29  -0.5033004094076348  0.20472744575079566
2.3000000000000003  -0.5009097499923186  0.16703762122553695
2.31  -0.49825035780422766  0.12932463552758322
2.32  -0.4953251012325065  0.09159853391173889
2.33  -0.49213700038854225  0.05386936384626609
2.34  -0.4886892244648686  0.016147172273450028
2.35  -0.4849850890034414  -0.021557997129629886
2.36  -0.48102805307550156  -0.05923610668931144
2.37  -0.4768217163752884  -0.09687712747186976
2.38  -0.47236981622993846  -0.13447104201752566
2.39  -0.4676762245279398  -0.17200784707124323
2.4  -0.4627449445685781  -0.20947755630953474
2.41  -0.457580107834851  -0.24687020306255458
2.42  -0.45218597069238076  -0.2841758430306971
2.43  -0.4465669110168962  -0.3213845569950139
2.44  -0.4407274247529032  -0.3584864535206202
2.45  -0.43467212240620173  -0.3954716716524581
2.46  -0.42840572547294803  -0.4323303836025689
2.47  -0.4219330628079976  -0.4690527974282194
2.48  -0.41525906693530457  -0.5056291597001046
2.49  -0.4083887703031759  -0.5420497581599188
2.5  -0.4013273014872254  -0.5783049243665385
2.5100000000000002  -0.3940798813438867  -0.6143850363301275
2.52  -0.38665181911738256  -0.6502805211334147
2.5300000000000002  -0.37904850850306554  -0.6859818575394384
2.54  -0.37127542367007466  -0.7214795785850364
2.5500000000000003  -0.3633381152462618  -0.7567642741593855
2.56  -0.3552422062683768  -0.7918265935668517
2.57  -0.3469933881004973  -0.8266572480734894
2.58  -0.33859741632371926  -0.8612470134364678
2.59  -0.33006010660012564  -0.8955867324157218
2.6  -0.3213873305140612  -0.9296673172671719
2.61  -0.31258501139375827  -0.9634797522167963
2.62  -0.30365912011634344  -0.997015095914901
2.63  -0.29461567089928187  -1.0302644838698958
2.64  -0.2854607170812936  -1.0632191308609351
2.65  -0.2762003468957946  -1.0958703333287256
2.66  -0.26684067923988775  -1.1282094717438846
2.67  -0.25738785944195386  -1.160228012952172
2.68  -0.24784805503084809  -1.191917512495976
2.69  -0.23822745150972868  -1.2232696169113773
2.7  -0.22853224813750853  -1.254276066000228
2.71  -0.218768653720923  -1.2849286950765482
2.72  -0.2089428824201692  -1.3152194371866792
2.73  -0.19906114957107957  -1.3451403253025627
2.74  -0.18912966752674165  -1.374683494487553
2.75  -0.17915464152147806  -1.403841184034145
2.7600000000000002  -0.16914226556005385  -1.4326057395730878
2.77  -0.15909871833496986  -1.4609696151532314
2.7800000000000002  -0.14903015917464885  -1.4889253752916043
2.79  -0.13894272402531627  -1.5164656969931167
2.8000000000000003  -0.12884252146931213  -1.543583371739363
2.81  -0.11873562878256733  -1.5702713074459462
2.82  -0.10862808803391055  -1.5965225303878419
2.83  -0.09852590222885341  -1.6223301870922133
2.84  -0.08843503150045118  -1.6476875461981915
2.85  -0.07836138934978848  -1.6725880002831308
2.86  -0.06831083893860784  -1.697025067654784
2.87  -0.058289189436535466  -1.7209923941089602
2.88  -0.04830219242532802  -1.744483754652157
2.89  -0.038355538362491504  -1.7674930551887016
2.9  -0.02845485310660012  -1.7900143341719272
2.91  -0.018605694506557524  -1.812041764218971
2.92  -0.008813549057017311  -1.8335696536886927
2.93  0.0009161713779011205  -1.854592448222335
2.94  0.010578132770500126  -1.8751047322464756
2.95  0.020167082062982067  -1.8951012304378723
2.96  0.02967785022652994  -1.9145768091497788
2.97  0.0391053552441005  -1.9335264777993837
2.98  0.04844460501507475  -1.951945390215941
2.99  0.05769070017999581  -1.9698288459492632
3.0  0.06683883686367018  -1.987172291538202
3.0100000000000002  0.07588430933500065  -2.0039713217387716
3.02  0.08482251258195561  -2.020221680711576
3.0300000000000002  0.09364894480017971  -2.035919263168228
3.04  0.10235920979379559  -2.051060115476427
3.0500000000000003  0.11094901928703546  -2.065640436723416
3.06  0.11941419514539435  -2.0796565797375033
3.0700000000000003  0.12775067150509506  -2.0931050520673935
3.08  0.13595449680969468  -2.1059825169190374
3.09  0.14402183575276867  -2.118285794049767
3.1  0.15194897112566097  -2.1300118606194545
3.11  0.1597323055693698  -2.141157851998469
3.12  0.16736836322972015  -2.151721062532212
3.13  0.17485379131504009  -2.1616989462620255
3.14  0.1821853615556419  -2.171089117602265
3.15  0.18935997156447712  -2.1798893519733653
3.16  0.19637464609842675  -2.1880975863907226
3.17  0.20322653821974146  -2.195711920009226
3.18  0.20991293035724803  -2.2027306146232988
3.19  0.21643123526699903  -2.2091520951223176
3.2  0.22277899689212674  -2.2149749499012645
3.21  0.22895389112173498  -2.220197931226524
3.22  0.23495372644875123  -2.224819955556721
3.23  0.24077644452671562  -2.228840103818496
3.24  0.24642012062559232  -2.2322576216371677
3.25  0.2518829639867274  -2.2350719195221997
3.2600000000000002  0.2571633180771922  -2.2372825730074433
3.27  0.2622596607437913  -2.23888932274609
3.2800000000000002  0.2671706042671216  -2.239892074560346
3.29  0.27189489531611244  -2.240290899445778
3.3000000000000003  0.2764314148035841  -2.240086033530364
3.31  0.28077917764340227  -2.2392778779882354
3.3200000000000003  0.2849373324099059  -2.2378669989081534
3.33  0.28890516090034507  -2.2358541271167467
3.34  0.29268207760113696  -2.2332401579565673
3.35  0.29626762905882237  -2.2300261510190222
3.36  0.29966149315667523  -2.226213329832253
3.37  0.3028634782979866  -2.2218030815040604
3.38  0.3058735224970998  -2.216796956319963
3.39  0.3086916923793708  -2.2111966672965075
3.4  0.3113181820912546  -2.20500408968995
3.41  0.3137533121218141  -2.1982212604604507
3.42  0.3159975280369984  -2.190850377691926
3.43  0.31805139912809716  -2.1828937999677165
3.44  0.31991561697584603  -2.1743540457022505
3.45  0.32159099393171586  -2.165233792428884
3.46  0.32307846151797004  -2.155535876044108
3.47  0.3243790687481413  -2.145263290008344
3.48  0.3254939803696291  -2.1344191845035456
3.49  0.32642447503017225  -2.12300686554782
3.5  0.3271719433700051  -2.1110297940673477
3.5100000000000002  0.32773788604155946  -2.098491584925825
3.52  0.32812391165861843  -2.0853960059117194
3.5300000000000002  0.32833173467687726  -2.0717469766835945
3.54  0.32836317320792047  -2.057548567673827
3.5500000000000003  0.3282201467686527  -2.0428049989509818
3.56  0.3279046739682804  -2.027520639041187
3.5700000000000003  0.3274188701349714  -2.0117000037088224
3.58  0.3267649448843615  -1.9953477546968545
3.59  0.3259451996321178  -1.9784686984271684
3.6  0.3249620250527969  -1.9610677846612639
3.61  0.32381789848727666  -1.943150105121665
3.62  0.32251538130106905  -1.9247208920744376
3.63  0.3210571161958521  -1.90578551687321
3.64  0.3194458244765819  -1.8863494884650698
3.65  0.31768430327658226  -1.8664184518587899
3.66  0.31577542274302384  -1.8459981865557675
3.67  0.3137221231852313  -1.8250946049441321
3.68  0.3115274121882732  -1.8037137506564467
3.69  0.30919436169431763  -1.7818617968914794
3.7  0.30672610505423575  -1.7595450447004788
3.71  0.3041258340519657  -1.7367699212384407
3.72  0.3013967959041542  -1.7135429779808493
3.73  0.2985422902376012  -1.689870888906375
3.74  0.2955656660470443  -1.6657604486460291
3.75  0.2924703186358283  -1.641218570599303
3.7600000000000002  0.28925968654199785  -1.6162522850177787
3.77  0.2859372484523741  -1.5908687370567662
3.7800000000000002  0.2825065201071474  -1.5650751847954831
3.79  0.2789710511975462  -1.538878997226351
3.8000000000000003  0.2753344222591124  -1.512287652213909
3.81  0.2716002415631279  -1.4853087344239706
3.8200000000000003  0.26777214200871174  -1.4579499332235446
3.83  0.26385377801810983  -1.430219040552116
3.84  0.25984882243768315  -1.4021239487648711
3.85  0.25576096344708016  -1.3736726484484694
3.86  0.25159390147907523  -1.3448732262099419
3.87  0.2473513461525234  -1.3157338624393344
3.88  0.243037013220876  -1.2862628290467364
3.89  0.2386546215386648  -1.2564684871742526
3.9  0.23420789004835563  -1.2263592848836304
3.91  0.22970053478992727  -1.1959437548201097
3.92  0.2251362659355268  -1.1652305118531747
3.93  0.22051878485149887  -1.134228250694838
3.94  0.21585178119007933  -1.1029457434961434
3.95  0.21113893001299355  -1.071391837422485
3.96  0.20638388894917056  -1.0395754522084921
3.97  0.20159029538875484  -1.0075055776930821
3.98  0.19676176371555054  -0.9751912713353976
3.99  0.19190188257999488  -0.942641655712289
4.0  0.18701421221472697  -0.90986591599807
4.01  0.1821022817947581  -0.8768732974271664
4.0200000000000005  0.17716958684422257  -0.8436731027404355
4.03  0.1722195866916356  -0.8102746896158188
4.04  0.16725570197552916  -0.7766874680840182
4.05  0.1622813122023089  -0.7429208979299377
4.0600000000000005  0.15729975335810537  -0.7089844860806027
4.07  0.15231431557635502  -0.6748877839802606
4.08  0.1473282408627838  -0.6406403849533668
4.09  0.14234472087942474  -0.606251921556247
4.1  0.13736689478923647  -0.5717320629180794
4.11  0.13239784716283504  -0.5370905120719915
4.12  0.12744060594880346  -0.5023370032769889
4.13  0.12249814050896804  -0.46748129933141924
4.14  0.11757335971999394  -0.432533188878754
4.15  0.1126691101425713  -0.3975024837064178
4.16  0.10778817425941997  -0.3623990160383931
4.17  0.10293326878326078  -0.32723263582233686
4.18  0.0981070430358609  -0.2920132080120056
4.19  0.0933120773991786  -0.25675060984566295
4.2  0.08855088183957965  -0.22145472812129507
4.21  0.08382589450602568  -0.18613545646929822
4.22  0.07913948040308083  -0.15080269262347842
4.23  0.07449393013950112  -0.11546633569102704
4.24  0.06989145875312519  -0.08013628342230669
4.25  0.06533420461269457  -0.04482242948111373
4.26  0.06082422839718937  -0.009534660716228632
4.2700000000000005  0.056363512153177864  0.025717145565009675
4.28  0.05195395843062661  0.060923124320367145
4.29  0.047597389497530895  0.09607342549288178
4.3  0.0432955466336839  0.1311582167267381
4.3100000000000005  0.039050089503809615  0.16616768607814497
4.32  0.034862595610232416  0.2010920447204539
4.33  0.0307345598251777  0.23592152964280086
4.34  0.02666739400274387  0.27064640634146986
4.3500000000000005  0.022662426670498503  0.3052569715033161
4.36  0.018720902800606343  0.3397435556804342
4.37  0.014843983660307758  0.3740965259554114
4.38  0.011032746741516553  0.4083062885963752
4.39  0.00728818576922774  0.44236329170112887
4.4  0.003611210788367375  0.4762580278296472
4.41  2.6483286407752438e-06  0.5099810366242071
4.42  -0.0035367583531179247  0.5435229074164512
4.43  -0.007006348953664421  0.5768742818206184
4.44  -0.010405545727767446  0.6100258563122967
4.45  -0.013733853017022207  0.6429683847919188
4.46  -0.01699085670383174  0.6756926811323644
4.47  -0.020176223591355402  0.7081896217099202
4.48  -0.023289700710323324  0.7404501479179215
4.49  -0.026331114553652307  0.7724652686623619
4.5  -0.029300370239870338  0.8042260628388536
4.51  -0.032197450606408134  0.835723681790161
4.5200000000000005  -0.03502241523387706  0.8669493517437002
4.53  -0.037775399402514814  0.8978943762283091
4.54  -0.04045661298202444  0.9285501384696506
4.55  -0.04306633925609468  0.9589081037635335
4.5600000000000005  -0.045604933682943535  0.9889598218265722
4.57  -0.04807282259327218  1.0186969291234684
4.58  -0.05047050182707989  1.0481111511703418
4.59  -0.05279853531082146  1.077194304813424
4.6000000000000005  -0.05505755357645546  1.1059383004825212
4.61  -0.05724825222396733  1.1343351444185956
4.62  -0.05937139032900114  1.1623769408749034
4.63  -0.061427788797272787  1.1900558942910406
4.64  -0.06341832866749347  1.2173643114392982
4.65  -0.06534394936455118  1.2442946035427844
4.66  -0.06720564690475751  1.2708392883646649
4.67  -0.06900447205499828  1.2969909922680116
4.68  -0.07074152844765691  1.3227424522456508
4.69  -0.07241797065321995  1.3480865179194679
4.7  -0.07403500221251486  1.3730161535086096
4.71  -0.07559387363053822  1.397524439766073
4.72  -0.07709588033388944  1.4216045758831148
4.73  -0.07854236059383525  1.445249881360965
4.74  -0.07993469341706061  1.4684537978493448
4.75  -0.08127429640619088  1.4912098909512836
4.76  -0.08256262359218561  1.5135118519937099
4.7700000000000005  -0.08380116324072939  1.5353534997633753
4.78  -0.08499143563476219  1.5567287822075833
4.79  -0.08613499083531283  1.5776317780993152
4.8  -0.08723340642280804  1.5980566986662332
4.8100000000000005  -0.088288285221044  1.6179978891831666
4.82  -0.08930125300603298  1.637449830527598
4.83  -0.09027395620191767  1.6564071406977707
4.84  -0.09120805956618647  1.6748645762929497
4.8500000000000005  -0.09210524386640685  1.69281703395548
4.86  -0.09296720355070616  1.7102595517741843
4.87  -0.09379564441422848  1.7271873106487905
4.88  -0.09459228126380712  1.7435956356149545
4.89  -0.09535883558306403  1.7594799971295283
4.9  -0.09609703320018011  1.7748360123157398
4.91  -0.09680860196054408  1.7896594461679243
4.92  -0.09749526940649919  1.8039462127154802
4.93  -0.0981587604663844  1.8176923761457309
4.94  -0.09880079515507197  1.8308941518853907
4.95  -0.09942308628817191  1.8435479076403145
4.96  -0.10002733721207059  1.8556501643932832
4.97  -0.10061523955195557  1.8671975973595214
4.98  -0.10118847097995183  1.8781870368996845
4.99  -0.10174869300547776  1.88861546939009
5.0  -0.10229754878991734  1.8984800380499274
5.01  -0.10283666098766114  1.9077780437252336
5.0200000000000005  -0.10336762961555926  1.9165069456294137
5.03  -0.10389202995280034  1.924664362040108
5.04  -0.10441141047319288  1.9322480709522059
5.05  -0.10492729081180793  1.9392560106868397
5.0600000000000005  -0.10544115976789362  1.945686280456179
5.07  -0.1059544733459554  1.951537140883874
5.08  -0.106468652836846  1.9568070144810163
5.09  -0.10698508294068337  1.961494486077467
5.1000000000000005  -0.10750510993336582  1.9655983032084494
5.11  -0.1080300398784263  1.9691173764562913
5.12  -0.10856113688591074  1.972050779747231
5.13  -0.1090996214199369  1.974397750603198
5.14  -0.10964666865653569  1.976157690348502
5.15  -0.11020340689334043  1.9773301642713794
5.16  -0.11077091601262729  1.9779149017403412
5.17  -0.11135022599918676  1.977911796275304
5.18  -0.11194231551442702  1.9773209055734715
5.19  -0.11254811052808275  1.9761424514899733
5.2  -0.11316848300884008  1.974376819973254
5.21  -0.11380424967513608  1.9720245609552385
5.22  -0.11445617080733989  1.9690863881963023
5.23  -0.11512494912246879  1.9655631790850854
5.24  -0.11581122871252744  1.961455974393213
5.25  -0.1165155940475151  1.9567659779849818
5.26  -0.1172385690440752  1.9514945564820978
5.2700000000000005  -0.11798061620071182  1.9456432388835594
5.28  -0.1187421358004315  1.939213716140782
5.29  -0.1195234651816163  1.9322078406880883
5.3  -0.12032487807786249  1.9246276259286947
5.3100000000000005  -0.12114658402746795  1.9164752456763257
5.32  -0.12198872785318327  1.9077530335526274
5.33  -0.12285138921277994  1.898463482340519
5.34  -0.12373458222092631  1.8886092432936947
5.3500000000000005  -0.12463825514279953  1.8781931254024278
5.36  -0.12556229015979367  1.8672180946159207
5.37  -0.12650650320762474  1.855687273021372
5.38  -0.1274706438870648  1.8436039379800166
5.39  -0.12845439544747544  1.8309715212203714
5.4  -0.12945737484324227  1.817793607888923
5.41  -0.13047913286315152  1.8040739355585307
5.42  -0.13151915433268058  1.7898163931948157
5.43  -0.13257685838911062  1.7750250200808166
5.44  -0.13365159882930444  1.7597040047002035
5.45  -0.134742664529927  1.7438576835793844
5.46  -0.13584927993982243  1.7274905400887741
5.47  -0.13697060564419422  1.7106072032035944
5.48  -0.13810573900017228  1.6932124462245455
5.49  -0.1392537148432872  1.6753111854586789
5.5  -0.14041350626430593  1.6569084788608308
5.51  -0.14158402545582166  1.6380095246360367
5.5200000000000005  -0.1427641246279269  1.6186196598032518
5.53  -0.14395259699223503  1.5987443587208083
5.54  -0.145148177813459  1.5783892315740071
5.55  -0.14634954552768537  1.5575600228252569
5.5600000000000005  -0.1475553229264302  1.5362626096271768
5.57  -0.1487640784055008  1.5145030001991437
5.58  -0.14997432727762305  1.4922873321676544
5.59  -0.15118453314774422  1.4696218708710238
5.6000000000000005  -0.15239310934985947  1.4465130076288681
5.61  -0.15359842044415128  1.4229672579768442
5.62  -0.15479878377318043  1.398991259867095
5.63  -0.15599247107581232  1.3745917718349867
5.64  -0.15717771015750168  1.3497756711325457
5.65  -0.1583526866155196  1.3245499518291501
5.66  -0.15951554561764048  1.2989217228800336
5.67  -0.16066439373277194  1.2728982061630434
5.68  -0.16179730081194638  1.2464867344842732
5.69  -0.1629123019180602  1.2196947495530959
5.7  -0.16400739930268712  1.1925297999271436
5.71  -0.16508056442826022  1.1649995389277676
5.72  -0.1661297400338627  1.1371117225266518
5.73  -0.16715284224283028  1.1088742072040436
5.74  -0.16814776271033238  1.0802949477792665
5.75  -0.16911237080904917  1.0513819952140833
5.76  -0.1700445158510317  1.0221434943895225
5.7700000000000005  -0.17094202934379876  0.9925876818567558
5.78  -0.17180272727868  0.9627228835627102
5.79  -0.17262441244939486  0.9325575125509364
5.8  -0.1734048767988111  0.9021000666384539
5.8100000000000005  -0.17414190379181327  0.8713591260691895
5.82  -0.17483327081216793  0.8403433511446394
5.83  -0.17547675158126153  0.809061479832375
5.84  -0.17607011859654864  0.7775223253531545
5.8500000000000005  -0.17661114558754254  0.745734773747183
5.86  -0.17709760998713442  0.7137077814202677
5.87  -0.17752729541603968  0.6814503726705118
5.88  -0.17789799417812466  0.6489716371962408
5.89  -0.17820750976437666  0.6162807275858195
5.9  -0.17845365936323707  0.5833868567901032
5.91  -0.17863427637504403  0.5502992955781709
5.92  -0.17874721292828527  0.5170273699770179
5.93  -0.17879034239537467  0.4835804586960133
5.94  -0.178761561905661  0.44996799053671604
5.95  -0.17865879485335442  0.4161994417888274
5.96  -0.17847999339809062  0.3822843336129761
5.97  -0.1782231409557999  0.348232229411065
5.98  -0.17788625467761143  0.3140527321848705
5.99  -0.17746738791447314  0.27975548188370136
6.0  -0.17696463266520224  0.24535015274172312
6.01  -0.1763761220056958  0.21084645060578297
6.0200000000000005  -0.17570003249700417  0.17625411025445012
6.03  -0.17493458657002942  0.14158289270895924
6.04  -0.1740780548845815  0.1068425825368513
6.05  -0.17312875866057098  0.07204298514902502
6.0600000000000005  -0.17208507197911166  0.037193924090952485
6.07  -0.17094542405135166  0.002305238328799364
6.08  -0.16970830145283666  -0.032613220468804466
6.09  -0.16837225032127384  -0.06755159065258681
6.1000000000000005  -0.16693587851554886  -0.10250000331733616
6.11  -0.16539785773390686  -0.13744858502864143
6.12  -0.16375692558922006  -0.17238746055108367
6.13  -0.1620118876392928  -0.2073067555769336
6.140000000000001  -0.16016161937020643  -0.2421965994547652
6.15  -0.15820506813070412  -0.27704712791714803
6.16  -0.15614125501570147  -0.31184848580669533
6.17  -0.1539692766969808  -0.3465908297997161
6.18  -0.15168830719924023  -0.381264331126718
6.19  -0.1492975996196368  -0.41585917828903723
6.2  -0.1467964877890643  -0.45036557977076985
6.21  -0.14418438787340082  -0.4847737667454075
6.22  -0.14146079991305427  -0.5190739957762501
6.23  -0.13862530929912356  -0.5532565515100065
6.24  -0.13567758818460698  -0.5873117493627531
6.25  -0.13261739682907678  -0.6212299381975506
6.26  -0.1294445848753283  -0.6550015029929661
6.2700000000000005  -0.12615909255655766  -0.6886168675017733
6.28  -0.12276095183265887  -0.7220664968991016
6.29  -0.11925028745430527  -0.7553409004192941
6.3  -0.11562731795352438  -0.7884306339807807
6.3100000000000005  -0.11189235655954308  -0.8213263027981865
6.32  -0.10804581203871855  -0.8540185639810075
6.33  -0.10408818945745615  -0.8864981291181597
6.34  -0.1000200908670526  -0.9187557668475866
6.3500000000000005  -0.09584221590947571  -0.9507823054103414
6.36  -0.09155536234315642  -0.9825686351883623
6.37  -0.08716042648791872  -1.0141057112252734
6.38  -0.08265840358825807  -1.0453845557295085
6.390000000000001  -0.07805038809421799  -1.0763962605590898
6.4  -0.07333757385921105  -1.1071319896873129
6.41  -0.06852125425415576  -1.137582981648771
6.42  -0.06360282219742042  -1.1677405519649477
6.43  -0.058583770100079674  -1.1975960955487335
6.44  -0.0534656897260965  -1.2271410890872445
6.45  -0.04825027196709422  -1.2563670934022468
6.46  -0.04293930653144293  -1.2852657557875502
6.47  -0.03753468154748629  -1.3138288123227282
6.48  -0.03203838308076756  -1.3420480901625444
6.49  -0.026452494565208234  -1.3699155098013922
6.5  -0.020779196148249857  -1.397423087312235
6.51  -0.015020763950052196  -1.4245629365593295
6.5200000000000005  -0.009179569236900276  -1.4513272713841578
6.53  -0.0032580775090486347  -1.4777084077639764
6.54  0.0027411524967004552  -1.503698765942414
6.55  0.00881546988930898  -1.5292908725314414
6.5600000000000005  0.014962132790274751  -1.554477362584239
6.57  0.021178309584341526  -1.5792509816383287
6.58  0.02746108025358479  -1.6036045877284275
6.59  0.03380743779420159  -1.6275311533684624
6.6000000000000005  0.040214289715300944  -1.6510237675022252
6.61  0.04667845961889683  -1.6740756374220662
6.62  0.05319668886025644  -1.696680090655196
6.63  0.05976563828766182  -1.7188305768169954
6.640000000000001  0.06638189006061135  -1.7405206694308424
6.65  0.07304194954537843  -1.761744067713975
6.66  0.07974224728682505  -1.7824945983289064
6.67  0.08647914105525334  -1.8027662170998482
6.68  0.09324891796705703  -1.822553010693745
6.69  0.10004779667783656  -1.8418491982654217
6.7  0.10687192964660505  -1.860649133066364
6.71  0.11371740546963222  -1.8789473040167584
6.72  0.12058025128241268  -1.8967383372402966
6.73  0.12745643522820188  -1.9140169975613377
6.74  0.1343418689914803  -1.930778189964028
6.75  0.14123241039466905  -1.9470169610129868
6.76  0.1481238660563454  -1.9627285002351178
6.7700000000000005  0.15501199410916866  -1.9779081414622208
6.78  0.1618925069756492  -1.9925513641340011
6.79  0.16876107419987835  -2.0066537945611302
6.8  0.17561332533323074  -2.0202112071480003
6.8100000000000005  0.18244485287205803  -2.0332195255748555
6.82  0.18925121524529703  -2.045674823938932
6.83  0.19602793984990094  -2.057573327854353
6.84  0.20277052613193675  -2.068911415510421
6.8500000000000005  0.20947444871115004  -2.0796856186880426
6.86  0.21613516054676943  -2.0898926237339914
6.87  0.2227480961422626  -2.0995292724927714
6.88  0.22930867478673356  -2.1085925631957716
6.890000000000001  0.23581230383059293  -2.117079651307512
6.9  0.2422543819931236  -2.1249878503287287
6.91  0.24863030269950506  -2.132314632556074
6.92  0.25493545744484414  -2.1390576297982267
6.93  0.2611652391827118  -2.145214634048217
6.94  0.26731504573568676  -2.1507835981117713
6.95  0.2733802832253378  -2.155762636191506
6.96  0.2793563695190942  -2.160150024426826
6.97  0.28523873769140284  -2.163944201389342
6.98  0.2910228394965521  -2.167143768533702
6.99  0.29670414885054286  -2.169747490603702
7.0  0.30227816531934376  -2.171754295993554
7.01  0.3077404176108758  -2.1731632770642193
7.0200000000000005  0.3130864670680333  -2.1739736904147238
7.03  0.3183119111600695  -2.1741849571083622
7.04  0.3234123869696335  -2.1737966628537495
7.05  0.3283835746727647  -2.172808558140648
7.0600000000000005  0.3332212010091182  -2.171220558330548
7.07  0.33792104273972917  -2.1690327437019654
7.08  0.3424789300895882  -2.166245359450444
7.09  0.34689075017231225  -2.162858815643267
7.1000000000000005  0.3511524503942228  -2.158873687128884
7.11  0.35526004183509474  -2.1542907134010694
7.12  0.359209602602923  -2.149110798417873
7.13  0.3629972811599763  -2.143335010375378
7.140000000000001  0.3666192996175042  -2.136964581436349
7.15  0.3700719569964065  -2.1300009074138466
7.16  0.3733516324512435  -2.1224455474098693
7.17  0.37645478845494784  -2.114300223409151
7.18  0.3793779739416452  -2.1055668198282
7.19  0.38211782740498257  -2.0962473830197186
7.2  0.38467107994942773  -2.086344120732527
7.21  0.3870345582919926  -2.0758594015271443
7.22  0.3892051877118785  -2.064795754147185
7.23  0.3911799949455792  -2.053155866846733
7.24  0.3929561110249839  -2.040942586673906
7.25  0.3945307740560988  -2.0281589187107585
7.26  0.39590133193598465  -2.014808025269768
7.2700000000000005  0.3970652450056093  -2.0008932250471214
7.28  0.39802008863630145  -1.9864179922330107
7.29  0.39876355574756206  -1.9713859555791966
7.3  0.3992934592540317  -1.9558008974240966
7.3100000000000005  0.3996077344394482  -1.9396667526756548
7.32  0.39970444125547755  -1.9229876077522814
7.33  0.39958176654335814  -1.905767699482137
7.34  0.3992380261763505  -1.888011413961083
7.3500000000000005  0.3986716671210101  -1.8697232853695827
7.36  0.3978812694154048  -1.8509079947489213
7.37  0.3968655480623974  -1.8315703687370093
7.38  0.3956233548362223  -1.8117153782641986
7.390000000000001  0.39415368000059836  -1.7913481372093987
7.4  0.39245565393672555  -1.7704739010169004
7.41  0.390528548679529  -1.7490980652742687
7.42  0.3883717793606138  -1.7272261642517006
7.43  0.3859849055564438  -1.7048638694032487
7.44  0.3833676325403117  -1.6820169878303013
7.45  0.3805198124367658  -1.6586914607077965
7.46  0.3774414452771819  -1.6348933616734993
7.47  0.3741326799552922  -1.6106288951809038
7.48  0.3705938150815008  -1.5859043948161173
7.49  0.36682529973492917  -1.5607263215792289
7.5  0.362827734112173  -1.535101262130631
7.51  0.3586018700718612  -1.5090359270027633
7.5200000000000005  0.3541486115741372  -1.482537148777778
7.53  0.34946901501431127  -1.455611880231622
7.54  0.34456428944995643  -1.428267192445042
7.55  0.33943579672083435  -1.400510272882027
7.5600000000000005  0.3340850514610992  -1.3723484234362373
7.57  0.32851372100330745  -1.343789058445931
7.58  0.3227236251738349  -1.3148397026779084
7.59  0.3167167359793971  -1.2855079892811114
7.6000000000000005  0.31049517718443265  -1.2558016577103397
7.61  0.30406122377919476  -1.225728551620717
7.62  0.29741730133847566  -1.1952966167334584
7.63  0.2905659852709733  -1.1645138986735333
7.640000000000001  0.2835099999593831  -1.1333885407797928
7.65  0.2762522177913891  -1.1019287818882324
7.66  0.2687956580817856  -1.0701429540888794
7.67  0.2611434858860826  -1.0380394804570243
7.68  0.25329901070598515  -1.0056268727593916
7.69  0.24526568508724667  -0.9729137291358351
7.7  0.23704710311047053  -0.9399087317572475
7.71  0.22864699877549471  -0.9066206444602947
7.72  0.22006924428011682  -0.873058310359639
7.73  0.2113178481939497  -0.8392306494382792
7.74  0.2023969535283162  -0.8051466561167366
7.75  0.19331083570312996  -0.770815396801642
7.76  0.18406390041183962  -0.7362460074144898
7.7700000000000005  0.17466068138553842  -0.7014476909012168
7.78  0.1651058380574639  -0.6664297147232687
7.79  0.1554041531291409  -0.6312014083308098
7.8  0.14556053003955344  -0.5957721606188784
7.8100000000000005  0.13557999033875823  -0.5601514173670614
7.82  0.12546767096744796  -0.5243486786634695
7.83  0.11522882144404517  -0.4883734963136829
7.84  0.10486880096097956  -0.45223547123539753
7.8500000000000005  0.09439307539185815  -0.4159442508394554
7.86  0.08380721421133819  -0.37950952639805247
7.87  0.07311688732954694  -0.34294103040072105
7.88  0.06232786184298911  -0.3062485338989229
7.890000000000001  0.05144599870392563  -0.26944184383994996
7.9  0.040477249310298  -0.23253080039084376
7.91  0.02942765201829889  -0.19552527425304012
7.92  0.01830332857980646  -0.1584351639685866
7.930000000000001  0.0071104805068984145  -0.12127039321853925
7.94  -0.004144614634215171  -0.08404090811436388
7.95  -0.015455606997519356  -0.046756674483052096
7.96  -0.026816078297309226  -0.009427675146709363
7.97  -0.038219545711661196  0.027936092802664708
7.98  -0.04965946584670211  0.06532462073240272
7.99  -0.06112923875911119  0.10272789120170164
8.0  -0.07262221203423055  0.14013588069673993
8.01  -0.08413168491708284  0.17753856236750956
8.02  -0.09565091249360014  0.2149259087657503
8.03  -0.107173109919284  0.25228789458316503
8.040000000000001  -0.11869145669248496  0.2896144993891527
8.05  -0.13019910096945433  0.3268957103673431
8.06  -0.14168916391830091  0.3641215250501945
8.07  -0.15315474410888213  0.40128195405084827
8.08  -0.16458892193573055  0.4383670237915329
8.09  -0.17598476407097302  0.4753667792277807
8.1  -0.18733532794426416  0.5122712865676514
8.11  -0.19863366624665568  0.5490706359852856
8.120000000000001  -0.20987283145535712  0.5857549443280241
8.13  -0.2210458803762559  0.6223143578162634
8.14  -0.23214587870112594  0.6587390547355176
8.15  -0.24316590557634415  0.6950192481196764
8.16  -0.2540990581799812  0.7311451884249482
8.17  -0.26493845630410634  0.7671071661936317
8.18  -0.27567724693910506  0.8028955147070471
8.19  -0.2863086088568395  0.8385006126268351
8.2  -0.2968257571894391  0.8739128866239726
8.21  -0.30722194800053093  0.9091228139947569
8.22  -0.31749048284568027  0.9441209252629578
8.23  -0.3276247133188708  0.9788978067676308
8.24  -0.33761804558178377  1.0134441032356212
8.25  -0.3474639448726857  1.047750520338257
8.26  -0.3571559399917421  1.0818078272314315
8.27  -0.366687627759545  1.1156068590784192
8.28  -0.3760526774457  1.1491385195546802
8.290000000000001  -0.38524483516430086  1.1823937833340477
8.3  -0.39425792823312833  1.2153636985555276
8.31  -0.4030858694934804  1.2480393892701187
8.32  -0.41172266158747894  1.2804120578669196
8.33  -0.4201624011897964  1.3124729874778627
8.34  -0.4283992831907299  1.3442135443604608
8.35  -0.4364276048275739  1.375625180257865
8.36  -0.4442417697613088  1.4066994347356205
8.370000000000001  -0.4518362920956011  1.4374279374944388
8.38  -0.4592058003351895  1.4678024106583876
8.39  -0.4663450412807558  1.497814671037882
8.4  -0.4732488838573813  1.527456632366795
8.41  -0.479912322873797  1.556720307513151
8.42  -0.4863304827096062  1.5855978106627178
8.43  -0.49249862092776603  1.6140813594749726
8.44  -0.4984121318096016  1.6421632772107948
8.45  -0.504066549809732  1.669835994831344
8.46  -0.5094575529282843  1.6970920530674969
8.47  -0.5145809659978647  1.7239241044593214
8.48  -0.5194327638827966  1.7503249153650264
8.49  -0.5240090745881673  1.776287367938795
8.5  -0.5283061822763356  1.8018044620770088
8.51  -0.5323205301885521  1.8268693173322814
8.52  -0.536048723469458  1.8514751747948246
8.53  -0.5394875318922485  1.8756153989405935
8.540000000000001  -0.5426338924823892  1.899283479445736
8.55  -0.5454849120378032  1.922473032966779
8.56  -0.5480378695435516  1.9451778048862016
8.57  -0.5502902184790713  1.9673916710227422
8.58  -0.5522395890161145  1.9891086393061066
8.59  -0.5538837901056153  2.0103228514155638
8.6  -0.5552208114517723  2.031028584381964
8.61  -0.556248825371708  2.0512202521527825
8.620000000000001  -0.5569661885391618  2.070892407119727
8.63  -0.5573714436107241  2.0900397416084964
8.64  -0.5574633207332238  2.1086570893303014
8.65  -0.5572407389309442  2.1267394267947215
8.66  -0.55670280737143  2.1442818746835153
8.67  -0.55584882650873  2.161279699185032
8.68  -0.5546782891030038  2.177728313288835
8.69  -0.5531908811155055  2.1936232780401776
8.700000000000001  -0.5513864824780366  2.208960303754014
8.71  -0.549265167736056  2.2237352511881765
8.72  -0.5468272065647117  2.2379441326754383
8.73  -0.5440730641571504  2.2515831132141124
8.74  -0.5410034014845551  2.2646485115169126
8.75  -0.5376190754274315  2.277136801017774
8.76  -0.5339211387777754  2.2890446108363705
8.77  -0.5299108401118209  2.3003687267000563
8.78  -0.5255896235331816  2.3111060918229756
8.790000000000001  -0.5209591282862528  2.321253807742107
8.8  -0.5160211882398827  2.330809135110008
8.81  -0.5107778312413529  2.339769494444052
8.82  -0.505231278340849  2.3481324668319274
8.83  -0.4993839428866613  2.3558957945932417
8.84  -0.49323842949145646  2.3630573818970135
8.85  -0.4867975328700524  2.3696152953349063
8.86  -0.4800642365492158  2.375567764450045
8.870000000000001  -0.4730417114500908  2.3809131822212515
8.88  -0.4657333143439621  2.385650105502586
8.89  -0.4581425861821356  2.3897772554180747
8.9  -0.45027325030081294  2.3932935177114985
8.91  -0.44212921050193493  2.3961979430511517
8.92  -0.43371454901103595  2.3984897472895104
8.93  -0.4250335243132519  2.4001683116776986
8.94  -0.4160905688687115  2.4012331830347327
8.950000000000001  -0.40689028670861416  2.401684073871468
8.96  -0.39743745091340743  2.401520862469234
8.97  -0.38773700097451563  2.4007435929131247
8.98  -0.3777940400412133  2.3993524750799384
8.99  -0.367613832054272  2.3973478845807747
9.0  -0.35720179876810465  2.3947303626582914
9.01  -0.3465635166632233  2.391500616038669
9.02  -0.33570471375088823  2.3876595167383052
9.03  -0.32463126627190525  2.3832081018253057
9.040000000000001  -0.3133491952916191  2.3781475731358213
9.05  -0.30186466319321925  2.372479296945337
9.06  -0.2901839700715162  2.366204803594961
9.07  -0.2783135500294829  2.3593257870728612
9.08  -0.266259967379869  2.351844104550932
9.09  -0.2540299127542832  2.343761775876834
9.1  -0.2416301991222225  2.3350809830215353
9.11  -0.22906775772256127  2.3258040694825244
9.120000000000001  -0.21634963391010856  2.3159335396428307
9.13  -0.20348298291989497  2.3054720580860613
9.14  -0.19047506555186275  2.2944224488676044
9.15  -0.1773332437788063  2.28278769474224
9.16  -0.16406497628032973  2.2705709363483293
9.17  -0.15067781390574805  2.2577754713488494
9.18  -0.13717939506885118  2.244404753529464
9.19  -0.12357744107752777  2.2304623918539104
9.200000000000001  -0.10987975140129286  2.2159521494769523
9.21  -0.09609419887980429  2.2008779427151706
9.22  -0.082228724875474  2.1852438399758554
9.23  -0.06829133437339516  2.1690540606443287
9.24  -0.05429009103174795  2.1523129739299773
9.25  -0.04023311218597869  2.1350250976713117
9.26  -0.02612856380999201  2.1171950971004003
9.27  -0.011984655437728253  2.098827783566995
9.28  0.0021903649515668394  2.0799281132226994
9.290000000000001  0.016388216080970394  2.0605011856655677
9.3  0.030600588553008706  2.040552242545475
9.31  0.04481915005287561  2.0200866661306454
9.32  0.059035550574238  1.9991099778357528
9.33  0.07324142766420876  1.9776278367119806
9.34  0.08742841168395911  1.9556460378994458
9.35  0.10158813108149499  1.933170511042449
9.36  0.1157122176730554  1.9102073186679396
9.370000000000001  0.1297923119296285  1.8867626545276537
9.38  0.1438200682650314  1.8628428419044416
9.39  0.15778716032204443  1.8384543318831046
9.4  0.17168528625302615  1.813603701586394
9.41  0.18550617399148528  1.7882976523765188
9.42  0.1992415865110824  1.7625430080227231
9.43  0.21288332706850327  1.7363467128354002
9.44  0.22642324442670264  1.7097158297673052
9.450000000000001  0.23985323805499514  1.6826575384823175
9.46  0.253165263302471  1.6551791333923564
9.47  0.2663513365413024  1.6272880216629162
9.48  0.2794035402763954  1.5989917211878204
9.49  0.2923140282180092  1.5702978585337513
9.5  0.30507503031386807  1.541214166855071
9.51  0.3176788577373755  1.5117484837795558
9.52  0.3301179078285672  1.4819087492655871
9.53  0.34238466898443354  1.4517030034314315
9.540000000000001  0.35447172549532113  1.4211393843571463
9.55  0.3663717623240997  1.3902261258597757
9.56  0.37807756982489693  1.358971555242385
9.57  0.38958204839814886  1.327384091017599
9.58  0.40087821307882365  1.2954722406062655
9.59  0.4119591980547054  1.2632445980118385
9.6  0.42281826111163345  1.2307098414711573
9.61  0.4334487880027098  1.197876731082232
9.620000000000001  0.44384429673845227  1.164754106409738
9.63  0.4539984417949941  1.1313508840688233
9.64  0.46390501823746255  1.0976760552878972
9.65  0.47355796575568704  1.0637386834511144
9.66  0.4829513726095158  1.0295479016211626
9.67  0.49207947948101294  0.9951129100431284
9.68  0.5009366832309216  0.9604429736299616
9.69  0.509517540556798  0.9255474194304532
9.700000000000001  0.5178167715503321  0.8904356340802033
9.71  0.5258292631513848  0.8551170612364483
9.72  0.5335500724964053  0.819601198997296
9.73  0.5409744301589003  0.7838975973062425
9.74  0.5480977432797336  0.7480158553425196
9.75  0.5549155985851089  0.7119656188981525
9.76  0.5614237652901517  0.6757565777422831
9.77  0.5676181978860846  0.6393984629736026
9.78  0.5734950388090808  0.6029010443615658
9.790000000000001  0.5790506209889442  0.566274127677127
9.8  0.5842814702758551  0.5295275520137364
9.81  0.5891843077435106  0.49267118709931734
9.82  0.5937560518670429  0.4557149305999769
9.83  0.5979938205742253  0.41866870541617807
9.84  0.6018949331685204  0.3815424569721202
9.85  0.6054569121226483  0.34434615049907935
9.86  0.6086774847414063  0.30708976831340584
9.870000000000001  0.6115545846925909  0.26978330709002896
9.88  0.6140863534049368  0.2324367751321208
9.89  0.6162711413321003  0.1950601896376531
9.9  0.6181075090817841  0.15766357396371639
9.91  0.6195942284092107  0.12025695488924487
9.92  0.6207302830742318  0.08285035987690004
9.93  0.6215148695614565  0.045453814334972614
9.94  0.6219473976628811  0.008077338879895646
9.950000000000001  0.6220274909225845  -0.02926905339976585
9.96  0.6217549869431582  -0.06657535967709804
9.97  0.6211299375536289  -0.10383159011779561
9.98  0.6201526088387245  -0.14102777060727145
9.99  0.6188234810294346  -0.17815394547344757
10.0  0.6171432482549046  -0.21520018020431061
