0.0  -0.2974514710711489  -1.0941055116170326
0.01  -0.292949140667676  -1.0553083325710393
0.02  -0.28826364729475007  -1.0165436714045046
0.03  -0.2833986088415026  -0.9778464338226853
0.04  -0.2783577600461721  -0.9392505870921652
0.05  -0.2731449496106176  -0.9007890944348736
0.06  -0.2677641372379894  -0.8624938520732368
0.07  -0.2622193905958364  -0.8243956290746367
0.08  -0.2565148822069833  -0.7865240101364734
0.09  -0.25065488627055643  -0.7489073414459422
0.1  -0.244643775415589  -0.7115726797411183
0.11  -0.23848601738968223  -0.6745457446921026
0.12  -0.23218617168524075  -0.6378508747128766
0.13  -0.22574888610584637  -0.6015109863061275
0.14  -0.2191788932753735  -0.5655475370346869
0.15  -0.21248100709248668  -0.529980492204349
0.16  -0.20566011913320095  -0.494828295333798
0.17  -0.19872119500421537  -0.4601078424781249
0.18  -0.19166927064976752  -0.42583446046300266
0.19  -0.18450944861478316  -0.3920218890770629
0.2  -0.1772468942671266  -0.35868226726036234
0.21  -0.16988683198178067  -0.32582612331707084
0.22  -0.16243454128981247  -0.2934623691707223
0.23  -0.15489535299499996  -0.2615982986705026
0.24  -0.14727464526101586  -0.23023958994717797
0.25  -0.13957783967208334  -0.19939031180740696
0.26  -0.1318103972700318  -0.16905293414532963
0.27  -0.1239778145706954  -0.13922834234055587
0.28  -0.11608561956260749  -0.10991585560194678
0.29  -0.10813936769095372  -0.0811132492069952
0.3  -0.10014463782975169  -0.05281678057710565
0.31  -0.09210702824523104  -0.02502121911975211
0.32  -0.08403215255338808  0.0022801202406918797
0.33  -0.0759256356746919  0.029095339930628128
0.34  -0.06779310978891279  0.055433919089351635
0.35000000000000003  -0.05964021029304245  0.08130666953009172
0.36  -0.05147257176526843  0.10672568841272373
0.37  -0.04329582393795295  0.1317043077488996
0.38  -0.03511558768256112  0.15625704086804967
0.39  -0.026937471009464087  0.18039952598010747
0.4  -0.01876706508553161  0.20414846697785852
0.41000000000000003  -0.010609940272409635  0.22752157162853043
0.42  -0.0024716421883572703  0.2505374873105949
0.43  0.005642312203502475  0.2732157344577
0.44  0.013726438477687397  0.29557663787724453
0.45  0.021775288596813103  0.31764125611625615
0.46  0.02978345472722832  0.3394313090519746
0.47000000000000003  0.03774557301707848  0.36096910388886283
0.48  0.045656327334089586  0.38227745974762245
0.49  0.05351045296038792  0.403379631035215
0.5  0.06130274024171589  0.4242992297878371
0.51  0.06902803818843684  0.44506014718128784
0.52  0.0766812580257642  0.46568647440517474
0.53  0.08425737669069078  0.4862024230989436
0.54  0.09175144027313892  0.5066322455487661
0.55  0.09915856739889595  0.5270001548448828
0.56  0.10647395255194847  0.5473302451990846
0.5700000000000001  0.11369286933387612  0.5676464126216038
0.58  0.12081067365801729  0.5879722761557984
0.59  0.12782280687617065  0.6083310998676343
0.6  0.13472479883565053  0.6287457157851184
0.61  0.14151227086457013  0.6492384479804981
0.62  0.14818093868328253  0.6698310379852541
0.63  0.15472661523996717  0.6905445717246358
0.64  0.16114521346841343  0.7113994081547769
0.65  0.16743274896610638  0.7324151097812718
0.66  0.1735853425907919  0.7536103752334692
0.67  0.1795992229737532  0.7750029740637489
0.68  0.18547072894810235  0.7966096839355691
0.6900000000000001  0.19119631189045364  0.8184462303582759
0.7000000000000001  0.19677253797441271  0.840527229120409
0.71  0.20219609033438574  0.8628661315666661
0.72  0.20746377113828088  0.8854751728567412
0.73  0.2125725035677457  0.9083653233369537
0.74  0.2175193337046537  0.9315462431479984
0.75  0.22230143232262944  0.9550262401842455
0.76  0.22691609658246978  0.978812231511805
0.77  0.23136075163039643  1.0029097083441654
0.78  0.23563295209814739  1.027322704665495
0.79  0.23973038350399153  1.052053769582796
0.8  0.24365086355382562  1.0771039434790037
0.81  0.24739234334158824  1.1024727380298172
0.8200000000000001  0.25095290844830515  1.1281581201376416
0.8300000000000001  0.254330779939153  1.1541564998264189
0.84  0.2575243152580117  1.1804627221314759
0.85  0.260532009019047  1.2070700630087472
0.86  0.2633524936949495  1.2339702292779007
0.87  0.26598454020152906  1.2611533626040585
0.88  0.2684270583784451  1.2886080475129151
0.89  0.2706790973659324  1.3163213234242055
0.9  0.2727398458774551  1.3442787006786534
0.91  0.27460863236830835  1.3724641805237636
0.92  0.27628492510025726  1.400860279014142
0.93  0.27776833210238605  1.4294480547724515
0.9400000000000001  0.2790586010284061  1.4582071405476664
0.9500000000000001  0.2801556189107486  1.4871157784980042
0.96  0.28105941181184735  1.5161508591167785
0.97  0.28177014437308956  1.5452879637105208
0.98  0.28228811926199443  1.5745014103299948
0.99  0.28261377651824965  1.6037643030462907
1.0  0.28274769279931333  1.6330485844559601
1.01  0.28269058052636725  1.6623250912912697
1.02  0.2824432869314722  1.6915636130039877
1.03  0.2820067930068576  1.7207329531838622
1.04  0.2813822123573487  1.7498009936659589
1.05  0.2805707899569986  1.7787347611744195
1.06  0.2795739008110735  1.8075004963439707
1.07  0.27839304852460256  1.8360637249546452
1.08  0.27702986377877303  1.8643893312097273
1.09  0.27548610271651897  1.892441632881883
1.1  0.2737636452387222  1.9201844581478131
1.11  0.2718644932125005  1.9475812239275943
1.12  0.26979076859313256  1.974595015541103
1.1300000000000001  0.26754471146122305  2.001188667490672
1.1400000000000001  0.2651286779767774  2.0273248451762655
1.1500000000000001  0.26254513825191617  2.0529661273471396
1.16  0.2597966741440122  2.078075089092044
1.17  0.25688597697109894  2.1026143851686685
1.18  0.2538158451514473  2.126546833472063
1.19  0.2505891817692656  2.1498354984413854
1.2  0.24720899206852925  2.172443774204364
1.21  0.2436783808769984  2.1943354672594073
1.22  0.24000054996252917  2.2154748784963223
1.23  0.23617879532383526  2.2358268843581275
1.24  0.23221650441789854  2.255357016948428
1.25  0.22811715332627394  2.274031542891282
1.26  0.22388430386257868  2.2918175407534425
1.27  0.21952160062348852  2.308682976842225
1.28  0.21503276798561408  2.3245967791961437
1.29  0.21042160705065532  2.3395289095896854
1.3  0.2056919925412789  2.353450433378404
1.31  0.20084786965018334  2.3663335870155846
1.32  0.19589325084486334  2.3781518430773314
1.33  0.1908322126305994  2.388879972638882
1.34  0.18566889227423503  2.39849410485127
1.35  0.18040748449132765  2.4069717835741686
1.36  0.17505223809928025  2.414292020927815
1.37  0.1696074526390834  2.420435347634255
1.3800000000000001  0.16407747496831715  2.4253838600259137
1.3900000000000001  0.15846669582808026  2.4291212636074198
1.4000000000000001  0.15277954638652347  2.431632913064948
1.41  0.14702049476168716  2.432905848625831
1.42  0.1411940425263431  2.4329288286799704
1.43  0.13530472119755788  2.4316923585835704
1.44  0.12935708871369683  2.429188715574869
1.45  0.12335572590159458  2.425411969740897
1.46  0.11730523293662087  2.4203580009837924
1.47  0.11121022579836748  2.414024511944808
1.48  0.10507533272468782  2.406411036853861
1.49  0.09890519066680689  2.3975189462823048
1.5  0.09270444174822307  2.387351447786402
1.51  0.08647772973010845  2.3759135824389164
1.52  0.08022969648591066  2.363212217256093
1.53  0.07396497848783856  2.3492560335371793
1.54  0.0676882033079102  2.3340555111434798
1.55  0.06140398613621778  2.31762290875368
1.56  0.0551169263190488  2.299972240141884
1.57  0.04883160391948421  2.281119246534342
1.58  0.042552576303068745  2.261081365110298
1.59  0.036284374751127474  2.239877693721634
1.6  0.030031501104274744  2.2175289519151136
1.61  0.02379842443863589  2.1940574383498697
1.62  0.017589577777267995  2.169486984711472
1.6300000000000001  0.011409354839241381  2.143842906232331
1.6400000000000001  0.005262106828801849  2.1171519489363173
1.6500000000000001  -0.00084786073299703  2.089442233733365
1.6600000000000001  -0.006916291131837948  2.060743197497392
1.67  -0.01293897953655132  2.031085531268075
1.68  -0.018911776026120708  2.0005011157239476
1.69  -0.02483058856505188  1.96902295408082
1.7  -0.030691385924924153  1.9366851025756742
1.71  -0.03649020054997859  1.9035225987019657
1.72  -0.04222313136465816  1.8695713873676658
1.73  -0.04788634652104873  1.8348682451523037
1.74  -0.053476086084233876  1.7994507028438187
1.75  -0.058988664653618794  1.7633569664401314
1.76  -0.06442047391833555  1.7266258368039773
1.77  -0.06976798514489818  1.6892966281627435
1.78  -0.07502775159532726  1.6514090856477797
1.79  -0.08019641087402535  1.613003302069889
1.8  -0.08527068720174186  1.5741196341295094
1.81  -0.09024739361502404  1.5347986182613667
1.82  -0.09512343408961293  1.4950808863142067
1.83  -0.09989580558630651  1.4550070812665346
1.84  -0.10456160001787285  1.4146177731791374
1.85  -0.10911800613566036  1.3739533755844944
1.86  -0.11356231133462058  1.3330540625120824
1.87  -0.11789190337551936  1.291959686346937
1.8800000000000001  -0.12210427202318408  1.2507096967167537
1.8900000000000001  -0.12619701059970007  1.2093430606002502
1.9000000000000001  -0.13016781745153688  1.1678981838464637
1.9100000000000001  -0.1340144973296563  1.1264128342911766
1.92  -0.13773496268172047  1.0849240666527271
1.93  -0.14132723485559456  1.0434681493850482
1.94  -0.14478944521340043  1.0020804936610066
1.95  -0.14811983615545854  0.9607955846538376
1.96  -0.15131676205352007  0.9196469152788592
1.97  -0.15437869009276733  0.878666922551596
1.98  -0.15730420102212994  0.837886926712064
1.99  -0.16009198981253936  0.7973370732581491
2.0  -0.16274086622281797  0.7570462780239284
2.0100000000000002  -0.1652497552729661  0.7170421754313366
2.02  -0.16761769762469203  0.677351070035789
2.0300000000000002  -0.1698438498690965  0.6379978914783557
2.04  -0.1719274847214981  0.5990061529487676
2.05  -0.17386799112346146  0.5603979132549004
2.06  -0.17566487425215882  0.5221937425856644
2.07  -0.1773177554372723  0.48441269204516524
2.08  -0.17882637198571244  0.44707226702676905
2.09  -0.18019057691450463  0.4101884044864347
2.1  -0.18141033859226563  0.373775454165052
2.11  -0.1824857402897599  0.337846163800001
2.12  -0.18341697964010292  0.3024116683563293
2.13  -0.18420436800924433  0.2674814832982367
2.14  -0.1848483297774344  0.23306350191161862
2.15  -0.18534940153244556  0.19916399667864548
2.16  -0.18570823117539315  0.16578762469539432
2.17  -0.18592557694006154  0.13293743711377282
2.18  -0.18600230632671275  0.10061489257912093
2.19  -0.18593939495141812  0.06881987462519507
2.2  -0.18573792531202055  0.037550712978540846
2.21  -0.18539908547189818  0.006804208714839777
2.22  -0.18492416766276407  -0.023424336799689693
2.23  -0.18431456680779565  -0.05314108925783245
2.24  -0.18357177896645308  -0.08235364513699203
2.25  -0.1826973997024054  -0.11107099189474917
2.2600000000000002  -0.18169312237603324  -0.13930346473689717
2.27  -0.1805607363630498  -0.1670627000687227
2.2800000000000002  -0.1793021252008225  -0.1943615857485015
2.29  -0.17791926466404462  -0.22121420826981275
2.3000000000000003  -0.17641422077144736  -0.24763579700686267
2.31  -0.1747891477253112  -0.2736426656640586
2.32  -0.17304628578556971  -0.2992521510779373
2.33  -0.1711879590803563  -0.3244825495259345
2.34  -0.16921657335489448  -0.34935305070256406
2.35  -0.16713461366067098  -0.37388366952925856
2.36  -0.16494464198688286  -0.3980951759693162
2.37  -0.1626492948361825  -0.4220090230243414
2.38  -0.16025128074680284  -0.4456472730928772
2.39  -0.15775337776316312  -0.46903252287597624
2.4  -0.1551584308571135  -0.4921878270179305
2.41  -0.15246934930199643  -0.5151366206734784
2.42  -0.14968910400174967  -0.5379026411953552
2.43  -0.14682072477730085  -0.5605098491382637
2.44  -0.1438672976125357  -0.5829823487768543
2.45  -0.1408319618621543  -0.6053443083366418
2.46  -0.13771790742375056  -0.6276198801372852
2.47  -0.1345283718764836  -0.6498331208479946
2.48  -0.13126663758872253  -0.6720079120544638
2.49  -0.12793602879707705  -0.6941678813359671
2.5  -0.12453990865924189  -0.7163363240499879
2.5100000000000002  -0.1210816762830988  -0.738536126020033
2.52  -0.11756476373453478  -0.7607896873200272
2.5300000000000002  -0.11399263302645724  -0.7831188473460202
2.54  -0.11036877309148804  -0.8055448113627741
2.5500000000000003  -0.10669669674082757  -0.8280880787091867
2.56  -0.10297993761180306  -0.8507683728424359
2.57  -0.09922204710659785  -0.8736045733962539
2.58  -0.09542659132468417  -0.8966146504238028
2.59  -0.09159714799146364  -0.919815600990254
2.6  -0.08773730338563618  -0.9432233882744852
2.61  -0.08385064926780704  -0.9668528833331267
2.62  -0.07994077981283539  -0.9907178096737054
2.63  -0.07601128854842644  -1.0148306907767564
2.64  -0.07206576530246073  -1.0392028006996001
2.65  -0.06810779316154264  -1.063844117886891
2.66  -0.06414094544322843  -1.088763282305281
2.67  -0.06016878268440427  -1.1139675560113738
2.68  -0.056194849648238406  -1.1394627872537684
2.69  -0.052222672352137935  -1.1652533782013497
2.7  -0.04825575511910318  -1.1913422563811793
2.71  -0.044297577654867776  -1.2177308499001667
2.72  -0.040351592153167956  -1.2444190665155794
2.73  -0.03642122043148009  -1.2714052766099662
2.74  -0.0325098510995224  -1.2986863001165616
2.75  -0.028620836762795226  -1.3262573974315572
2.7600000000000002  -0.024757491263402376  -1.354112264339959
2.77  -0.020923086960358217  -1.3822430309718103
2.7800000000000002  -0.017120852051557445  -1.4106402647958587
2.79  -0.013353967939546352  -1.4392929776477568
2.8000000000000003  -0.009625566643190642  -1.4681886367800996
2.81  -0.005938728257302794  -1.4973131799117048
2.82  -0.002296478462248064  -1.526651034243855
2.83  0.0012982139144961102  -1.5561851394013952
2.84  0.004842439282896266  -1.5858969742470772
2.85  0.008333349619147667  -1.6157665875080518
2.86  0.01176816073684997  -1.645772632144002
2.87  0.01514415449878323  -1.675892403377365
2.88  0.018458680967547048  -1.7061018802970307
2.89  0.02170916049337379  -1.73637577093821
2.9  0.024893085737478754  -1.7666875607325905
2.91  0.028008023629369355  -1.7970095642147286
2.92  0.0310516172565882  -1.8273129798625072
2.93  0.03402158768541724  -1.857567947941938
2.94  0.03691573571113266  -1.8877436112191055
2.95  0.03973194353646392  -1.9178081783950724
2.96  0.04246817637695255  -1.9477289901128088
2.97  0.04512248399198976  -1.9774725873789731
2.98  0.04769300214035438  -2.007004782237297
2.99  0.05017795395914987  -2.036290730524906
3.0  0.052575651265088896  -2.065295006537659
3.0100000000000002  0.054884495777153375  -2.0939816794259345
3.02  0.05710298025970695  -2.122314391137954
3.0300000000000002  0.059229689585218015  -2.150256435723946
3.04  0.06126330171580485  -2.1777708398109836
3.0500000000000003  0.06320258860288952  -2.204820444055482
3.06  0.06504641700431069  -2.2313679853777892
3.0700000000000003  0.06679374921831716  -2.2573761797814096
3.08  0.06844364373392586  -2.2828078055577885
3.09  0.06999525579720473  -2.3076257866766534
3.1  0.07144783789310472  -2.3317932761612914
3.11  0.07280074014253518  -2.355273739248126
3.12  0.0740534106144477  -2.3780310361303716
3.13  0.07520539555276401  -2.4000295040864725
3.14  0.07625633951805  -2.421234038795422
3.15  0.07720598544391005  -2.44161017464293
3.16  0.07805417460814745  -2.4611241638248003
3.17  0.07880084651880243  -2.4797430540566423
3.18  0.07944603871525047  -2.497434764702407
3.19  0.0799898864846173  -2.5141681611379036
3.2  0.08043262249382666  -2.529913127169708
3.21  0.08077457633767732  -2.544640635334451
3.22  0.08101617400340588  -2.558322814908567
3.23  0.08115793725226167  -2.570933017464001
3.24  0.08120048291869475  -2.582445879811288
3.25  0.08114452212781109  -2.5928373841776042
3.2600000000000002  0.08099085943183354  -2.602084915474078
3.27  0.08074039186635662  -2.6101673155135345
3.2800000000000002  0.08039410792726104  -2.617064934047256
3.29  0.07995308646920934  -2.622759676496862
3.3000000000000003  0.07941849552671609  -2.627235048265426
3.31  0.0787915910588432  -2.630476195520117
3.3200000000000003  0.07807371561863397  -2.632469942347111
3.33  0.0772662969484656  -2.6332048241882706
3.34  0.07637084650255355  -2.6326711174779938
3.35  0.07538895789790478  -2.6308608654077554
3.36  0.07432230529507411  -2.627767899755211
3.37  0.07317264171013765  -2.623387858724141
3.38  0.07194179725934335  -2.61771820075115
3.39  0.07063167733797077  -2.6107582142447
3.4  0.06924426073496875  -2.60250902323186
3.41  0.06778159768500158  -2.592973588897972
3.42  0.06624580785958467  -2.582156707014355
3.43  0.0646390782990337  -2.5700650012589894
3.44  0.06296366128701125  -2.556706912445083
3.45  0.06122187216948799  -2.542092683682196
3.46  0.05941608711999308  -2.5262343415044137
3.47  0.057548740853061775  -2.5091456730097708
3.48  0.05562232428784064  -2.4908421990646894
3.49  0.053639382163842786  -2.4713411436366646
3.5  0.05160251061088861  -2.4506613993277817
3.5100000000000002  0.04951435467530518  -2.4288234891907114
3.52  0.047377605804492795  -2.405849524917832
3.5300000000000002  0.045194999291998605  -2.3817631615027985
3.54  0.04296931168527529  -2.3565895484823884
3.5500000000000003  0.040703358158324376  -2.3303552778746304
3.56  0.038399989851466504  -2.303088328937209
3.5700000000000003  0.036062091180487754  -2.2748180098777033
3.58  0.033692577117458045  -2.2455748966546114
3.59  0.03129439044552748  -2.215390769015001
3.6  0.028870498990026583  -2.1842985439213507
3.61  0.02642389282822652  -2.152332206526299
3.62  0.023957581480125  -2.119526738859968
3.63  0.021474591082641048  -2.085918046399975
3.64  0.018977961549612288  -2.0515428826992608
3.65  0.01647074372001231  -2.016438772251583
3.66  0.013955996496796685  -1.980643931778637
3.67  0.011436783978815063  -1.9441971901265795
3.68  0.008916172588211063  -1.9071379069629786
3.69  0.006397228195758414  -1.8695058904681212
3.7  0.003883013246562206  -1.8313413142168615
3.71  0.0013765838885726467  -1.792684633449206
3.72  -0.0011190128936586219  -1.753576500929151
3.73  -0.0036007421375378046  -1.714057682592255
3.74  -0.00606558375088781  -1.674168973182843
3.75  -0.008510535347874493  -1.6339511120817534
3.7600000000000002  -0.010932615069996543  -1.5934446995248808
3.77  -0.013328864389743456  -1.5526901134119118
3.7800000000000002  -0.015696350894529698  -1.5117274269029914
3.79  -0.018032171048537687  -1.470596326999213
3.8000000000000003  -0.02033345293012559  -1.4293360343002328
3.81  -0.022597358942453225  -1.3879852241295347
3.8200000000000003  -0.024821088495029092  -1.3465819492143485
3.83  -0.02700188065388201  -1.3051635641034787
3.84  -0.02913701675809227  -1.2637666515019732
3.85  -0.031223823000458645  -1.2224269506968688
3.86  -0.03325967297007819  -1.181179288243106
3.87  -0.03524199015467022  -1.1400575110731257
3.88  -0.03716825040050105  -1.0990944221878194
3.89  -0.03903598432779275  -1.0583217190800154
3.9  -0.04084277969954091  -1.0177699350351848
3.91  -0.04258628374171314  -0.9774683834468472
3.92  -0.044264205412813507  -0.937445105276888
3.93  -0.04587431762086891  -0.8977268197832544
3.94  -0.04741445938591407  -0.8583388786295817
3.95  -0.04888253794610145  -0.8193052234829161
3.96  -0.05027653080561831  -0.780648347197362
3.97  -0.051594487722618404  -0.7423892586725539
3.98  -0.052834532635444686  -0.7045474514670118
3.99  -0.05399486552546379  -0.667140876237201
4.0  -0.055073764214868925  -0.6301859170638664
4.01  -0.05606958609788837  -0.5936973717176104
4.0200000000000005  -0.056980769803862574  -0.5576884359062341
4.03  -0.0578058367907254  -0.5221706915365412
4.04  -0.05854339286747781  -0.4871540990135423
4.05  -0.05919212964429296  -0.4526469935902097
4.0600000000000005  -0.05975082590896169  -0.41865608577102953
4.07  -0.060218348928433765  -0.38518646576271354
4.08  -0.06059365567428189  -0.3522416119555797
4.09  -0.06087579397097333  -0.3198234034093649
4.1  -0.06106390356589236  -0.28793213630735714
4.11  -0.061157217120130156  -0.25656654433319537
4.12  -0.06115506111911009  -0.22572382291508342
4.13  -0.061056856702192366  -0.19539965727272268
4.14  -0.06086212041046593  -0.1655882541930881
4.15  -0.06057046485199351  -0.13628237745206517
4.16  -0.06018159928385383  -0.1074733867900648
4.17  -0.05969533011038898  -0.07915128034112817
4.18  -0.05911156129712958  -0.051304740406666854
4.19  -0.05843029469994032  -0.023921182456734774
4.2  -0.05765163030900852  0.003013192765950329
4.21  -0.056775766407345524  0.029513344171751832
4.22  -0.05580299964356239  0.05559533241915379
4.23  -0.05473372501874313  0.0812762593257097
4.24  -0.053568435787301916  0.1065742047478351
4.25  -0.052307723271794504  0.13150816108870342
4.26  -0.05095227659171464  0.15609796559914466
4.2700000000000005  -0.04950288230637914  0.1803642306418229
4.28  -0.04796042397208139  0.20432827209397397
4.29  -0.04632588161375406  0.22801203606843365
4.3  -0.044600331111458474  0.2514380241367593
4.3100000000000005  -0.04278494350208695  0.2746292172419387
4.32  -0.040880984196735054  0.29760899849128475
4.33  -0.03888981211426723  0.32040107502287546
4.34  -0.036812878731669274  0.34302939914107106
4.3500000000000005  -0.034651727051858955  0.3655180889184768
4.36  -0.03240799048967574  0.38789134846292417
4.37  -0.030083391676855226  0.41017338804890346
4.38  -0.027679741186855816  0.432388344313133
4.39  -0.025198936180469006  0.4545602007138126
4.4  -0.022642958973211058  0.4767127084524123
4.41  -0.020013875525568214  0.49886930805574803
4.42  -0.01731383385721122  0.5210530518144089
4.43  -0.014545062386386587  0.5432865272715169
4.44  -0.011709868195729  0.5655917819532513
4.45  -0.008810635225814212  0.5879902495294396
4.46  -0.005849822397835047  0.6105026775891357
4.47  -0.0028299616668306937  0.6331490572120149
4.48  0.00024634399303030685  0.6559485545121224
4.49  0.003376422669560508  0.6789194443256077
4.5  0.006557535658449631  0.7020790462089331
4.51  0.009786879672279092  0.7254436629082577
4.5200000000000005  0.013061589110939298  0.7490285214547631
4.53  0.01637873839167342  0.7728477170342365
4.54  0.01973534433693308  0.7969141597724384
4.55  0.02312836861816725  0.8212395245706217
4.5600000000000005  0.026554720253628816  0.8458342041182134
4.57  0.030011258158226584  0.8707072652017677
4.58  0.03349479374341807  0.8958664084213943
4.59  0.037002093565079774  0.921317931417402
4.6000000000000005  0.04052988201726104  0.9470666957014171
4.61  0.04407484406967893  0.9731160971773664
4.62  0.04763362804678417  0.9994680404287639
4.63  0.05120284844617473  1.0261229168394688
4.64  0.054779088794109754  1.0530795866057308
4.65  0.05835890453584339  1.0803353646878993
4.66  0.061938825958458565  1.1078860107404156
4.67  0.0655153611438567  1.1357257230491262
4.68  0.06908499894952877  1.1638471364950451
4.69  0.07264421201470747  1.1922413245539154
4.7  0.07618945978947123  1.2208978053310195
4.71  0.07971719158436258  1.2498045516208784
4.72  0.08322384963803964  1.2789480049715476
4.73  0.08670587220048137  1.3083130937234935
4.74  0.09015969662924012  1.3378832549832935
4.75  0.09358176249622208  1.3676404604827863
4.76  0.09696851470246531  1.3975652462647314
4.7700000000000005  0.10031640659836866  1.4276367461267796
4.78  0.10362190310682379  1.457832728746225
4.79  0.10688148384669044  1.48812963839914
4.8  0.1100916462540496  1.5185026391785283
4.8100000000000005  0.11324890869867199  1.548925662607708
4.82  0.1163498135931273  1.579371458536693
4.83  0.11939093049198085  1.6098116492013856
4.84  0.12236885917850132  1.6402167863175456
4.8500000000000005  0.12528023273633077  1.6705564110741238
4.86  0.1281217206035645  1.7007991168833454
4.87  0.1308900316067017  1.7309126147382754
4.88  0.13358191697193175  1.7608638010220186
4.89  0.1361941733112519  1.7906188276068014
4.9  0.13872364558090294  1.8201431740754817
4.91  0.14116723000964923  1.8494017218927874
4.92  0.14352187699443655  1.8783588303487964
4.93  0.14578459396098387  1.9069784140927182
4.94  0.14795244818689524  1.9352240220711778
4.95  0.15002256958489085  1.9630589176815818
4.96  0.15199215344380207  1.9904461599482541
4.97  0.15385846312498103  2.0173486855263167
4.98  0.15561883271182858  2.0437293913362486
4.99  0.15727066961016264  2.0695512176304747
5.0  0.15881145709718983  2.0947772312921082
5.01  0.1602387568168794  2.119370709165383
5.0200000000000005  0.16155021121957638  2.1432952212171044
5.03  0.16274354594372803  2.1665147133287777
5.04  0.16381657213764517  2.188993589519887
5.05  0.16476718871926002  2.2106967934040496
5.0600000000000005  0.16559338457188738  2.2315898886815857
5.07  0.1662932406740411  2.2516391384742316
5.08  0.16686493216141776  2.2708115833105182
5.09  0.1673067303191872  2.289075117573426
5.1000000000000005  0.16761700450280467  2.306398564225634
5.11  0.16779422398559793  2.322751747631736
5.12  0.16783695973144216  2.338105564301354
5.13  0.16774388609089108  2.3524320513819603
5.14  0.16751378241918766  2.3657044527356765
5.15  0.16714553461464202  2.377897282440024
5.16  0.16663813657591867  2.3889863855587787
5.17  0.1659906915768353  2.3989489960356316
5.18  0.16520241355734605  2.4077637915702077
5.19  0.1642726283294363  2.4154109453432664
5.2  0.16320077469672561  2.4218721744654297
5.21  0.1619864054866422  2.427130785031675
5.22  0.16062918849409083  2.4311717136719317
5.23  0.15912890733561988  2.433981565496578
5.24  0.157485462213141  2.4355486483442554
5.25  0.15569887058634024  2.4358630032483255
5.26  0.153769267752985  2.4349164310473634
5.2700000000000005  0.15169690733639862  2.432702515074359
5.28  0.14948216167945044  2.4292166398687125
5.29  0.1471255221444769  2.424456005864684
5.3  0.14462759931863137  2.4184196400196303
5.3100000000000005  0.14198912312421783  2.411108402355108
5.32  0.1392109428336541  2.402524988393786
5.33  0.13629402698877313  2.3926739274849362
5.34  0.13323946322425018  2.3815615770212126
5.3500000000000005  0.13004845799501952  2.369196112559261
5.36  0.12672233620761275  2.355587513866602
5.37  0.12326254075543658  2.340747546926978
5.38  0.11967063195807334  2.324689741946127
5.39  0.11594828690476794  2.3074293674095365
5.4  0.11209729870234  2.2889834002532243
5.41  0.10811957562783753  2.2693704922179525
5.42  0.10401714018631458  2.2486109324664576
5.43  0.09979212807420113  2.226726606552253
5.44  0.09544678704880816  2.2037409518373345
5.45  0.0909834757045721  2.179678909464686
5.46  0.0864046621567332  2.1545668729996623
5.47  0.08171292263320784  2.1284326338624746
5.48  0.07691093997548845  2.1013053236815784
5.49  0.07200150204948252  2.073215353705233
5.5  0.06698750006726473  2.0441943514154874
5.51  0.0618719268207973  2.0142750944956767
5.5200000000000005  0.056657874828747665  1.983491442308712
5.53  0.051348534397584855  1.9518782650495106
5.54  0.04594719159822169  1.9194713707404296
5.55  0.040457226159538645  1.8863074302437597
5.5600000000000005  0.0348821092801823  1.8524239004700036
5.57  0.02922540136010615  1.8178589459650942
5.58  0.02349074965338166  1.782651359063357
5.59  0.01768188584388454  1.746840478796668
5.6000000000000005  0.01180262354550178  1.7104661087530248
5.61  0.005856855728594235  1.6735684340802977
5.62  -0.00015144792551212427  1.6361879378328779
5.63  -0.006218243740157975  1.5983653168605807
5.64  -0.012339416827203575  1.5601413974400358
5.65  -0.018510783937152386  1.5215570508494494
5.66  -0.024728096373515418  1.4826531090877424
5.67  -0.0309870429693693  1.4434702809384505
5.68  -0.03728325312396495  1.4040490685781033
5.69  -0.0436122998972297  1.3644296849272743
5.7  -0.04996970315992724  1.3246519719406316
5.71  -0.05635093279721946  1.2847553200299606
5.72  -0.06275141196330067  1.24477858881147
5.73  -0.06916652038474318  1.204760029365143
5.74  -0.07559159771015724  1.1647372081904195
5.75  -0.08202194690371373  1.1247469330381512
5.76  -0.08845283768003864  1.084825180794241
5.7700000000000005  -0.09487950997796611  1.0450070275852854
5.78  -0.10129717747057976  1.00532658127117
5.79  -0.10770103110896194  0.9658169164835599
5.8  -0.11408624269701224  0.9265100123631805
5.8100000000000005  -0.12044796849468747  0.8874366931420605
5.82  -0.1267813528469763  0.8486265717099746
5.83  -0.13308153183590668  0.8101079962969774
5.84  -0.1393436369528389  0.7719080003964898
5.8500000000000005  -0.14556279878830594  0.7340522560452065
5.86  -0.15173415073660534  0.696565030568137
5.87  -0.15785283271237324  0.6594691468884935
5.88  -0.16391399487630678  0.62278594749351
5.89  -0.16991280136723672  0.5865352621383046
5.9  -0.17584443403769234  0.550735379360856
5.91  -0.18170409619013553  0.5154030218717903
5.92  -0.1874870163110038  0.48055332587323185
5.93  -0.19318845179970168  0.44619982435153666
5.94  -0.19880369268969914  0.41235443437881997
5.95  -0.20432806535884981  0.37902744844860037
5.96  -0.20975693622611058  0.34622752986098027
5.97  -0.2150857154317637  0.3139617121629389
5.98  -0.22030986049833323  0.282235402639406
5.99  -0.22542487996932542  0.25105238984102957
6.0  -0.23042633702298038  0.22041485512452597
6.01  -0.23530985305821567  0.19032338817195105
6.0200000000000005  -0.24007111124994623  0.16077700644543896
6.03  -0.24470586007101044  0.13177317852433545
6.04  -0.24920991677792334  0.10330785126232034
6.05  -0.25357917085771664  0.07537548069273822
6.0600000000000005  -0.2578095874331321  0.047969066601268956
6.07  -0.2618972106234852  0.02108019067614897
6.08  -0.26583816685851097  -0.005300941862540681
6.09  -0.2696286681425657  -0.03118545726147598
6.1000000000000005  -0.2732650152665568  -0.056585764975736697
6.11  -0.2767436009650389  -0.08151550627649011
6.12  -0.2800609130159297  -0.10598949985552325
6.13  -0.28321353728033105  -0.13002368456441854
6.140000000000001  -0.28619816068001114  -0.153635059433461
6.15  -0.2890115741100971  -0.17684162112171486
6.16  -0.2916506752846303  -0.1996622989560808
6.17  -0.294112471512612  -0.22211688772295105
6.18  -0.2963940824022864  -0.24422597838152998
6.19  -0.2984927424913918  -0.26601088687297597
6.2  -0.3004058038012141  -0.2874935812039987
6.21  -0.30213073831228854  -0.30869660698799095
6.22  -0.30366514035968095  -0.32964301163014603
6.23  -0.3050067289458045  -0.35035626734665637
6.24  -0.30615334996882215  -0.3708601932106379
6.25  -0.3071029783647088  -0.39117887641989985
6.26  -0.30785372016112456  -0.4113365929835412
6.2700000000000005  -0.3084038144413208  -0.4313577280256914
6.28  -0.3087516352163373  -0.4512666959057036
6.29  -0.3088956932038478  -0.47108786035443595
6.3  -0.3088346375120418  -0.4908454548263032
6.3100000000000005  -0.3085672572270334  -0.5105635032661112
6.32  -0.3080924829023216  -0.5302657414887537
6.33  -0.30740938794893236  -0.5499755393683117
6.34  -0.3065171899249066  -0.5697158240310045
6.3500000000000005  -0.3054152517229052  -0.5895090042441329
6.36  -0.30410308265475006  -0.6093768961900939
6.37  -0.3025803394318071  -0.6293406508111802
6.38  -0.30084682704019183  -0.6494206829070522
6.390000000000001  -0.2989024995098464  -0.6696366021624729
6.4  -0.2967474605766265  -0.6900071462780739
6.41  -0.29438196423659924  -0.7105501163719841
6.42  -0.2918064151918489  -0.7312823148143508
6.43  -0.28902136918714894  -0.7522194856509826
6.44  -0.2860275332369549  -0.773376257765997
6.45  -0.28282576574223917  -0.7947660909266036
6.46  -0.2794170764967797  -0.8164012248461462
6.47  -0.27580262658259114  -0.8382926313941375
6.48  -0.2719837281542701  -0.8604499700743479
6.49  -0.267961844112107  -0.8828815468839374
6.5  -0.26373858766389907  -0.9055942766585222
6.51  -0.25931572177548784  -0.9285936489993587
6.5200000000000005  -0.25469515851011243  -0.9518836978701835
6.53  -0.24987895825677578  -0.9754669749422618
6.54  -0.24486932884787277  -0.9993445267570576
6.55  -0.2396686245664445  -1.0235158757664937
6.5600000000000005  -0.23427934504348055  -1.047979005301468
6.57  -0.22870413404578877  -1.0727303485095487
6.58  -0.2229457781550203  -1.09776478129313
6.59  -0.21700720533853823  -1.123075619269533
6.6000000000000005  -0.2108914834128784  -1.1486546187647442
6.61  -0.20460181840065367  -1.174491981842502
6.62  -0.19814155278180753  -1.2005763653607757
6.63  -0.19151416364023327  -1.2268948940376188
6.640000000000001  -0.18472326070682665  -1.2534331774986893
6.65  -0.17777258430014264  -1.2801753312689859
6.66  -0.17066600316587627  -1.3071040016616884
6.67  -0.1634075122164998  -1.3342003945073668
6.68  -0.1560012301724366  -1.3614443076575902
6.69  -0.14845139710623842  -1.3888141671875789
6.7  -0.14076237189131038  -1.416287067213522
6.71  -0.13293862955678998  -1.443838813231407
6.72  -0.12498475855027956  -1.4714439688754395
6.73  -0.11690545791017633  -1.4990759059858458
6.74  -0.10870553434943947  -1.5267068578677094
6.75  -0.10038989925267697  -1.5543079756146763
6.76  -0.0919635655885399  -1.5818493873637671
6.7700000000000005  -0.08343164473942627  -1.6093002603404365
6.78  -0.0747993432506195  -1.6366288655460788
6.79  -0.0660719595009902  -1.6638026449337362
6.8  -0.05725488029751566  -1.6907882809115629
6.8100000000000005  -0.04835357739586535  -1.7175517680079702
6.82  -0.039373603949428015  -1.7440584865268873
6.83  -0.030320590889143767  -1.7702732780168404
6.84  -0.021200243236617122  -1.7961605223728785
6.8500000000000005  -0.01201833635301544  -1.8216842163864317
6.86  -0.0027807121263047074  -1.8468080535545424
6.87  0.006506724900564226  -1.8714955049567892
6.88  0.015838011457857987  -1.8957099010054868
6.890000000000001  0.02520712953094864  -1.9194145138725724
6.9  0.03460801039313696  -1.9425726403948538
6.91  0.04403453868662391  -1.9651476852580374
6.92  0.05348055654879223  -1.9871032442591425
6.93  0.06293986778092231  -2.00840318744671
6.94  0.07240624205644877  -2.029011741938317
6.95  0.08187341916579396  -2.0488935742156675
6.96  0.0913351132948269  -2.068013871698709
6.97  0.10078501733392153  -2.0863384234017808
6.98  0.11021680721458775  -2.103833699477094
6.99  0.11962414627062101  -2.12046692945328
7.0  0.1290006896206773  -2.1362061789799647
7.01  0.138340088569177  -2.1510204248927396
7.0200000000000005  0.14763599502240016  -2.164879628416956
7.03  0.15688206591664627  -2.1777548063331826
7.04  0.16607196765529586  -2.1896180999319657
7.05  0.17519938055159898  -2.2004428415908928
7.0600000000000005  0.18425800327401679  -2.210203618812542
7.07  0.19324155729093132  -2.2188763355680394
7.08  0.20214379131152976  -2.2264382707973684
7.09  0.21095848571965398  -2.232868133924354
7.1000000000000005  0.21967945699744781  -2.238146117251464
7.11  0.2283005621355605  -2.2422539451069556
7.12  0.23681570302677407  -2.2451749196247954
7.13  0.24521883083980772  -2.2468939630457556
7.140000000000001  0.2535039503701706  -2.247397656436502
7.15  0.26166512436486045  -2.246674274732098
7.16  0.2696964778177833  -2.244713818016112
7.17  0.27759220223273157  -2.241508038961651
7.18  0.28534655985082324  -2.2370504663657815
7.19  0.2929538878392741  -2.231336424719246
7.2  0.3004086024384528  -2.2243630497629003
7.21  0.3077052030641504  -2.2161292999919264
7.22  0.3148382763620331  -2.206635964078661
7.23  0.32180250021129664  -2.195885664194641
7.24  0.32859264767453256  -2.183882855222417
7.25  0.3352035908909088  -2.170633819857443
7.26  0.3416303049097206  -2.1561466596103824
7.2700000000000005  0.3478678714614988  -2.1404312817299305
7.28  0.35391148266382166  -2.1234993820760972
7.29  0.35975644465907214  -2.105364423983649
7.3  0.3653981811814002  -2.086041613165038
7.3100000000000005  0.3708322370502086  -2.065547868711683
7.32  0.37605428158751125  -2.0439017902618377
7.33  0.3810601119565934  -2.021123621412513
7.34  0.3858456564194264  -1.9972352094619523
7.3500000000000005  0.3904069775103508  -1.9722599615779584
7.36  0.39474027512361665  -1.9462227974960196
7.37  0.3988418895123986  -1.9191500988594117
7.38  0.40270830419698733  -1.8910696553216644
7.390000000000001  0.4063361487798976  -1.862010607539435
7.4  0.40972220166572615  -1.8320033871913688
7.41  0.4128633926836234  -1.8010796541656164
7.42  0.4157568056103329  -1.7692722310655227
7.43  0.4183996805918197  -1.7366150351893919
7.44  0.42078941646155643  -1.7031430081462613
7.45  0.42292357295364147  -1.6688920432754062
7.46  0.42479987280895654  -1.6338989110423077
7.47  0.42641620377268646  -1.598201182588954
7.48  0.427770620481557  -1.5618371516204916
7.49  0.4288613462392613  -1.5248457548143346
7.5  0.42968677467859334  -1.4872664909413305
7.51  0.4302454713089067  -1.4491393388916303
7.5200000000000005  0.4305361749475756  -1.410504674800481
7.53  0.4305577990342444  -1.371403188471294
7.54  0.4303094328267051  -1.3318757992949561
7.55  0.42979034247734066  -1.2919635718655014
7.5600000000000005  0.4289999719891575  -1.2517076314929902
7.57  0.4279379440505027  -1.2111490798145261
7.58  0.42660406074766044  -1.1703289107040455
7.59  0.42499830415459716  -1.1292879266808897
7.6000000000000005  0.4231208367992221  -1.0880666560156014
7.61  0.4209720020056046  -1.0467052707299165
7.62  0.4185523241116895  -1.0052435056854776
7.63  0.4158625085621299  -0.963720578953232
7.640000000000001  0.41290344187595435  -0.9221751136521923
7.65  0.40967619148886725  -0.8806450614427543
7.66  0.4061820054700682  -0.8391676278554734
7.67  0.4024223121135802  -0.797779199631926
7.68  0.3983987194041457  -0.7565152742492092
7.69  0.3941130143578532  -0.7154103917942471
7.7  0.38956716223774424  -0.6744980693484242
7.71  0.38476330564472905  -0.6338107380368152
7.72  0.3797037634842475  -0.5933796828898308
7.73  0.3743910298091846  -0.5532349856581635
7.74  0.36882777253964827  -0.5134054707147987
7.75  0.3630168320602926  -0.473918654170118
7.76  0.35696121969598  -0.4348006963185213
7.7700000000000005  0.3506641160666396  -0.39607635752668946
7.78  0.3441288693222848  -0.3577689576652709
7.79  0.337358993259221  -0.31990033917706245
7.8  0.3303581653185804  -0.2824908338660743
7.8100000000000005  0.323130224468393  -0.24555923348253383
7.82  0.31567916897048565  -0.20912276416983183
7.83  0.3080091540335951  -0.1731970648299191
7.84  0.3001244893541527  -0.13779616945412254
7.8500000000000005  0.29202963654628783  -0.10293249345667704
7.86  0.28372920646267524  -0.06861682403860908
7.87  0.275227956407918  -0.03485831459959371
7.88  0.2665307872462741  -0.0016644832057878256
7.890000000000001  0.25764274040555635  0.030958784888367313
7.9  0.24856899477916455  0.06300723067625502
7.91  0.23931486352823808  0.09447821081480551
7.92  0.22988579078603755  0.12537068305119864
7.930000000000001  0.22028734826668328  0.15568518770185638
7.94  0.21052523178050211  0.1854238252344071
7.95  0.20060525765824613  0.21459023001293073
7.96  0.19053335908657845  0.24318954027603656
7.97  0.18031558235722128  0.2712283644265707
7.98  0.16995808303228244  0.2987147437206026
7.99  0.15946712202829375  0.32565811145219936
8.0  0.1488490616215838  0.35206924873902523
8.01  0.13811036137766083  0.3779602370218577
8.02  0.12725757400732357  0.40334440739941757
8.03  0.11629734115228865  0.4282362869273474
8.040000000000001  0.10523638910317634  0.45265154201759533
8.05  0.09408152445273885  0.47660691908161257
8.06  0.08283962968724926  0.5001201825673491
8.07  0.07151765871907413  0.5232100505463623
8.08  0.060122632363416514  0.5458961280133688
8.09  0.04866163376232607  0.5681988380660757
8.1  0.037141803759076775  0.5901393511382195
8.11  0.025570336226066748  0.6117395124635482
8.120000000000001  0.013954473349413896  0.6330217679527351
8.13  0.002301500873494705  0.654009088668944
8.14  -0.009381256691365705  0.6747248940914123
8.15  -0.021086440894731245  0.6951929743589892
8.16  -0.03280666420212952  0.7154374116883849
8.17  -0.044534514878042164  0.73548250116358
8.18  -0.056262561892432214  0.7553526710945656
8.19  -0.06798335984746211  0.7750724031444163
8.2  -0.07968945392098113  0.7946661524244325
8.21  -0.09137338482340755  0.8141582677569739
8.22  -0.10302769376454718  0.8335729123052114
8.23  -0.11464492742696393  0.8529339847682749
8.24  -0.12621764294243037  0.8722650413385005
8.25  -0.13773841286801441  0.8915892186160211
8.26  -0.14919983015838922  0.9109291576732729
8.27  -0.16059451313087933  0.9303069294593369
8.28  -0.17191511041982713  0.949743961730594
8.290000000000001  -0.18315430591683024  0.9692609676906354
8.3  -0.1943048236933986  0.9888778765179567
8.31  -0.2053594329026541  1.0086137659554852
8.32  -0.21631095265659805  1.0284867971309024
8.33  -0.22715225687560028  1.048514151771209
8.34  -0.23787627910670522  1.0687119719692082
8.35  -0.24847601730738683  1.0890953026532837
8.36  -0.2589445385914323  1.1096780369052386
8.370000000000001  -0.2692749839336195  1.1304728642639925
8.38  -0.2794605728298867  1.1514912221456617
8.39  -0.2894946079097888  1.1727432505029114
8.4  -0.29937047949791806  1.19423774983851
8.41  -0.30908167012117604  1.21598214267989
8.42  -0.3186217589586772  1.2379824386129674
8.43  -0.3279844262311955  1.2602432029648725
8.44  -0.337163457527035  1.2827675292162302
8.45  -0.34615274806131746  1.305557015214578
8.46  -0.3549463068656559  1.3286117432511522
8.47  -0.3635382609052805  1.3519302640539097
8.48  -0.37192285912071954  1.375509584740015
8.49  -0.3800944763911543  1.3993451607613423
8.5  -0.3880476174166837  1.4234308918668335
8.51  -0.39577692051672236  1.447759122095641
8.52  -0.4032771613418752  1.47232064380524
8.53  -0.41054325649662177  1.4971047057287166
8.540000000000001  -0.41757026707028333  1.5220990250456632
8.55  -0.4243534020737291  1.5472898034411997
8.56  -0.4308880217794083  1.5726617471180682
8.57  -0.43716964096231625  1.5981980907167783
8.58  -0.4431939320395879  1.6238806250895244
8.59  -0.44895672810648923  1.6496897288639563
8.6  -0.4544540258666324  1.6756044037236555
8.61  -0.459681988454317  1.7016023133231277
8.620000000000001  -0.4646369481469897  1.7276598257461213
8.63  -0.46931540896585794  1.7537520594074394
8.64  -0.47371404916281357  1.779852932290028
8.65  -0.47782972359185705  1.8059352144008067
8.66  -0.4816594659633222  1.831970583320923
8.67  -0.48520049097927476  1.8579296827184837
8.68  -0.4884501963485264  1.8837821836845274
8.69  -0.49140616467982134  1.9094968487460269
8.700000000000001  -0.4940661652517967  1.9350415984032125
8.71  -0.496428155658434  1.9603835800321807
8.72  -0.4984902833287962  1.9854892389880494
8.73  -0.5002508869199197  2.0103243917383193
8.74  -0.5017084975818441  2.034854300851278
8.75  -0.5028618400938232  2.0590437516594995
8.76  -0.5037098338708739  2.0828571304144963
8.77  -0.5042515938398928  2.1062585037447414
8.78  -0.5044864311846746  2.129211699226114
8.790000000000001  -0.5044138539592393  2.1516803868709626
8.8  -0.5040335675689938  2.173628161339679
8.81  -0.5033454751193166  2.1950186246768917
8.82  -0.5023496776312708  2.215815469372867
8.83  -0.5010464741242195  2.2359825615499958
8.84  -0.4994363615652392  2.2554840240737164
8.85  -0.49752003468529093  2.2742843193874025
8.86  -0.4952983856622215  2.292348331871246
8.870000000000001  -0.4927725036707507  2.3096414495262696
8.88  -0.489943674299697  2.3261296447861386
8.89  -0.4868133788367864  2.3417795542614837
8.9  -0.48338329342147385  2.356558557223857
8.91  -0.479655288066318  2.37043485263954
8.92  -0.4756314255475196  2.3833775345667356
8.93  -0.47131396016533667  2.3953566657336056
8.94  -0.46670533637518374  2.4063433491189166
8.950000000000001  -0.4618081872902998  2.41630979736185
8.96  -0.456625333056979  2.4252293998326206
8.97  -0.45115977910341987  2.433076787201238
8.98  -0.4454147142633662  2.4398278933476414
8.99  -0.4393935087757843  2.4454600144628276
9.0  -0.4330997121619011  2.4499518651973213
9.01  -0.4265370509810369  2.4532836317204008
9.02  -0.41970942646672527  2.4554370215608965
9.03  -0.41262091204471196  2.4563953101081015
9.040000000000001  -0.40527575073450317  2.45614338365933
9.05  -0.3976783524362218  2.4546677789090037
9.06  -0.3898332911045836  2.4519567187825926
9.07  -0.38174530181192606  2.4480001445276196
9.08  -0.3734192777022688  2.4427897439828685
9.09  -0.36486026683846273  2.4363189759561377
9.1  -0.35607346894458186  2.4285830906502253
9.11  -0.34706423204575265  2.4195791460863596
9.120000000000001  -0.3378380490077194  2.4093060204838808
9.13  -0.3284005539784962  2.397764420564726
9.14  -0.318757518734504  2.3849568857610546
9.15  -0.308914848933727  2.3708877883142296
9.16  -0.29887858027839465  2.3555633292632217
9.17  -0.28865487458983796  2.338991530330437
9.18  -0.27825001579817893  2.321182221722772
9.19  -0.2676704058495949  2.302147025875601
9.200000000000001  -0.25692256053395834  2.2818993371771135
9.21  -0.24601310523569714  2.2604542977201096
9.22  -0.23494877061076044  2.237828769137877
9.23  -0.22373638819268382  2.2140413005902824
9.24  -0.21238288593071447  2.189112092975375
9.25  -0.20089528366307893  2.1630629594509063
9.26  -0.1892806885284633  2.1359172823590984
9.27  -0.17754629031886807  2.10769996665654
9.28  -0.16569935677699182  2.078437389959576
9.290000000000001  -0.15374722884138203  2.048157349323651
9.3  -0.1416973158425982  2.0168890048829207
9.31  -0.1295570906536534  1.9846628204839614
9.32  -0.11733408479809693  1.9515105014546767
9.33  -0.10503588351903789  1.917464929656337
9.34  -0.09267012081251863  1.8825600959731892
9.35  -0.08024447442860849  1.8468310304002662
9.36  -0.06776666084366387  1.8103137298957301
9.370000000000001  -0.055244430207165685  1.7730450841694358
9.38  -0.04268556126662554  1.735062799584446
9.39  -0.03009785627398731  1.6964053213524364
9.4  -0.01748913587704387  1.6571117542084506
9.41  -0.004867233999356846  1.6172217817536483
9.42  0.007760007287848675  1.576775584658098
9.43  0.020384742898271968  1.5358137579182851
9.44  0.03299912986412898  1.4943772273662832
9.450000000000001  0.045595332467232685  1.4525071656291468
9.46  0.05816552736403943  1.4102449077385588
9.47  0.07070190870121046  1.3676318665913219
9.48  0.08319669321813536  1.324709448461752
9.49  0.0956421253329866  1.2815189687667863
9.5  0.10803048220881392  1.2381015682838599
9.51  0.12035407879622206  1.1944981300205841
9.52  0.13260527284921364  1.1507491969334631
9.53  0.1447764699107567  1.106894890690936
9.540000000000001  0.15686012826471465  1.0629748316732315
9.55  0.1688487638507201  1.0190280603986763
9.56  0.18073495513871612  0.9750929605623356
9.57  0.1925113479597933  0.9312071838691547
9.58  0.20417066029006614  0.8874075768391738
9.59  0.21570568698435028  0.8437301097575591
9.6  0.22710930445640481  0.8002098079370442
9.61  0.2383744753025937  0.7568806854545848
9.620000000000001  0.24949425286581273  0.7137756815180625
9.63  0.2604617857365998  0.6709265996123921
9.64  0.27127032218840363  0.6283640495675571
9.65  0.2819132145439748  0.586117392684079
9.66  0.2923839234699717  0.5442146900438052
9.67  0.30267602219685646  0.502682654126286
9.68  0.31278320066125986  0.4615466038426983
9.69  0.32269926956801276  0.4208304230913059
9.700000000000001  0.3324181643691212  0.3805565229294343
9.71  0.3419339491570061  0.340745807448497
9.72  0.351240820469423  0.30141764342923943
9.73  0.3603331110034799  0.26258983384551954
9.74  0.36920529323629403  0.2242785952751915
9.75  0.37785198294986877  0.18649853926749216
9.76  0.3862679426578405  0.14926265770636177
9.77  0.3944480849318138  0.11258231219968057
9.78  0.40238747562508836  0.07646722751442742
9.790000000000001  0.4100813369916332  0.04092548906798538
9.8  0.4175250506982514  0.005963544475935112
9.81  0.42471416072796353  -0.028413790853204335
9.82  0.4316443761726779  -0.062203324095657486
9.83  0.4383115739133421  -0.09540347139168404
9.84  0.4447118011858182  -0.12801424026537656
9.85  0.45084127803080376  -0.16003720813349737
9.86  0.4566963996262289  -0.19147549696143218
9.870000000000001  0.46227373850061676  -0.22233374413358167
9.88  0.4675700466259813  -0.25261806961490385
9.89  0.47258225738894427  -0.28233603948922287
9.9  0.4773074874388049  -0.3114966259686575
9.91  0.48174303841140836  -0.3401101639772623
9.92  0.48588639852773857  -0.3681883044202026
9.93  0.48973524406624364  -0.39574396425775904
9.94  0.4932874407079989  -0.4227912735114393
9.950000000000001  0.49654104475389726  -0.4493455193366882
9.96  0.4994943042131461  -0.4754230873038876
9.97  0.5021456597624425  -0.5010414000362882
9.98  0.5044937455752927  -0.526218853359514
9.99  0.506537390021013  -0.5509747501238065
10.0  0.5082756162330766  -0.5753292318654519
