0.0  0.0  0.0
0.01  0.0336198752818843  -0.04188047336276519
0.02  0.024274582254818898  -0.09935783208045741
0.03  -0.004825814024032163  -0.1575172351762519
0.04  -0.040891893718203814  -0.21347099735508068
0.05  -0.07874817492729899  -0.26672734274273496
0.06  -0.11608741091706061  -0.31710026155366494
0.07  -0.15172039828325332  -0.3644168996760398
0.08  -0.1849545031661674  -0.40849153893224377
0.09  -0.21534985678078394  -0.44913467374852406
0.1  -0.24261313140121984  -0.48616337033100354
0.11  -0.26654685239005055  -0.5194089155728242
0.12  -0.28702324428472153  -0.5487221356837576
0.13  -0.30396974222336676  -0.573977109764875
0.14  -0.31736037608256845  -0.59507379936507
0.15  -0.3272102349321519  -0.6119399188900648
0.16  -0.33357158605775156  -0.6245322430638875
0.17  -0.3365308851148318  -0.6328374701599703
0.18  -0.3362062527632049  -0.6368727140925504
0.19  -0.3327451748907333  -0.636685671701042
0.2  -0.3263222853096673  -0.6323544958948047
0.21  -0.31713714906000956  -0.6239873962338679
0.22  -0.305412000211546  -0.611721983377462
0.23  -0.2913894103689907  -0.5957243710942801
0.24  -0.2753298784462395  -0.576188048274347
0.25  -0.25750934178281903  -0.5533325330500893
0.26  -0.2382166151233433  -0.5274018213733087
0.27  -0.21775076843613633  -0.49866264298169216
0.28  -0.1964184576591481  -0.46740253847704366
0.29  -0.17453122463319393  -0.4339277721294423
0.3  -0.15240278397021936  -0.39856109594931893
0.31  -0.13034631557340243  -0.36163938148503133
0.32  -0.10867178208611304  -0.32351113667198284
0.33  -0.08768329077248532  -0.28453392585465687
0.34  -0.06767651927564508  -0.2450717118053195
0.35000000000000003  -0.048936224398171205  -0.20549213915732967
0.36  -0.03173385253171167  -0.1661637791451312
0.37  -0.016325269651532113  -0.1274533558879725
0.38  -0.0029486279061736783  -0.08972297466326107
0.39  0.008177615210869831  -0.05332737268322213
0.4  0.016856510306001497  -0.018611212811861597
0.41000000000000003  0.022914248658345338  0.014093559563673115
0.42  0.026201601857892446  0.04447027666271857
0.43  0.026595157970883795  0.07222000611217705
0.44  0.023998345303155682  0.097063887747943
0.45  0.01834223651073211  0.11874533154380638
0.46  0.009586127540605078  0.13703205972838675
0.47000000000000003  -0.0022821123413578562  0.15171797721344094
0.48  -0.01724592137889444  0.1626248556422092
0.49  -0.03526015714345103  0.16960381766644556
0.5  -0.05625143766880794  0.17253660946661997
0.51  -0.08011870844130141  0.17133665103180504
0.52  -0.10673403002962668  0.1659498553034794
0.53  -0.13594357942976476  0.15635520894969177
0.54  -0.16756885655220105  0.14256510926089197
0.55  -0.20140808570318489  0.12462545343381358
0.56  -0.23723780042150802  0.10261547832227944
0.5700000000000001  -0.2748145986386738  0.07664735057040212
0.58  -0.31387705384402953  0.046865508890909395
0.59  -0.35414776676720194  0.013445762095555213
0.6  -0.39533554104679663  -0.023405851687938094
0.61  -0.4371376654445883  -0.06345443738094787
0.62  -0.47924228439491695  -0.10643783791651706
0.63  -0.5213308380553479  -0.1520684411191863
0.64  -0.5630805525511055  -0.20003518619636915
0.65  -0.6041669607855409  -0.2500057559928251
0.66  -0.6442664340238659  -0.3016289397117753
0.67  -0.683058704448204  -0.3545371494642341
0.68  -0.7202293590281997  -0.4083490727827796
0.6900000000000001  -0.7554722853511391  -0.4626724421370417
0.7000000000000001  -0.7884920505058108  -0.5171069015245288
0.71  -0.8190061947110185  -0.5712469493899553
0.72  -0.8467474221174284  -0.6246849364558833
0.73  -0.871465672083863  -0.6770140965330086
0.74  -0.8929300552289005  -0.7278315880245454
0.75  -0.9109306396771409  -0.7767415236492707
0.76  -0.9252800741476069  -0.823357965884258
0.77  -0.9358150358591548  -0.8673078657720968
0.78  -0.9423974926437353  -0.9082339230483251
0.79  -0.9449157701512066  -0.9457973460213406
0.8  -0.9432854165871478  -0.9796804902765329
0.81  -0.9374498590351309  -1.0095893560747946
0.8200000000000001  -0.927380847064318  -1.0352559252677438
0.8300000000000001  -0.9130786809988233  -1.0564403196515642
0.84  -0.8945722239137446  -1.072932763920825
0.85  -0.8719186981107324  -1.084555337754382
0.86  -0.8452032685001283  -1.0911635030578555
0.87  -0.8145384169639325  -1.0926473939906567
0.88  -0.7800631133812965  -1.088932859108549
0.89  -0.7419417905533873  -1.0799822467430953
0.9  -0.7003631317553234  -1.0657949266039453
0.91  -0.655538681057964  -1.046407542515223
0.92  -0.6077012878908996  -1.0218939931690874
0.93  -0.5571033985498872  -0.9923651397832942
0.9400000000000001  -0.5040152084780649  -0.9579682415704507
0.9500000000000001  -0.4487226901620909  -0.9188861219495142
0.96  -0.391525512374522  -0.8753360704398094
0.97  -0.3327348672558674  -0.8275684871592961
0.98  -0.2726712223583872  -0.7758652787870544
0.99  -0.21166201526462403  -0.720538016730187
1.0  -0.15003930874366955  -0.6619258700433176
1.01  -0.08813742461520674  -0.6003933273706192
1.02  -0.02629057455459555  -0.536327723802658
1.03  0.03516949400813283  -0.47013659005063657
1.04  0.09591581896508834  -0.4022448427271081
1.05  0.1556284940151176  -0.3330918357740137
1.06  0.21399687148652324  -0.2631282941859926
1.07  0.2707216810579717  -0.1928131521305106
1.08  0.325517048693097  -0.12261031835861258
1.09  0.3781124009787787  -0.05298539242452712
1.1  0.4282542410429797  0.015597644316464175
1.11  0.47570778331696645  0.0826797386885192
1.12  0.5202584355894685  0.1478100523167593
1.1300000000000001  0.5617131180670001  0.2105492006398692
1.1400000000000001  0.5999014104945772  0.27047242033257524
1.1500000000000001  0.6346765197934612  0.32717264160555803
1.16  0.6659160621257612  0.3802634424764033
1.17  0.693522654787977  0.42938186290445535
1.18  0.7174243148547227  0.47419105764949954
1.19  0.7375746630277786  0.5143827678424495
1.2  0.7539529326819134  0.5496795925376043
1.21  0.766563785625444  0.579837042941599
1.22  0.7754369375981348  0.6046453635735688
1.23  0.7806265979999368  0.623931106293045
1.24  0.7822107297697428  0.6375584449244657
1.25  0.7802901367026981  0.6454302200967618
1.26  0.7749873867970615  0.6474887058894152
1.27  0.7664455814472724  0.643716091918079
1.28  0.7548269814393073  0.6341346765881611
1.29  0.7403115017491974  0.6188067693781343
1.3  0.7230950880878758  0.5978343021697746
1.31  0.7033879889684829  0.5713581518039437
1.32  0.6814129377899028  0.5395571781916331
1.33  0.657403260027682  0.5026469844345988
1.34  0.6316009210964727  0.4608784074919515
1.35  0.6042545307938687  0.414535749952749
1.36  0.5756173204519777  0.3639347654245596
1.37  0.5459451090093438  0.30942041190927844
1.3800000000000001  0.5154942741721548  0.2513643892958813
1.3900000000000001  0.4845197446611606  0.19016247874183664
1.4000000000000001  0.45327302924164564  0.1262317032278518
1.41  0.422000297811379  0.06000732994280321
1.42  0.3909405292799043  -0.008060263623618412
1.43  0.36032374031699904  -0.07750883694335657
1.44  0.3303693082845849  -0.14786762324018796
1.45  0.30128440080178287  -0.2186607312666378
1.46  0.27326252343470686  -0.28941058699531286
1.47  0.24648219595937892  -0.35964138980783783
1.48  0.22110576652680808  -0.4288825576098845
1.49  0.19727837187329256  -0.49667213533750787
1.5  0.17512705047647967  -0.5625601415482766
1.51  0.15476001426896768  -0.626111828209243
1.52  0.13626608319705164  -0.6869108293998394
1.53  0.11971428556351119  -0.744562175437246
1.54  0.1051536257311673  -0.7986951498989323
1.55  0.09261301939943907  -0.8489659681551517
1.56  0.0821013953103182  -0.8950602573248199
1.57  0.07360796090403296  -0.9366953190220034
1.58  0.06710262813877393  -0.9736221578564851
1.59  0.06253659442368711  -1.0056272603788046
1.6  0.05984307239979731  -1.0325341110050001
1.61  0.058938161149113835  -1.0542044334052973
1.62  0.05972185032688308  -1.0705391478796937
1.6300000000000001  0.062079147704051124  -1.0814790373565284
1.6400000000000001  0.06588131968416526  -1.087005116821882
1.6500000000000001  0.07098723352805905  -1.0871387032017568
1.6600000000000001  0.07724478928684772  -1.0819411849587586
1.67  0.0844924288142434  -1.0715134929135826
1.68  0.09256070870740557  -1.055995276042044
1.69  0.10127392361492957  -1.0355637882137463
1.7  0.11045176605369912  -1.0104324940119669
1.71  0.11991100869477396  -0.9808494038894893
1.72  0.12946719501292794  -0.9470951509558801
1.73  0.13893632424458244  -0.9094808236425297
1.74  0.14813651676340805  -0.8683455703378175
1.75  0.15688964625969204  -0.8240539938119295
1.76  0.1650229254955427  -0.776993354845912
1.77  0.17237043289919118  -0.7275706059303049
1.78  0.17877456785328655  -0.6762092771939673
1.79  0.18408742321854205  -0.6233462378535453
1.8  0.1881720644090795  -0.5694283574296574
1.81  0.19090370519233343  -0.5149090917498923
1.82  0.1921707713167537  -0.4602450193450395
1.83  0.19187584406665195  -0.405892354238967
1.84  0.18993647689664914  -0.35230346133105517
1.85  0.18628587939927663  -0.2999234005713339
1.86  0.18087346399888868  -0.24918652593231227
1.87  0.17366525193355822  -0.20051316478912232
1.8800000000000001  0.1646441362741666  -0.15430640273391097
1.8900000000000001  0.15381000092656885  -0.1109489980755462
1.9000000000000001  0.14117969575854977  -0.07080044931741662
1.9100000000000001  0.12678686917849352  -0.034194237771447075
1.92  0.11068166065748986  -0.0014352661638708086
1.93  0.09293025682158101  0.02720248737252635
1.94  0.07361431583687157  0.05147808213303535
1.95  0.052830265858466514  0.07118547845927156
1.96  0.03068848430642433  0.08615513796325656
1.97  0.007312365660246709  0.096255348153215
1.98  -0.017162713679193527  0.10139326132389906
1.99  -0.04259052413173699  0.10151563971889217
2.0  -0.06881519525913597  0.09660930117853037
2.0100000000000002  -0.09567250103291515  0.08670126173814707
2.02  -0.12299120690168852  0.07185857392030905
2.0300000000000002  -0.15059446709266036  0.05218786175431858
2.04  -0.17830126026306342  0.027834555839269984
2.05  -0.20592785139966302  -0.001018165974057433
2.06  -0.23328926774880965  -0.03415072448906747
2.07  -0.260200776546347  -0.07130876170338411
2.08  -0.2864793524051798  -0.11220502794341147
2.09  -0.3119451224068087  -0.15652151955757304
2.1  -0.33642277722959973  -0.20391185124152972
2.11  -0.359742937027488  -0.25400384529691344
2.12  -0.38174346124457215  -0.306402318486582
2.13  -0.40227069210875116  -0.3606920456557491
2.14  -0.42118062218608565  -0.41644087795170986
2.15  -0.43833997709069505  -0.47320299230455387
2.16  -0.4536272052264147  -0.530522247836992
2.17  -0.46693336727884505  -0.5879356240598301
2.18  -0.47816291907243236  -0.644976715087831
2.19  -0.48723438234874783  -0.7011792536824134
2.2  -0.4940808990010656  -0.756080638697109
2.21  -0.4986506653079553  -0.8092254394696747
2.22  -0.500907243736447  -0.8601688508724454
2.23  -0.5008297509242958  -0.9084800730976776
2.24  -0.4984129214924415  -0.9537455908154652
2.25  -0.4936670483738153  -0.9955723270930296
2.2600000000000002  -0.4866178013647767  -1.0335906484011608
2.27  -0.4773059266020166  -1.0674571981481062
2.2800000000000002  -0.46578683063255166  -1.0968575374658587
2.29  -0.4521300536695972  -1.1215085734178905
2.3000000000000003  -0.43641863750507737  -1.1411607563907922
2.31  -0.4187483943733377  -1.1556000301621865
2.32  -0.399227083823581  -1.164649519991255
2.33  -0.37797350535494256  -1.1681709460415597
2.34  -0.35511651519223403  -1.1660657515042838
2.35  -0.3307939761278595  -1.1582759369274624
2.36  -0.30515164982199044  -1.1447845944574087
2.37  -0.27834204133551044  -1.1256161379455316
2.38  -0.25052320596608135  -1.1008362271501722
2.39  -0.22185752866493685  -1.0705513865516967
2.4  -0.1925104864297885  -1.0349083215827344
2.41  -0.1626494040972386  -0.9940929373366708
2.42  -0.13244221389682737  -0.948329067039552
2.43  -0.10205622897955001  -0.8978769197363993
2.44  -0.07165694089849177  -0.8430312587364929
2.45  -0.04140685070072892  -0.7841193243676181
2.46  -0.011464342891433341  -0.721498516491545
2.47  0.018017388942880165  -0.6555538540178725
2.48  0.04689135660981733  -0.5866952303075187
2.49  0.0750177242538284  -0.5153544848680722
2.5  0.10226468080498492  -0.441982313099932
2.5100000000000002  0.12850923169664724  -0.3670450370442848
2.52  0.1536379043854526  -0.2910212611029807
2.5300000000000002  0.1775473630175871  -0.21439843753852778
2.54  0.20014492842797313  -0.1376693672138287
2.5500000000000003  0.22134900052661255  -0.061328661491030244
2.56  0.2410893810106935  0.014130808526040338
2.57  0.2593074952347802  0.08822144915297504
2.58  0.2759565129661057  0.160464441564781
2.59  0.2910013686402792  0.2303931737140285
2.6  0.3044186826065836  0.29755658144328134
2.61  0.3161965857039596  0.3615223742131842
2.62  0.32633445033165825  0.42188012175648676
2.63  0.3348425319650677  0.4782441790327509
2.64  0.3417415258110269  0.5302564280914551
2.65  0.3470620439916265  0.5775888168419537
2.66  0.35084401928546927  0.6199456762676485
2.67  0.35313604203521104  0.6570657992959511
2.68  0.35399463734547143  0.6887242663332774
2.69  0.35348349014167524  0.7147340043807764
2.7  0.35167262603468397  0.7349470686480828
2.71  0.3486375562354383  0.7492556376630708
2.72  0.3444583949861876  0.7575927150202791
2.73  0.33921895811871045  0.7599325331025217
2.74  0.3330058514147479  0.7562906563331074
2.75  0.32590755742949185  0.7467237837529165
2.7600000000000002  0.31801352934618754  0.7313292529507126
2.77  0.30941330026019137  0.7102442495895854
2.7800000000000002  0.30019561604612083  0.6836447289507167
2.79  0.29044759964488925  0.6517440580415588
2.8000000000000003  0.2802539542217467  0.6147913888728789
2.81  0.2696962121959469  0.5730697754830169
2.82  0.2588520366317549  0.5268940491629931
2.83  0.24779458091438886  0.4766084680994714
2.84  0.23659191201846885  0.4225841592904396
2.85  0.22530650201667535  0.3652163720893335
2.86  0.2139947917788324  0.30492156408586435
2.87  0.20270683008305726  0.24213434122640334
2.88  0.19148599060790097  0.17730427510478172
2.89  0.1803687685044114  0.1108926212084576
2.9  0.16938465746705403  0.043368962579252136
2.91  0.1585561074394969  -0.024792196162403964
2.92  0.1478985623126606  -0.09311485917867714
2.93  0.1374205762052291  -0.16112496879732918
2.94  0.12712400616800248  -0.22835380862998744
2.95  0.11700427842977042  -0.2943413554050293
2.96  0.10705072461045823  -0.3586395549464149
2.97  0.09724698367315032  -0.4208154983641112
2.98  0.08757146477623572  -0.4804544753329708
2.99  0.07799786562572864  -0.5371628823186047
3.0  0.06849574042067086  -0.590570964752908
3.0100000000000002  0.05903111103596028  -0.6403353734595346
3.02  0.0495671147008595  -0.6861415170703903
3.0300000000000002  0.04006468111105959  -0.7277056937472055
3.04  0.030483231660311392  -0.7647769872146837
3.0500000000000003  0.0207813932963122  -0.7971389139113032
3.06  0.010917719396220191  -0.8246108099558753
3.0700000000000003  0.0008514100205128055  -0.8470489485987728
3.08  -0.009456976059720058  -0.8643473808605635
3.09  -0.020044825058519816  -0.876438494142758
3.1  -0.03094679491056402  -0.8832932857092728
3.11  -0.042194172114375934  -0.8849213500673785
3.12  -0.053814265435569934  -0.881370581407108
3.13  -0.06582984284329571  -0.8727265943724895
3.14  -0.078258617613844  -0.8591118685206803
3.15  -0.09111278904051405  -0.8406846238606231
3.16  -0.1043986426428952  -0.8176374368361424
3.17  -0.11811621417689316  -0.7901956080148302
3.18  -0.1322590211148182  -0.7586152945497746
3.19  -0.14681386459837728  -0.7231814221828375
3.2  -0.16176070417300858  -0.6842053931435619
3.21  -0.17707260689585416  -0.6420226077552947
3.22  -0.19271577167881088  -0.5969898188793953
3.23  -0.20864962898900477  -0.549482339500059
3.24  -0.22482701528895152  -0.4998911247681092
3.25  -0.24119442086413193  -0.4486197506750901
3.2600000000000002  -0.25769230896394413  -0.39608131221335674
3.27  -0.27425550347933214  -0.34269526438915937
3.2800000000000002  -0.2908136417037791  -0.2888842297907791
3.29  -0.30729168807970997  -0.2350707965708306
3.3000000000000003  -0.32361050422608534  -0.18167433068035002
3.31  -0.3396874699803479  -0.1291078259932448
3.3200000000000003  -0.3554371496745978  -0.07777481558517221
3.33  -0.37077199740634076  -0.02806636688455194
3.34  -0.3856030946630421  0.019641817300035187
3.35  -0.399840913320605  0.06499217074634664
3.36  -0.4133960967620909  0.10764788867744472
3.37  -0.42618025165726275  0.14729538658567676
3.38  -0.4381067428075812  0.18364657540398222
3.39  -0.4490914833969167  0.21644093684273208
3.4  -0.4590537129958044  0.24544738426020968
3.41  -0.4679167557469324  0.27046589608756333
3.42  -0.4756087513108923  0.2913289105709297
3.43  -0.48206335137307954  0.30790247241184854
3.44  -0.4872203748027929  0.3200871237674293
3.45  -0.49102641491184074  0.32781853400029215
3.46  -0.4934353926790021  0.3310678645299294
3.47  -0.49440905028489784  0.3298418671175239
3.48  -0.4939173798349266  0.3241827159001185
3.49  -0.49193898273118164  0.3141675754629206
3.5  -0.48846135578242034  0.2999079091854867
3.5100000000000002  -0.4834811008085927  0.2815485340043846
3.52  -0.4770040551971301  0.2592664295875381
3.5300000000000002  -0.46904534159575245  0.23326931170031376
3.54  -0.45962933567447045  0.20379398124756803
3.5500000000000003  -0.4487895516508036  0.1711044620869493
3.56  -0.4365684460401646  0.13548994221538121
3.5700000000000003  -0.4230171408607548  0.09726253432185927
3.58  -0.4081950682821948  0.05675487296608287
3.59  -0.39216953945238114  0.014317566774743407
3.6  -0.37501524096091565  -0.029683474961694843
3.61  -0.3568136630930642  -0.07486982106637731
3.62  -0.33765246468913734  -0.12085338171325036
3.63  -0.31762478004419475  -0.16723933467889954
3.64  -0.2968284738562338  -0.21362909279414502
3.65  -0.27536535075195967  -0.2596232905739416
3.66  -0.253340326383  -0.3048247679612237
3.67  -0.2308605674873639  -0.3488415292407299
3.68  -0.20803460864705073  -0.39128965546059385
3.69  -0.1849714537398137  -0.43179614913978365
3.7  -0.16177967027799378  -0.4700016906340719
3.71  -0.13856648494834461  -0.505563286277
3.72  -0.11543688871193133  -0.5381567892987793
3.73  -0.09249275979207701  -0.5674792755480698
3.74  -0.06983201277044705  -0.5932512571906167
3.75  -0.04754778182753299  -0.6152187188257116
3.7600000000000002  -0.025727645905104055  -0.6331549618362595
3.77  -0.004452903236507928  -0.6468622442601563
3.7800000000000002  0.016202097711247948  -0.6561732050282308
3.79  0.036170564308802014  -0.6609520630452315
3.8000000000000003  0.0553937968068421  -0.6610955832827186
3.81  0.07382165089847363  -0.656533803793449
3.8200000000000003  0.0914129209958371  -0.6472305193327484
3.83  0.1081356401087329  -0.63318351907021
3.84  0.12396729294932729  -0.6144245776813398
3.85  0.13889493965914368  -0.5910192009103097
3.86  0.15291524835633252  -0.563066128478321
3.87  0.16603443552524688  -0.5306965989644111
3.88  0.17826811410955132  -0.4940733829940071
3.89  0.1896410500170747  -0.45338959272291574
3.9  0.20018682859160974  -0.4088672771889543
3.91  0.2099474334465947  -0.3607558146087681
3.92  0.21897274088013607  -0.30933011411315947
3.93  0.22731993389304475  -0.25488864073038836
3.94  0.23505284060377923  -0.19775127863477207
3.95  0.24224120258958645  -0.1382570487687784
3.96  0.24895987937460504  -0.07676169791423441
3.97  0.25528799592709256  -0.013635177124980438
3.98  0.2613080406127095  0.050740971864818706
3.99  0.26710492157386007  0.11597630308090426
4.0  0.27276498996080717  0.1816742060025439
4.01  0.2783750388244848  0.24743467864054233
4.0200000000000005  0.2840212867894194  0.31285711400224825
4.03  0.28978835585476403  0.37754307996400427
4.04  0.29575825281941026  0.4410990727340726
4.05  0.30200936389157435  0.5031392243938154
4.0600000000000005  0.3086154720229254  0.5632879454496281
4.07  0.315644806401657  0.6211824839073463
4.08  0.32315913334835955  0.6764753830905742
4.09  0.3312128975838358  0.7288368212572893
4.1  0.33985242248105935  0.7779568170195893
4.11  0.3491151774768241  0.8235472856305288
4.12  0.359029120305178  0.8653439323619397
4.13  0.36961212112867997  0.9031079704486575
4.14  0.3808714749891877  0.9366276524073665
4.15  0.39280350828255317  0.9657196049430946
4.16  0.40539328418689086  0.9902299591213412
4.17  0.41861441114860537  1.0100352689988412
4.18  0.43242895766032047  1.0250432134588159
4.19  0.4467874756581637  1.0351930775766025
4.2  0.4616291339295624  1.0404560114363035
4.21  0.4768819619649634  1.0408350659175478
4.22  0.4924632037157601  1.036365006561588
4.23  0.5082797797446178  1.0271119081966877
4.24  0.5242288552816018  1.0131725345426588
4.25  0.5401985107386645  0.9946735085127019
4.26  0.5560685102944123  0.9717702803770178
4.2700000000000005  0.5717111632491033  0.9446459023367735
4.28  0.58699227197455  0.9135096193697179
4.29  0.6017721594529606  0.8785952874408953
4.3  0.6159067686202366  0.8401596313156916
4.3100000000000005  0.6292488250101536  0.7984803552598333
4.32  0.6416490535426994  0.753854120855837
4.33  0.6529574397190566  0.7065944070012088
4.34  0.6630245249827462  0.6570292678760498
4.3500000000000005  0.6717027255863769  0.6054990052715592
4.36  0.6788476639706807  0.5523537721538035
4.37  0.6843195014205882  0.4979511246957112
4.38  0.6879842606149025  0.4426535402440413
4.39  0.6897151266339343  0.3868259187953011
4.4  0.6893937150344391  0.33083308553661106
4.41  0.686911295743844  0.2750373118648
4.42  0.6821699617659767  0.21979587203200412
4.43  0.6750837320269371  0.16545865218156353
4.44  0.6655795781205771  0.11236582803763052
4.45  0.6535983652355569  0.060845626900421855
4.46  0.6390956981564971  0.011212188881560918
4.47  0.6220426639262098  -0.03623645850362834
4.48  0.602426463529213  -0.08122029918104058
4.49  0.5802509258032456  -0.12347908859145174
4.5  0.5555368976987952  -0.1627739638604295
4.51  0.5283225059800537  -0.19888889407856988
4.5200000000000005  0.49866328648671304  -0.23163196191477492
4.53  0.466632178147009  -0.2608364690473085
4.54  0.4323193800399021  -0.28636185920359075
4.55  0.39583207094041806  -0.30809445394128887
4.5600000000000005  0.35729399193766226  -0.32594799767095267
4.57  0.3168448938819829  -0.33986400980518017
4.58  0.2746398525869059  -0.34981194331222254
4.59  0.2308484558750799  -0.3557891503444884
4.6000000000000005  0.18565386770694892  -0.357820656996443
4.61  0.1392517757591202  -0.3559587506143217
4.62  0.09184922991941197  -0.3502823844250862
4.63  0.04366338023179903  -0.3408964055685048
4.64  -0.00507987614785618  -0.32793061389934675
4.65  -0.05414732843770783  -0.31153866017375575
4.66  -0.10329995466475024  -0.2918967934440274
4.67  -0.15229448065015228  -0.269202468660968
4.68  -0.20088498227340829  -0.24367282662842488
4.69  -0.2488245168921106  -0.21554305958026912
4.7  -0.29586676894493685  -0.18506467677284474
4.71  -0.3417676938911357  -0.15250368563043723
4.72  -0.3862871436978177  -0.11813870518553447
4.73  -0.4291904560168564  -0.08225902987330193
4.74  -0.470249987907246  -0.04516266325070554
4.75  -0.5092465733290087  -0.007154343029409165
4.76  -0.5459708814737602  0.03145641889288569
4.7700000000000005  -0.5802246500295454  0.0703572546976291
4.78  -0.6118217632916065  0.10923478638471364
4.79  -0.6405891390044285  0.14777636238722944
4.8  -0.6663673789968978  0.18567164016198218
4.8100000000000005  -0.6890111255567144  0.22261395767712588
4.82  -0.7083890457000253  0.25830141850174854
4.83  -0.7243833351528572  0.2924375874350192
4.84  -0.7368885865262207  0.3247316504426777
4.8500000000000005  -0.7458097908453034  0.35489782411172616
4.86  -0.751059119026855  0.3826536883786774
4.87  -0.7525509253248668  0.4077169302925238
4.88  -0.7501940633218301  0.4297996669366587
4.89  -0.7438799811807578  0.44859894779996495
4.9  -0.7334639133847531  0.4637809894640753
4.91  -0.7187342763927219  0.474954678925314
4.92  -0.6993609167722942  0.4816258052577396
4.93  -0.6748033531024856  0.48311476587773067
4.94  -0.6441385767906704  0.478400654410759
4.95  -0.6057155392959965  0.46580619690875524
4.96  -0.5564070445681243  0.44231107558962995
4.97  -0.48986108011735263  0.40193340558396906
4.98  -0.3922962074030877  0.33177710470573846
4.99  -0.23538861044237594  0.20493602857824195
5.0  -4.9183120966870544e-15  4.402813749843059e-15
5.01  0.21469971795132078  -0.19739053148948577
5.0200000000000005  0.3262850173558027  -0.3077348749589612
5.03  0.3713421868065128  -0.3588662173858532
5.04  0.3841341251987184  -0.3799147885083009
5.05  0.3804575219962563  -0.3845670458996722
5.0600000000000005  0.3676276320262907  -0.37920929374668005
5.07  0.34940239579667065  -0.36714252034476896
5.08  0.3279302157869965  -0.350273165388178
5.09  0.3045615286755378  -0.32982254024090224
5.1000000000000005  0.28021658274592176  -0.3066496189318776
5.11  0.2555655910077111  -0.2814094812042466
5.12  0.23112295070989716  -0.25463616339911926
5.13  0.20729922469028936  -0.22678820334643177
5.14  0.18443107717739698  -0.19827462245663213
5.15  0.16279911062783872  -0.16947010474231045
5.16  0.14263878263129207  -0.1407239428802147
5.17  0.124147233013653  -0.11236525377166157
5.18  0.10748763456191233  -0.08470589376714352
5.19  0.09279202213325254  -0.058041922845861425
5.2  0.0801631840985659  -0.032654139990403085
5.21  0.06967598382771203  -0.008808021396670291
5.22  0.06137834870344851  0.0132467214370976
5.23  0.05529208335887624  0.03327681759739264
5.24  0.05141361227106274  0.051066245527298736
5.25  0.049714723022897346  0.06641710296363201
5.26  0.050143358753423344  0.07915048595594744
5.2700000000000005  0.0526244925342479  0.08910733834854727
5.28  0.057061105176579814  0.09614924258482775
5.29  0.06333527975416806  0.10015912955096944
5.3  0.07130941994645854  0.1010418902835639
5.3100000000000005  0.08082759453401009  0.09872487628623898
5.32  0.09171700660268313  0.09315827830376863
5.33  0.10378958296188084  0.0843153759340602
5.34  0.11684367677287665  0.0721926525844402
5.3500000000000005  0.130665874293339  0.05680977211037578
5.36  0.14503289489057028  0.03820941508871802
5.37  0.15971357200216788  0.016456974125657765
5.38  0.17447090149008718  -0.008359891082476612
5.39  0.18906414281645004  -0.03613183700561818
5.4  0.2032509576483487  -0.06672855480169088
5.41  0.216789569861988  -0.0999996200091133
5.42  0.22944093045479497  -0.13577546834558596
5.43  0.2409708705809089  -0.17386849164712093
5.44  0.2511522257953778  -0.21407424714654577
5.45  0.2597669146210692  -0.25617277252148724
5.46  0.2666079547351514  -0.2999299984388006
5.47  0.2714814004046318  -0.3450992496854443
5.48  0.274208185278036  -0.39142282540674367
5.49  0.2746258552573658  -0.43863364847208486
5.5  0.27259017692511756  -0.48645697355712164
5.51  0.26797660787834615  -0.5346121431707722
5.5200000000000005  0.26068161631847686  -0.5828143805664253
5.53  0.25062383835293556  -0.6307766082594168
5.54  0.23774506267424966  -0.6782112807282344
5.55  0.22201103358396002  -0.7248322198041142
5.5600000000000005  0.20341206471219614  -0.770356441253495
5.57  0.18196345723812846  -0.8145059611284916
5.58  0.15770571793007895  -0.8570095706020344
5.59  0.13070457388479126  -0.8976045682144429
5.6000000000000005  0.10105078244095853  -0.9360384387361796
5.61  0.06885973635958335  -0.9720704681944704
5.62  0.03427086599038633  -1.0054732850177777
5.63  -0.0025531582337954043  -1.036034317718321
5.64  -0.04142741802710436  -1.0635571600568612
5.65  -0.08214592768202746  -1.08786283521165
5.66  -0.12448299464591864  -1.1087909511018479
5.67  -0.1681947507090107  -1.1262007396906066
5.68  -0.21302084285983364  -1.1399719738105651
5.69  -0.2586862715327529  -1.15000575581032
5.7  -0.3049033627309036  -1.1562251731100093
5.71  -0.3513738593668857  -1.1585758165727937
5.72  -0.39779111613232276  -1.157026158442032
5.73  -0.4438423812951445  -1.1515677874562107
5.74  -0.4892111480374787  -1.1422154996302933
5.75  -0.5335795572946345  -1.1290072440778522
5.76  -0.5766308335423568  -1.1120039241381021
5.7700000000000005  -0.6180517346104734  -1.0912890549604384
5.78  -0.6575349963793528  -1.0669682795811741
5.79  -0.6947817531442964  -1.0391687463977344
5.8  -0.7295039145128593  -1.0080383517994544
5.8100000000000005  -0.7614264799315964  -0.9737448525463465
5.82  -0.7902897723205847  -0.9364748532928452
5.83  -0.8158515728240329  -0.8964326754279249
5.84  -0.8378891393596314  -0.8538391141413814
5.8500000000000005  -0.8562010924638106  -0.808930091324202
5.86  -0.8706091528784932  -0.7619552125645235
5.87  -0.8809597164005835  -0.7131762371058346
5.88  -0.8871252527104262  -0.6628654701870839
5.89  -0.8890055162008543  -0.6113040876817335
5.9  -0.8865285582342669  -0.5587804033914753
5.91  -0.8796515317510729  -0.5055880897277002
5.92  -0.8683612807270977  -0.45202436282685854
5.93  -0.8526747086182485  -0.3983881433933736
5.94  -0.8326389216251817  -0.3449782047428465
5.95  -0.8083311443458329  -0.292091319628871
5.96  -0.7798584071457053  -0.2400204174765753
5.97  -0.7473570063514318  -0.18905276361561732
5.98  -0.7109917401478519  -0.1394681720035792
5.99  -0.6709549248191824  -0.09153726275871538
6.0  -0.6274651977064618  -0.045519775578468556
6.01  -0.5807661149429604  -0.001662949809137229
6.0200000000000005  -0.5311245536627363  0.03980001844683975
6.03  -0.47882892994241727  0.07865143224396993
6.04  -0.42418724521939916  0.11469045329294031
6.05  -0.3675249753196958  0.14773435618036396
6.0600000000000005  -0.3091828175135828  0.1776196690696848
6.07  -0.24951431218705225  0.2042031933244508
6.08  -0.18888335676191445  0.2273628952262131
6.09  -0.12766163040872036  0.24699866373680335
6.1000000000000005  -0.06622594886647036  0.2630329290743359
6.11  -0.004955569305276304  0.27541113772907294
6.12  0.05577053436324895  0.2841020804345166
6.13  0.11557640501184799  0.2890980705254078
6.140000000000001  0.1740918237932206  0.2904149710523724
6.15  0.23095499875065764  0.2880920699770106
6.16  0.28581519986380705  0.28219180373572156
6.17  0.3383353201862206  0.2727993304292963
6.18  0.38819434322837604  0.26002195486265567
6.19  0.4350896973932079  0.2439884086186216
6.2  0.4787394790767367  0.22484798929570954
6.21  0.5188845269983283  0.20276956396601106
6.22  0.5552903314162381  0.17794044280986795
6.23  0.5877487631065582  0.1505651297528586
6.24  0.6160796083282509  0.12086395776228881
6.25  0.6401318974534398  0.08907161724879821
6.26  0.659785016499476  0.055435586759106904
6.2700000000000005  0.6749495924458105  0.020214475832462796
6.28  0.6855681449415196  -0.01632370947810501
6.29  0.6916154987952648  -0.053903367353404376
6.3  0.6930989534748575  -0.09224315565979092
6.3100000000000005  0.6900582077140436  -0.13105789011311814
6.32  0.68256503921512  -0.17006047280997583
6.33  0.670722741332886  -0.208963838506069
6.34  0.6546653205132157  -0.24748290582583335
6.3500000000000005  0.6345564601235553  -0.2853365204741008
6.36  0.6105882581381145  -0.3222493774904257
6.37  0.5829797479130502  -0.35795390964149604
6.38  0.5519752129925872  -0.3921921291864772
6.390000000000001  0.517842308512054  -0.4247174104749766
6.4  0.48087000329546226  -0.45529620114611985
6.41  0.44136635817112485  -0.4837096500896519
6.42  0.39965615733757864  -0.509755140803467
6.43  0.35607841079294433  -0.5332477193350215
6.44  0.31098374688454267  -0.5540214066231526
6.45  0.2647317149332824  -0.5719303857590925
6.46  0.2176880186316001  -0.586850055456708
6.47  0.17022170149882918  -0.5986779418578412
6.48  0.12270230609789416  -0.607334461694347
6.49  0.07549702896945149  -0.6127635307784658
6.5  0.028967893320761155  -0.6149330127918993
6.51  -0.01653103858361639  -0.6138350043850596
6.5200000000000005  -0.06065639164428182  -0.6094859536751127
6.53  -0.10307812150924196  -0.6019266103375085
6.54  -0.14348205486123464  -0.5912218066137506
6.55  -0.18157230651667536  -0.5774600697007386
6.5600000000000005  -0.2170735543611237  -0.5607530671366175
6.57  -0.24973315421472705  -0.5412348879468478
6.58  -0.2793230779320324  -0.5190611634545883
6.59  -0.30564165938433324  -0.49440803278339096
6.6000000000000005  -0.32851513443977537  -0.46747095918010806
6.61  -0.34779896263488713  -0.4384634043537581
6.62  -0.3633789199094918  -0.4076153690545018
6.63  -0.37517195354177546  -0.3751718090982908
6.640000000000001  -0.38312679225836677  -0.34139093697010914
6.65  -0.3872243063911447  -0.3065424200047879
6.66  -0.3874776148935303  -0.2709054869429624
6.67  -0.38393193799917397  -0.23476695538433537
6.68  -0.37666419628976167  -0.1984191933055587
6.69  -0.3657823589207765  -0.16215802837004434
6.7  -0.3514245457188216  -0.126280619227655
6.71  -0.33375788979620485  -0.0910833033787594
6.72  -0.3129771692127104  -0.05685943645666956
6.73  -0.28930321803596576  -0.023897237961175825
6.74  -0.2629811288961562  0.007522341447526767
6.75  -0.23427826078437136  0.037127716013272985
6.76  -0.20348206739323524  0.0646587093581499
6.7700000000000005  -0.17089776273152596  0.08986853265624434
6.78  -0.13684584204978859  0.11252568213925258
6.79  -0.1016594772808045  0.1324157420124545
6.8  -0.06568180721814536  0.14934307940658761
6.8100000000000005  -0.02926314351927733  0.16313241863701175
6.82  0.007241885679938881  0.17363028278194514
6.83  0.04347723222113441  0.1807062914227458
6.84  0.07908834177305535  0.18425430430598544
6.8500000000000005  0.11372506221670219  0.18419340168406187
6.86  0.14704452370401092  0.18046869316183575
6.87  0.17871396770307657  0.17305194801463453
6.88  0.20841350269528378  0.1619420411404817
6.890000000000001  0.23583876471736764  0.14716521005877903
6.9  0.26070346164004476  0.12877511966044286
6.91  0.282741780939952  0.10685273274203022
6.92  0.3017106417461521  0.0815059857097154
6.93  0.3173917731190312  0.05286927020845634
6.94  0.32959360183909614  0.02110272280803849
6.95  0.33815293443569505  -0.013608673748953982
6.96  0.34293641976016914  -0.05105617287159969
6.97  0.3438417800921397  -0.09100852381383029
6.98  0.3407988005487545  -0.13321340122702124
6.99  0.33377006843074153  -0.17739899579877982
7.0  0.32275145607194955  -0.2232757559925173
7.01  0.30777234274547527  -0.2705382697502298
7.0200000000000005  0.2888955732042121  -0.31886727393863895
7.03  0.2662171524808579  -0.36793177831373236
7.04  0.2398656786262423  -0.4173912898597596
7.05  0.21000151710922757  -0.46689812253219526
7.0600000000000005  0.17681572262036405  -0.5160997767080621
7.07  0.1405287159993105  -0.5646413720262297
7.08  0.10138872592704144  -0.6121681167913728
7.09  0.059670006873314516  -0.6583277967217824
7.1000000000000005  0.015670846552773426  -0.7027732655482507
7.11  -0.030288622193892143  -0.7451649198206332
7.12  -0.07786878862788503  -0.7851731402536566
7.13  -0.12671309255918867  -0.8224806820444079
7.140000000000001  -0.1764506948351479  -0.8567849968220971
7.15  -0.2266992695530733  -0.8878004692446814
7.16  -0.27706789669518794  -0.9152605517360427
7.17  -0.32716003306387514  -0.9389197814585829
7.18  -0.3765765387458177  -0.958555664336776
7.19  -0.4249187358598442  -0.973970411782514
7.2  -0.47179147604942423  -0.9849925167184228
7.21  -0.516806193069361  -0.9914781565444896
7.22  -0.5595839168878979  -0.9933124118397909
7.23  -0.5997582259806431  -0.9904102908272404
7.24  -0.6369781149289881  -0.9827175509469306
7.25  -0.6709107550500815  -0.9702113102737705
7.26  -0.7012441265735639  -0.9529004429684746
7.2700000000000005  -0.7276895018359832  -0.9308257544573193
7.28  -0.749983760079788  -0.9040599335847984
7.29  -0.7678915157119098  -0.8727072805638697
7.3  -0.7812070432870882  -0.8369032111491143
7.3100000000000005  -0.7897559840226045  -0.7968135390677995
7.32  -0.7933968203122185  -0.7526335403504276
7.33  -0.7920221064749305  -0.7045868047946231
7.34  -0.7855594458350009  -0.6529238813619939
7.3500000000000005  -0.7739722061693542  -0.597920725835502
7.36  -0.757259967561748  -0.5398769605433106
7.37  -0.7354586987546108  -0.47911395737308127
7.38  -0.708640660173267  -0.4159727566471219
7.390000000000001  -0.6769140338971813  -0.35081183569353724
7.4  -0.6404222829526364  -0.2840047421214992
7.41  -0.5993432443845148  -0.2159376078809102
7.42  -0.5538879626155224  -0.14700656114934976
7.43  -0.504299271603119  -0.07761505393424412
7.44  -0.45085013624222064  -0.008171123998987588
7.45  -0.39384176532026405  0.06091538968805592
7.46  -0.33360151009582595  0.12923565832878683
7.47  -0.2704805642293394  0.1963846815276678
7.48  -0.20485148233093206  0.2619640922436892
7.49  -0.13710553579490997  0.3255849282996246
7.5  -0.06764992585100277  0.38687035040871726
7.51  0.0030951251298035236  0.44545828694791106
7.5200000000000005  0.07469938209149873  0.5010039861224985
7.53  0.1467256827517316  0.553182456726202
7.54  0.21873307670270364  0.6016907794013839
7.55  0.2902799943731193  0.6462502711408329
7.5600000000000005  0.3609274218332761  0.6866084867413319
7.57  0.43024205737342164  0.722541042012615
7.58  0.49779942591989934  0.7538532447571232
7.59  0.5631869276723206  0.7803815208570475
7.6000000000000005  0.6260067978467007  0.8019946242273256
7.61  0.6858789550893024  0.8185946209059851
7.62  0.7424437169794437  0.8301176391464347
7.63  0.7953643620592649  0.8365343790382644
7.640000000000001  0.8443295190075957  0.8378503769023915
7.65  0.8890553649033622  0.8341060214703423
7.66  0.9292876159920869  0.8253763206533672
7.67  0.9648032959646683  0.8117704195219905
7.68  0.9954122684693594  0.7934308719369403
7.69  1.0209585223915498  0.7705326700849876
7.7  1.0413212003379624  0.7432820379643794
7.71  1.0564153627374697  0.7119149966208682
7.72  1.0661924820042161  0.676695710643916
7.73  1.070640663284732  0.6379146270799486
7.74  1.0697845904128145  0.5958864194936004
7.75  1.0636851978079622  0.5509477513960456
7.76  1.0524390711585765  0.5034548746508762
7.7700000000000005  1.0361775818138046  0.45378107975084353
7.78  1.0150657618514387  0.40231401602386524
7.79  0.9893009287779457  0.3494529008638547
7.8  0.9591110707351846  0.2956056379837103
7.8100000000000005  0.9247530049214171  0.24118586544555273
7.82  0.886510323668235  0.18660995483185222
7.83  0.8446911442358304  0.13229398337397777
7.84  0.7996256798849104  0.0786507011488681
7.8500000000000005  0.7516636511422332  0.026086515585640423
7.86  0.7011715573881354  -0.02500148450849229
7.87  0.6485298299490614  -0.07422844339145608
7.88  0.5941298887681038  -0.12122456964853498
7.890000000000001  0.5383711254444984  -0.16563786314782117
7.9  0.4816578359742877  -0.20713671724616936
7.91  0.4243961268841129  -0.24541237664144122
7.92  0.3669908186260392  -0.28018123225426317
7.930000000000001  0.3098423700921159  -0.31118693565338423
7.94  0.2533438479132178  -0.33820231680413265
7.95  0.1978779638292209  -0.36103109031166614
7.96  0.14381420285990096  -0.3795093368389242
7.97  0.09150606427240955  -0.3935067479937265
7.98  0.04128843643788151  -0.40292762468773863
7.99  -0.00652487439654172  -0.4077116207605491
8.0  -0.05164344261445755  -0.4078342255213188
8.01  -0.09380233157498905  -0.4033069807750645
8.02  -0.13276399585429174  -0.3941774298563682
8.03  -0.16831996306364974  -0.38052879817589547
8.040000000000001  -0.20029228265491567  -0.3624794067796973
8.05  -0.2285347309507901  -0.34018182241295664
8.06  -0.25293376354578206  -0.31382174955372505
8.07  -0.2734092081985109  -0.28361667182370104
8.08  -0.289914693362354  -0.24981425207673544
8.09  -0.3024378095629347  -0.2126905022981231
8.1  -0.3110000029118101  -0.1725477362040606
8.11  -0.3156562021297193  -0.12971231909775988
8.120000000000001  -0.31649418252350164  -0.08453223110369365
8.13  -0.31363367240240314  -0.037374461352209475
8.14  -0.3072252094158339  0.011377747988730954
8.15  -0.29744875623046735  0.06132778774847
8.16  -0.28451208682467277  0.112068676726579
8.17  -0.268648956448291  0.1631861435857003
8.18  -0.25011706996224436  0.21426177291866252
8.19  -0.22919586482197324  0.2648761921841182
8.2  -0.20618412639006806  0.3146122758171402
8.21  -0.18139745454495215  0.36305834260935677
8.22  -0.15516560168512442  0.4098113224196756
8.23  -0.1278297032025151  0.4544798684224674
8.24  -0.09973942230817928  0.4966873914239961
8.25  -0.07125003173058418  0.536074993279951
8.26  -0.04271945526870875  0.5723042771218488
8.27  -0.014505292463655986  0.6050600129451739
8.28  0.01303815024691822  0.6340526381206939
8.290000000000001  0.03956279860930336  0.6590205735558411
8.3  0.06472969684971411  0.6797323375470262
8.31  0.08821181860845488  0.6959884408171495
8.32  0.1096967805519965  0.7076230478143669
8.33  0.1288894374902611  0.7145053910478266
8.34  0.14551433877767236  0.7165409270402786
8.35  0.15931802688382693  0.7136722243736415
8.36  0.1700711602747284  0.7058795762774074
8.370000000000001  0.1775704441373591  0.6931813322469048
8.38  0.18164035399915826  0.6756339452635435
8.39  0.18213463892647538  0.653331733306641
8.4  0.17893759272043028  0.6264063559809719
8.41  0.1719650833502714  0.5950260092188626
8.42  0.16116533275985026  0.5593943431352516
8.43  0.1465194411363317  0.5197491102021594
8.44  0.1280416517274307  0.47636055294969876
8.45  0.10577935431781023  0.4295295423786647
8.46  0.07981282751159839  0.37958548016979327
8.47  0.05025472199999288  0.3268839795821617
8.48  0.01724928900489351  0.27180434163437867
8.49  -0.01902863993393331  0.21474684474389336
8.5  -0.05837491373550697  0.15612986744932092
8.51  -0.10055755316582309  0.09638686514750384
8.52  -0.14531846110632174  0.03596322293023127
8.53  -0.19237533828619324  -0.024686992403735945
8.540000000000001  -0.24142378948421303  -0.08510435726535595
8.55  -0.29213960374663195  -0.14482746858165774
8.56  -0.3441811908394821  -0.20339634849196392
8.57  -0.39719215496502175  -0.260355851159809
8.58  -0.45080398573380487  -0.315259046341337
8.59  -0.5046388455021257  -0.36767055445569624
8.6  -0.5583124314671827  -0.4171698081977158
8.61  -0.611436890363833  -0.46335421621606954
8.620000000000001  -0.6636237632314615  -0.5058422050479381
8.63  -0.7144869375199525  -0.5442761163494697
8.64  -0.7636455837810266  -0.5783249374840346
8.65  -0.8107270543451951  -0.6076868447200269
8.66  -0.8553697217139664  -0.6320915396386093
8.67  -0.897225734898462  -0.6513023608489422
8.68  -0.9359636726051274  -0.6651181547435384
8.69  -0.9712710730014891  -0.673374890787428
8.700000000000001  -1.002856820782423  -0.6759470087085805
8.71  -1.0304533733930004  -0.6727484869297741
8.72  -1.0538188095377403  -0.6637336236392367
8.73  -1.0727386845082296  -0.6488975240233533
8.74  -1.0870276783802844  -0.6282762893638637
8.75  -1.096531024756042  -0.6019469059178575
8.76  -1.1011257094424718  -0.5700268337347705
8.77  -1.100721430252708  -0.5326732978038419
8.78  -1.0952613109754834  -0.49008228615117233
8.790000000000001  -1.0847223644669186  -0.4424872617005841
8.8  -1.069115701762244  -0.39015759686083284
8.81  -1.048486486068137  -0.33339674188629115
8.82  -1.022913632463409  -0.27254014006410965
8.83  -0.9925092560918117  -0.20795290469182362
8.84  -0.9574178735601209  -0.14002727461162592
8.85  -0.9178153641430421  -0.06917986674672387
8.86  -0.8739076992284731  0.004151254371033444
8.870000000000001  -0.8259294501988409  0.07950966869732964
8.88  -0.7741420866226457  0.15642383177236607
8.89  -0.7188320782120953  0.23441042112636556
8.9  -0.6603088154761468  0.3129777734073336
8.91  -0.5989023653516662  0.39162938693498195
8.92  -0.534961079318817  0.4698674638631152
8.93  -0.4688490725911125  0.5471964658046551
8.94  -0.4009435939074888  0.6231266566409355
8.950000000000001  -0.33163230623658757  0.6971776063017351
8.96  -0.2613104993264205  0.768881629563704
8.97  -0.19037825549115242  0.8377871343719783
8.98  -0.11923759031850244  0.9034618548377751
8.99  -0.04828959010320896  0.9654959449010376
9.0  0.02206843223514516  1.0235049096639637
9.01  0.09144574120757179  1.0771323525919596
9.02  0.15946092162455797  1.1260525181340988
9.03  0.22574453966396743  1.1699726108255546
9.040000000000001  0.2899417022273257  1.2086348735884502
9.05  0.35171449552961376  1.2418184097325466
9.06  0.41074428486915143  1.2693407350605583
9.07  0.46673385866137473  1.2910590484890967
9.08  0.519409401086319  1.3068712116917507
9.09  0.5685222790815605  1.3167164304386085
9.1  0.6138506309013432  1.3205756325309488
9.11  0.6552007450447366  1.3184715394940536
9.120000000000001  0.6924082200198958  1.3104684314778372
9.13  0.7253388971430788  1.2966716071072022
9.14  0.753889560357635  1.2772265423042932
9.15  0.7779883988840797  1.252317754355987
9.16  0.7975952303648131  1.2221673797048678
9.17  0.8127014840299319  1.187033476084123
9.18  0.8233299452703448  1.1472080616797886
9.19  0.8295342648461285  1.103014905972255
9.200000000000001  0.8313982377671822  1.0548070887675558
9.21  0.8290348586462045  1.0029643456643986
9.22  0.8225851620268  0.9478902198007424
9.23  0.8122168578190724  0.8900090411735413
9.24  0.7981227735190806  0.8297627561142967
9.25  0.7805191163349906  0.7676076306229007
9.26  0.7596435696808812  0.7040108522036779
9.27  0.7357532397186604  0.6394470556035811
9.28  0.7091224687206616  0.5743947984173363
9.290000000000001  0.6800405329816216  0.5093330128941095
9.3  0.6488092438225377  0.4447374604513325
9.31  0.6157404708938551  0.3810772153731108
9.32  0.5811536074976436  0.3188112039433406
9.33  0.5453729980037397  0.2583848248381442
9.34  0.5087253476316888  0.200226675982963
9.35  0.4715371349073298  0.14474541227028254
9.36  0.4341320469808965  0.09232675754112583
9.370000000000001  0.396828457713464  0.043330693064814386
9.38  0.35993696800422803  -0.0019111565847303898
9.39  0.3237580272452483  -0.04309792085085173
9.4  0.28857965405989183  -0.07996164594753515
9.41  0.2546752736104719  -0.11226920704994622
9.42  0.22230168775911135  -0.13982395581958632
9.43  0.19169719324028708  -0.1624670911590875
9.44  0.16307986176459632  -0.18007874317964995
9.450000000000001  0.13664599463018276  -0.19257876252655126
9.46  0.11256876298291768  -0.19992720942907302
9.47  0.09099704334984181  -0.2021245391034291
9.48  0.07205445648531916  -0.1992114824237708
9.49  0.05583861592849271  -0.1912686230702018
9.5  0.04242059098696196  -0.17841567464604619
9.51  0.03184458714920587  -0.16081046351270287
9.52  0.024127845199942842  -0.13864762530194744
9.53  0.019260758583099332  -0.11215702521607912
9.540000000000001  0.017207206839174507  -0.08160191429951834
9.55  0.017905101251844302  -0.047276835846151694
9.56  0.021267137185351087  -0.009505297979457176
9.57  0.027181745993299217  0.031362769805713925
9.58  0.03551423784258499  0.0749537567339925
9.59  0.04610812533638774  0.12087328659643164
9.6  0.05878661644793773  0.16870928716340958
9.61  0.07335426400362809  0.2180351898259671
9.620000000000001  0.0895987577893926  0.2684132351557692
9.63  0.10729284430795845  0.31939785928211384
9.64  0.12619635829425876  0.37053913537952243
9.65  0.14605834931019618  0.42138624414352904
9.66  0.16661928609443868  0.47149094690832194
9.67  0.1876133208439331  0.5204110350264787
9.68  0.20877059525683445  0.5677137292870075
9.69  0.22981956997608724  0.6129790034877989
9.700000000000001  0.2504893590433746  0.6558028067967738
9.71  0.2705120511092806  0.6958001602216302
9.72  0.2896249994521595  0.7326081033491768
9.73  0.30757306334179835  0.7658884684936601
9.74  0.32411078395390147  0.7953304604881348
9.75  0.33900447891116914  0.8206530215331123
9.76  0.35203424061673977  0.8416069617444059
9.77  0.3629958248895293  0.8579768372635598
9.78  0.3717024180586894  0.869582558936746
9.790000000000001  0.37798627270844026  0.8762807155266346
9.8  0.3817002048141096  0.8779655960449965
9.81  0.3827189482861043  0.8745698958535212
9.82  0.3809403672838638  0.8660650903270469
9.83  0.3762865326499699  0.8524614575549619
9.84  0.3687046774162867  0.8338077268801463
9.85  0.3581680592395175  0.8101903215570427
9.86  0.3446767778470463  0.7817321489211698
9.870000000000001  0.3282586286655005  0.7485908657633045
9.88  0.3089701303349554  0.7109565020778937
9.89  0.28689796472818274  0.6690482480785716
9.9  0.26216125678249275  0.6231100686296517
9.91  0.23491549245560203  0.5734045489550674
9.92  0.2053596447601717  0.5202038786478224
9.93  0.17374978910055675  0.4637759023171951
9.94  0.1404265771873252  0.40436119328350995
9.950000000000001  0.10587458960844144  0.34213318398450593
9.96  0.07086225018206513  0.277126769829387
9.97  0.03680918465170598  0.209121474977935
9.98  0.006865532855672925  0.1375988090327278
9.99  -0.010903804904557415  0.0633074968664225
10.0  -1.1530019660084524e-15  1.777651226817041e-15
