0.0  0.0  0.0
0.01  0.9785109767070693  -2.0109471448566616
0.02  1.6223337940117577  -3.1645989916585635
0.03  2.0209557144255634  -3.743542484418301
0.04  2.296397038462715  -4.040852659841124
0.05  2.5079006513079274  -4.193146061643877
0.06  2.6830729707376815  -4.263066609287716
0.07  2.835813853258894  -4.2819117428097115
0.08  2.9737238648320976  -4.26673968740535
0.09  3.1012613193200287  -4.227557896456758
0.1  3.2211957426980473  -4.170603974558982
0.11  3.335329857859986  -4.099965784143646
0.12  3.4448828881489164  -4.018437818770644
0.13  3.55070593332901  -3.9280007711993754
0.14  3.6534089726799426  -3.8301035564246297
0.15  3.753438912228194  -3.725836229547098
0.16  3.8511292836012645  -3.616039879894345
0.17  3.9467328841343656  -3.501378677636713
0.18  4.0404438011864965  -3.3823884082337705
0.19  4.1324126320713646  -3.2595099586311083
0.2  4.222757226978346  -3.133112915035933
0.21  4.311570416721613  -3.0035125085450414
0.22  4.398925666959843  -2.870981990650249
0.23  4.484881279353817  -2.73576180898663
0.24  4.56948355695995  -2.5980665040587505
0.25  4.652769219780588  -2.45808995724974
0.26  4.7347672697228065  -2.3160094290103963
0.27  4.815500445988747  -2.1719886976421092
0.28  4.894986372139131  -2.026180521379556
0.29  4.973238468471898  -1.8787285856730873
0.3  5.050266683935409  -1.7297690548093392
0.31  5.126078087946933  -1.5794318165372467
0.32  5.200677352491267  -1.4278414863853124
0.33  5.274067147576994  -1.2751182223172262
0.34  5.346248467743912  -1.1213783885451363
0.35000000000000003  5.417220903303114  -0.9667350985101829
0.36  5.486982866973824  -0.8112986604167743
0.37  5.555531784291734  -0.6551769436840524
0.38  5.622864254412378  -0.4984756808369848
0.39  5.688976186583102  -0.34129871639945486
0.4  5.753862916508876  -0.18374821205392708
0.41000000000000003  5.817519306017521  -0.02592481553592424
0.42  5.87993982878485  0.1320722006817451
0.43  5.9411186443692685  0.2901448259791487
0.44  6.001049662398496  0.44819621940914833
0.45  6.05972659842501  0.6061306354163608
0.46  6.117143022704284  0.7638533646991582
0.47000000000000003  6.173292402937378  0.9212706879240402
0.48  6.228168141846577  1.078289840380009
0.49  6.28176361031152  1.2348189859698013
0.5  6.334072176677359  1.3907671991885173
0.51  6.385087232750868  1.5460444539494091
0.52  6.434802216921423  1.7005616182896002
0.53  6.483210634778024  1.8542304541323769
0.54  6.530306077538686  2.006963621402568
0.55  6.576082238562833  2.158674685891947
0.56  6.620532928178612  2.309278130355831
0.5700000000000001  6.663652087024772  2.458689368393119
0.58  6.705433798079217  2.6068247607220223
0.59  6.745872297523139  2.7536016335146303
0.6  6.784961984569853  2.8989382984967333
0.61  6.822697430370588  3.042754074556238
0.62  6.8590733860950435  3.184969310635037
0.63  6.8940847902722355  3.325505409706219
0.64  6.9277267754664065  3.464284853661775
0.65  6.95999467435373  3.601231228955907
0.66  6.9908840252575635  3.736269252866358
0.67  7.020390577193152  3.869324800251063
0.68  7.048510294466783  4.000324930690407
0.6900000000000001  7.075239360869197  4.129197915916575
0.7000000000000001  7.100574183498512  4.255873267441264
0.71  7.124511396244095  4.380281764301534
0.72  7.1470478629592575  4.502355480851035
0.73  7.168180680347688  4.622027814530254
0.74  7.18790718058591  4.739233513555249
0.75  7.2062249337016535  4.853908704469172
0.76  7.223131749726033  4.965990919505381
0.77  7.238625680635596  5.075419123714676
0.78  7.252705022098682  5.182133741812682
0.79  7.265368315039119  5.286076684706312
0.8  7.27661434702905  5.38719137566089
0.81  7.28644215352155  5.485422776071878
0.8200000000000001  7.294851018932627  5.5807174108071615
0.8300000000000001  7.301840477581475  5.673023393087701
0.84  7.307410314496861  5.762290448876008
0.85  7.3115605660969765  5.848469940743289
0.86  7.3142915207493635  5.931514891187462
0.87  7.315603719216981  6.011380005375372
0.88  7.315497954995989  6.088021693283601
0.89  7.313975274550336  6.161398091213178
0.9  7.311036977447846  6.231469082654401
0.91  7.306684616402126  6.298196318478733
0.92  7.300919997224297  6.361543236435472
0.93  7.2937451786882  6.421475079931547
0.9400000000000001  7.285162472312537  6.477958916073459
0.9500000000000001  7.275174442063084  6.530963652950925
0.96  7.263783903977935  6.580460056142362
0.97  7.25099392571853  6.6264207644229245
0.98  7.236807826049004  6.668820304656247
0.99  7.221229174246296  6.707635105851649
1.0  7.204261789443208  6.7428435123689825
1.01  7.185909739906578  6.774425796253831
1.02  7.166177342252501  6.8023641686862835
1.03  7.1450691606004995  6.826642790526991
1.04  7.122590005668383  6.847247781944709
1.05  7.098744933809484  6.864167231110083
1.06  7.0735392459938335  6.877391201940924
1.07  7.0469784867347744  6.886911740884805
1.08  7.019068442962467  6.892722882725337
1.09  6.989815142845601  6.894820655399054
1.1  6.959224854562652  6.893203083810484
1.11  6.92730408502389  6.887870192633498
1.12  6.894059578545345  6.878824008087787
1.1300000000000001  6.859498315475868  6.866068558679833
1.1400000000000001  6.8236275107783495  6.849609874898544
1.1500000000000001  6.786454612566193  6.829455987856298
1.16  6.747987300596027  6.805616926866988
1.17  6.708233484717624  6.778104715953256
1.18  6.667201303281989  6.746933369275993
1.19  6.624899121508534  6.7121188854798834
1.2  6.581335529812177  6.673679240949605
1.21  6.5365193420912835  6.6316343819721055
1.22  6.490459593977229  6.586006215801258
1.23  6.443165541046419  6.536818600621986
1.24  6.394646656995534  6.48409733441191
1.25  6.344912631780771  6.427870142699414
1.26  6.293973369721819  6.36816666521795
1.27  6.241838987571302  6.305018441457352
1.28  6.188519812550379  6.238458895113853
1.29  6.134026380351224  6.168523317441438
1.3  6.078369433107003  6.095248849508172
1.31  6.0215599173300784  6.018674463362113
1.32  5.963608981819022  5.93884094211234
1.33  5.9045279755351165  5.855790858931713
1.34  5.844328445448927  5.769568554988906
1.35  5.783022134357562  5.680220116318297
1.36  5.7206209786732325  5.587793349637259
1.37  5.6571371061836615  5.4923377571214385
1.3800000000000001  5.5925828337849355  5.393904510149589
1.3900000000000001  5.526970665187353  5.292546422030522
1.4000000000000001  5.460313288594811  5.188317919725711
1.41  5.392623574358297  5.081275014582135
1.42  5.323914572603967  4.971475272090831
1.43  5.254199510836388  4.858977780687661
1.44  5.183491791517413  4.743843119613717
1.45  5.111804989621214  4.6261333258537425
1.46  5.03915285016595  4.505911860171858
1.47  4.965549285722596  4.383243572264782
1.48  4.89100837390135  4.2581946650536535
1.49  4.8155443548161365  4.130832658136373
1.5  4.739171628527668  4.001226350423293
1.51  4.6619047524654755  3.869445781979816
1.52  4.58375843882942  3.7355621951003326
1.53  4.504747551971095  3.5996479946386675
1.54  4.424887105755505  3.4617767076209063
1.55  4.344192260903577  3.322022942167227
1.56  4.262678322315771  3.180462345749999
1.57  4.18036073637734  3.037171562816107
1.58  4.097255088245559  2.89222819180197
1.59  4.013377099119362  2.7457107415704107
1.6  3.9287426234917815  2.5976985872989724
1.61  3.843367646385591  2.4482719258498515
1.62  3.7572682805725113  2.2975117306520065
1.6300000000000001  3.670460763776387  2.145499706126512
1.6400000000000001  3.5829614558607004  1.99231824168652
1.6500000000000001  3.4947868360007797  1.8380503653435891
1.6600000000000001  3.405953499841099  1.682779696952466
1.67  3.316478156637998  1.5265904011265707
1.68  3.226377626388201  1.3695671398567866
1.69  3.1356688369434775  1.2117950248662344
1.7  3.0443688211117914  1.0533595697338922
1.71  2.952494713745293  0.8943466418200127
1.72  2.8600637488154748  0.7348424140263484
1.73  2.7670932564758677  0.5749333164242064
1.74  2.6736006601125366  0.4147059877833094
1.75  2.5796034733827944  0.2542472270344285
1.76  2.485119297242394  0.09364394469855179
1.77  2.390165816961551  -0.06701688568470886
1.78  2.2947607991301036  -0.22764827609699362
1.79  2.198922088652156  -0.3881632725171099
1.8  2.102667605730454  -0.5484750033009952
1.81  2.0060153428408998  -0.7084967274340257
1.82  1.9089833616974272  -0.8681418826243364
1.83  1.8115897902076046  -1.0273241332061551
1.84  1.713852819419248  -1.18595741782259
1.85  1.6157907004583314  -1.3439559968577215
1.86  1.5174217414585445  -1.501234499588347
1.87  1.4187643044827565  -1.6577079710261957
1.8800000000000001  1.3198368024366989  -1.8132919184219938
1.8900000000000001  1.2206576959751907  -1.967902357403288
1.9000000000000001  1.121245490401142  -2.1214558577185323
1.9100000000000001  1.021618732557715  -2.273869588560548
1.92  0.921796007713878  -2.425061363443093
1.93  0.8217959364436742  -2.574949684604957
1.94  0.7216371714994988  -2.7234537869165583
1.95  0.6213383946796799  -2.8704936812649207
1.96  0.5209183136906601  -3.0159901973933594
1.97  0.42039565900407927  -3.159865026173138
1.98  0.31978918070904794  -3.302040761284945
1.99  0.21911764535993503  -3.4424409402888685
2.0  0.11839983281991638  -3.5809900850622616
2.0100000000000002  0.017654533100645145  -3.717613741585658
2.02  -0.08309945680166389  -3.852238519057647
2.0300000000000002  -0.1838433360735168  -3.9847921283204966
2.04  -0.2845583032543161  -4.115203419578822
2.05  -0.3852255594093157  -4.2434024193947275
2.06  -0.48582631130491316  -4.369320366943353
2.07  -0.5863417745859815  -4.492889749513555
2.08  -0.686753176955019  -4.61404433723946
2.09  -0.7870417613526842  -4.732719217048946
2.1  -0.88718878913948  -4.8488508258164185
2.11  -0.9871755432782074  -4.96237698270738
2.12  -1.0869833315169506  -5.073236920703657
2.13  -1.1865934895721326  -5.181371317298243
2.14  -1.2859873843114626  -5.2867223243500545
2.15  -1.3851464169363135  -5.389233597088962
2.16  -1.4840520261633054  -5.488850322262754
2.17  -1.5826856914046161  -5.585519245417802
2.18  -1.681028935946855  -5.679188697306287
2.19  -1.7790633301279544  -5.769808619413177
2.2  -1.8767704945119075  -5.857330588596914
2.21  -1.9741321030608494  -5.94170784083829
2.22  -2.071129886304251  -6.022895294092619
2.23  -2.167745634504719  -6.100849570240748
2.24  -2.2639612008201824  -6.175529016135137
2.25  -2.3597585044619755  -6.246893723737599
2.2600000000000002  -2.4551195338485026  -6.31490554934582
2.27  -2.5500263497540625  -6.379528131906304
2.2800000000000002  -2.6444610884525073  -6.4407269104116756
2.29  -2.738405964855237  -6.498469140380839
2.3000000000000003  -2.831843275643258  -6.55272390942076
2.31  -2.924755402392802  -6.603462151869066
2.32  -3.0171248146941507  -6.650656662516998
2.33  -3.1089340732632476  -6.694282109412488
2.34  -3.2001658330456326  -6.734315045743558
2.35  -3.2908028463123777  -6.770733920802382
2.36  -3.3808279657474642  -6.80351909003069
2.37  -3.470224147526301  -6.832652824147355
2.38  -3.5589744543848068  -6.858119317359259
2.39  -3.6470620586787525  -6.8799046946567035
2.4  -3.734470245432799  -6.897997018194774
2.41  -3.821182415378844  -6.91238629276225
2.42  -3.907182087983173  -6.923064470339754
2.43  -3.9924529044620085  -6.930025453748973
2.44  -4.076978630784885  -6.933265099394848
2.45  -4.160743160665501  -6.932781219102749
2.46  -4.2437305185394445  -6.928573581052664
2.47  -4.325924862528406  -6.920643909812585
2.48  -4.407310487390273  -6.908995885473186
2.49  -4.487871827454776  -6.893635141886034
2.5  -4.567593459543949  -6.874569264007568
2.5100000000000002  -4.646460105877147  -6.8518077843510445
2.52  -4.724456636959909  -6.8253621785487555
2.5300000000000002  -4.801568074456271  -6.7952458600267445
2.54  -4.877779594043912  -6.761474173794317
2.5500000000000003  -4.95307652825172  -6.724064389350597
2.56  -5.027444369279093  -6.683035692710408
2.57  -5.1008687717965975  -6.638409177551747
2.58  -5.17333555572733  -6.590207835487134
2.59  -5.244830709008453  -6.538456545461157
2.6  -5.315340390332417  -6.483182062276417
2.61  -5.384850931867217  -6.424413004250326
2.62  -5.453348841955228  -6.362179840004969
2.63  -5.520820807789944  -6.296514874392554
2.64  -5.587253698070171  -6.227452233558715
2.65  -5.652634565630978  -6.155027849146351
2.66  -5.716950650050974  -6.079279441642333
2.67  -5.780189380235172  -6.00024650286997
2.68  -5.842338376973033  -5.917970277629732
2.69  -5.903385455470934  -5.832493744491296
2.7  -5.9633186278586106  -5.743861595739727
2.71  -6.022126105668912  -5.6521202164791084
2.72  -6.079796302290301  -5.55731766289674
2.73  -6.136317835391482  -5.4595036396916
2.74  -6.191679529317616  -5.358729476670579
2.75  -6.245870417457444  -5.2550481045165975
2.7600000000000002  -6.298879744580799  -5.148514029732667
2.77  -6.350696969145854  -5.039183308766408
2.7800000000000002  -6.401311765575537  -4.927113521319798
2.79  -6.450714026502454  -4.812363742849154
2.8000000000000003  -6.49889386498183  -4.6949945162608415
2.81  -6.545841616671717  -4.575067822808447
2.82  -6.591547841980004  -4.452647052197587
2.83  -6.636003328177527  -4.3277969719049105
2.84  -6.6791990914767165  -4.200583695718405
2.85  -6.7211263790752005  -4.071074651506281
2.86  -6.761776671163708  -3.9393385482226457
2.87  -6.80114168289773  -3.8054453421581287
2.88  -6.8392133663322845  -3.669466202444714
2.89  -6.875983912319258  -3.531473475824077
2.9  -6.911445752366636  -3.3915406506896386
2.91  -6.9455915604591425  -3.2497423204129623
2.92  -6.9784142548395796  -3.10615414596578
2.93  -7.009906999750394  -2.9608528178495543
2.94  -7.040063207134796  -2.813916017345094
2.95  -7.068876538296911  -2.6654223770954477
2.96  -7.096340905520357  -2.515451441035926
2.97  -7.122450473644695  -2.3640836236858176
2.98  -7.147199661599161  -2.2114001688170406
2.99  -7.170583143893153  -2.0574831075156905
3.0  -7.192595852062887  -1.9024152156531924
3.0100000000000002  -7.213232976073683  -1.7462799707844334
3.02  -7.2324899656773285  -1.589161508491038
3.0300000000000002  -7.250362531723995  -1.4311445781886376
3.04  -7.266846647428151  -1.2723144984178905
3.0500000000000003  -7.281938549587986  -1.1127571116393649
3.06  -7.295634739757764  -0.9525587385537618
3.0700000000000003  -7.3079319853726705  -0.7918061319689653
3.08  -7.318827320825581  -0.630586430236904
3.09  -7.328318048495306  -0.46898711028320206
3.1  -7.336401739725799  -0.30709594025403103
3.11  -7.343076235755867  -0.14500093180471793
3.12  -7.348339648598883  0.01720970794425332
3.13  -7.352190361872099  0.17944762475767598
3.14  -7.354627031575041  0.3416243659155895
3.15  -7.355648586816624  0.5036514290952054
3.16  -7.355254230490471  0.6654403114766213
3.17  -7.353443439898104  0.8269025590433254
3.18  -7.3502159673195555  0.987949816048303
3.19  -7.345571840531001  1.1484938746153204
3.2  -7.3395113632690565  1.3084467244451756
3.21  -7.332035115641366  1.4677206025953586
3.22  -7.3231439544831005  1.6262280433018514
3.23  -7.312839013659051  1.7838819278105358
3.24  -7.301121704310974  1.9405955341860015
3.25  -7.287993715049869  2.0962825870643624
3.2600000000000002  -7.2734570120928925  2.250857307317067
3.27  -7.257513839344626  2.4042344615915963
3.2800000000000002  -7.240166718422405  2.5563294116953665
3.29  -7.221418448625468  2.7070581637881523
3.3000000000000003  -7.2012721068476875  2.8563374173488385
3.31  -7.179731047433631  3.0040846138814077
3.3200000000000003  -7.156798901977777  3.150217985325602
3.33  -7.1324795790666595  3.2946566021369486
3.34  -7.106777263963786  3.4373204210013113
3.35  -7.079696418237161  3.578130332148772
3.36  -7.051241779329268  3.7170082062317125
3.37  -7.021418360069409  3.8538769407322975
3.38  -6.990231448128262  3.988660505864181
3.39  -6.9576866054145965  4.1212839899340015
3.4  -6.923789667414074  4.2516736441278535
3.41  -6.8885467424700675  4.379756926688734
3.42  -6.851964211006519  4.505462546450697
3.43  -6.814048724692739  4.628720505696361
3.44  -6.774807205550292  4.749462142304245
3.45  -6.7342468450018504  4.867620171153371
3.46  -6.692375102862195  4.983128724752561
3.47  -6.649199706271391  5.095923393062815
3.48  -6.604728648570204  5.205941262481345
3.49  -6.558970188117963  5.313120953956834
3.5  -6.51193284705292  5.417402660205695
3.5100000000000002  -6.463625409995352  5.518728182000331
3.52  -6.4140569226935655  5.61704096350057
3.5300000000000002  -6.363236690612975  5.712286126600765
3.54  -6.311174277468644  5.804410504265413
3.5500000000000003  -6.25787950370132  5.8933626728273625
3.56  -6.203362444897535  5.9790929832232615
3.5700000000000003  -6.1476334301538405  6.061553591142145
3.58  -6.090703040385684  6.1406984860636475
3.59  -6.032582106581258  6.2164835191637495
3.6  -5.973281708000683  6.288866430066562
3.61  -5.912813170321033  6.357806872422011
3.62  -5.851188063727589  6.42326643829029
3.63  -5.7884182009518845  6.485208681314902
3.64  -5.724515635257001  6.543599138667509
3.65  -5.659492658370722  6.598405351748664
3.66  -5.5933617983671  6.64959688562997
3.67  -5.526135817497103  6.697145347224097
3.68  -5.457827709968899  6.741024402170582
3.69  -5.388450699678649  6.781209790426297
3.7  -5.318018237892334  6.817679340550926
3.71  -5.246544000879537  6.850412982678825
3.72  -5.174041887499941  6.879392760170111
3.73  -5.10052601674336  6.904602839934834
3.74  -5.026010725224262  6.926029521425598
3.75  -4.9505105646316645  6.94366124429501
3.7600000000000002  -4.874040299135421  6.957488594715866
3.77  -4.796614902749934  6.967504310362963
3.7800000000000002  -4.718249556656298  6.973703284056917
3.79  -4.638959646484196  6.976082566071476
3.8000000000000003  -4.558760759554456  6.97464136510714
3.81  -4.47766868208384  6.969381047935063
3.8200000000000003  -4.395699396353069  6.960305137716529
3.83  -4.312869077839686  6.9474193110044205
3.84  -4.229194092317049  6.930731393434324
3.85  -4.14469099292106  6.910251354114164
3.86  -4.059376517186138  6.885991298722305
3.87  -3.9732675840521536  6.857965461325309
3.88  -3.886381290844038  6.826190194927634
3.89  -3.7987349102259285  6.790683960766645
3.9  -3.710345887131755  6.7514673163674495
3.91  -3.6212318356743167  6.708562902373058
3.92  -3.531410536035019  6.661995428166541
3.93  -3.4408999313363986  6.6117916563026995
3.94  -3.349718124500063  6.557980385767956
3.95  -3.25788337509222  6.500592434087973
3.96  -3.1654140961598287  6.439660618303614
3.97  -3.072328851059829  6.375219734836624
3.98  -2.978646350284679  6.307306538267492
3.99  -2.884385448287229  6.23595971904866
4.0  -2.789565140308317  6.161219880177269
4.01  -2.69420455921063  6.083129512852303
4.0200000000000005  -2.598322972322616  6.001732971141981
4.03  -2.5019397782965207  5.917076445687971
4.04  -2.4050745039847414  5.82920793647365
4.05  -2.3077468013392033  5.738177224684744
4.0600000000000005  -2.2099764443386314  5.644035843691104
4.07  -2.111783325948955  5.546837049179324
4.08  -2.013187455122462  5.446635788466586
4.09  -1.9142089538418583  5.343488669026881
4.1  -1.81486805421561  5.237453926261577
4.11  -1.7151850956317316  5.12859139054694
4.12  -1.6151805219774649  5.016962453592183
4.13  -1.514874878933051  4.90263003414211
4.14  -1.414288811348503  4.785658543059735
4.15  -1.3134430607128897  4.666113847824666
4.16  -1.2123584627265986  4.544063236484312
4.17  -1.1110559449877533  4.419575381095576
4.18  -1.009556524805313  4.292720300696316
4.19  -0.9078813071520387  4.163569323846426
4.2  -0.8060514827721721  4.032195050780004
4.21  -0.704088326459699  3.89867131521124
4.22  -0.6020131955249174  3.7630731458382822
4.23  -0.49984752846844427  3.62547672759098
4.24  -0.3976128438840198  3.485959362670235
4.25  -0.2953307396132154  3.344599431428706
4.26  -0.19302289217799498  3.2014763531450603
4.2700000000000005  -0.09071105651942031  3.0566705467465494
4.28  0.011582933925960763  2.9102633915376255
4.29  0.11383716677728364  2.762337187995549
4.3  0.21602964984925468  2.6129751186979338
4.3100000000000005  0.31813830983773156  2.4622612094513903
4.32  0.42014099050301584  2.3102802906953084
4.33  0.5220154502973092  2.1571179592602845
4.34  0.6237393593762939  2.0028605405675184
4.3500000000000005  0.7252902959278368  1.8475950513621509
4.36  0.8266457417422166  1.6914091630826023
4.37  0.9277830769394415  1.534391165976865
4.38  1.0286795737576462  1.3766299340884582
4.39  1.12931238929501  1.218214891246767
4.4  1.2296585570828797  1.0592359782117986
4.41  1.3296949773516173  0.8997836211399666
4.42  1.429398405831888  0.7399487015572062
4.43  1.5287454409118721  0.5798225280486724
4.44  1.6277125089459608  0.41949680990074656
4.45  1.7262758474805369  0.2590636329619398
4.46  1.824411486128319  0.09861543802528751
4.47  1.922095224782185  -0.061754997922435176
4.48  2.0193026088124277  -0.2219545771903548
4.49  2.1160089008355376  -0.38188989315844984
4.5  2.2121890485774958  -0.5414672378160001
4.51  2.3078176482766026  -0.7005926044592206
4.5200000000000005  2.402868902979183  -0.8591716848474651
4.53  2.497316574971776  -1.017109860000935
4.54  2.591133931462677  -1.1743121836853212
4.55  2.6842936824683306  -1.330683357462142
4.5600000000000005  2.776767909671521  -1.486127695984514
4.57  2.868527984789461  -1.6405490809758891
4.58  2.959544475713064  -1.7938509020369344
4.59  3.0497870383406274  -1.9459359820679432
4.6000000000000005  3.139224291616068  -2.0967064846573447
4.61  3.2278236727732175  -2.246063800249128
4.62  3.3155512691599487  -2.393908407237499
4.63  3.402371622235401  -2.5401397033118527
4.64  3.488247498359907  -2.684655801344865
4.65  3.5731396197740715  -2.827353282822753
4.66  3.6570063476187014  -2.9681269001821837
4.67  3.739803306884474  -3.1068692173420454
4.68  3.82148294066824  -3.243470175060628
4.69  3.9019939778783868  -3.3778165643269844
4.7  3.981280794333432  -3.509791386553445
4.71  4.05928264170876  -3.639273073529388
4.72  4.135932711548306  -3.766134532438484
4.73  4.211156991931029  -3.8902419710575855
4.74  4.284872861457582  -4.011453444581801
4.75  4.356987347697726  -4.129617046981327
4.76  4.427394953222596  -4.24456864438822
4.7700000000000005  4.4959749190562075  -4.356129012794862
4.78  4.562587748667733  -4.464100192929573
4.79  4.627070749207562  -4.568260804913223
4.8  4.6892322508963185  -4.668359963965687
4.8100000000000005  4.748844025163738  -4.764109290004079
4.82  4.805631213130381  -4.855172282887517
4.83  4.859258758939847  -4.941149999651141
4.84  4.9093128516287905  -5.021561450894108
4.8500000000000005  4.9552751025033235  -5.095816311909223
4.86  4.996485925468587  -5.163176211910703
4.87  5.032091489234978  -5.2226986451114525
4.88  5.060965006614645  -5.273153735885403
4.89  5.081586724193838  -5.312897319412518
4.9  5.091855159396334  -5.33967130258157
4.91  5.088779355597808  -5.3502781834668385
4.92  5.0679558001420455  -5.340027831990775
4.93  5.022634817632378  -5.30175013305411
4.94  4.94195545976811  -5.223928378867802
4.95  4.8073739152567665  -5.086922686983679
4.96  4.584847614485989  -4.854706797660729
4.97  4.2062707574342495  -4.455246312698366
4.98  3.5233954798588147  -3.7318223126758374
4.99  2.2198597180293254  -2.3502910319952983
5.0  4.889500713214676e-14  -5.173103176108683e-14
5.01  -2.2592104620968656  2.387756200068021
5.0200000000000005  -3.64945431141054  3.851819613857296
5.03  -4.43412148275131  4.6720771450704035
5.04  -4.919169517660562  5.172728528147655
5.05  -5.2498667868480915  5.507618770791064
5.0600000000000005  -5.493308714227704  5.747783484175008
5.07  -5.683125661097406  5.928819869209157
5.08  -5.8376636940491515  6.070143138873569
5.09  -5.9676742792458315  6.183129579353309
5.1000000000000005  -6.079838131224231  6.274847700945864
5.11  -6.178510100355906  6.34990561813611
5.12  -6.266643396209324  6.411429500069621
5.13  -6.346307980076181  6.461612352833768
5.14  -6.418995818017782  6.5020371552409335
5.15  -6.485808250049481  6.53387519847992
5.16  -6.547575186410779  6.558012257670434
5.17  -6.604933324966948  6.575131383953983
5.18  -6.6583788905363965  6.585768726273933
5.19  -6.708304056446339  6.59035207966118
5.2  -6.755022637009058  6.589228075892744
5.21  -6.798788558538098  6.582681729402839
5.22  -6.839809366827675  6.570950728452099
5.23  -6.878256258008265  6.5542360454198985
5.24  -6.914271632281623  6.532709924155254
5.25  -6.947974855043152  6.506521968901009
5.26  -6.979466702206245  6.4758038394675435
5.2700000000000005  -7.008832827069773  6.440672909705192
5.28  -7.036146490823705  6.401235145511871
5.29  -7.06147073273287  6.357587388697931
5.3  -7.0848601095714026  6.309819183848982
5.3100000000000005  -7.106362100758842  6.258014250271438
5.32  -7.126018251749015  6.202251675811106
5.33  -7.143865110780394  6.1426068908745775
5.34  -7.159935001230438  6.079152467367173
5.3500000000000005  -7.174256662231605  6.011958777117357
5.36  -7.186855782999405  5.94109453673068
5.37  -7.197755450855851  5.866627260031133
5.38  -7.206976528750541  5.788623634823629
5.39  -7.214537974859  5.707149837301756
5.4  -7.220457114335989  5.6222717947779035
5.41  -7.224749871345362  5.534055405343802
5.42  -7.227430967949001  5.442566721441367
5.43  -7.228514095218475  5.347872103035215
5.44  -7.228012060962395  5.250038345051446
5.45  -7.22593691768494  5.149132782925811
5.46  -7.222300073764876  5.0452233794422705
5.47  -7.21711239033768  4.93837879550822
5.48  -7.210384265951299  4.828668447076912
5.49  -7.202125710729252  4.71616255007249
5.5  -7.19234641149855  4.600932154881386
5.51  -7.181055789111979  4.483049171733662
5.5200000000000005  -7.168263049006038  4.362586388099436
5.53  -7.153977225878988  4.239617479060475
5.54  -7.138207223243058  4.114217011479745
5.55  -7.120961848495561  3.9864604426769414
5.5600000000000005  -7.102249844061821  3.856424114221611
5.57  -7.082079915085616  3.7241852413744447
5.58  -7.060460754077375  3.5898218986387485
5.59  -7.037401062875034  3.453413001826306
5.6000000000000005  -7.012909572225324  3.3150382869925688
5.61  -6.986995059253038  3.174778286554174
5.62  -6.9596663630514914  3.032714302865881
5.63  -6.930932398597923  2.8889283795037564
5.64  -6.9008021691722465  2.7435032704745557
5.65  -6.8692847774357295  2.596522407549185
5.66  -6.8363894353073045  2.4480698658982005
5.67  -6.8021254727588865  2.298230328190505
5.68  -6.766502345636941  2.147089047301762
5.69  -6.729529642605135  1.9947318077663727
5.7  -6.691217091292246  1.8412448860955908
5.71  -6.651574563720013  1.6867150100746513
5.72  -6.610612081077535  1.5312293171433458
5.73  -6.568339817901469  1.3748753119569914
5.74  -6.524768105715092  1.2177408232180245
5.75  -6.479907436173547  1.0599139598624843
5.76  -6.43376846375792  0.9014830666809238
5.7700000000000005  -6.386362008056198  0.7425366794478967
5.78  -6.337699055665537  0.5831634796308374
5.79  -6.287790761746685  0.42345224874460013
5.8  -6.236648451258518  0.2634918224153322
5.8100000000000005  -6.184283619897924  0.10337104421352059
5.82  -6.13070793476785  -0.056821280685967
5.83  -6.075933234794199  -0.21699643196237595
5.84  -6.019971530910365  -0.37706582067317873
5.8500000000000005  -5.96283500602659  -0.536941035793879
5.86  -5.904536014799577  -0.6965338907248213
5.87  -5.845087083216634  -0.8557564697189878
5.88  -5.7845009080073275  -1.0145211741858875
5.89  -5.722790355894508  -1.1727407688287466
5.9  -5.659968462695487  -1.3303284275738283
5.91  -5.5960484322835065  -1.4871977792518274
5.92  -5.53104363541851  -1.6432629529934284
5.93  -5.464967608455707  -1.7984386233017855
5.94  -5.397834051939737  -1.952640054766823
5.95  -5.329656829091567  -2.10578314638683
5.96  -5.260449964194713  -2.2577844754648666
5.97  -5.190227640886946  -2.4085613410480344
5.98  -5.119004200363217  -2.558031806879631
5.99  -5.046794139495041  -2.7061147438346955
6.0  -4.973612108871094  -2.8527298718113827
6.01  -4.899472910763855  -2.9977978010510244
6.0200000000000005  -4.824391497026361  -3.1412400728616583
6.03  -4.748382966923035  -3.282979199720172
6.04  -4.671462564898361  -3.42293870473009
6.05  -4.593645678286854  -3.5610431604124617
6.0600000000000005  -4.514947834967576  -3.6972182268088383
6.07  -4.435384700966215  -3.8313906888762896
6.08  -4.354972078007568  -3.963488493155411
6.09  -4.273725901021284  -4.093440783693286
6.1000000000000005  -4.191662235603117  -4.221177937204532
6.11  -4.108797275434414  -4.346631597454512
6.12  -4.025147339661767  -4.469734708849751
6.13  -3.9407288702392846  -4.590421549221537
6.140000000000001  -3.8555584292351672  -4.708627761789745
6.15  -3.7696526961048598  -4.824290386294878
6.16  -3.683028464932293  -4.937347889287085
6.17  -3.5957026416410796  -5.047740193561907
6.18  -3.5076922411773293  -5.155408706733434
6.19  -3.41901438466563  -5.260296348936269
6.2  -3.329686296539582  -5.362347579648677
6.21  -3.239725301648405  -5.461508423630014
6.22  -3.149148822341057  -5.557726495966225
6.23  -3.0579743755288846  -5.650951026218181
6.24  -2.9662195697284224  -5.741132881668157
6.25  -2.873902102085126  -5.8282245896605795
6.26  -2.7810397553795876  -5.912180359033677
6.2700000000000005  -2.6876503950169206  -5.992956100639526
6.28  -2.593751966000755  -6.07050944695049
6.29  -2.499362489892535  -6.144799770750615
6.3  -2.4045000617572354  -6.215788202911127
6.3100000000000005  -2.309182847096466  -6.283437649249795
6.32  -2.2134290787698085  -6.347712806474228
6.33  -2.1172570539052082  -6.408580177209927
6.34  -2.020685130799323  -6.466008084114029
6.3500000000000005  -1.9237317258086397  -6.519966683076385
6.36  -1.8264153102322194  -6.570427975509763
6.37  -1.7287544071864844  -6.617365819731585
6.38  -1.6307675884732675  -6.660755941439604
6.390000000000001  -1.5324734714415078  -6.700575943284516
6.4  -1.4338907158433292  -6.736805313542608
6.41  -1.3350380206851944  -6.769425433891895
6.42  -1.2359341210748243  -6.798419586295252
6.43  -1.1365977850644897  -6.823772958994465
6.44  -1.0370478104911107  -6.845472651619056
6.45  -0.9373030218140961  -6.863507679414093
6.46  -0.8373822669511546  -6.877868976591152
6.47  -0.7373044141127987  -6.88854939880678
6.48  -0.6370883486361103  -6.895543724772858
6.49  -0.5367529698182485  -6.898848657003326
6.5  -0.4363171877501594  -6.898462821701798
6.51  -0.3357999201510283  -6.894386767794518
6.5200000000000005  -0.23522008920409074  -6.886622965113245
6.53  -0.13459661839404688  -6.87517580173257
6.54  -0.03394842934666663  -6.860051580466089
6.55  0.06670556132890913  -6.841258514525994
6.5600000000000005  0.16734644519479078  -6.818806722350368
6.57  0.2679553251355072  -6.792708221602648
6.58  0.368513318505244  -6.762976922347423
6.59  0.4690015602706002  -6.7296286194068795
6.6000000000000005  0.569401206148789  -6.692680983901984
6.61  0.6696934357404738  -6.6521535539824965
6.62  0.7698594556572694  -6.6080677247497235
6.63  0.8698805026431098  -6.5604467373760285
6.640000000000001  0.9697378466895233  -6.509315667424819
6.65  1.0694127941440428  -6.454701412374825
6.66  1.168886690811718  -6.396632678352326
6.67  1.2681409250492244  -6.3351399660748955
6.68  1.367156930851185  -6.2702555560103175
6.69  1.4659161909284137  -6.202013492754067
6.7  1.5644002397777816  -6.130449568628945
6.71  1.6625906667433366  -6.055601306510127
6.72  1.7604691190682733  -5.9775079418792565
6.73  1.8580173049375062  -5.896210404110837
6.74  1.955216996510544  -5.8117512969945055
6.75  2.05205003294433  -5.72417487849643
6.76  2.1484983234055903  -5.633527039763616
6.7700000000000005  2.244543850072683  -5.539855283374488
6.78  2.3401686711262655  -5.443208700839524
6.79  2.4353549237288536  -5.343637949355635
6.8  2.5300848269925913  -5.241195227818196
6.8100000000000005  2.6243406849353152  -5.135934252094818
6.82  2.7181048894242203  -5.027910229565022
6.83  2.8113599231071564  -4.917179832930191
6.84  2.904088362331115  -4.803801173298419
6.8500000000000005  2.996272880047558  -4.687833772549164
6.86  3.0878962487043733  -4.5693385349827755
6.87  3.1789413431241837  -4.448377718260241
6.88  3.269391143368688  -4.325014903638912
6.890000000000001  3.3592287375886363  -4.199314965510274
6.9  3.448437324859333  -4.07134404024613
6.91  3.537000218001272  -3.941169494359887
6.92  3.6249008463855805  -3.808859891990298
6.93  3.7121227587240075  -3.6744849617151236
6.94  3.798649625843275  -3.5381155627029397
6.95  3.884465243443253  -3.399823650211322
6.96  3.9695535348388993  -3.25968224044084
6.97  4.053898553685582  -3.117765374754087
6.98  4.13748448668741  -2.9741480832700824
6.99  4.220295656288357  -2.8289063478443186
7.0  4.3023165233459  -2.682117064446147
7.01  4.383531689786826  -2.5338580049449235
7.0200000000000005  4.463925901244874  -2.384207778317478
7.03  4.543484049679882  -2.233245791290036
7.04  4.62219117597839  -2.0810522084279315
7.05  4.70003247253498  -1.9277079116878755
7.0600000000000005  4.776993285814317  -1.773294459447406
7.07  4.853059118893535  -1.6178940450274442
7.08  4.928215633984633  -1.4615894547239006
7.09  5.0024486549364955  -1.3044640253658326
7.1000000000000005  5.075744169716292  -1.1466016014174538
7.11  5.14808833286994  -0.9880864916427013
7.12  5.219467467961284  -0.8290034253510472
7.13  5.289868069989571  -0.6694375082448325
7.140000000000001  5.359276807785089  -0.5094741778882145
7.15  5.427680526382398  -0.3491991588191847
7.16  5.49506624937105  -0.18869841732613074
7.17  5.561421181223214  -0.028058115911947304
7.18  5.62673270959813  0.13263543253144924
7.19  5.6909884076227435  0.29329581081423056
7.2  5.754176036148459  0.4538365437807618
7.21  5.816283545983481  0.6141711448579185
7.22  5.877299080100423  0.7742131627933739
7.23  5.937210975818825  0.9338762285578975
7.24  5.99600776696227  1.0930741023844188
7.25  6.053678185989694  1.2517207209167638
7.26  6.1102111661004415  1.409730244439537
7.2700000000000005  6.165595843312893  1.5670171041609935
7.28  6.219821558516048  1.7234960495195821
7.29  6.272877859493939  1.879082195485055
7.3  6.324754502922223  2.033691069823732
7.3100000000000005  6.375441456336867  2.187238660297997
7.32  6.424928900074254  2.3396414617690473
7.33  6.473207229182533  2.490816523172248
7.34  6.520267055303745  2.6406814943332946
7.3500000000000005  6.566099208526307  2.7891546725939786
7.36  6.610694739207471  2.9361550492154556
7.37  6.654044919765432  3.081602355527362
7.38  6.696141246440592  3.225417108790186
7.390000000000001  6.736975441025618  3.3675206577389525
7.4  6.7765394525638785  3.5078352277756317
7.41  6.81482545901592  3.646283965778219
7.42  6.851825868893451  3.7827909844936873
7.43  6.887533322860515  3.91728140648282
7.44  6.921940695301467  4.049681407584571
7.45  6.955041095855241  4.179918259867781
7.46  6.986827870915576  4.307920374038609
7.47  7.017294605096799  4.433617341271606
7.48  7.046435122664664  4.556939974433302
7.49  7.07424348893191  4.677820348666966
7.5  7.100714011618118  4.796191841308059
7.51  7.1258412421734265  4.911989171099599
7.5200000000000005  7.149619977065686  5.02514843667783
7.53  7.172045259030647  5.135607154298472
7.54  7.193112378284817  5.243304294774871
7.55  7.212816873700482  5.348180319599316
7.5600000000000005  7.231154533942529  5.450177216219969
7.57  7.248121398566676  5.549238532446061
7.58  7.263713759078665  5.645309409955064
7.59  7.27792815995402  5.738336616875768
7.6000000000000005  7.290761399617958  5.828268579422435
7.61  7.3022105313850565  5.915055412555586
7.62  7.3122728643582695  5.998648949646168
7.63  7.32094596428689  6.079002771120223
7.640000000000001  7.328227654383057  6.156072232062483
7.65  7.334116016096417  6.2298144887579525
7.66  7.33860938984654  6.300188524151668
7.67  7.341706375712706  6.36715517220749
7.68  7.343405834080681  6.430677141148075
7.69  7.343706886246088  6.490719035558996
7.7  7.342608914974004  6.5472473773409625
7.71  7.3401115650143955  6.600230625495368
7.72  7.33621474357305  6.649639194729091
7.73  7.330918620737623  6.69544547286587
7.74  7.324223629858423  6.737623837052439
7.75  7.31613046788363  6.776150668748888
7.76  7.306640095648537  6.811004367493577
7.7700000000000005  7.295753738118536  6.842165363434307
7.78  7.283472884585473  6.8696161286183095
7.79  7.269799288817035  6.893341187035005
7.8  7.254734969158901  6.9133271234063285
7.8100000000000005  7.238282208589265  6.92956259072071
7.82  7.2204435547255095  6.9420383165079045
7.83  7.201221819782642  6.950747107852872
7.84  7.180620080483275  6.955683855148137
7.8500000000000005  7.158641677918826  6.956845534585053
7.86  7.13529021736167  6.954231209385558
7.87  7.110569568027999  6.947842029777031
7.88  7.0844838627910764  6.937681231713934
7.890000000000001  7.057037497844711  6.923754134350989
7.9  7.02823513231669  6.906068136273619
7.91  6.998081687831858  6.8846327104924505
7.92  6.9665823480247795  6.859459398209609
7.930000000000001  6.933742558001648  6.830561801365544
7.94  6.8995680237513115  6.79795557397606
7.95  6.864064711505175  6.76165841227007
7.96  6.82723884704588  6.72169004363966
7.97  6.789096914964561  6.67807221441471
7.98  6.74964565786645  6.6308286764753
7.99  6.70889207552488  6.579985172715905
8.0  6.666843423983347  6.525569421376074
8.01  6.623507214605665  6.467611099253225
8.02  6.578891213074044  6.406141823813692
8.03  6.533003438335065  6.341195134219003
8.040000000000001  6.485852161493351  6.272806471284915
8.05  6.4374459046530825  6.20101315639152
8.06  6.387793439707036  6.125854369362902
8.07  6.33690378707342  6.047371125336069
8.08  6.284786214380201  5.965606250638681
8.09  6.231450235097135  5.880604357696051
8.1  6.176905607115423  5.79241181898814
8.11  6.121162331274967  5.701076740077729
8.120000000000001  6.064230649839373  5.606648931731331
8.13  6.006121044918748  5.509179881154793
8.14  5.94684423684023  5.408722722365687
8.15  5.886411182466506  5.30533220572506
8.16  5.824833073462341  5.19906466665132
8.17  5.762121334509287  5.089977993539095
8.18  5.69828762146859  4.97813159490627
8.19  5.633343819492617  4.863586365792426
8.2  5.5673020410849  4.7464046534321085
8.21  5.500174624108883  4.626650222226351
8.22  5.43197412974585  4.504388218036225
8.23  5.36271334040187  4.379685131821419
8.24  5.292405257564432  4.252608762648202
8.25  5.221063099608642  4.1232281800897335
8.26  5.14870029955354  3.991613686042515
8.27  5.0753305027687245  3.857836775982348
8.28  5.000967564631496  3.721970099683209
8.290000000000001  4.925625548135113  3.5840874214222573
8.3  4.849318721448235  3.4442635796942254
8.31  4.7720615554261085  3.302574446457976
8.32  4.69386872107379  3.15909688593819
8.33  4.614755086961883  3.013908713004901
8.34  4.534735716595201  2.867088651153206
8.35  4.453825865734693  2.718716290105449
8.36  4.372040979673345  2.5688720430579823
8.370000000000001  4.289396690466222  2.417637103594261
8.38  4.205908814115555  2.26509340228602
8.39  4.121593347710922  2.1113235630035465
8.4  4.03646646652552  1.9564108589567595
8.41  3.9505445210688928  1.8004391684872711
8.42  3.863844034096581  1.6434929306326997
8.43  3.776381697577641  1.4856571004832202
8.44  3.688174369620279  1.3270171043506434
8.45  3.5992390713565703  1.1676587947699055
8.46  3.5095929837867863  1.00766840535257
8.47  3.4192534445840055  0.8471325055119193
8.48  3.328237944859822  0.6861379550785572
8.49  3.2365641258917712  0.5247718588256336
8.5  3.144249775813437  0.36312152092252814
8.51  3.0513128262677376  0.201274399335312
8.52  2.957771349024457  0.03931806019243648
8.53  2.863643552562768  -0.12265986786626375
8.540000000000001  2.768947778619452  -0.28457173933928787
8.55  2.6737024987040554  -0.4463299374940151
8.56  2.5779263105813697  -0.6078469199608084
8.57  2.4816379347227424  -0.7690352642725912
8.58  2.3848562107266496  -0.9298077133332414
8.59  2.2876000937098775  -1.090077220796961
8.6  2.1898886506701607  -1.2497569963418609
8.61  2.0917410568212436  -1.4087605508205796
8.620000000000001  1.9931765919015625  -1.567001741271004
8.63  1.8942146364576673  -1.7243948157700484
8.64  1.7948746681031982  -1.8808544581139788
8.65  1.695176257754899  -2.0362958323079887
8.66  1.595139065846691  -2.19063462684843
8.67  1.494782838523059  -2.3437870987810916
8.68  1.3941274038128162  -2.495670117518254
8.69  1.293192667784777  -2.6462012083980015
8.700000000000001  1.1919986106864755  -2.7952985959688132
8.71  1.0905652830673225  -2.9428812469823513
8.72  0.9889128018874073  -3.0888689130778064
8.73  0.8870613466136905  -3.2331821731402752
8.74  0.7850311553047864  -3.375742475316245
8.75  0.6828425206857897  -3.5164721786691087
8.76  0.5805157862148792  -3.6552945944569615
8.77  0.47807134214318664  -3.7921340270155492
8.78  0.37552962156940717  -3.9269158142286655
8.790000000000001  0.27291109649115386  -4.059566367568359
8.8  0.17023627385444956  -4.1900132116870195
8.81  0.06752569160337321  -4.3181850235437125
8.82  -0.03520008526845106  -4.444011671046321
8.83  -0.13792046866247218  -4.567424251191491
8.84  -0.2406148513140277  -4.688355127684233
8.85  -0.34326261072345643  -4.806737968018415
8.86  -0.44584311307705216  -4.92250777999983
8.870000000000001  -0.5483357171561004  -5.035600947693126
8.88  -0.6507197782311923  -5.145955266773734
8.89  -0.752974651940065  -5.253509979266165
8.9  -0.855079698145885  -5.358205807649419
8.91  -0.9570142847737437  -5.459984988310738
8.92  -1.0587577916227018  -5.5587913043284205
8.93  -1.1602896141502732  -5.654570117564835
8.94  -1.2615891672267776  -5.747268400050157
8.950000000000001  -1.3626358888561647  -5.836834764637914
8.96  -1.463409243860119  -5.923219494913011
8.97  -1.5638887275223554  -6.006374574333344
8.98  -1.6640538691889224  -6.08625371458565
8.99  -1.7638842358213307  -6.1628123831368455
9.0  -1.863359435498002  -6.236007829961817
9.01  -1.9624591208602133  -6.305799113429117
9.02  -2.061162992497731  -6.3721471253257755
9.03  -2.1594508022694883  -6.4350146150030225
9.040000000000001  -2.257302356554372  -6.494366212624737
9.05  -2.354697519426338  -6.550168451500706
9.06  -2.4516162157486416  -6.602389789487289
9.07  -2.5480384341804645  -6.651000629438057
9.08  -2.6439442300896667  -6.695973338687791
9.09  -2.739313728364612  -6.737282267553272
9.1  -2.8341271261171914  -6.774903766835127
9.11  -2.9283646952692344  -6.8088162043051454
9.120000000000001  -3.022006785013177  -6.8389999801643775
9.13  -3.115033824137535  -6.865437541457743
9.14  -3.20742632320718  -6.888113395431675
9.15  -3.299164876586708  -6.907014121821961
9.16  -3.3902301642953505  -6.922128384059823
9.17  -3.4806029536798095  -6.933446939385068
9.18  -3.570264100891047  -6.9409626478561215
9.19  -3.659194552149101  -6.944670480247711
9.200000000000001  -3.747375344778974  -6.94456752482803
9.21  -3.8347876079989196  -6.940652993008415
9.22  -3.92141256344053  -6.932928223859715
9.23  -4.007231525378217  -6.9213966874909705
9.24  -4.0922259006431485  -6.9060639872873155
9.25  -4.176377188194617  -6.886937861005666
9.26  -4.259666978318487  -6.864028180728334
9.27  -4.342076951419519  -6.837346951676488
9.28  -4.423588876370843  -6.806908309887352
9.290000000000001  -4.504184608379472  -6.772728518761036
9.3  -4.583846086322516  -6.7348259644852115
9.31  -4.662555329503692  -6.6932211503481795
9.32  -4.740294433773509  -6.647936689953683
9.33  -4.817045566950263  -6.598997299353567
9.34  -4.892790963471342  -6.54642978811767
9.35  -4.967512918195943  -6.4902630493637865
9.36  -5.041193779270264  -6.430528048774321
9.370000000000001  -5.1138159399554475  -6.367257812630651
9.38  -5.185361829305614  -6.300487414900903
9.39  -5.255813901568888  -6.230253963421923
9.4  -5.325154624167185  -6.156596585222546
9.41  -5.393366464091537  -6.079556411041518
9.42  -5.460431872527269  -5.999176559101141
9.43  -5.526333267497241  -5.91550211820629
9.44  -5.591053014281589  -5.828580130247815
9.450000000000001  -5.654573403337466  -5.738459572200997
9.46  -5.7168766254011585  -5.645191337722
9.47  -5.777944743407984  -5.5488282184601125
9.48  -5.837759660808628  -5.449424885220869
9.49  -5.896303085795737  -5.3470378691347
9.5  -5.953556490876386  -5.241725543009142
9.51  -6.009501067134708  -5.133548103069847
9.52  -6.064117672420126  -5.022567551327885
9.53  -6.1173867725667215  -4.908847678848548
9.540000000000001  -6.169288374594835  -4.792454050242647
9.55  -6.219801950659754  -4.673453989754955
9.56  -6.268906351289322  -4.551916569389187
9.57  -6.316579706181475  -4.427912599587622
9.58  -6.3627993105054115  -4.301514623077438
9.59  -6.407541494250365  -4.172796912611288
9.6  -6.45078147167693  -4.041835473470115
9.61  -6.492493167324955  -3.908708051769105
9.620000000000001  -6.53264901428887  -3.7734941498205035
9.63  -6.571219719548916  -3.6362750500725562
9.64  -6.608173989995029  -3.497133849473024
9.65  -6.643478211333545  -3.3561555065216213
9.66  -6.677096070240884  -3.213426903798539
9.67  -6.708988107806627  -3.0690369294223023
9.68  -6.739111189339623  -2.923076581741678
9.69  -6.767417871785582  -2.7756391026636518
9.700000000000001  -6.79385564504251  -2.626820146443259
9.71  -6.818366016970937  -2.4767179926248355
9.72  -6.840883403340826  -2.325433814280462
9.73  -6.861333772578666  -2.1730720159624717
9.74  -6.8796329799040725  -2.019740660178256
9.75  -6.895684704736233  -1.865552007154985
9.76  -6.909377876873129  -1.7106232008330478
9.77  -6.920583437615972  -1.5550771453612413
9.78  -6.929150226828685  -1.399043632282893
9.790000000000001  -6.934899708470199  -1.242660801250044
9.8  -6.937619134004043  -1.0860770497977477
9.81  -6.937052577403709  -0.929453555643344
9.82  -6.932889028713696  -0.7729676464533957
9.83  -6.924746358830064  -0.6168173605860128
9.84  -6.912149388904025  -0.4612277105864759
9.85  -6.894499381305133  -0.30645942788723235
9.86  -6.87103078332497  -0.1528214003090343
9.870000000000001  -6.840748580064024  -0.0006887369831603479
9.88  -6.80233536460115  0.14947036040669343
9.89  -6.754009689381316  0.297053525219664
9.9  -6.693303344647714  0.4412594553931831
9.91  -6.616698396913832  0.5809820132913008
9.92  -6.5190105573369905  0.7146296256541557
9.93  -6.392289282943635  0.8398016447741632
9.94  -6.223739926516258  0.9526733288233751
9.950000000000001  -5.99152389201332  1.0467428350808614
9.96  -5.655582403647137  1.110062063424497
9.97  -5.135896985599178  1.118554631206934
9.98  -4.258809288856913  1.0189091123124943
9.99  -2.6564317508004955  0.6923875873296381
10.0  -1.1586445091816605e-13  3.267228315879735e-14
