0.0  0.0  0.0
0.01  0.9816878689973144  -2.0124961789562947
0.02  1.6274105025812458  -3.1673576254191977
0.03  2.027058957253256  -3.7471914849092625
0.04  2.303097919030153  -4.045214272669306
0.05  2.514979485802756  -4.198117540359317
0.06  2.6904063711860378  -4.268580798794537
0.07  2.8433266104831216  -4.287919182190518
0.08  2.9813670252012536  -4.27320021562143
0.09  3.109001307702665  -4.234436434665555
0.1  3.229008538279669  -4.177868267484442
0.11  3.343197668876245  -4.10758512766113
0.12  3.452792149033236  -4.026382316837335
0.13  3.5586460430790305  -3.9362408932321835
0.14  3.6613714694446773  -3.838609873655846
0.15  3.761416915532583  -3.734579262568223
0.16  3.8591171067654146  -3.6249900178473653
0.17  3.9547257583395083  -3.5105061450687414
0.18  4.048437674799422  -3.3916632645464495
0.19  4.140404021929271  -3.268902120348398
0.2  4.230743106319592  -3.14259219435465
0.21  4.319548129457047  -3.013048663672925
0.22  4.406892861203047  -2.880544784753379
0.23  4.492835855251006  -2.7453210754376345
0.24  4.577423625286614  -2.6075922162633605
0.25  4.660693068748652  -2.467552301731996
0.26  4.742673338122284  -2.325378880718585
0.27  4.823387301269029  -2.181236096638143
0.28  4.9028526923803275  -2.03527715021984
0.29  4.981083027447666  -1.8876462468960604
0.3  5.058088338653439  -1.7384801480253473
0.31  5.1338757681908  -1.5879094146779784
0.32  5.2084500519907335  -1.436059410718208
0.33  5.28181391651244  -1.283051115868793
0.34  5.3539684063507424  -1.1290017876086715
0.35000000000000003  5.424913156388556  -0.9740255019399613
0.36  5.494646619194786  -0.818233596433657
0.37  5.563166256070854  -0.6617350339377467
0.38  5.630468698391955  -0.5046367014885716
0.39  5.696549884534461  -0.34704365600482945
0.4  5.761405176629118  -0.18905932604487888
0.41000000000000003  5.825029460557174  -0.030785677111017856
0.42  5.8874172319592875  0.12767665342933984
0.43  5.948562670514436  0.28622824685501025
0.44  6.008459704337716  0.4447708149757258
0.45  6.067102066018804  0.6032071300449807
0.46  6.124483341559377  0.7614409699305994
0.47000000000000003  6.180597013254636  0.9193770762379148
0.48  6.235436497390529  1.076921123458727
0.49  6.288995177486594  1.2339796975284067
0.5  6.341266433698063  1.3904602824271617
0.51  6.3922436688948725  1.5462712536707037
0.52  6.441920331855976  1.7013218777085601
0.53  6.4902899379514185  1.855522316392166
0.54  6.537346087629552  2.008783635794807
0.55  6.583082482980932  2.161017818765978
0.56  6.627492942611633  2.312137780687064
0.5700000000000001  6.670571415026279  2.462057387966484
0.58  6.7123119906934745  2.61069147887259
0.59  6.752708912943081  2.757955886353754
0.6  6.791756587824858  2.9037674625385694
0.61  6.829449593041118  3.048044104646311
0.62  6.865782686051571  3.1907047820696133
0.63  6.900750811436095  3.3316695644187364
0.64  6.934349107590537  3.470859650340416
0.65  6.9665729128214515  3.608197396944665
0.66  6.997417770897744  3.743606349690687
0.67  7.026879436110286  3.877011272598376
0.68  7.0549538778846514  4.008338178665428
0.6900000000000001  7.0816372849869245  4.137514360381789
0.7000000000000001  7.106926069357959  4.264468420243541
0.71  7.130816869607587  4.389130301177438
0.72  7.153306554196815  4.511431316795342
0.73  7.174392224332947  4.631304181404927
0.74  7.194071216600018  4.748683039709433
0.75  7.212341105344501  4.863503496134825
0.76  7.229199704834234  4.975702643727872
0.77  7.244645071206669  5.085219092573167
0.78  7.258675504220954  5.191992997681223
0.79  7.271289548826903  5.295966086303551
0.8  7.282485996562707  5.397081684633945
0.81  7.29226388679203  5.495284743858312
0.8200000000000001  7.300622507790194  5.590521865518207
0.8300000000000001  7.307561397688266  5.682741326155823
0.84  7.313080345283021  5.771893101210547
0.85  7.317179390720094  5.857928888139437
0.86  7.319858826056973  5.94080212873601
0.87  7.321119195711913  6.020468030623625
0.88  7.32096129680435  6.09688358790156
0.89  7.319386179391952  6.170007600923519
0.9  7.316395146608982  6.239800695189915
0.91  7.31198975471033  6.306225339336732
0.92  7.306171813025211  6.369245862205185
0.93  7.2989433838242075  6.4288284689777235
0.9400000000000001  7.290306782103132  6.4849412563672155
0.9500000000000001  7.280264575286814  6.537554226847302
0.96  7.26881958285585  6.58663930191312
0.97  7.255974875898996  6.632170334362689
0.98  7.241733776593817  6.674123119590265
0.99  7.226099857617993  6.712475405884042
1.0  7.209076941493508  6.747206903721554
1.01  7.190669099865855  6.778299294056988
1.02  7.170880652720249  6.805736235595669
1.03  7.1497161675366945  6.829503371051723
1.04  7.127180458385703  6.8495883323858475
1.05  7.103278584966315  6.865980745020904
1.06  7.078015851588013  6.8786722310338355
1.07  7.051397806098032  6.8876564113232135
1.08  7.023430238755496  6.892928906752418
1.09  6.994119181053735  6.894487338269167
1.1  6.963470904492092  6.892331326002875
1.11  6.93149191929846  6.886462487341884
1.12  6.898188973103719  6.876884433993373
1.1300000000000001  6.863569049569247  6.863602768029288
1.1400000000000001  6.827639366968566  6.84662507692231
1.1500000000000001  6.790407376724188  6.825960927576432
1.16  6.751880761900691  6.801621859357315
1.17  6.712067435654972  6.773621376128113
1.18  6.670975539644641  6.741974937297026
1.19  6.628613442395479  6.706699947883329
1.2  6.5849897376287965  6.667815747609147
1.21  6.540113242549618  6.625343599024708
1.22  6.493992996096466  6.579306674675297
1.23  6.446638257153583  6.529730043318548
1.24  6.398058502726357  6.476640655201185
1.25  6.348263426080734  6.420067326404721
1.26  6.297262934847347  6.360040722270011
1.27  6.245067149091097  6.296593339910975
1.28  6.191686399346876  6.229759489828185
1.29  6.137131224622151  6.159575276633301
1.3  6.081412370367048  6.086078578895802
1.31  6.024540786412637  6.009309028123683
1.32  5.9665276248780215  5.929307986890171
1.33  5.907384238046899  5.84611852611881
1.34  5.847122176214191  5.759785401539548
1.35  5.785753185503348  5.670355029328765
1.36  5.723289205654937  5.57787546094642
1.37  5.659742367787084  5.482396357183814
1.3800000000000001  5.595124992128337  5.383968961435639
1.3900000000000001  5.529449585723531  5.282646072210342
1.4000000000000001  5.46272884011317  5.178482014892903
1.41  5.3949756289869155  5.071532612774544
1.42  5.326203005811658  4.961855157363929
1.43  5.256424201434734  4.849508377994742
1.44  5.185652621662778  4.734552410744661
1.45  5.1139018448167315  4.6170487666809885
1.46  5.041185619263469  4.497060299448352
1.47  4.967517860924586  4.374651172214073
1.48  4.892912650762764  4.24988682398702
1.49  4.817384232246214  4.122833935325849
1.5  4.740947008791695  3.9935603934528037
1.51  4.663615541186475  3.86213525678931
1.52  4.585404544989783  3.728628718929818
1.53  4.506328887914134  3.593112072070491
1.54  4.426403587186953  3.455657669909457
1.55  4.345643806892989  3.316338890035524
1.56  4.264064855297867  3.1752300958223616
1.57  4.181682182153246  3.0324065978453674
1.58  4.0985113759839775  2.887944614838465
1.59  4.014568161357644  2.7419212342083275
1.6  3.929868396136915  2.594414372123579
1.61  3.8444280687150827  2.445502733196713
1.62  3.7582632952351815  2.295265769776546
1.6300000000000001  3.6713903167930626  2.1437836408692297
1.6400000000000001  3.583825496624801  1.9911371707058962
1.6500000000000001  3.495585317278804  1.837407806975198
1.6600000000000001  3.4066863777730005  1.6826775787391337
1.67  3.3171453907374553  1.5270290540506215
1.68  3.226979179542774  1.3705452972915035
1.69  3.1362046754146515  1.213309826249722
1.7  3.044838914534906  1.0554065689545553
1.71  2.9528990351293567  0.8969198202889471
1.72  2.8604022745428566  0.7379341983980784
1.73  2.767365966301872  0.5785346009134607
1.74  2.673807537164857  0.4188061610119436
1.75  2.5797445041608413  0.25883420332920826
1.76  2.4851944716165  0.0987041997473528
1.77  2.39017512817205  -0.06149827492361253
1.78  2.294704243786283  -0.22168758735045307
1.79  2.1987996667310785  -0.38177809014756325
1.8  2.102479320575653  -0.5416841663938328
1.81  2.005761201160942  -0.7013202741752442
1.82  1.9086633735643432  -0.8606009911328347
1.83  1.811203969055188  -1.019441058995504
1.84  1.713401182041219  -1.177755428077074
1.85  1.6152732670063676  -1.3354593017168674
1.86  1.5168385354401748  -1.4924681806429967
1.87  1.4181153527591184  -1.6486979072374257
1.8800000000000001  1.3191221352201594  -1.8040647096818048
1.8900000000000001  1.2198773468268291  -1.958485245962953
1.9000000000000001  1.1203994962280934  -2.1118766477168025
1.9100000000000001  1.0207071336103744  -2.26415656388953
1.92  0.9208188475829651  -2.4152432041945278
1.93  0.8207532620571568  -2.565055382343824
1.94  0.7205290331193756  -2.7135125590324036
1.95  0.6201648458986212  -2.8605348846540233
1.96  0.5196794114285063  -3.0060432417268474
1.97  0.41909146350419674  -3.1499592870073667
1.98  0.31841975553454166  -3.2922054932709437
1.99  0.21768305738971794  -3.4327051907373463
2.0  0.11690015224463428  -3.571382608119638
2.0100000000000002  0.016089833418457714  -3.708162913274752
2.02  -0.08472909878944672  -3.8429722534341337
2.0300000000000002  -0.1855378402669435  -3.9757377949929142
2.04  -0.2863175862594474  -4.106387762835911
2.05  -0.38704953454302377  -4.234851479179117
2.06  -0.4877148885998263  -4.361059401905158
2.07  -0.5882948607955751  -4.484943162371297
2.08  -0.6887706755588524  -4.606435602668934
2.09  -0.789123572561783  -4.725470812313134
2.1  -0.8893348099018658  -4.8419841643415
2.11  -0.9893856672845728  -4.955912350801164
2.12  -1.0892574492064822  -5.067193417603463
2.13  -1.1889314881384783  -5.175766798725446
2.14  -1.2883891477088483  -5.281573349738112
2.15  -1.3876118258858035  -5.384555380640921
2.16  -1.4865809581592122  -5.484656687982902
2.17  -1.5852780207210537  -5.58182258625037
2.18  -1.6836845336444417  -5.675999938502001
2.19  -1.781782064060661  -5.76713718623194
2.2  -1.8795522293340512  -5.8551843784421
2.21  -1.9769767002342349  -5.940093199905029
2.22  -2.074037204105457  -6.021816998599098
2.23  -2.1707155280325328  -6.10031081229805
2.24  -2.266993522003178  -6.175531394297382
2.25  -2.362853102066238  -6.247437238260361
2.2600000000000002  -2.4582762534855007  -6.315988602166849
2.27  -2.5532450338886625  -6.381147531348653
2.2800000000000002  -2.647741576411136  -6.442877880595358
2.29  -2.7417480928341873  -6.501145335315226
2.3000000000000003  -2.83524687671714  -6.55591743173613
2.31  -2.9282203065231376  -6.607163576131941
2.32  -3.020650848738115  -6.6548550630604275
2.33  -3.112521060982553  -6.698965092599056
2.34  -3.2038135951155544  -6.7394687865658
2.35  -3.294511200330926  -6.776343203712478
2.36  -3.3845967262446983  -6.8095673538788075
2.37  -3.474053125973784  -6.839122211095872
2.38  -3.5628634592052073  -6.864990725628337
2.39  -3.651010895255583  -6.887157834945379
2.4  -3.7384787161202993  -6.905610473610856
2.41  -3.8252503195120053  -6.9203375820839454
2.42  -3.911309221887901  -6.931330114422111
2.43  -3.996639061465429  -6.938581044878916
2.44  -4.081223601225789  -6.942085373389889
2.45  -4.165046731904928  -6.941840129940323
2.46  -4.248092474971403  -6.937844377809594
2.47  -4.330344985590742  -6.9300992156873145
2.48  -4.411788555575663  -6.918607778657296
2.49  -4.492407616321867  -6.903375238046088
2.5  -4.5721867417286335  -6.884408800133545
2.5100000000000002  -4.651110651103971  -6.861717703723617
2.52  -4.729164212053619  -6.835313216574349
2.5300000000000002  -4.8063324433535  -6.805208630686738
2.54  -4.882600517804993  -6.771419256452948
2.5500000000000003  -4.957953765072636  -6.733962415665062
2.56  -5.032377674503564  -6.6928574333863695
2.57  -5.1058578979283  -6.64812562868786
2.58  -5.178380252442242  -6.599790304253507
2.59  -5.249930723167342  -6.54787673485854
2.6  -5.320495465993446  -6.4924121547256854
2.61  -5.390060810298698  -6.433425743765276
2.62  -5.458613261648489  -6.370948612705597
2.63  -5.526139504472333  -6.305013787120938
2.64  -5.592626404718187  -6.235656190365199
2.65  -5.658061012483532  -6.162912625420023
2.66  -5.722430564622776  -6.086821755666777
2.67  -5.785722487330241  -6.007424084592839
2.68  -5.847924398698334  -5.924761934442968
2.69  -5.909024111250148  -5.83887942382763
2.7  -5.969009634446013  -5.749822444300499
2.71  -6.027869177163391  -5.657638635918414
2.72  -6.085591150149486  -5.562377361797394
2.73  -6.142164168446001  -5.464089681679328
2.74  -6.197577053785469  -5.362828324524295
2.75  -6.2518188369585  -5.2586476601444545
2.7600000000000002  -6.304878760151414  -5.151603669895766
2.77  -6.356746279253601  -5.04175391644464
2.7800000000000002  -6.407411066134057  -4.929157512627143
2.79  -6.456863010886427  -4.813875089418964
2.8000000000000003  -6.505092224042057  -4.695968763034959
2.81  -6.552089038750316  -4.575502101177641
2.82  -6.597844012925728  -4.45254008845451
2.83  -6.642347931361185  -4.327149090984626
2.84  -6.685591807806711  -4.199396820215476
2.85  -6.727566887013177  -4.06935229597136
2.86  -6.768264646740316  -3.9370858087554446
2.87  -6.807676799728488  -3.8026688813275924
2.88  -6.845795295633556  -3.6661742295809647
2.89  -6.882612322924337  -3.5276757227404345
2.9  -6.9181203107419345  -3.387248342906486
2.91  -6.952311930720484  -3.244968143968546
2.92  -6.985180098768597  -3.100912209912056
2.93  -7.016717976811033  -2.9551586125439546
2.94  -7.046918974489916  -2.8077863686615134
2.95  -7.07577675082499  -2.6588753966897984
2.96  -7.103285215832291  -2.50850647281328
2.97  -7.129438532100703  -2.356761186627375
2.98  -7.154231116325782  -2.2037218963359204
2.99  -7.177657640800341  -2.0494716835208036
3.0  -7.1997130348611975  -1.8940943075101722
3.0100000000000002  -7.2203924862915585  -1.737674159371784
3.02  -7.239691442678476  -1.5802962155582352
3.0300000000000002  -7.257605612724843  -1.4220459912308905
3.04  -7.2741309675154175  -1.2630094932896152
3.0500000000000003  -7.289263741736312  -1.1032731731350967
3.06  -7.303000434847453  -0.9429238791912474
3.0700000000000003  -7.315337812207502  -0.78204880921448
3.08  -7.32627290615071  -0.6207354624174455
3.09  -7.335803017015254  -0.4590715914340949
3.1  -7.343925714122516  -0.29714515415361487
3.11  -7.350638836706877  -0.13504426545019926
3.12  -7.355940494795511  0.027142851164059133
3.13  -7.3598290700377715  0.18932791193608964
3.14  -7.362303216483669  0.3514226212915414
3.15  -7.363361861311048  0.5133387202503031
3.16  -7.363004205500989  0.6749880348110545
3.17  -7.361229724461069  0.8362825242779887
3.18  -7.358038168596035  0.9971343295033902
3.19  -7.353429563825514  1.1574558210192691
3.2  -7.347404212048369  1.3171596470321827
3.21  -7.339962691553353  1.476158781254744
3.22  -7.331105857375672  1.6343665705483181
3.23  -7.3208348415991376  1.7916967823507999
3.24  -7.309151053603568  1.9480636518643923
3.25  -7.296056180257128  2.1033819289777216
3.2600000000000002  -7.281552186053292  2.2575669248976604
3.27  -7.265641313192171  2.4105345584657076
3.2800000000000002  -7.248326081605885  2.562201402134772
3.29  -7.22960928892777  2.712484727581757
3.3000000000000003  -7.2094940104051455  2.8613025509323315
3.31  -7.1879835987554275  3.008573677573855
3.3200000000000003  -7.1650816839653855  3.1542177465334125
3.33  -7.140792173033322  3.29815527439756
3.34  -7.115119249654036  3.440307698751253
3.35  -7.088067373846376  3.5805974211133935
3.36  -7.059641281523255  3.7189478493468138
3.37  -7.029845984004023  3.8552834395211115
3.38  -6.998686767469053  3.989529737206579
3.39  -6.966169192356475  4.121613418178439
3.4  -6.932299092701006  4.251462328510322
3.41  -6.897082575414785  4.379005524036865
3.42  -6.860526019510249  4.504173309165102
3.43  -6.822636075264944  4.626897275015286
3.44  -6.783419663328424  4.747110336871482
3.45  -6.742883973771106  4.8647467709233645
3.46  -6.701036465075287  4.979742250280335
3.47  -6.657884863068303  5.092033880240064
3.48  -6.61343715979796  5.20156023279344
3.49  -6.567701612350376  5.308261380348795
3.5  -6.520686741610339  5.412078928658104
3.5100000000000002  -6.472401330964393  5.512956048928902
3.52  -6.422854424946826  5.610837509105389
3.5300000000000002  -6.372055327828721  5.7056697043032445
3.54  -6.320013602150476  5.797400686382524
3.5500000000000003  -6.266739067197805  5.885980192643857
3.56  -6.212241797421808  5.9713596736332635
3.5700000000000003  -6.156532120803159  6.053492320041598
3.58  -6.099620617160943  6.132333088684753
3.59  -6.041518116406448  6.207838727551543
3.6  -5.9822356967423005  6.279967799906258
3.61  -5.921784682807427  6.3486807074335445
3.62  -5.860176643768236  6.413939712413719
3.63  -5.797423391356596  6.475708958916846
3.64  -5.733536977855049  6.533954493004649
3.65  -5.668529694029878  6.588644281929512
3.66  -5.602414067012587  6.639748232320538
3.67  -5.535202858130436  6.68723820734681
3.68  -5.466909060686628  6.7310880428487865
3.69  -5.397545897690988  6.771273562428925
3.7  -5.327126819541657  6.8077725914933644
3.71  -5.255665501658748  6.840564970236774
3.72  -5.183175842070703  6.869632565563174
3.73  -5.109671958954176  6.894959281935784
3.74  -5.03516818812839  6.916531071149721
3.75  -4.959679080504863  6.934335941021639
3.7600000000000002  -4.88321939949352  6.948363962991133
3.77  -4.805804118366201  6.958607278629056
3.7800000000000002  -4.727448417578611  6.965060105048597
3.79  -4.648167682051991  6.967718739215387
3.8000000000000003  -4.56797749841545  6.966581561153544
3.81  -4.4868936522105  6.961649036045004
3.8200000000000003  -4.404932125058829  6.9529237152202255
3.83  -4.322109091794883  6.940410236038739
3.84  -4.238440917564575  6.9241153206587045
3.85  -4.153944154891695  6.904047773695274
3.86  -4.06863554071356  6.880218478768028
3.87  -3.982531993387601  6.852640393938464
3.88  -3.8956506096706023  6.821328546039168
3.89  -3.808008661672459  6.786300023896809
3.9  -3.7196235937863493  6.747573970451903
3.91  -3.630513019597371  6.705171573778825
3.92  -3.5406947187718196  6.6591160570103245
3.93  -3.450186633929215  6.609432667171371
3.94  -3.3590068674997235  6.556148662928019
3.95  -3.2671736785691348  6.4992933012575165
3.96  -3.174705479714426  6.438897823046792
3.97  -3.0816208338323654  6.374995437627026
3.98  -2.987938450964393  6.3076213062529645
3.99  -2.893677185120797  6.236812524536245
4.0  -2.7988560311075577  6.16260810384296
4.01  -2.703494121359422  6.085048951666356
4.0200000000000005  -2.607610722782978  6.004177850986562
4.03  -2.511225233613792  5.920039438630071
4.04  -2.4143571802918182  5.8326801826424015
4.05  -2.317026214359761  5.742148358688681
4.0600000000000005  -2.219252109389271  5.648494025497475
4.07  -2.1210547579402026  5.551768999364366
4.08  -2.022454168558548  5.452026827732758
4.09  -1.923470462819188  5.349322761870412
4.1  -1.8241238724198496  5.243713728661439
4.11  -1.7244347363334054  5.135258301534448
4.12  -1.6244234980259664  5.024016670548944
4.13  -1.5241107027489578  4.910050611663029
4.14  -1.4235169949140776  4.793423455207242
4.15  -1.3226631155606348  4.674200053590303
4.16  -1.2215698999257343  4.552446748264307
4.17  -1.1202582751284593  4.428231335978185
4.18  -1.0187492579805764  4.3016230343503254
4.19  -0.9170639529369291  4.172692446792567
4.2  -0.8152235502003538  4.041511526819997
4.21  -0.7132493239969682  3.9081535417827613
4.22  -0.6111626310395372  3.7726930360585107
4.23  -0.5089849091980294  3.6352057937463806
4.24  -0.4067376763987004  3.4957688009059584
4.25  -0.30444252977478165  3.354460207387464
4.26  -0.20212114509469942  3.2113592883025466
4.2700000000000005  -0.09979527649608183  3.0665464051884346
4.28  0.002513243442940343  2.9201029669218665
4.29  0.10478250326041932  2.7721113904432464
4.3  0.2069905117564643  2.622655061356206
4.3100000000000005  0.3091151966853266  2.4718182944727483
4.32  0.4111344029457684  2.319686294379785
4.33  0.5130258902162261  2.1663451161090967
4.34  0.6147673299747947  2.011881626000328
4.3500000000000005  0.7163363018371097  1.856383462854006
4.36  0.8177102891366073  1.6999389994814005
4.37  0.9188666736628266  1.5426373047676487
4.38  1.019782729461852  1.384568106377035
4.39  1.1204356155914532  1.2258217542420133
4.4  1.2208023677087492  1.0664891849935458
4.41  1.3208598883520692  0.9066618875075512
4.42  1.4205849357599045  0.7464318697625939
4.43  1.5199541110476358  0.5858916272274833
4.44  1.6189438435378283  0.4251341130245244
4.45  1.7175303740099568  0.26425271014557433
4.46  1.8156897356013495  0.10334120603460333
4.47  1.913397732050608  -0.05750623010630134
4.48  2.0106299129278615  -0.21819506688107265
4.49  2.1073615454404204  -0.3786304266678482
4.5  2.2035675823373473  -0.5387170974564152
4.51  2.2992226253585937  -0.6983595399372162
4.5200000000000005  2.394300883582795  -0.8574618891275404
4.53  2.4887761259181636  -1.0159279497037024
4.54  2.5826216268503686  -1.1736611840701747
4.55  2.6758101044040816  -1.3305646920296208
4.5600000000000005  2.768313649086526  -1.4865411807184563
4.57  2.8601036423527906  -1.6414929232300062
4.58  2.9511506628561723  -1.7953217040546667
4.59  3.041424378409105  -1.9479287491083177
4.6000000000000005  3.1308934211676642  -2.0992146376830365
4.61  3.2195252430445334  -2.249079193115955
4.62  3.3072859477283205  -2.3974213483070876
4.63  3.3941400949074927  -2.5441389813910726
4.64  3.480050471324608  -2.6891287158366954
4.65  3.564977822064801  -2.832285677953281
4.66  3.6488805339394372  -2.9735032031471818
4.67  3.731714260865294  -3.11267248019361
4.68  3.813431478630444  -3.2496821201291812
4.69  3.893980953207259  -3.3844176329458366
4.7  3.9733071025793945  -3.516760790821133
4.71  4.051349226566632  -3.6465888508078654
4.72  4.128040571901479  -3.7737736022411776
4.73  4.203307190195434  -3.898180193927969
4.74  4.277066533522944  -4.019665682497097
4.75  4.349225714846116  -4.138077224732599
4.76  4.419679336513968  -4.253249811280906
4.7700000000000005  4.488306756817905  -4.365003403873203
4.78  4.554968617925152  -4.473139288740976
4.79  4.619502392168458  -4.577435388574152
4.8  4.681716607984839  -4.677640173939643
4.8100000000000005  4.74138327664252  -4.773464666509363
4.82  4.79822783212752  -4.864571805148393
4.83  4.851915579834298  -4.950562110181555
4.84  4.9020331594389495  -5.030954061483021
4.8500000000000005  4.948062751491795  -5.105156783673228
4.86  4.989345499166132  -5.172431298207918
4.87  5.025028520444356  -5.2318343804300165
4.88  5.05398628637674  -5.282135244526309
4.89  5.074700746335501  -5.3216885020930125
4.9  5.085072778224782  -5.348234331620133
4.91  5.0821147908829625  -5.358572687151031
4.92  5.061428231958542  -5.348009553151992
4.93  5.016271033023875  -5.309368654422272
4.94  4.935794485647739  -5.231123095997038
4.95  4.801475663802012  -5.093615266469876
4.96  4.579310288493786  -4.860786040460046
4.97  4.201268982234851  -4.460535345932446
4.98  3.5192694807251867  -3.736003749425845
4.99  2.2172992444631094  -2.3527643473919677
5.0  4.8839446160476487e-14  -5.178187516619109e-14
5.01  -2.2566808526363658  2.389934018404731
5.0200000000000005  -3.645427191326627  3.855055743518861
5.03  -4.429298451709167  4.675661477177758
5.04  -4.913894502897429  5.176314563777209
5.05  -5.244315790891572  5.511025171052755
5.0600000000000005  -5.487580536658442  5.750904400802956
5.07  -5.677280499586663  5.931587605495116
5.08  -5.831740717899175  6.072511359687175
5.09  -5.9617003439890555  6.185065058031832
5.1000000000000005  -6.073832443282337  6.276325933180591
5.11  -6.172486879599568  6.350908333862743
5.12  -6.260613479333662  6.411943172847603
5.13  -6.34027983043593  6.461627264199957
5.14  -6.4129761862174846  6.501546782758497
5.15  -6.479802620291284  6.532875800063978
5.16  -6.541588086619356  6.556502578745629
5.17  -6.59896854756253  6.573112443426864
5.18  -6.652439652983289  6.583243654033543
5.19  -6.702393120224181  6.587325988189054
5.2  -6.749142397263134  6.585707954576199
5.21  -6.792941112655465  6.578676353917044
5.22  -6.833996567605776  6.5664705800049035
5.23  -6.872479755384108  6.54929323625467
5.24  -6.908532906448188  6.527318126785958
5.25  -6.942275242998141  6.500696347295634
5.26  -6.973807419234019  6.469560980915613
5.2700000000000005  -7.003214984272345  6.434030756475661
5.28  -7.030571109540398  6.394212925676243
5.29  -7.0559387564874365  6.35020554569129
5.3  -7.0793724140376  6.3020993044894995
5.3100000000000005  -7.100919502125437  6.249978991071106
5.32  -7.120621513782501  6.193924687496697
5.33  -7.138514950820823  6.134012741104994
5.34  -7.154632095307642  6.07031656168624
5.3500000000000005  -7.1690016494518405  6.002907278223263
5.36  -7.181649269323453  5.931854282177096
5.37  -7.192598012366823  5.857225678502428
5.38  -7.201868714491643  5.779088661148838
5.39  -7.209480309307156  5.6975098263901565
5.4  -7.215450099565764  5.612555434673786
5.41  -7.219793988928352  5.524291629610067
5.42  -7.222526680626376  5.43278462109113
5.43  -7.223661848378239  5.338100838238227
5.44  -7.223212283947924  5.240307056847932
5.45  -7.2211900249572585  5.139470505184514
5.46  -7.217606465937689  5.035658951302316
5.47  -7.212472455101412  4.928940774545911
5.48  -7.205798378899958  4.819385023438851
5.49  -7.197594236102044  4.707061461815673
5.5  -7.187869702846425  4.592040604759031
5.51  -7.1766341898979835  4.474393745662782
5.5200000000000005  -7.163896893147066  4.354192975542403
5.53  -7.149666838235604  4.2315111955482445
5.54  -7.133952920063142  4.106422123499004
5.55  -7.116763937816833  3.9790002951371815
5.5600000000000005  -7.098108626077655  3.849321060711246
5.57  -7.077995682478013  3.717460577407349
5.58  -7.056433792320503  3.583495798084301
5.59  -7.033431650512346  3.44750445670702
5.6000000000000005  -7.008997981122899  3.3095650508238186
5.61  -6.9831415548315  3.1697568213903753
5.62  -6.955871204498575  3.028159730206818
5.63  -6.927195839063576  2.884854435203575
5.64  -6.8971244559478855  2.7399222637843406
5.65  -6.86566615211913  2.5934451844119955
5.66  -6.832830133954458  2.445505776603054
5.67  -6.798625726023997  2.296187199479039
5.68  -6.7630623789016076  2.1455731590082947
5.69  -6.726149676097694  1.9937478740587886
5.7  -6.687897340198114  1.8407960413709714
5.71  -6.648315238283809  1.6868027995499266
5.72  -6.607413386697679  1.5318536921674195
5.73  -6.565201955217889  1.3760346300569304
5.74  -6.521691270690601  1.219431852877964
5.75  -6.4768918201694285  1.0621318900199748
5.76  -6.430814253604172  0.9042215209115556
5.7700000000000005  -6.383469386116868  0.745787734795225
5.78  -6.3348681998995495  0.5869176900249484
5.79  -6.285021845764501  0.42769867293913766
5.8  -6.233941644374958  0.2682180563594779
5.8100000000000005  -6.181639087181447  0.10856325776235763
5.82  -6.128125837086569  -0.05117830283207706
5.83  -6.073413728858864  -0.21091924521123803
5.84  -6.017514769314558  -0.3705722715209798
5.8500000000000005  -5.9604411372843265  -0.5300502089778398
5.86  -5.90220518338052  -0.6892660527052383
5.87  -5.84281942957908  -0.8481330086584439
5.88  -5.7822965686291425  -1.0065645366037412
5.89  -5.720649463302158  -1.1644743931188146
5.9  -5.657891145491289  -1.3217766745824255
5.91  -5.594034815171247  -1.4783858601219955
5.92  -5.529093839227542  -1.6342168544892497
5.93  -5.4630817501636235  -1.7891850308340982
5.94  -5.396012244693733  -1.9432062733484383
5.95  -5.327899182228582  -2.096197019751444
5.96  -5.25875658326044  -2.248074303589276
5.97  -5.1885986276537865  -2.398755796321958
5.98  -5.117439652847248  -2.5481598491714297
5.99  -5.0452941519720875  -2.696205534704515
6.0  -4.972176771891942  -2.842812688125754
6.01  -4.898102311168688  -2.987901948254713
6.0200000000000005  -4.8230857179584605  -3.1313947981635315
6.03  -4.74714208784181  -3.2732136054501115
6.04  -4.6702866615917396  -3.4132816621234396
6.05  -4.592534822883102  -3.5515232240772256
6.0600000000000005  -4.51390209594657  -3.6878635501288066
6.07  -4.43440414317021  -3.8222289406004957
6.08  -4.354056762651504  -3.9545467754207784
6.09  -4.272875885702671  -4.084745551723104
6.1000000000000005  -4.1908775743115045  -4.212754920920399
6.11  -4.108078018560513  -4.338505725233731
6.12  -4.024493534006222  -4.461930033653804
6.13  -3.940140559021137  -4.582961177314221
6.140000000000001  -3.8550356521000335  -4.701533784255937
6.15  -3.769195489132847  -4.817583813562516
6.16  -3.6826368606456716  -4.931048588846155
6.17  -3.59537666901174  -5.041866831064694
6.18  -3.507431925634036  -5.149978690650319
6.19  -3.418819748101092  -5.25532577893082
6.2  -3.329557357317363  -5.35785119882479
6.21  -3.2396620746096847  -5.45749957479236
6.22  -3.1491513188112568  -5.554217082023468
6.23  -3.058042603324179  -5.647951474846065
6.24  -2.9663535331621427  -5.738652114337054
6.25  -2.874101801974075  -5.8262699951191115
6.26  -2.781305189050276  -5.910757771326899
6.2700000000000005  -2.6879815563117293  -5.992069781726682
6.28  -2.594148845284049  -6.070162073973806
6.29  -2.4998250740567247  -6.14499242799279
6.3  -2.4050283342288035  -6.216520378465362
6.3100000000000005  -2.3097767878419657  -6.284707236412204
6.32  -2.2140886643018423  -6.349516109854552
6.33  -2.117982257288399  -6.410911923542515
6.34  -2.0214759216562768  -6.468861437737124
6.3500000000000005  -1.9245880703259164  -6.52333326603397
6.36  -1.8273371711663149  -6.574297892216531
6.37  -1.7297417438698282  -6.621727686128132
6.38  -1.6318203568202454  -6.665596918551642
6.390000000000001  -1.5335916239545169  -6.705881775086878
6.4  -1.4350742016188645  -6.7425603690161084
6.41  -1.3362867854199794  -6.775612753148691
6.42  -1.237248107071986  -6.805020930636332
6.43  -1.1379769312397858  -6.830768864751254
6.44  -1.0384920523792107  -6.852842487619951
6.45  -0.9388122915749215  -6.8712297079060125
6.46  -0.8389564933762858  -6.88592041743597
6.47  -0.7389435226319457  -6.896906496762833
6.48  -0.6387922613236571  -6.904181819662609
6.49  -0.538521605399871  -6.907742256559687
6.5  -0.4381504616095222  -6.907585676877758
6.51  -0.3376977443365611  -6.9037119503133875
6.5200000000000005  -0.2371823724358503  -6.896122947030233
6.53  -0.136623266070665  -6.884822536772449
6.54  -0.03603934355238796  -6.869816586896461
6.55  0.0645504818170974  -6.851112959321121
6.5600000000000005  0.16512730489993468  -6.828721506396724
6.57  0.26567223187336525  -6.802654065694267
6.58  0.3661663833768674  -6.772924453716777
6.59  0.4665908976548122  -6.73954845853545
6.6000000000000005  0.5669269336945617  -6.702543831353844
6.61  0.6671556743592001  -6.661930277004171
6.62  0.7672583295149287  -6.6177294433802745
6.63  0.8672161391523256  -6.569964909812767
6.640000000000001  0.967010376501512  -6.518662174392244
6.65  1.066622351140451  -6.463848640247321
6.66  1.1660334120963467  -6.405553600784873
6.67  1.2652249509396423  -6.343808223900404
6.68  1.3641784048702241  -6.278645535167374
6.69  1.46287525979555  -6.210100400014655
6.7  1.5612970534004  -6.138209504902258
6.71  1.659425378207876  -6.0630113375056895
6.72  1.757241884631255  -5.984546165920455
6.73  1.8547282840164396  -5.902856016898308
6.74  1.9518663516747143  -5.817984653127894
6.75  2.048637929905464  -5.729977549572611
6.76  2.145024931008399  -5.638881868879559
6.7700000000000005  2.241009340285283  -5.544746435873601
6.78  2.336573219030476  -5.4476217111514185
6.79  2.4316987075103706  -5.347559763790776
6.8  2.5263680279310354  -5.244614243190882
6.8100000000000005  2.6205634873941595  -5.138840350060263
6.82  2.7142674808405842  -5.030294806568961
6.83  2.8074624939814856  -4.919035825682432
6.84  2.9001311062167243  -4.805123079694959
6.8500000000000005  2.9922559935400552  -4.688617667980967
6.86  3.083819931430954  -4.569582083982943
6.87  3.174805797732799  -4.448080181455057
6.88  3.265196575517087  -4.324177139982176
6.890000000000001  3.3549753559332793  -4.197939429794221
6.9  3.4441253410441792  -4.069434775896244
6.91  3.532629846646441  -3.938732121534824
6.92  3.620472305075882  -3.8059015910220237
6.93  3.707636267997349  -3.6710144519381527
6.94  3.794105409178939  -3.5341430767351705
6.95  3.879863527250047  -3.395360903762427
6.96  3.9648945484431795  -3.254742397737369
6.97  4.0491825293191495  -3.1123630096834316
6.98  4.132711659475282  -2.9682991363580484
6.99  4.215466264236404  -2.822628079193437
7.0  4.2974308073283645  -2.6754280027737263
7.01  4.37858989353371  -2.526777892871427
7.0200000000000005  4.458928271329201  -2.3767575140668593
7.03  4.538430835504835  -2.2254473669742887
7.04  4.617082629764318  -2.072928645098198
7.05  4.694868849306284  -1.91928319134402
7.0600000000000005  4.771774843386209  -1.7645934542069452
7.07  4.847786117858669  -1.6089424436631283
7.08  4.922888337699618  -1.4524136867870154
7.09  4.997067329508276  -1.2950911831194232
7.1000000000000005  5.070309083988409  -1.137059359810152
7.11  5.142599758408668  -0.9784030265596302
7.12  5.213925679041644  -0.8192073303833614
7.13  5.284273343581219  -0.659557710223843
7.140000000000001  5.353629423538085  -0.4995398514336906
7.15  5.421980766612849  -0.33923964015434377
7.16  5.489314399046638  -0.1787431176139955
7.17  5.555617527948594  -0.018136434369163634
7.18  5.620877543600213  0.14249419548658007
7.19  5.685082021735858  0.30306254012285244
7.2  5.748218725799395  0.46348239575790284
7.21  5.810275609176412  0.6236676324060878
7.22  5.871240817401708  0.7835322395635026
7.23  5.931102690341698  0.9429903718089191
7.24  5.989849764351403  1.1019563942966282
7.25  6.0474707744056575  1.2603449281186665
7.26  6.103954656204031  1.418070895513174
7.2700000000000005  6.159290548249357  1.5750495648967024
7.28  6.213467793899187  1.7311965956978081
7.29  6.266475943390097  1.8864280829701268
7.3  6.318304755834168  2.040660601762466
7.3100000000000005  6.368944201187551  2.193811251224547
7.32  6.4183844621904615  2.345797698426555
7.33  6.466615936278429  2.496538221871558
7.34  6.513629237464296  2.6459517546792264
7.3500000000000005  6.559415198190601  2.7939579274203794
7.36  6.603964871151926  2.940477110581473
7.37  6.6472695310868986  3.0854304566389987
7.38  6.689320676539339  3.2287399417232505
7.390000000000001  6.730110031588219  3.3703284068519257
7.4  6.769629547545991  3.5101195987137
7.41  6.8078714046249535  3.6480382099827624
7.42  6.844828013571136  3.784009919144787
7.43  6.880492017265364  3.9179614298158403
7.44  6.91485629229113  4.049820509535557
7.45  6.9479139504687675  4.179516028016195
7.46  6.979658340355564  4.3069779948298565
7.47  7.010083048711448  4.432137596515699
7.48  7.039181901929728  4.55492723309004
7.49  7.066948967432554  4.675280553941874
7.5  7.093378555030664  4.793132493097214
7.51  7.11846521824702  4.9084193038352275
7.5200000000000005  7.14220375560385  5.02107859264013
7.53  7.164589211872749  5.13104935247251
7.54  7.185616879287436  5.238271995344595
7.55  7.205282298718687  5.342688384183593
7.5600000000000005  7.223581260811054  5.444241863968147
7.57  7.240509807081017  5.542877292122782
7.58  7.256064230976075  5.63854106815594
7.59  7.270241078894417  5.7311811625269105
7.6000000000000005  7.28303715116474  5.820747144727863
7.61  7.294449502985835  5.907190210566996
7.62  7.304475445325513  5.9904632086395555
7.63  7.3131125457784725  6.07052066597327
7.640000000000001  7.320358629382736  6.147318812835485
7.65  7.326211779394211  6.220815606689336
7.66  7.3306703380190354  6.290970755286766
7.67  7.333732907103273  6.357745738886269
7.68  7.335398348779613  6.421103831583801
7.69  7.335665786070656  6.481010121745496
7.7  7.334534603448434  6.537431531531048
7.71  7.332004447349766  6.590336835497235
7.72  7.328075226647115  6.639696678270992
7.73  7.322747113074554  6.68548359128211
7.74  7.316020541608479  6.72767200854573
7.75  7.30789621080275  6.766238281485402
7.76  7.298375083077864  6.801160692787461
7.7700000000000005  7.287458384963866  6.832419469278211
7.78  7.2751476072966295  6.859996793815442
7.79  7.261444505367179  6.883876816186441
7.8  7.246351099023769  6.904045663004766
7.8100000000000005  7.229869672726342  6.920491446598624
7.82  7.212002775553131  6.933204272884014
7.83  7.192753221159036  6.9421762482161355
7.84  7.172124087685532  6.94740148521304
7.8500000000000005  7.150118717621813  6.948876107545849
7.86  7.126740717616882  6.946598253690316
7.87  7.101993958242343  6.940568079634889
7.88  7.075882573705601  6.930787760540908
7.890000000000001  7.048410961513279  6.917261491350969
7.9  7.019583782084589  6.89999548634193
7.91  6.989405958314359  6.878997977619549
7.92  6.957882675085631  6.854279212552124
7.930000000000001  6.925019378731533  6.8258514501410295
7.94  6.89082177644624  6.793728956326541
7.95  6.855295835644824  6.7579279982277285
7.96  6.818447783271897  6.718466837315873
7.97  6.780284105058798  6.6753657215211835
7.98  6.74081154472917  6.628646876273222
7.99  6.700037103152904  6.578334494475984
8.0  6.657968037448166  6.5244547254189555
8.01  6.614611860031495  6.467035662626277
8.02  6.569976337615857  6.406107330646422
8.03  6.5240694901565615  6.3417016707855725
8.040000000000001  6.476899589744905  6.273852525788257
8.05  6.428475159449643  6.202595623469662
8.06  6.378804972105993  6.127968559304108
8.07  6.32789804905243  6.050010777975498
8.08  6.2757636588149905  5.968763553895447
8.09  6.222411315739257  5.884269970695826
8.1  6.1678507785699965  5.796574899702896
8.11  6.112092048978369  5.705724977400889
8.120000000000001  6.055145370036922  5.611768581893448
8.13  5.997021224642346  5.514755808372078
8.14  5.937730333885982  5.414738443601195
8.15  5.877283655372325  5.311769939430165
8.16  5.815692381485513  5.205905385343372
8.17  5.752967937604033  5.0972014800598044
8.18  5.689121980263594  4.9857165021944745
8.19  5.624166395268551  4.871510279994527
8.2  5.558113295751917  4.754644160163595
8.21  5.490975020184106  4.635180975788496
8.22  5.422764130330845  4.513185013383337
8.23  5.353493409160105  4.388721979065878
8.24  5.283175858698735  4.261858963883015
8.25  5.2118246978386376  4.1326644083015065
8.26  5.13945336009309  4.001208065881537
8.27  5.0660754913033585  3.8675609661510175
8.28  4.991704947295846  3.7317953766992416
8.290000000000001  4.916355791490337  3.5939847645090404
8.3  4.840042292459449  3.454203756547373
8.31  4.76277892143982  3.312528099634536
8.32  4.684580349795334  3.169034619613118
8.33  4.605461446432862  3.023801179838334
8.34  4.525437275170942  2.876906639011737
8.35  4.444523092061704  2.7284308083810447
8.36  4.362734342666793  2.5784544083293652
8.370000000000001  4.280086659287417  2.427059024377536
8.38  4.196595858149462  2.274327062623997
8.39  4.112277936543676  2.1203417046466804
8.4  4.027149069921977  1.9651868618927428
8.41  3.9412256089501922  1.808947129581254
8.42  3.854524076517741  1.6517077401456495
8.43  3.767061164705177  1.4935545162422392
8.44  3.678853731709854  1.3345738233519875
8.45  3.589918798730677  1.1748525220030452
8.46  3.5002735468124637  1.014477919641852
8.47  3.4099353136505934  0.8535377221811994
8.48  3.3189215903567555  0.6921199852535742
8.49  3.2272500181864165  0.5303130651988335
8.5  3.1349383852289745  0.3682055698155047
8.51  3.0420046230610938  0.2058863089049825
8.52  2.9484668033642816  0.04344424463846707
8.53  2.8543431345074732  -0.11903155822344061
8.540000000000001  2.759651958095303  -0.28145198222831325
8.55  2.664411745483326  -0.44372790721618877
8.56  2.568641094260556  -0.6057702603604367
8.57  2.4723587247008467  -0.7674900662339614
8.58  2.3755834761835346  -0.9287984968707064
8.59  2.278334303584693  -1.0896069217910314
8.6  2.1806302736398506  -1.2498269579604668
8.61  2.0824905612791285  -1.4093705196508102
8.620000000000001  1.9839344459360166  -1.5681498681726962
8.63  1.8849813078308764  -1.7260776614486446
8.64  1.7856506242300165  -1.883067003396105
8.65  1.6859619656818017  -2.0390314930893045
8.66  1.585934992230831  -2.193885273669483
8.67  1.4855894496114304  -2.3475430809732165
8.68  1.38494516542153  -2.4999202918480465
8.69  1.284022045278455  -2.650932972125592
8.700000000000001  1.1828400689577674  -2.8004979242220998
8.71  1.081419286516551  -2.948532734336599
8.72  0.9797798144023477  -3.094955819217573
8.73  0.8779418315494909  -3.239686472468553
8.74  0.7759255754640352  -3.3826449103640144
8.75  0.6737513382987356  -3.523752317147284
8.76  0.5714394629198131  -3.6629308897819057
8.77  0.46901033896699035  -3.8001038821290796
8.78  0.3664843989082779  -3.9351956485237
8.790000000000001  0.2638821140915124  -4.068131686722187
8.8  0.16122399079404026  -4.198838680195559
8.81  0.05853056627256456  -4.327244539742119
8.82  -0.044177595185155336  -4.453278444393973
8.83  -0.14687990620470248  -4.576870881592644
8.84  -0.24955576026358742  -4.6979536866096305
8.85  -0.35218453562211977  -4.816460081187795
8.86  -0.4547455992441095  -4.932324711380644
8.870000000000001  -0.5572183107056389  -5.045483684566887
8.88  -0.6595820260890985  -5.155874605618235
8.89  -0.7618161018607372  -5.263436612199405
8.9  -0.8638998987286401  -5.368110409179369
8.91  -0.9658127854789025  -5.4698383021341925
8.92  -1.0675341427873388  -5.568564229922019
8.93  -1.169043367003613  -5.664233796311913
8.94  -1.2703198739052184  -5.756794300648482
8.950000000000001  -1.3713431024179104  -5.8461947675354615
8.96  -1.4720925182994022  -5.932385975521769
8.97  -1.5725476177832256  -6.0153204847748
8.98  -1.6726879311785765  -6.094952663725858
8.99  -1.772493026422965  -6.171238714674094
9.0  -1.8719425125831557  -6.244136698335596
9.01  -1.971016043300575  -6.3136065573255635
9.02  -2.0696933201763823  -6.379610138561838
9.03  -2.167954096091547  -6.442111214579322
9.040000000000001  -2.265778178457005  -6.501075503745473
9.05  -2.3631454323881034  -6.5564706893679014
9.06  -2.4600357837981233  -6.608266437686175
9.07  -2.5564292224041556  -6.6564344147405015
9.08  -2.652305804639057  -6.700948302111201
9.09  -2.747645656462427  -6.741783811523491
9.1  -2.8424289760627386  -6.778918698313328
9.11  -2.936636036442788  -6.812332773750661
9.120000000000001  -3.0302471878793518  -6.842007916217679
9.13  -3.1232428602475752  -6.867928081240413
9.14  -3.215603565200095  -6.890079310373198
9.15  -3.3073098981891786  -6.908449738936313
9.16  -3.3983425403203222  -6.923029602608294
9.17  -3.4886822600236775  -6.933811242875382
9.18  -3.5783099145293447  -6.940789111341666
9.19  -3.6672064511305753  -6.943959772904566
9.200000000000001  -3.7553529082179398  -6.943321907801412
9.21  -3.842730416065764  -6.938876312534145
9.22  -3.9293201973502296  -6.9306258996801935
9.23  -4.0151035673767215  -6.918575696599089
9.24  -4.100061933991465  -6.902732843045465
9.25  -4.184176797150421  -6.883106587700649
9.26  -4.267429748115055  -6.859708283636455
9.27  -4.349802468241793  -6.832551382726289
9.28  -4.431276727328364  -6.8016514290204455
9.290000000000001  -4.511834381475947  -6.767026051104138
9.3  -4.59145737042173  -6.728694953458802
9.31  -4.67012771429145  -6.686679906849141
9.32  -4.747827509715277  -6.641004737760814
9.33  -4.824538925244117  -6.59169531691591
9.34  -4.900244195995819  -6.538779546896219
9.35  -4.974925617452321  -6.4822873489071835
9.36  -5.048565538318768  -6.422250648718675
9.370000000000001  -5.121146352344804  -6.358703361822576
9.38  -5.192650488995326  -6.291681377851183
9.39  -5.263060402843517  -6.22122254430492
9.4  -5.33235856154186  -6.147366649643513
9.41  -5.400527432207809  -6.0701554058002944
9.42  -5.467549466038306  -5.989632430186397
9.43  -5.533407080941283  -5.905843227259348
9.44  -5.598082641942396  -5.818835169739253
9.450000000000001  -5.661558439090357  -5.72865747956661
9.46  -5.723816662543064  -5.635361208707292
9.47  -5.7848393744697  -5.538999219924256
9.48  -5.844608477347263  -5.439626167652044
9.49  -5.903105678164999  -5.337298479128798
9.5  -5.960312447972108  -5.232074335963102
9.51  -6.01620997611258  -5.12401365633922
9.52  -6.070779118382176  -5.013178078095715
9.53  -6.124000338212601  -4.899630942949162
9.540000000000001  -6.175853639833324  -4.783437282179569
9.55  -6.226318492175232  -4.664663804146741
9.56  -6.275373742057075  -4.543378884070551
9.57  -6.322997514924761  -4.4196525565857625
9.58  -6.369167101085987  -4.2935565116748515
9.59  -6.413858824982804  -4.165164094696508
9.6  -6.457047894555355  -4.03455031136672
9.61  -6.498708227148775  -3.901791838720748
9.620000000000001  -6.53881224767166  -3.7669670432956024
9.63  -6.5773306537915985  -3.630156008036265
9.64  -6.6142321418008585  -3.4914405697561195
9.65  -6.649483085337916  -3.350904369395423
9.66  -6.683047157323482  -3.2086329178415975
9.67  -6.714884883146587  -3.0647136807376674
9.68  -6.744953110165779  -2.919236186552276
9.69  -6.773204374763204  -2.772292163276596
9.700000000000001  -6.799586143224282  -2.6239757105302686
9.71  -6.824039896222686  -2.474383515713449
9.72  -6.846500018130261  -2.3236151252866466
9.73  -6.866892440986729  -2.1717732855159007
9.74  -6.885132977681004  -2.0189643713918715
9.75  -6.901125258175177  -1.8652989283633137
9.76  -6.91475815420854  -1.7108923596590693
9.77  -6.925902538566043  -1.5558658032549988
9.78  -6.934407169781397  -1.4003472583856107
9.790000000000001  -6.9400934146480795  -1.2444730440446516
9.8  -6.942748407713546  -1.0883897044646573
9.81  -6.942116081151162  -0.9322565242798114
9.82  -6.9378852515047695  -0.7762488872288031
9.83  -6.929673575290798  -0.6205628203256403
9.84  -6.917005605851456  -0.4654212329320657
9.85  -6.899282266862224  -0.3110826256284574
9.86  -6.875737571292595  -0.1578534749634474
9.870000000000001  -6.845375938468282  -0.006106219915655354
9.88  -6.806879211115755  0.14369398543679235
9.89  -6.758464925803908  0.2909483825777738
9.9  -6.697663464155484  0.43486012845305705
9.91  -6.620954884099488  0.5743288713028327
9.92  -6.523151936424532  0.7077709624835798
9.93  -6.396299538954573  0.8327972698799717
9.94  -6.227595743084143  0.9456009077463307
9.950000000000001  -5.995189500726002  1.0397097988544757
9.96  -5.658999225568945  1.103229714902268
9.97  -5.138960976450677  1.1121912496469333
9.98  -4.261318129089158  1.0135151479696964
9.99  -2.6579769415799728  0.6889591238835079
10.0  -1.1593099580001527e-13  3.252036266130815e-14
