0.0  1.0490598000102642  1.4300528542429933
0.01  1.0488439223661539  1.444740326087561
0.02  1.046157506026718  1.4587088234715284
0.03  1.04100841079126  1.4718520199495089
0.04  1.0334106859543573  1.4840644325129837
0.05  1.0233845325443567  1.4952417214986815
0.06  1.0109562501410858  1.5052809881087021
0.07  0.9961581684078584  1.5140810687795085
0.08  0.9790285635110982  1.5215428256446124
0.09  0.959611559638704  1.5275694323454585
0.1  0.9379570158655597  1.5320666544564938
0.11  0.9141203986512393  1.5349431238037738
0.12  0.8881626402909024  1.536110605971632
0.13  0.8601499836755025  1.535484260308872
0.14  0.8301538137516832  1.532982891764623
0.15  0.7982504761049916  1.5285291939043582
0.16  0.7645210831222532  1.5220499824785616
0.17  0.7290513082200111  1.513476418940117
0.18  0.6919311686557772  1.5027442233315715
0.19  0.6532547974673979  1.489793875989979
0.2  0.6131202051130228  1.474570807544981
0.21  0.5716290314099183  1.4570255767150302
0.22  0.5288862883946264  1.4371140354371765
0.23  0.48500009474966843  1.414797480897528
0.24  0.44008140246308103  1.3900427940622517
0.25  0.39424371640648426  1.362822564342782
0.26  0.3476028075350933  1.3331152000636057
0.27  0.30027642042901737  1.3009050244365397
0.28  0.2523839759093408  1.2661823567817156
0.29  0.2040462694747855  1.2289435787724496
0.3  0.155385166315194  1.1891911855186865
0.31  0.10652329366662916  1.1469338213417153
0.32  0.05758373127951248  1.102186300131216
0.33  0.008689700775940237  1.054969610214363
0.34  -0.040035745324924876  1.0053109037055363
0.35000000000000003  -0.08847003413367074  0.953243470344133
0.36  -0.13649138169107874  0.8988066958668759
0.37  -0.1839791002666962  0.8420460049998326
0.38  -0.2308139028850525  0.7830127891939599
0.39  -0.2768782043160043  0.72176431926629
0.4  -0.32205641777452626  0.658363643146787
0.41000000000000003  -0.3662352465860407  0.592879468968309
0.42  -0.40930397008596126  0.5253860337739451
0.43  -0.45115472303658866  0.45596295815213916
0.44  -0.49168276786070775  0.3846950871454061
0.45  -0.5307867590092306  0.31167231781296034
0.46  -0.5683689987999252  0.23698941386115457
0.47000000000000003  -0.6043356840856069  0.16074580778819914
0.48  -0.6385971431331441  0.08304539102105069
0.49  -0.6710680621191165  0.003996292552632119
0.5  -0.7016677006739671  -0.07628935338346421
0.51  -0.7303200959338972  -0.1576956500359915
0.52  -0.7569542545885174  -0.24010319066572405
0.53  -0.7815043324423139  -0.3233893202659625
0.54  -0.8039098010392484  -0.4074284058347887
0.55  -0.8241156009321808  -0.4920921145383485
0.56  -0.8420722812122357  -0.5772496990844259
0.5700000000000001  -0.8577361249476234  -0.6627682896072535
0.58  -0.8710692602166987  -0.7485131913479702
0.59  -0.882039756456085  -0.8343481874003174
0.6  -0.8906217058814612  -0.9201358457782186
0.61  -0.896795289775962  -1.0057378300507926
0.62  -0.9005468294790241  -1.091015212781104
0.63  -0.9018688219468021  -1.1758287909976428
0.64  -0.9007599597939002  -1.2600394029221382
0.65  -0.8972251357650078  -1.3435082451738223
0.66  -0.8912754316240035  -1.426097189668799
0.67  -0.882928091487099  -1.5076690994335353
0.68  -0.8722064796655328  -1.58808814255396
0.6900000000000001  -0.8591400231221065  -1.6672201034859147
0.7000000000000001  -0.8437641386843675  -1.744932690959011
0.71  -0.8261201451954164  -1.8210958417140997
0.72  -0.8062551608210102  -1.8955820193246518
0.73  -0.7842219857688154  -1.9682665073642838
0.74  -0.7600789707121798  -2.0390276961964697
0.75  -0.733889871246589  -2.1077473626780625
0.76  -0.7057236887419513  -2.1743109420856337
0.77  -0.6756544979879258  -2.2386077915927154
0.78  -0.6437612620625797  -2.300531444646823
0.79  -0.6101276348866642  -2.359979855617524
0.8  -0.5748417519566473  -2.4168556341107887
0.81  -0.5379960097792512  -2.471066268370354
0.8200000000000001  -0.4996868345585586  -2.5225243372137354
0.8300000000000001  -0.4600144407136631  -2.5711477099788786
0.84  -0.419082579830354  -2.616859733987006
0.85  -0.37699828067427743  -2.659589409058116
0.86  -0.33387158091543906  -2.6992715486475873
0.87  -0.28981525123469654  -2.7358469272054484
0.88  -0.24494451250199614  -2.769262413393942
0.89  -0.19937674673350114  -2.799471088834051
0.9  -0.15323120255035838  -2.8264323520874566
0.91  -0.10662869587568893  -2.8501120076169673
0.92  -0.05969130661833058  -2.8704823395056716
0.93  -0.012542072101978635  -2.8875221697528146
0.9400000000000001  0.03469532199344786  -2.901216901002636
0.9500000000000001  0.08189685240507286  -2.91155854360094
0.96  0.12893846999749842  -2.918545726913057
0.97  0.17569641163051836  -2.9221836948758377
0.98  0.22204751140376772  -2.922484285795395
0.99  0.26786951049945124  -2.9194658964413907
1.0  0.31304136484775125  -2.913153430527554
1.01  0.35744354984486437  -2.903578231706865
1.02  0.4009583613609494  -2.890778001248182
1.03  0.4434702122844615  -2.874796700599109
1.04  0.4848659238604462  -2.8556844390773306
1.05  0.5250350110933288  -2.8334973469695273
1.06  0.5638699614994886  -2.808297434353131
1.07  0.6012665065114879  -2.7801524359915937
1.08  0.6371238848541364  -2.7491356426883184
1.09  0.6713450972325575  -2.7153257195179803
1.1  0.7038371516941098  -2.6788065113864663
1.11  0.7345112990492526  -2.6396668364020255
1.12  0.7632832577612437  -2.5980002675704497
1.1300000000000001  0.7900734277408333  -2.553904903355944
1.1400000000000001  0.8148070925097801  -2.5074831276769665
1.1500000000000001  0.8374146092260523  -2.4588413599324
1.16  0.8578315860938635  -2.4080897956780922
1.17  0.8759990467131664  -2.3553421385968942
1.18  0.8918635809558316  -2.3007153244268523
1.19  0.9053774819893711  -2.244329237532011
1.2  0.9164988691036393  -2.1863064208184526
1.21  0.925191796031388  -2.1267717797145878
1.22  0.9314263444897694  -2.0658522809492617
1.23  0.9351787027067773  -2.0036766468740708
1.24  0.9364312287341098  -1.9403750460871148
1.25  0.9351724983859242  -1.876078781124472
1.26  0.9313973376813447  -1.8109199739927702
1.27  0.9251068397072822  -1.745031250321396
1.28  0.9163083658570345  -1.6785454229161256
1.29  0.9050155314391537  -1.611595175497241
1.3  0.8912481756901054  -1.544312747404506
1.31  0.8750323162631973  -1.4768296200487994
1.32  0.8564000883050313  -1.4092762058855905
1.33  0.8353896682692259  -1.3417815406789573
1.34  0.8120451826552906  -1.2744729798164567
1.35  0.7864166018981803  -1.2074758994248045
1.36  0.7585596196711625  -1.1409134030241685
1.37  0.7285355179010663  -1.0749060344448542
1.3800000000000001  0.6964110178306755  -1.0095714977143149
1.3900000000000001  0.6622581174978946  -0.9450243846048608
1.4000000000000001  0.6261539160352508  -0.8813759105131049
1.41  0.5881804252262197  -0.8187336593212009
1.42  0.5484243687867161  -0.7572013378673392
1.43  0.5069769698707614  -0.6968785406287832
1.44  0.46393372732875415  -0.6378605251950554
1.45  0.41939418127489514  -0.5802379990817838
1.46  0.3734616685470329  -0.5240969184072221
1.47  0.326243068667446  -0.46951829892368535
1.48  0.27784854093684647  -0.41657803986512243
1.49  0.22839125331603466  -0.3653467610398984
1.5  0.1779871037701664  -0.3158896535646232
1.51  0.1267544347694604  -0.26826634460066856
1.52  0.07481374165726343  -0.22253077641988395
1.53  0.022287375611742016  -0.17873110009011195
1.54  -0.03070075805900202  -0.13690958403446163
1.55  -0.08402550553693579  -0.09710253768101373
1.56  -0.13756077326793315  -0.05934025038182045
1.57  -0.1911798391202809  -0.02364694574181614
1.58  -0.24475566515271216  0.009959248540352683
1.59  -0.2981612112127551  0.041466315256441844
1.6  -0.3512697485841171  0.07086834667349828
1.61  -0.40395517290166183  0.09816552793445532
1.62  -0.45609231555434093  0.12336410492838501
1.6300000000000001  -0.507557252800203  0.14647633672320848
1.6400000000000001  -0.55822761182329  0.16752043269235395
1.6500000000000001  -0.6079828729698147  0.18652047450515685
1.6600000000000001  -0.6567046674106023  0.2035063231886567
1.67  -0.7042770694880736  0.2185135115058484
1.68  -0.7505868830194109  0.2315831219321739
1.69  -0.7955239208425073  0.24276165054807708
1.7  -0.8389812769082519  0.2521008572006911
1.71  -0.8808555902411997  0.2596576023220968
1.72  -0.9210473001110414  0.26549367082495107
1.73  -0.9594608917791554  0.2696755835286204
1.74  -0.996005132208051  0.27227439660016584
1.75  -1.0305932951465853  0.27336548952446904
1.76  -1.063143375030285  0.27302834214651606
1.77  -1.093578289164072  0.27134630135614524
1.78  -1.1218260676838918  0.26840633801149866
1.79  -1.1478200308242383  0.26429879472181095
1.8  -1.171498953050282  0.2591171251329899
1.81  -1.1928072136460304  0.25295762538075994
1.82  -1.2116949333838014  0.2459191583956129
1.83  -1.2281180969349883  0.23810287176174866
1.84  -1.2420386607176859  0.22961190984826974
1.85  -1.253424645913102  0.22055112094518375
1.86  -1.2622502164196745  0.21102676014923213
1.87  -1.268495741551404  0.2011461887552239
1.8800000000000001  -1.2721478433249935  0.19101757091717114
1.8900000000000001  -1.2731994282188324  0.18074956835041875
1.9000000000000001  -1.2716497033256158  0.17045103385076713
1.9100000000000001  -1.2675041768593374  0.1602307044095143
1.92  -1.2607746430164324  0.15019689470437245
1.93  -1.2514791512298864  0.14045719174515225
1.94  -1.2396419598940782  0.13111815145027805
1.95  -1.225293474676859  0.12228499792522235
1.96  -1.2084701715738482  0.11406132620725579
1.97  -1.1892145048979708  0.10654880923209847
1.98  -1.1675748004348614  0.09984690976750721
1.99  -1.143605134031782  0.094052598046383
2.0  -1.1173651959239972  0.08926007581757989
2.0100000000000002  -1.0889201411381897  0.08556050751662958
2.02  -1.0583404263471752  0.0830417592406042
2.0300000000000002  -1.0257016335839992  0.08178814619187913
2.04  -0.9910842812562888  0.08188018923421947
2.05  -0.9545736229333309  0.08339438118182696
2.06  -0.9162594344089701  0.08640296341759535
2.07  -0.8762357895725019  0.09097371341081173
2.08  -0.8346008256477536  0.09716974367738307
2.09  -0.791456498387016  0.10504931269683881
2.1  -0.7469083278314854  0.11466564827044634
2.11  -0.7010651352734641  0.12606678377359803
2.12  -0.6540387720773944  0.13929540772328386
2.13  -0.6059438410371882  0.1543887270480644
2.14  -0.5568974109657566  0.17137834441367183
2.15  -0.5070187252296893  0.19029014992205984
2.16  -0.4564289049568532  0.21114422746574457
2.17  -0.40525064765817614  0.2339547759824988
2.18  -0.35360792201606284  0.25873004581815273
2.19  -0.3016256596015687  0.2854722903672908
2.2  -0.24942944428993233  0.31417773312346775
2.21  -0.19714520014987458  0.34483655023175064
2.22  -0.14489887858571449  0.37743286859770275
2.23  -0.09281614551323342  0.4119447795677681
2.24  -0.04102206935001823  0.4483443681570537
2.25  0.010359189401035085  0.48659775776146197
2.2600000000000002  0.06120468620049627  0.5266651702523384
2.27  0.11139299738477265  0.5685010013131236
2.2800000000000002  0.1608045211814111  0.6120539108393782
2.29  0.20932177407633654  0.6572669281856254
2.3000000000000003  0.2568296817938738  0.7040775720053141
2.31  0.30321586416370383  0.7524179843934573
2.32  0.34837091316450564  0.8022150790057445
2.33  0.3921886634508969  0.8533907027926585
2.34  0.4345664546892949  0.9058618109530855
2.35  0.47540538504879815  0.9595406546786424
2.36  0.5146105552153061  1.0143349812277451
2.37  0.5520913023209209  1.0701482458375997
2.38  0.587761423205829  1.1268798349523523
2.39  0.6215393864566955  1.1844253002173757
2.4  0.6533485326935485  1.2426766026623306
2.41  0.6831172626067356  1.3015223664702973
2.42  0.7107792122760135  1.3608481417057896
2.43  0.7362734153358161  1.4205366753521895
2.44  0.7595444515835537  1.48046818998793
2.45  0.7805425816618076  1.540520669411655
2.46  0.7992238674800617  1.6005701505088636
2.47  0.8155502780773509  1.6604910206368733
2.48  0.8294897806635919  1.7201563197908238
2.49  0.8410164166144687  1.7794380468013877
2.5  0.8501103622323659  1.8382074688044592
2.5100000000000002  0.8567579741239739  1.896335433214818
2.52  0.8609518190836463  1.9536926814291575
2.5300000000000002  0.8626906884103647  2.010150163479459
2.54  0.8619795966250916  2.0655793528549475
2.5500000000000003  0.8588297645943046  2.1198525607103993
2.56  0.8532585871045193  2.1728432486796274
2.57  0.8452895849714708  2.2244263395165236
2.58  0.8349523418063258  2.2744785247909496
2.59  0.8222824255996418  2.322878568874068
2.6  0.8073212953217637  2.3695076084567
2.61  0.79011619277582  2.414249446855149
2.62  0.7707200199763344  2.456990842371826
2.63  0.7491912023626903  2.497621789992487
2.64  0.7255935381920451  2.536035795718464
2.65  0.6999960344909335  2.572130142850201
2.66  0.6724727299782776  2.605806149558533
2.67  0.6431025054052194  2.6369694171013993
2.68  0.6119688817885349  2.66553006806701
2.69  0.5791598070447325  2.6914029740490055
2.7  0.5447674315608602  2.7145079721853875
2.71  0.5088878732657566  2.7347700700204998
2.72  0.4716209727916675  2.7521196381783026
2.73  0.43307003934094324  2.76649259036534
2.74  0.39334158789573886  2.7778305502532046
2.75  0.3525450684302904  2.786081004822815
2.7600000000000002  0.3107925878052658  2.791197443786398
2.77  0.2681986250420427  2.7931394847375546
2.7800000000000002  0.2248797406912041  2.7918729837151908
2.79  0.18095428102439412  2.7873701309032795
2.8000000000000003  0.1365420777914515  2.779609531225252
2.81  0.09176414429600233  2.7685762696293166
2.82  0.04674236855162439  2.7542619608989574
2.83  0.0015992042882084917  2.7366647838612557
2.84  -0.04354263941667577  2.715789499904382
2.85  -0.08856050910313878  2.6916474557545387
2.86  -0.13333211771128672  2.664256570501661
2.87  -0.17773585440129736  2.633641306902277
2.88  -0.22165109263439092  2.5998326270269274
2.89  -0.26495849574235564  2.562867932358352
2.9  -0.30754031921940034  2.52279098848526
2.91  -0.3492807089785841  2.4796518345746623
2.92  -0.3900659948249532  2.4335066778435266
2.93  -0.4297849784097087  2.3844177732876566
2.94  -0.46832921494342383  2.3324532889623475
2.95  -0.5055932879620824  2.2776871571450283
2.96  -0.5414750764570198  2.2201989117452614
2.97  -0.5758760136990682  2.1600735123614005
2.98  -0.6087013371079524  2.0974011554163914
2.99  -0.6398603285404524  2.03227707283709
3.0  -0.6692665443948105  1.964801318772465
3.0100000000000002  -0.696838034954421  1.8950785448754344
3.02  -0.7224975524207203  1.8232177647016217
3.0300000000000002  -0.7461727471135902  1.7493321078049826
3.04  -0.767796351347144  1.6735385641359395
3.0500000000000003  -0.787306350519719  1.5959577193713648
3.06  -0.80464614098879  1.5167134818284245
3.0700000000000003  -0.8197646743347494  1.4359328016346897
3.08  -0.8326165876514493  1.3537453828463502
3.09  -0.8431623195364797  1.2702833892233958
3.1  -0.8513682114899084  1.1856811443864181
3.11  -0.8572065944667624  1.1000748270933647
3.12  -0.8606558603657017  1.0136021623864295
3.13  -0.8617005182740355  0.9264021093694926
3.14  -0.8603312353274177  0.8386145463844339
3.15  -0.85654486208106  0.750379954361147
3.16  -0.8503444423280866  0.6618390991200636
3.17  -0.8417392073396017  0.573132713408707
3.18  -0.8307445545400256  0.4844011794538488
3.19  -0.8173820106702487  0.3957842128095909
3.2  -0.8016791795299725  0.30742054827799215
3.21  -0.7836696744292344  0.21944762867358092
3.22  -0.7633930355173856  0.13200129719560233
3.23  -0.7408946321956709  0.04521549416276488
3.24  -0.7162255508568947  -0.04077804114610928
3.25  -0.6894424682324458  -0.12585006281484856
3.2600000000000002  -0.6606075106628926  -0.20987410406056034
3.27  -0.6297880996437725  -0.2927267557528226
3.2800000000000002  -0.5970567840324095  -0.3742879370008241
3.29  -0.5624910593351178  -0.45444115714756006
3.3000000000000003  -0.5261731745264492  -0.5330737685321514
3.31  -0.48818992688342644  -0.6100772094043783
3.3200000000000003  -0.44863244534765967  -0.6853472364005433
3.33  -0.4075959629570585  -0.7587841460158926
3.34  -0.36517957891618136  -0.8302929845366398
3.35  -0.32148601090030116  -0.8997837459235075
3.36  -0.27662133821264484  -0.9671715571691581
3.37  -0.23069473643729468  -1.032376850683217
3.38  -0.18381820425150386  -1.095325523291222
3.39  -0.13610628308084352  -1.1559490814674873
3.4  -0.08767577029861726  -1.2141847724562753
3.41  -0.038645426687067275  -1.2699757009712869
3.42  0.010864321107578956  -1.3232709311994464
3.43  0.06073168238167062  -1.3740255738719447
3.44  0.11083380768700049  -1.4222008582028727
3.45  0.16104709688588498  -1.4677641885337596
3.46  0.21124750917736615  -1.5106891855605533
3.47  0.26131087431858385  -1.5509557120583521
3.48  0.31111320426219025  -1.5885498830578753
3.49  0.36053100442967945  -1.6234640604666903
3.5  0.4094415838412315  -1.6556968321671204
3.5100000000000002  0.4577233633256928  -1.6852529756616303
3.52  0.5052561810387385  -1.7121434063751042
3.5300000000000002  0.551921594524252  -1.7363851107619173
3.54  0.5976031785623188  -1.7580010644035955
3.5500000000000003  0.642186818057833  -1.7770201353204715
3.56  0.6855609952359611  -1.7934769727576911
3.5700000000000003  0.7276170704250045  -1.807411881742235
3.58  0.7682495557230604  -1.818870683743131
3.59  0.807356380862711  -1.8279045638018476
3.6  0.8448391506073345  -1.8345699045335748
3.61  0.8806033930338613  -1.8389281074328543
3.62  0.9145587980794279  -1.8410454019488336
3.63  0.9466194457537338  -1.840992642825762
3.64  0.9767040234446823  -1.8388450962337721
3.65  1.004736031772075  -1.8346822152428344
3.66  1.0306439784727774  -1.8285874052193436
3.67  1.0543615598305838  -1.8206477797499196
3.68  1.075827829195145  -1.8109539077205743
3.69  1.0949873521665416  -1.7995995522013286
3.7  1.1117903480553943  -1.7866814018068211
3.71  1.1261928172626445  -1.772298795222065
3.72  1.1381566542583519  -1.7565534395994258
3.73  1.1476497458747679  -1.7395491235481357
3.74  1.1546460546656645  -1.7213914254509235
3.75  1.1591256871211626  -1.7021874178539846
3.7600000000000002  1.161074946565182  -1.6820453686859163
3.77  1.1604863706008406  -1.6610744400692665
3.7800000000000002  1.157358753007778  -1.639384385493926
3.79  1.1516971500342035  -1.6170852461255836
3.8000000000000003  1.1435128710654474  -1.5942870470243993
3.81  1.1328234536898572  -1.571099494049038
3.8200000000000003  1.1196526232218302  -1.54763167221923
3.83  1.104030236780646  -1.5239917463061485
3.84  1.0859922120623198  -1.5002866644140869
3.85  1.0655804409799896  -1.4766218653091465
3.86  1.0428426883861195  -1.453100990240995
3.87  1.0178324761271218  -1.4298255999922784
3.88  0.9906089527176363  -1.4068948978768585
3.89  0.9612367489576532  -1.3844054593929185
3.9  0.9297858198508211  -1.3624509692200142
3.91  0.8963312732164763  -1.3411219662304492
3.92  0.8609531854212508  -1.3205055971650164
3.93  0.8237364046882718  -1.300685379601166
3.94  0.7847703424730518  -1.2817409748180264
3.95  0.744148753424968  -1.263747971137681
3.96  0.7019695044818449  -1.2467776782955182
3.97  0.6583343336722178  -1.2308969333645152
3.98  0.6133485992257051  -1.2161679187291017
3.99  0.5671210196160681  -1.202647992573711
4.0  0.5197634051843356  -1.1903895323194762
4.01  0.4713903820102315  -1.1794397914097043
4.0200000000000005  0.4221191087198053  -1.1698407698110818
4.03  0.37206898693465185  -1.161629098562787
4.04  0.3213613660840293  -1.1548359386701605
4.05  0.2701192433154358  -1.1494868946033359
4.0600000000000005  0.21846695925137494  -1.1456019426242743
4.07  0.1665298903504622  -1.1431953741280994
4.08  0.11443413863953202  -1.1422757541467305
4.09  0.062306219590124  -1.1428458951243912
4.1  0.01027274891723913  -1.144902846035976
4.11  -0.041539870918933575  -1.148437896880412
4.12  -0.09300576372682309  -1.1534365985423065
4.13  -0.1439998913325256  -1.1598787979762055
4.14  -0.19439836328693536  -1.1677386886290881
4.15  -0.2440787437587903  -1.1769848759780903
4.16  -0.29292035484857115  -1.1875804580222162
4.17  -0.3408045755669815  -1.1994831205289096
4.18  -0.3876151357325891  -1.212645246798996
4.19  -0.4332384040558672  -1.2270140416767044
4.2  -0.4775636696912671  -1.2425316694953548
4.21  -0.52048341655543  -1.2591354056140496
4.22  -0.561893589727386  -1.2767578011660514
4.23  -0.6016938532666397  -1.295326860606226
4.24  -0.6397878388061543  -1.3147662316122037
4.25  -0.6760833843005107  -1.3349954068626924
4.26  -0.7104927623338477  -1.3559299371860813
4.2700000000000005  -0.7429328974183678  -1.3774816555435523
4.28  -0.773325571741589  -1.399558911283337
4.29  -0.8015976188494099  -1.4220668140765658
4.3  -0.8276811047820383  -1.444907486920445
4.3100000000000005  -0.8515134962112252  -1.4679803275712366
4.32  -0.8730378151596545  -1.4911822777480777
4.33  -0.8922027799168168  -1.5144080994286369
4.34  -0.9089629318000931  -1.5375506575393119
4.3500000000000005  -0.9232787474451605  -1.5605012083263268
4.36  -0.9351167363458912  -1.5831496926792636
4.37  -0.9444495234007483  -1.6053850336657023
4.38  -0.9512559162600491  -1.6270954375245774
4.39  -0.9555209573064607  -1.6481686973568213
4.4  -0.9572359601393724  -1.6684924987444452
4.41  -0.9563985304724962  -1.687954726524052
4.42  -0.9530125713929232  -1.7064437719372794
4.43  -0.9470882729688895  -1.7238488393793197
4.44  -0.9386420862325562  -1.7400602519671022
4.45  -0.9276966816031105  -1.7549697551512242
4.46  -0.9142808918542854  -1.7684708176002097
4.47  -0.8984296397690132  -1.7804589285917816
4.48  -0.8801838506620687  -1.7908318911544272
4.49  -0.8595903499893897  -1.7994901102123817
4.5  -0.8367017462998865  -1.806336874999376
4.51  -0.8115762998221981  -1.8112786350203272
4.5200000000000005  -0.7842777770146465  -1.8142252688557843
4.53  -0.7548752914416852  -1.8150903451214124
4.54  -0.7234431313741957  -1.8137913749140413
4.55  -0.6900605745441823  -1.810250055096585
4.5600000000000005  -0.6548116905164115  -1.804392501796566
4.57  -0.6177851311704187  -1.796149473517226
4.58  -0.579073909815955  -1.7854565832855696
4.59  -0.5387751694933668  -1.772254499288751
4.6000000000000005  -0.4969899410372677  -1.7564891334786847
4.61  -0.4538228915074468  -1.7381118176543826
4.62  -0.40938206361491514  -1.7170794665624096
4.63  -0.36377860679357366  -1.6933547275880738
4.64  -0.3171265005885839  -1.6669061166430503
4.65  -0.26954227105190565  -1.6377081398892421
4.66  -0.2211447008526831  -1.605741400973952
4.67  -0.1720545338259469  -1.5709926934871057
4.68  -0.1223941746968812  -1.5334550783880587
4.69  -0.07228738472989386  -1.4931279461867437
4.7  -0.021858974061956166  -1.4500170637017478
4.71  0.0287655085123057  -1.404134605256089
4.72  0.07946008752965235  -1.3554991682103106
4.73  0.13009867384326063  -1.3041357727712044
4.74  0.18055537782282954  -1.2500758460536248
4.75  0.23070482198867187  -1.1933571904119877
4.76  0.28042245229990437  -1.1340239360971953
4.7700000000000005  0.3295848473204229  -1.0721264783335605
4.78  0.37807002449162525  -1.0077213989492841
4.79  0.42575774274821976  -0.9408713727322154
4.8  0.47252980072249756  -0.8716450587208506
4.8100000000000005  0.518270329793616  -0.8001169766779368
4.82  0.5628660812513677  -0.7263673690309784
4.83  0.6062067068586608  -0.6504820486000078
4.84  0.6481850321133843  -0.5725522324687113
4.8500000000000005  0.6886973215287561  -0.4926743623891817
4.86  0.7276435352711487  -0.41094991214442655
4.87  0.764927576516091  -0.3274851823249981
4.88  0.8004575289062464  -0.24239108300795126
4.89  0.8341458835201467  -0.15578290485599566
4.9  0.8659097547865016  -0.06778007918410367
4.91  0.8956710848067225  0.021494072431898936
4.92  0.9233568355772033  0.11191259840404544
4.93  0.948899168633213  0.20334518661270035
4.94  0.9722356116677233  0.2956584424704165
4.95  0.9933092117110254  0.3887161748990014
4.96  1.0120686744907064  0.4823796895302026
4.97  1.0284684896259693  0.5765080884217151
4.98  1.0424690413458577  0.6709585755644322
4.99  1.0540367044570205  0.7655867674418438
5.0  1.063143925323636  0.8602470078900732
5.01  1.069769287659506  0.9547926864958517
5.0200000000000005  1.0738975629703602  1.0490765597610492
5.03  1.0755197455227627  1.1429510742550262
5.04  1.0746330717547063  1.2362686909712375
5.05  1.0712410240818584  1.328882210101034
5.0600000000000005  1.0653533190924493  1.4206450954365095
5.07  1.0569858801628074  1.5114117976149588
5.08  1.046160794564472  1.6010380754202567
5.09  1.0329062551726136  1.6893813143607923
5.1000000000000005  1.0172564869239404  1.7763008417505086
5.11  0.9992516582104043  1.8616582375278545
5.12  0.9789377774326404  1.945317640057951
5.13  0.9563665749742274  2.027146046175296
5.14  0.9315953708941722  2.1070136047388095
5.15  0.904686928670837  2.1847939029864936
5.16  0.8757092953652649  2.2603642449949604
5.17  0.8447356286058686  2.3336059215683713
5.18  0.8118440108293324  2.4044044709022954
5.19  0.777117251244403  2.47264992939087
5.2  0.7406426760159823  2.5382370719697387
5.21  0.702511907196204  2.6010656414131805
5.22  0.6628206309575004  2.6610405660307985
5.23  0.6216683557091351  2.718072165238034
5.24  0.5791581607041761  2.7720763425043393
5.25  0.5353964357673903  2.8229747652142363
5.26  0.49049261279690604  2.870695031008539
5.2700000000000005  0.44455888971289975  2.915170820206471
5.28  0.3977099475454678  2.956342033943669
5.29  0.35006266137086334  2.9941549176964135
5.3  0.3017358058207671  3.0285621698982523
5.3100000000000005  0.2528497559026828  3.0595230353921523
5.32  0.20352618388124227  3.087003383498617
5.33  0.15388775297998955  3.1109757705181704
5.34  0.1040578086712369  3.131419486524952
5.3500000000000005  0.054160068327415975  3.148320586346978
5.36  0.004318310011488732  3.1616719046675446
5.37  -0.045343938813976026  3.171473055221415
5.38  -0.09470371187914714  3.1777304140986575
5.39  -0.1436389132228291  3.1804570872081057
5.4  -0.19202862405751958  3.179672861991521
5.41  -0.23975340661512617  3.175404143518244
5.42  -0.2866956042122954  3.1676838751286596
5.43  -0.3327396367838816  3.156551443832782
5.44  -0.377772291144463  3.1420525707077935
5.45  -0.42168300525096264  3.1242391865753247
5.46  -0.4643641457546751  3.103169293275341
5.47  -0.505711278147545  3.0789068108890514
5.48  -0.5456234288264197  3.051521411297606
5.49  -0.5840033384189806  3.021088338497063
5.5  -0.6207577057372087  2.9876882161224163
5.51  -0.6557974217475165  2.9514068426649773
5.5200000000000005  -0.6890377929718212  2.912334974897476
5.53  -0.7203987537602592  2.870568100050121
5.54  -0.7498050669041816  2.826206197308295
5.55  -0.7771865120871783  2.7793534892287344
5.5600000000000005  -0.8024780617024134  2.7301181836955504
5.57  -0.8256200435961945  2.6786122070604588
5.58  -0.8465582903304305  2.6249509291329876
5.59  -0.8652442745903532  2.569252880706284
5.6000000000000005  -0.8816352303986497  2.5116394643220303
5.61  -0.895694259832639  2.4522346589943362
5.62  -0.9073904249774664  2.3911647196269
5.63  -0.9166988248852022  2.328557871870497
5.64  -0.9236006573473536  2.2645440031784236
5.65  -0.9280832653262588  2.1992543508266422
5.66  -0.9301401679292819  2.132821187672142
5.67  -0.9297710758484169  2.0653775064282174
5.68  -0.9269818912268072  1.9970567032384055
5.69  -0.9217846919526795  1.9279922613319482
5.7  -0.9141977004201887  1.8583174355429664
5.71  -0.9042452368355448  1.78816493847253
5.72  -0.8919576571855243  1.717666629068452
5.73  -0.8773712760238185  1.6469532043906758
5.74  -0.8605282742687564  1.5761538953218786
5.75  -0.8414765922433932  1.505396166972155
5.76  -0.8202698082259703  1.4348054245147064
5.7700000000000005  -0.7969670028150098  1.3645047251750553
5.78  -0.7716326094488382  1.294614497080497
5.79  -0.7443362514539691  1.2252522656587106
5.8  -0.7151525660305719  1.1565323882552243
5.8100000000000005  -0.68416101561594  1.088565797618153
5.82  -0.651445687098462  1.0214597548760873
5.83  -0.617095079385038  0.955317612610654
5.84  -0.5812018798541192  0.890238588599679
5.8500000000000005  -0.5438627302542954  0.8263175507795885
5.86  -0.5051779826348628  0.7636448139472355
5.87  -0.4652514459197144  0.7023059486914061
5.88  -0.42419012375948123  0.642381603013471
5.89  -0.3821039443184943  0.5839473370641793
5.9  -0.33910548267358426  0.5270734713905619
5.91  -0.29530967652006396  0.47182494905267225
5.92  -0.25083353589716173  0.4182612119347421
5.93  -0.20579584766010306  0.3664360915395106
5.94  -0.16031687543922496  0.31639771451785637
5.95  -0.1145180558379289  0.26818842314869085
5.96  -0.06852169163052194  0.22184471094615787
5.97  -0.02245064272885365  0.17739717353331985
5.98  0.02357198430805759  0.13487047488268145
5.99  0.06942314744320745  0.09428332898540936
6.0  0.11498018022994586  0.0556484969719776
6.01  0.16012110199978785  0.018972799668320217
6.0200000000000005  0.20472492639230394  -0.01574285446754431
6.03  0.2486719674537429  -0.048503426122092685
6.04  0.29184414253715846  -0.07931968674818768
6.05  0.33412527124463276  -0.1082081452026048
6.0600000000000005  0.37540136966213106  -0.135190959607155
6.07  0.4155609391492655  -0.16029583467852737
6.08  0.454495248959799  -0.18355590480860962
6.09  0.4920986119840387  -0.20500960321266715
6.1000000000000005  0.5282686529215481  -0.2247005174979686
6.11  0.5629065682114189  -0.24267723203939973
6.12  0.5959173770679647  -0.258993157581897
6.13  0.6272101629918024  -0.27370634852142145
6.140000000000001  0.6566983051502459  -0.28687930834722863
6.15  0.6842996990460259  -0.2985787837579349
6.16  0.7099369659203134  -0.3088755479921209
6.17  0.7335376503639548  -0.31784417394140685
6.18  0.7550344056404557  -0.3255627976394997
6.19  0.7743651662548537  -0.33211287274473206
6.2  0.7914733073344742  -0.3375789166563021
6.21  0.8063077904206175  -0.34204824892524327
6.22  0.8188232953040202  -0.34561072264047876
6.23  0.8289803375719764  -0.34835844948778116
6.24  0.8367453715705611  -0.3503855191954372
6.25  0.8420908785219712  -0.35178771409414056
6.26  0.8449954395740003  -0.3526622195309914
6.2700000000000005  0.8454437935963899  -0.3531073308877701
6.28  0.8434268795768887  -0.35322215796190953
6.29  0.8389418635083665  -0.35310632747521276
6.3  0.8319921496970727  -0.35285968447991284
6.3100000000000005  0.8225873764611049  -0.3525819934342662
6.32  0.8107433962271444  -0.35237263972051486
6.33  0.7964822400725363  -0.3523303323769301
6.34  0.7798320667986876  -0.3525528088122843
6.3500000000000005  0.7608270966604139  -0.35313654226604146
6.36  0.7395075299142521  -0.35417645277050763
6.37  0.7159194503866769  -0.35576562236213216
6.38  0.6901147143006982  -0.3579950152784131
6.390000000000001  0.6621508246360669  -0.3609532038640597
6.4  0.6320907913346351  -0.3647261008956131
6.41  0.6000029776976544  -0.3693966990173244
6.42  0.5659609333565057  -0.37504481796318323
6.43  0.5300432142318239  -0.38174686022007753
6.44  0.49233318992851877  -0.389575575765686
6.45  0.45291883904577757  -0.398599836491889
6.46  0.41189253291113026  -0.4088844208996302
6.47  0.36935080827687655  -0.42048980962540206
6.48  0.3253941295446321  -0.4334719923320306
6.49  0.2801266411099845  -0.4478822864675318
6.5  0.2336559104440285  -0.46376716836597887
6.51  0.1860926625517489  -0.4811681171329618
6.5200000000000005  0.1375505064687271  -0.500121471725831
6.53  0.08814565447770803  -0.5206583016056158
6.54  0.03799663474463477  -0.5428042913031441
6.55  -0.01277600190947481  -0.5665796392066182
6.5600000000000005  -0.06404998037010184  -0.5919989708419685
6.57  -0.11570160398025228  -0.6190712668806295
6.58  -0.16760606092633404  -0.647799806072124
6.59  -0.21963773349477375  -0.6781821232609689
6.6000000000000005  -0.2716705094282666  -0.7102099826094077
6.61  -0.32357809460526643  -0.7438693661087886
6.62  -0.375234326262703  -0.7791404774238755
6.63  -0.42651348598089567  -0.815997761075428
6.640000000000001  -0.4772906116497828  -0.8544099369275903
6.65  -0.5274418076383167  -0.8943400499078288
6.66  -0.5768445523933079  -0.9357455348486655
6.67  -0.6253780027001713  -0.9785782963019309
6.68  -0.6729232938465072  -1.022784803138486
6.69  -0.7193638349396236  -1.0683061977087946
6.7  -0.7645855986409348  -1.1150784193027392
6.71  -0.8084774045944184  -1.1630323416108945
6.72  -0.8509311958416542  -1.2120939238537654
6.73  -0.8918423075336709  -1.2621843752109332
6.74  -0.9311097272689569  -1.313220332148115
6.75  -0.9686363464078136  -1.3651140482074404
6.76  -1.0043292017357195  -1.417773595794411
6.7700000000000005  -1.0380997068725066  -1.4711030794645548
6.78  -1.0698638728496082  -1.5250028601833683
6.79  -1.0995425173047704  -1.5793697900052925
6.8  -1.127061461771813  -1.6340974565905504
6.8100000000000005  -1.1523517165729582  -1.6890764369538847
6.82  -1.175349652851902  -1.7441945598151765
6.83  -1.1959971613181264  -1.7993371759002206
6.84  -1.2142417973058754  -1.8543874355191157
6.8500000000000005  -1.2300369117855015  -1.9092265727312152
6.86  -1.243341767999895  -1.9637341953884642
6.87  -1.254121643434502  -2.0177885803335087
6.88  -1.2623479168661382  -2.0712669730158155
6.890000000000001  -1.2679981402729248  -2.1240458907770474
6.9  -1.2710560954255075  -2.176001429047437
6.91  -1.2715118350179209  -2.227009569687031
6.92  -1.2693617082350173  -2.276946490699535
6.93  -1.2646083706922302  -2.3256888765426926
6.94  -1.257260778722423  -2.3731142282570548
6.95  -1.2473341680236356  -2.4191011726346456
6.96  -1.2348500167205438  -2.463529769651231
6.97  -1.2198359929313627  -2.5062818173893113
6.98  -1.2023258869705673  -2.547241153684906
6.99  -1.1823595283561326  -2.586293953738777
7.0  -1.159982687827915  -2.6233290229422193
7.01  -1.135246964621218  -2.658238084178987
7.0200000000000005  -1.1082096592763206  -2.690916058878244
7.03  -1.078933632300899  -2.721261341108415
7.04  -1.0474871490374695  -2.749176064018818
7.05  -1.0139437111225564  -2.774566357954348
7.0600000000000005  -0.9783818749575186  -2.7973425995890624
7.07  -0.940885057643625  -2.81741965144614
7.08  -0.9015413308649666  -2.8347170911955324
7.09  -0.8604432032331133  -2.8491594301453977
7.1000000000000005  -0.8176873916360383  -2.860676320370108
7.11  -0.7733745821612454  -2.869202749945547
7.12  -0.7276091811892303  -2.8746792257914704
7.13  -0.6804990572776134  -2.877051943651527
7.140000000000001  -0.6321552744795549  -2.8762729447729374
7.15  -0.5826918177612153  -2.872300258880806
7.16  -0.5322253112027204  -2.8650980330758076
7.17  -0.48087472968524203  -2.8546366463187347
7.18  -0.4287611047828749  -2.840892809200998
7.19  -0.37600722559239447  -2.823849648736595
7.2  -0.3227373352468449  -2.80349677794803
7.21  -0.2690768238692488  -2.7798303500562995
7.22  -0.21515191873197542  -2.7528530971232392
7.23  -0.16108937239399354  -2.7225743530328956
7.24  -0.10701614959328723  -2.6890100607375143
7.25  -0.053059113674845185  -2.6521827637325393
7.26  0.0006552866642420552  -2.6121215817643177
7.2700000000000005  0.054001329531982556  -2.568862170813124
7.28  0.10685433012302348  -2.522446667433157
7.29  0.15909094835148496  -2.4729236175699736
7.3  0.210589493068408  -2.420347890014365
7.3100000000000005  0.26123022210608765  -2.3647805746896697
7.32  0.31089563740161014  -2.3062888660073813
7.33  0.3594707744646516  -2.2449459315626874
7.34  0.4068434854683981  -2.180830766478268
7.3500000000000005  0.4529047152586374  -2.114028033740121
7.36  0.497548769593799  -2.0446278909040387
7.37  0.5406735749479423  -1.9727258035852229
7.38  0.5821809292301374  -1.8984223461763614
7.390000000000001  0.6219767427960761  -1.8218229902712535
7.4  0.659971269152249  -1.7430378813015701
7.41  0.6960793247787802  -1.6621816039236317
7.42  0.730220497524088  -1.5793729367202167
7.43  0.7623193430532575  -1.4947345968087506
7.44  0.7923055688618795  -1.4083929749724668
7.45  0.8201142053980458  -1.3204778619547912
7.46  0.8456857638676503  -1.2311221665789043
7.47  0.8689663803312135  -1.1404616263751606
7.48  0.8899079457348704  -1.0486345114173619
7.49  0.9084682215532638  -0.9557813220860835
7.5  0.9246109407580373  -0.8620444814919833
7.51  0.9383058938623094  -0.7675680233059641
7.5200000000000005  0.9495289998288257  -0.6724972757537535
7.53  0.9582623616672884  -0.5769785425428128
7.54  0.9644943065846474  -0.4811587814963012
7.55  0.9682194105907106  -0.38518528167559496
7.5600000000000005  0.9694385075002976  -0.28920533977557816
7.57  0.9681586823121412  -0.1933659365797028
7.58  0.9643932489837693  -0.097813414260985
7.59  0.9581617126605995  -0.0026931553136777253
7.6000000000000005  0.9494897164563059  0.09185073610416461
7.61  0.938408972920102  0.18567574964270644
7.62  0.9249571803648905  0.27864128028017615
7.63  0.9091779242679456  0.370608935133929
7.640000000000001  0.891120563993197  0.4614428348172579
7.65  0.8708401051207755  0.5510099086104807
7.66  0.8483970577054039  0.6391801827298808
7.67  0.8238572808204546  0.7258270609952076
7.68  0.7972918137786591  0.8108275972152696
7.69  0.7687766944537006  0.8940627586319312
7.7  0.738392765159281  0.9754176797845417
7.71  0.7062254665730807  1.054781906181041
7.72  0.6723646202231065  1.1320496271869618
7.73  0.6369042000823373  1.2071198975703292
7.74  0.5999420938447522  1.2798968471688243
7.75  0.5615798544816514  1.3502898781747112
7.76  0.5219224427014101  1.4182138495639816
7.7700000000000005  0.48107796095842903  1.483589248227882
7.78  0.43915737967823876  1.5463423463981782
7.79  0.39627425638495134  1.6064053449913278
7.8  0.3525444484352103  1.6637165025316851
7.8100000000000005  0.30808582007836455  1.718220249349777
7.82  0.26301794457712907  1.7698672867879122
7.83  0.21746180213486463  1.8186146711829545
7.84  0.1715394743864233  1.864425882433459
7.8500000000000005  0.12537383621779474  1.9072708769968871
7.86  0.07908824568641329  1.9471261252009253
7.87  0.03280623281891787  1.9839746327922565
7.88  -0.013348811934480412  2.0178059466845903
7.890000000000001  -0.05925394880868311  2.0486161449075313
7.9  -0.10478699861649693  2.076407810796592
7.91  -0.14982685064968565  2.1011899915038894
7.92  -0.19425376781728082  2.122978140947792
7.930000000000001  -0.23794968825731674  2.1417940473584904
7.94  -0.28079852266698574  2.1576657456143837
7.95  -0.3226864466069141  2.1706274146019697
7.96  -0.3635021870478998  2.1807192598689933
7.97  -0.40313730244299717  2.1879873818768134
7.98  -0.44148645562394906  2.1924836301938893
7.99  -0.4784476788391055  2.194265444006572
8.0  -0.5139226302695721  2.193395679357779
8.01  -0.5478168413817125  2.189942423556299
8.02  -0.5800399544971734  2.183978797231658
8.03  -0.610505949986047  2.1755827445396476
8.040000000000001  -0.6391333625147959  2.16483681205292
8.05  -0.6658454858080571  2.151827916898967
8.06  -0.6905705654121422  2.1366471047342595
8.07  -0.7132419789781053  2.1193892981682487
8.08  -0.7337984036136409  2.100153036274453
8.09  -0.7521839698852766  2.079040205847776
8.1  -0.7683484020859002  2.0561557650872637
8.11  -0.7822471444170417  2.031607460402133
8.120000000000001  -0.7938414727705214  2.005505537055736
8.13  -0.8030985918302275  1.9779624443769481
8.14  -0.8099917172515482  1.9490925362816989
8.15  -0.8145001427132512  1.9190117678588277
8.16  -0.8166092916746043  1.8878373887835498
8.17  -0.8163107537087558  1.8556876343296405
8.18  -0.8136023053220272  1.822681414756884
8.19  -0.8084879152076268  1.788938003853878
8.2  -0.8009777339212482  1.7545767274182893
8.21  -0.7910880680050423  1.7197166524561172
8.22  -0.7788413386253662  1.6844762778793474
8.23  -0.7642660248284922  1.6489732274774076
8.24  -0.7473965915569993  1.6133239459316133
8.25  -0.7282734026076613  1.5776433986336449
8.26  -0.7069426187494209  1.5420447760595541
8.27  -0.6834560812571406  1.506639203438635
8.28  -0.6578711811533562  1.4715354564430523
8.290000000000001  -0.6302507144860527  1.436839683608702
8.3  -0.6006627240054105  1.4026551361804183
8.31  -0.5691803276365488  1.3690819060558064
8.32  -0.5358815341784051  1.336216672481396
8.33  -0.5008490466907205  1.3041524581323536
8.34  -0.4641700540621329  1.2729783951833813
8.35  -0.4259360112818386  1.2427795019529768
8.36  -0.3862424089655549  1.2136364706763711
8.370000000000001  -0.34518853271356975  1.1856254669344264
8.38  -0.302877212904039  1.1588179412361983
8.39  -0.259414565548505  1.1332804532220184
8.4  -0.21490972485937565  1.1090745089223355
8.41  -0.16947456819946718  1.0862564114742856
8.42  -0.12322343410303446  1.0648771256641343
8.43  -0.07627283407504015  1.0449821566288218
8.44  -0.02874115889088899  1.026611443014049
8.45  0.01925161986714302  1.0097992648499863
8.46  0.06758425228878924  0.9945741663684823
8.47  0.11613451587187448  0.9809588939480188
8.48  0.16477952374926844  0.9689703493345474
8.49  0.2133960346340543  0.9586195582478558
8.5  0.26186076370617933  0.9499116544443094
8.51  0.31005069366112226  0.9428458792679384
8.52  0.35784338514095604  0.9374155966828241
8.53  0.4051172857695642  0.933608323740712
8.540000000000001  0.45175203701721967  0.9314057763990098
8.55  0.49762877812523826  0.9307839305656032
8.56  0.5426304463286384  0.9317130982086472
8.57  0.5866420726239365  0.9341580183315346
8.58  0.6295510723405361  0.9380779625759301
8.59  0.6712475297868373  0.9434268551787987
8.6  0.7116244762571932  0.9501534069733394
8.61  0.7505781607024127  0.9582012630884594
8.620000000000001  0.7880083123846737  0.9675091639667421
8.63  0.8238183948578579  0.9780111192875837
8.64  0.8579158506360862  0.9896365943495989
8.65  0.8902123359361783  1.0023107084349878
8.66  0.9206239449049058  1.0159544446485191
8.67  0.9490714227679952  1.030484870694885
8.68  0.9754803673655347  1.045815370030509
8.69  0.9997814185675695  1.0618558828000872
8.700000000000001  1.021910435093805  1.0785131559431165
8.71  1.0418086582929265  1.0956910018328758
8.72  1.059422862469689  1.1132905647887754
8.73  1.07470549138137  1.131210594783039
8.74  1.0876147805599423  1.1493477276445987
8.75  1.0981148651516923  1.167596771046909
8.76  1.106175873002174  1.1858509955513872
8.77  1.1117740027513408  1.2040024299657799
8.78  1.1148915867411593  1.2219421602657428
8.790000000000001  1.1155171385759586  1.2395606313187393
8.8  1.113645385214192  1.2567479506425216
8.81  1.10927728350892  1.2733941934250768
8.82  1.1024200211532542  1.2893897080296441
8.83  1.0930870020259733  1.3046254212073283
8.84  1.081297815971559  1.3189931422402492
8.85  1.0670781930878204  1.3323858652408078
8.86  1.0504599426330068  1.3446980688373482
8.870000000000001  1.0314808767028247  1.3558260124827595
8.88  1.0101847188658486  1.3656680286309821
8.89  0.9866209979833771  1.3741248100368197
8.9  0.9608449274770101  1.3810996914463902
8.91  0.9329172703434542  1.3864989249596187
8.92  0.9029041902518353  1.3902319483619596
8.93  0.8708770890935981  1.392211645740118
8.94  0.8369124313889074  1.392354599715706
8.950000000000001  0.8010915559864833  1.390581334651708
8.96  0.76350047552553  1.3868165502093424
8.97  0.7242296641589299  1.380989344656797
8.98  0.6833738340665723  1.3730334273570208
8.99  0.6410317013154418  1.3628873198889058
9.0  0.5973057416498648  1.3504945452844384
9.01  0.552301936820649  1.3358038048941667
9.02  0.5061295120853659  1.3187691424244394
9.03  0.4589006655342546  1.299350094721663
9.040000000000001  0.41073028991670835  1.2775118289121843
9.05  0.3617356876620167  1.2532252655406333
9.06  0.3120362798051848  1.2264671873842026
9.07  0.261753309543991  1.1972203336566256
9.08  0.21100954116667842  1.1654734793520136
9.09  0.15992895510163557  1.131221499515743
9.1  0.10863643984993177  1.0944654182675584
9.11  0.057257481569438544  1.055212442440193
9.120000000000001  0.005917852085367423  1.0134759797351227
9.13  -0.04525670389407872  0.9692756413361059
9.14  -0.09614078157635958  0.9226372289599116
9.15  -0.14660962811641576  0.8735927063626888
9.16  -0.19653945310286997  0.822180155359293
9.17  -0.2458077367233264  0.7684437164518487
9.18  -0.2942935348392802  0.7124335142021335
9.19  -0.34187778020893617  0.6542055675207774
9.200000000000001  -0.38844357910557054  0.5938216850841127
9.21  -0.4338765025906682  0.5313493461266068
9.22  -0.47806487171448736  0.46686156689345465
9.23  -0.5209000359314138  0.40043675307426285
9.24  -0.5622766440347723  0.3321585385733209
9.25  -0.6020929069342424  0.262115611006577
9.26  -0.6402508516192305  0.19040152434880853
9.27  -0.6766565656737115  0.11711449918636851
9.28  -0.7112204317314837  0.042357211062280964
9.290000000000001  -0.7438573512858666  -0.033763432569649865
9.3  -0.7744869572944767  -0.11113652623669246
9.31  -0.8030338150475949  -0.1896474106125684
9.32  -0.8294276107978719  -0.2691779263578923
9.33  -0.853603327679805  -0.3496066770134599
9.34  -0.8755014084789038  -0.43080930030081965
9.35  -0.8950679048434237  -0.5126587471636446
9.36  -0.9122546125653398  -0.5950255678641047
9.370000000000001  -0.9270191925919036  -0.6777782044303229
9.38  -0.939325277464816  -0.7607832887350291
9.39  -0.9491425629204172  -0.8439059454717821
9.4  -0.9564468844212026  -0.9270100992818947
9.41  -0.9612202784267119  -1.0099587852753484
9.42  -0.9634510282498402  -1.0926144621801128
9.43  -0.9631336943830981  -1.1748393273474615
9.44  -0.9602691292181196  -1.2564956328362122
9.450000000000001  -0.9548644761206408  -1.3374460017958847
9.46  -0.946933152862243  -1.4175537443677986
9.47  -0.9364948194491486  -1.4966831723244431
9.48  -0.9235753304273605  -1.5746999116699512
9.49  -0.9082066717821238  -1.6514712124299042
9.5  -0.8904268825881505  -1.7268662548652867
9.51  -0.8702799616051361  -1.8007564513542098
9.52  -0.8478157590506272  -1.8730157431957428
9.53  -0.8230898538193194  -1.9435208916025677
9.540000000000001  -0.79616341645419  -2.0121517621636764
9.55  -0.7671030582104039  -2.0787916020743693
9.56  -0.7359806665876512  -2.1433273094487166
9.57  -0.7028732277404119  -2.2056496940491943
9.58  -0.6678626362082292  -2.2656537287896947
9.59  -0.631035492439922  -2.323238791390609
9.6  -0.5924828886159872  -2.378308895589459
9.61  -0.5523001833026442  -2.4307729113363283
9.620000000000001  -0.5105867654989629  -2.4805447734305415
9.63  -0.4674458086649097  -2.527543678083963
9.64  -0.4229840153430011  -2.571694266926268
9.65  -0.3773113530100965  -2.6129267979983717
9.66  -0.3305407818173406  -2.6511773033130366
9.67  -0.2827879748967524  -2.686387732594696
9.68  -0.23417103193144506  -2.718506082844939
9.69  -0.18481018670315982  -2.7474865134155086
9.700000000000001  -0.1348275093460168  -2.773289446306382
9.71  -0.08434660404846299  -2.7958816514434934
9.72  -0.03349230295658573  -2.8152363167279013
9.73  0.017609642958131652  -2.831333102685975
9.74  0.06883287529642196  -2.8441581815885772
9.75  0.12005074111822069  -2.8537042609457957
9.76  0.1711366065392048  -2.859970591322589
9.77  0.2219641702555335  -2.862962958459684
9.78  0.27240777621549184  -2.8626936597231625
9.790000000000001  0.32234272465891706  -2.859181464945005
9.8  0.3716455807494481  -2.852451561755773
9.81  0.4201944800306042  -2.8425354855490768
9.82  0.4678694299445846  -2.8294710342557505
9.83  0.514552606662782  -2.8133021681432804
9.84  0.560128646488403  -2.794078894893421
9.85  0.6044849311053961  -2.771857140247352
9.86  0.6475118659632525  -2.7466986045436386
9.870000000000001  0.6891031511042592  -2.718670605509349
9.88  0.7291560437587928  -2.6878459076987777
9.89  0.7675716120549416  -2.65430253900727
9.9  0.804254979210582  -2.6181235947199863
9.91  0.8391155576002316  -2.5793970295861075
9.92  0.8720672721140507  -2.5382154384388307
9.93  0.9030287722531886  -2.4946758259099093
9.94  0.9319236324338847  -2.448879365814418
9.950000000000001  0.9586805400020535  -2.400931150807168
9.96  0.9832334704908987  -2.350939932936221
9.97  1.0055218496860183  -2.2990178557412966
9.98  1.0254907020952198  -2.2452801785661776
9.99  1.0430907854544471  -2.189844993773052
10.0  1.0582787109360137  -2.1328329375644093
