0.0  1.2303439209687943  1.458679471453496
0.01  1.226211320674933  1.47414191323039
0.02  1.2194871315378473  1.4888595566782623
0.03  1.2101819690661704  1.502725417365161
0.04  1.198312718997695  1.5156333775554223
0.05  1.183902497602047  1.527478486675544
0.06  1.1669805965087945  1.53815725937088
0.07  1.1475824121974316  1.5475679703898149
0.08  1.1257493603239541  1.5556109455397866
0.09  1.1015287750965779  1.5621888479692376
0.1  1.0749737939504662  1.5672069590410556
0.11  1.0461432278080114  1.5705734530764706
0.12  1.015101417247192  1.5721996652635588
0.13  0.9819180749356886  1.5720003520414574
0.14  0.9466681147227178  1.5698939432901038
0.15  0.9094314678138313  1.5658027856756793
0.16  0.8702928864861679  1.5596533765239675
0.17  0.8293417358327306  1.5513765876174168
0.18  0.7866717740541347  1.5409078783368282
0.19  0.7423809218448434  1.5281874975951415
0.2  0.6965710214481282  1.513160674038779
0.21  0.6493475859797562  1.4957777940212749
0.22  0.6008195396446896  1.475994566884451
0.23  0.5510989494938038  1.4537721771141219
0.24  0.5003007493887304  1.4290774229700824
0.25  0.44854245686236643  1.401882841223958
0.26  0.39594388358031507  1.3721668176732238
0.27  0.34262684012447  1.339913683135269
0.28  0.2887148358341217  1.3051137946617006
0.29  0.23433277445227751  1.2677636017500733
0.3  0.1796066463353399  1.2278656973677629
0.31  0.12466321799285199  1.1854288536407314
0.32  0.06962971973065432  1.1404680420983218
0.33  0.014633532175519423  1.0930044384039035
0.34  -0.04019812753790475  1.0430654115400437
0.35000000000000003  -0.09473851913618869  0.9906844974558402
0.36  -0.14886169135173127  0.9359013572229795
0.37  -0.2024427920654472  0.8787617197859261
0.38  -0.2553583756751055  0.8193173094302659
0.39  -0.3074867069238648  0.75762575813156
0.4  -0.35870806043238473  0.6937505029849886
0.41000000000000003  -0.40890501518867384  0.6277606689535049
0.42  -0.4579627432624214  0.5597309372090621
0.43  -0.5057692920250303  0.4897413993776528
0.44  -0.5522158591727868  0.4178773980343064
0.45  -0.5971970598686083  0.3442293538287254
0.46  -0.6406111853375156  0.26889257965584806
0.47000000000000003  -0.6823604522723252  0.19196708231820592
0.48  -0.7223512424290441  0.11355735215839313
0.49  -0.7604943318159532  0.03377214117024829
0.5  -0.7967051089063801  -0.04727576987363258
0.51  -0.8309037813325925  -0.1294698147127773
0.52  -0.8630155705470167  -0.21268989471655186
0.53  -0.8929708939670641  -0.2968126412123662
0.54  -0.9207055341511133  -0.38171168638475206
0.55  -0.9461607945856021  -0.46725794208404386
0.56  -0.9692836416966272  -0.5533198858633586
0.5700000000000001  -0.9900268327338728  -0.6397638535442363
0.58  -1.0083490292099773  -0.7264543375947554
0.59  -1.0242148956145294  -0.8132542905890996
0.6  -1.0375951831586705  -0.9000254330045957
0.61  -1.048466798343673  -0.9866285646011317
0.62  -1.0568128561847678  -1.0729238786186033
0.63  -1.0626227179598198  -1.1587712780207184
0.64  -1.0658920133911058  -1.2440306930080798
0.65  -1.0666226472073208  -1.328562399019979
0.66  -1.0648227900719498  -1.4122273344428522
0.67  -1.0605068539031874  -1.4948874172437028
0.68  -1.053695451649557  -1.5764058597492638
0.6900000000000001  -1.0444153416242037  -1.6566474807959044
0.7000000000000001  -1.0326993565393847  -1.7354790144816066
0.71  -1.0185863174208891  -1.8127694147594675
0.72  -1.0021209326198586  -1.8883901551222801
0.73  -0.9833536821766959  -1.9622155226396596
0.74  -0.9623406878283114  -2.034122905623001
0.75  -0.9391435689857888  -2.103993074209119
0.76  -0.9138292850445788  -2.1717104531708036
0.77  -0.8864699644234393  -2.2371633862816065
0.78  -0.8571427207614567  -2.3002443915829445
0.79  -0.8259294567345314  -2.3608504069240186
0.8  -0.7929166559836045  -2.4188830251689892
0.81  -0.7581951636765585  -2.4742487184913573
0.8200000000000001  -0.7218599562540837  -2.526859051202413
0.8300000000000001  -0.6840099009367686  -2.5766308805889366
0.84  -0.6447475055962226  -2.623486545264949
0.85  -0.6041786596170514  -2.667354040573174
0.86  -0.5624123663989665  -2.7081671806038905
0.87  -0.5195604681691497  -2.7458657464319582
0.88  -0.4757373637941425  -2.7803956202068796
0.89  -0.43105972029797807  -2.8117089047657973
0.9  -0.38564617880891716  -2.8397640284751304
0.91  -0.33961705567104183  -2.8645258350431417
0.92  -0.2930940394689522  -2.8859656580829367
0.93  -0.24619988472397908  -2.904061380243154
0.9400000000000001  -0.1990581030285579  -2.918797476761844
0.9500000000000001  -0.15179265239177364  -2.9301650433376007
0.96  -0.10452762557346013  -2.938161808250869
0.97  -0.05738693818671367  -2.942792128707374
0.98  -0.010494017349183482  -2.9440669714146956
0.99  0.03602850833793311  -2.9420038774420934
1.0  0.08205911670766913  -2.936626911452597
1.01  0.12747769707161788  -2.9279665954351444
1.02  0.1721658516278728  -2.9160598271028872
1.03  0.21600719247878136  -2.9009497831618334
1.04  0.258887633515761  -2.8826858076914363
1.05  0.300695676441342  -2.8613232859156255
1.06  0.3413226902133021  -2.8369235036789653
1.07  0.3806631832122924  -2.809553492978029
1.08  0.4186150674526135  -2.7792858639325786
1.09  0.4550799141757381  -2.746198623614743
1.1  0.4899632001878166  -2.71037498218689
1.11  0.5231745443255884  -2.671903146830281
1.12  0.5546279334598725  -2.6308761039768416
1.1300000000000001  0.5842419374720433  -2.5873913903852253
1.1400000000000001  0.6119399126665099  -2.54155085363001
1.1500000000000001  0.6376501931112089  -2.4934604025989486
1.16  0.6613062694283642  -2.443229748617897
1.17  0.6828469545891936  -2.390972137846163
1.18  0.7022165362988019  -2.3368040756065445
1.19  0.7193649155910942  -2.2808450433341756
1.2  0.7342477312880661  -2.2232172088464623
1.21  0.7468264700132337  -2.164045130652822
1.22  0.7570685614851448  -2.1034554570374926
1.23  0.7649474588537627  -2.041576620661542
1.24  0.7704427038799708  -1.9785385294410651
1.25  0.7735399767963984  -1.914472254467614
1.26  0.77423113072611  -1.849509715744054
1.27  0.7725142105743772  -1.7837833665141964
1.28  0.7683934563476071  -1.7174258769678352
1.29  0.761879290892504  -1.6505698181041266
1.3  0.7529882920875256  -1.5833473465355716
1.31  0.7417431495576337  -1.5158898910123066
1.32  0.7281726060220656  -1.4483278414418344
1.33  0.7123113834233303  -1.380790241172844
1.34  0.6942000940237254  -1.3134044833034209
1.35  0.673885136693297  -1.2462960117636057
1.36  0.6514185786502379  -1.1795880279101336
1.37  0.6268580229511289  -1.1134012033571878
1.3800000000000001  0.6002664620640956  -1.0478533997511779
1.3900000000000001  0.5717121178927991  -0.9830593961800064
1.4000000000000001  0.5412682686530825  -0.9191306248879947
1.41  0.5090130630370062  -0.8561749159466601
1.42  0.47502932213083093  -0.7942962515089791
1.43  0.4394043295841614  -0.7335945302506108
1.44  0.40222961055685963  -0.6741653425759012
1.45  0.3636006999984446  -0.6160997571394121
1.46  0.32361690084139255  -0.5594841192052497
1.47  0.28238103271498927  -0.5043998613367039
1.48  0.2399991718101392  -0.45092332687773307
1.49  0.19658038254767166  -0.39912560665567476
1.5  0.1522364417232021  -0.34907238930137297
1.51  0.1070815558204658  -0.30082382554871945
1.52  0.06123207220212115  -0.25443440684050855
1.53  0.014806184902366154  -0.20995285853160706
1.54  -0.032076364240768374  -0.16742204794382287
1.55  -0.07929458836392751  -0.1268789074895864
1.56  -0.126726561508396  -0.08835437304377625
1.57  -0.17424972693429372  -0.0518733377047772
1.58  -0.22174120704580194  -0.017454621047283125
1.59  -0.26907811415014893  0.0148890460695007
1.6  -0.316137861271013  0.04515102111355862
1.61  -0.3627984722368349  0.07333073392604528
1.62  -0.4089388902663287  0.09943365525493031
1.6300000000000001  -0.4544392842772396  0.12347124986852798
1.6400000000000001  -0.4991813521500714  0.14546091437980047
1.6500000000000001  -0.543048620186085  0.16542589995061752
1.6600000000000001  -0.5859267380084459  0.18339522008300202
1.67  -0.6277037681666843  0.1994035437417746
1.68  -0.6682704697179798  0.2134910740897331
1.69  -0.7075205750737276  0.2257034131525213
1.7  -0.7453510594167839  0.236091412765578
1.71  -0.7816624020132635  0.24471101218991687
1.72  -0.8163588387631101  0.2516230628168329
1.73  -0.8493486053555164  0.2568931404139626
1.74  -0.8805441704187645  0.26059134539632234
1.75  -0.909862458079122  0.26279209163588607
1.76  -0.9372250593698439  0.2635738843519825
1.77  -0.9625584319592834  0.2630190876520706
1.78  -0.9857940876962844  0.26121368231838527
1.79  -1.0068687675014982  0.2582470144603243
1.8  -1.0257246031649527  0.25421153567527033
1.81  -1.042309265642898  0.24920253538184928
1.82  -1.056576099480771  0.2433178660090961
1.83  -1.0684842430237902  0.23665766174293457
1.84  -1.0779987341122566  0.22932405154745514
1.85  -1.0850906009949473  0.22142086719276344
1.86  -1.0897369382309614  0.21305334703363396
1.87  -1.091920967387929  0.20432783629386425
1.8800000000000001  -1.0916320823825363  0.1953514846198411
1.8900000000000001  -1.088865879347737  0.18623194167372797
1.9000000000000001  -1.0836241709497298  0.1770770515414898
1.9100000000000001  -1.0759149851166927  0.16799454673390052
1.92  -1.0657525481802645  0.15909174255971023
1.93  -1.053157252469764  0.1504752326490908
1.94  -1.038155608438048  0.14225058640265198
1.95  -1.020780181436599  0.13452204913634935
1.96  -1.0010695132958753  0.1273922456859204
1.97  -0.9790680289049508  0.12096188822567905
1.98  -0.9548259280220383  0.11532948904595408
1.99  -0.92839906258445  0.11059107902101617
2.0  -0.8998487998228254  0.1068399324849395
2.0100000000000002  -0.869241871520025  0.10416629921688914
2.02  -0.8366502097897374  0.10265714421934102
2.0300000000000002  -0.802150769783613  0.1023958959532898
2.04  -0.7658253397684871  0.1034622036731736
2.05  -0.7277603390468009  0.10593170448146982
2.06  -0.6880466042239067  0.10987580069853442
2.07  -0.6467791643549765  0.11536144811726545
2.08  -0.6040570055321981  0.12245095568502029
2.09  -0.5599828254993694  0.13120179712640512
2.1  -0.5146627789059445  0.14166643499065257
2.11  -0.46820621383612443  0.15389215757614205
2.12  -0.4207254002703652  0.16792092915228374
2.13  -0.37233525115700994  0.1837892538656114
2.14  -0.323153036790142  0.20152805368264537
2.15  -0.27329809320675863  0.22116256068681317
2.16  -0.22289152533112278  0.24271222401073655
2.17  -0.17205590560760525  0.26619063164844736
2.18  -0.12091496887445731  0.29160544735478666
2.19  -0.06959330424057825  0.31895836280131595
2.2  -0.018216044734772535  0.34824506511990283
2.21  0.03309144449725607  0.37945521992635556
2.22  0.0842038786693339  0.4125724698778165
2.23  0.1349963657239974  0.4475744487784664
2.24  0.18534471781400566  0.48443281120917414
2.25  0.23512576111786276  0.5231132776176863
2.2600000000000002  0.2842176432151997  0.563575694767191
2.27  0.3325001372537943  0.605774111402431
2.2800000000000002  0.37985494214807025  0.6496568689544536
2.29  0.4261659780586397  0.6951667070671623
2.3000000000000003  0.4713196764143411  0.7422408836917394
2.31  0.5152052637515795  0.7908113094582621
2.32  0.557715038661418  0.8408046959981146
2.33  0.5987446411517859  0.8921427178555453
2.34  0.6381933137512181  0.9447421875927061
2.35  0.6759641537010654  0.9985152436592563
2.36  0.7119643556052834  1.0533695505654568
2.37  0.746105443930771  1.1092085108668384
2.38  0.778303494776435  1.1659314884386256
2.39  0.8084793463560291  1.2234340424898411
2.4  0.8365587976678115  1.2816081717397285
2.41  0.8624727948536977  1.3403425681537782
2.42  0.8861576047811276  1.3995228796122072
2.43  0.9075549754128642  1.4590319808614811
2.44  0.9266122825628131  1.5187502520782807
2.45  0.9432826626699833  1.5785558643562412
2.46  0.9575251312575392  1.6383250714080904
2.47  0.9693046867796582  1.6979325067601723
2.48  0.9785923995953397  1.757251485702235
2.49  0.9853654858454445  1.8161543112433456
2.5  0.9896073660469078  1.8745125833144154
2.5100000000000002  0.9913077082562235  1.932197510449564
2.52  0.9904624556927951  1.9890802231719715
2.5300000000000002  0.9870738387515504  2.0450320883054762
2.54  0.9811503713731703  2.0999250234304556
2.5500000000000003  0.9727068317793311  2.1536318107020826
2.56  0.9617642276193945  2.206026409250124
2.57  0.9483497456138734  2.256984265383023
2.58  0.932496685818727  2.3063826198239465
2.59  0.9142443806729144  2.3541008112137827
2.6  0.8936380990296164  2.4000205751251125
2.61  0.8707289354090586  2.444026337842024
2.62  0.845573684747706  2.4860055041735754
2.63  0.8182347029548799  2.525848738583199
2.64  0.7887797536231931  2.563450238932913
2.65  0.7572818412738828  2.598708002159192
2.66  0.7238190315515983  2.6315240812174463
2.67  0.6884742588159294  2.66180483265336
2.68  0.6513351216083016  2.689461154182682
2.69  0.6124936665032377  2.7144087116855724
2.7  0.5720461608818987  2.736568155047905
2.71  0.5300928551935634  2.7558653223093956
2.72  0.4867377352968667  2.772231431607442
2.73  0.4420882654974572  2.7856032604357055
2.74  0.39625512292190807  2.7959233117678965
2.75  0.34935192388940595  2.8031399666297525
2.7600000000000002  0.30149494296264123  2.8072076227357616
2.77  0.25280282537770477  2.808086818841719
2.7800000000000002  0.20339629356921232  2.805744344499585
2.79  0.15339784852175012  2.80015333493733
2.8000000000000003  0.10293146669148606  2.7912933508232776
2.81  0.05212229325307613  2.7791504427119786
2.82  0.0010963324358969698  2.763717200006602
2.83  -0.05001986427883825  2.744992784311234
2.84  -0.1010995113233556  2.7229829470851805
2.85  -0.15201590279081534  2.6977000315503155
2.86  -0.2026427259833489  2.6691629588415466
2.87  -0.25285437397956534  2.6373971984295586
2.88  -0.30252625644277475  2.602434722884025
2.89  -0.3515351078957397  2.5643139470842566
2.9  -0.39975929269386845  2.523079652022888
2.91  -0.4470791059372815  2.4787828933863674
2.92  -0.4933770695720583  2.4314808951337845
2.93  -0.5385382229432043  2.3812369283327315
2.94  -0.5824504070755753  2.3281201755475274
2.95  -0.6250045419747828  2.272205581110798
2.96  -0.6660948962574311  2.2135736876445753
2.97  -0.705619348439279  2.152310459230986
2.98  -0.7434796392306948  2.0885070916657993
2.99  -0.7795816142112613  2.02225981025998
3.0  -0.813835456279382  1.9536696556853863
3.0100000000000002  -0.8461559072983266  1.8828422583901276
3.02  -0.8764624783870576  1.8098876021376316
3.0300000000000002  -0.9046796483326183  1.7349197772501213
3.04  -0.9307370496304327  1.6580567241628914
3.0500000000000003  -0.9545696416898717  1.579419967919466
3.06  -0.976117870774349  1.4991343442603848
3.0700000000000003  -0.9953278162784915  1.4173277179787385
3.08  -1.0121513229788952  1.3341306942350244
3.09  -1.0265461189301128  1.2496763235408688
3.1  -1.0384759187132926  1.164099801136983
3.11  -1.0479105117814829  1.0775381615043595
3.12  -1.0548258356828408  0.9901299687595702
3.13  -1.0592040339806956  0.902015003695229
3.14  -1.0610334987276762  0.8133339482346085
3.15  -1.060308897389626  0.7242280680758536
3.16  -1.0570311841538809  0.6348388943052317
3.17  -1.0512075955954525  0.5453079047615425
3.18  -1.042851630713713  0.45577620593384865
3.19  -1.031983015391189  0.36638421617342726
3.2  -1.0186276513649575  0.27727135099711886
3.21  -1.002817549839798  0.1885757112539579
3.22  -0.9845907499105803  0.10043377491945754
3.23  -0.9639912219992869  0.012980093272823234
3.24  -0.9410687565494588  -0.07365300779901357
3.25  -0.9158788382576813  -0.1593357206393865
3.2600000000000002  -0.8884825061577242  -0.2439410420859081
3.27  -0.8589461999083977  -0.3273450524607716
3.2800000000000002  -0.8273415926704566  -0.40942718660631305
3.29  -0.7937454109914521  -0.4900704963045458
3.3000000000000003  -0.7582392421497792  -0.569161903441363
3.31  -0.7209093294405071  -0.6465924432991441
3.3200000000000003  -0.6818463559155777  -0.7222574973865519
3.33  -0.6411452171198303  -0.7960570152404323
3.34  -0.5989047833916835  -0.8678957246625788
3.35  -0.5552276523233985  -0.9376833298830026
3.36  -0.510219892000273  -1.0053346971718393
3.37  -0.46399077566119834  -1.0707700274533676
3.38  -0.4166525084443278  -1.1339150155082776
3.39  -0.3683199469013172  -1.1947009953839918
3.4  -0.3191103119816719  -1.2530650716672833
3.41  -0.269142896204869  -1.308950236309065
3.42  -0.21853876575250328  -1.3623054707272146
3.43  -0.16742045822525287  -1.413085832950315
3.44  -0.11591167682026897  -1.4612525296025787
3.45  -0.06413698169342615  -1.5067729725682257
3.46  -0.01222147927792562  -1.5496208202118398
3.47  0.03970948966435307  -1.5897760030700145
3.48  0.09153066247912463  -1.627224733968309
3.49  0.14311716676292519  -1.6619595025565796
3.5  0.19434483143329725  -1.6939790542946898
3.5100000000000002  0.24509049594891483  -1.7232883539594923
3.52  0.2952323169070025  -1.7498985337826225
3.5300000000000002  0.3446500712523505  -1.7738268263671442
3.54  0.3932254553405342  -1.7950964825690128
3.5500000000000003  0.44084237910851504  -1.8137366745669556
3.56  0.4873872546179834  -1.8297823843813286
3.5700000000000003  0.5327492782510723  -1.843274278138858
3.58  0.5768207058538739  -1.8542585664156923
3.59  0.6194971201409808  -1.8627868510260384
3.6  0.6606776896935956  -1.8689159586573838
3.61  0.7002654189049394  -1.872707761786089
3.62  0.7381673882492762  -1.874228987338975
3.63  0.7742949842751805  -1.8735510135968743
3.64  0.8085641187494209  -1.8707496558655827
3.65  0.8408954364049651  -1.8659049414674995
3.66  0.87121451077524  -1.8591008746338398
3.67  0.8994520276265384  -1.8504251919024417
3.68  0.9255439555315729  -1.839969108649787
3.69  0.9494317031593535  -1.827827057407795
3.7  0.9710622628898516  -1.814096418636432
3.71  0.9903883403961008  -1.7988772446418106
3.72  1.0073684698715915  -1.7822719773463824
3.73  1.0219671146166722  -1.764385160633093
3.74  1.0341547527343806  -1.745323147998642
3.75  1.0439079477233468  -1.7251938062626604
3.7600000000000002  1.0512094037932764  -1.7041062160890217
3.77  1.0560480057666775  -1.6821703700835535
3.7800000000000002  1.0584188434691477  -1.6594968692380032
3.79  1.058323220549302  -1.6361966184941181
3.8000000000000003  1.055768647708412  -1.6123805222036536
3.81  1.050768820358833  -1.5881591802601078
3.8200000000000003  1.0433435807692586  -1.5636425856760408
3.83  1.0335188647936604  -1.5389398243759453
3.84  1.0213266333193394  -1.5141587779688626
3.85  1.006804788607764  -1.4894058302571576
3.86  0.9899970757396417  -1.4647855782282377
3.87  0.9709529694129642  -1.4404005482645257
3.88  0.9497275463793966  -1.4163509182935958
3.89  0.926381343840305  -1.392734246585261
3.9  0.9009802041588747  -1.3696452078854404
3.91  0.8735951062789469  -1.347175337557945
3.92  0.8443019842745081  -1.3254127843849828
3.93  0.8131815334859361  -1.3044420726552224
3.94  0.7803190047301556  -1.2843438741446
3.95  0.7458039871016854  -1.265194790570062
3.96  0.7097301799101343  -1.2470671470698376
3.97  0.6721951543268031  -1.2300287972358739
3.98  0.6333001053388594  -1.21414294019488
3.99  0.5931495946337417  -1.1994679502038537
4.0  0.5518512850592143  -1.1860572191943475
4.01  0.5095156673253893  -1.1739590126668826
4.0200000000000005  0.46625577963467435  -1.163216339303248
4.03  0.42218692094310584  -1.1538668346296437
4.04  0.37742635857246976  -1.1459426590280946
4.05  0.33209303090684195  -1.1394704103573123
4.0600000000000005  0.2863072459193902  -1.1344710514072212
4.07  0.2401903762856903  -1.1309598523738125
4.08  0.1938645518483495  -1.1289463485030797
4.09  0.14745235020443628  -1.1284343130143741
4.1  0.10107648619176772  -1.1294217453749056
4.11  0.05485950105291576  -1.1319008749582764
4.12  0.008923452056615516  -1.135858180081057
4.13  -0.036610396644935095  -1.1412744223724696
4.14  -0.08162188114750468  -1.1481246963935094
4.15  -0.12599224214456944  -1.1563784943832045
4.16  -0.1696044257320513  -1.1659997859714712
4.17  -0.21234337991348184  -1.1769471126601203
4.18  -0.2540963460618707  -1.1891736968361921
4.19  -0.29475314460717017  -1.2026275650449954
4.2  -0.33420645423261164  -1.2172516852140856
4.21  -0.37235208387962226  -1.232984117484143
4.22  -0.40908923687875265  -1.249758178268069
4.23  -0.4443207665440622  -1.2675026171262664
4.24  -0.47795342258949475  -1.2861418060133687
4.25  -0.5098980877490005  -1.3055959404204067
4.26  -0.5400700040064665  -1.3257812519061214
4.2700000000000005  -0.5683889878676609  -1.3466102314821795
4.28  -0.5947796341337502  -1.3679918632894554
4.29  -0.6191715076648019  -1.3898318679763306
4.3  -0.6414993226516411  -1.412032955165242
4.3100000000000005  -0.6617031089457674  -1.434495084370417
4.32  -0.6797283650294204  -1.4571157337082952
4.33  -0.6955261972413108  -1.4797901757220562
4.34  -0.7090534449079041  -1.5024117596233815
4.3500000000000005  -0.7202727910654743  -1.5248721992381955
4.36  -0.7291528584941748  -1.547061865928298
4.37  -0.7356682908221506  -1.5688700857479136
4.38  -0.7397998184950559  -1.5901854400830993
4.39  -0.7415343094442749  -1.6108960690128897
4.4  -0.7408648043253887  -1.6308899766236231
4.41  -0.7377905362370913  -1.6500553375027056
4.42  -0.732316934869583  -1.6682808036345613
4.43  -0.7244556150704569  -1.6854558109201396
4.44  -0.7142243498550915  -1.701470884541761
4.45  -0.7016470279275224  -1.7162179423975716
4.46  -0.686753595816503  -1.7295905958343378
4.47  -0.6695799847700393  -1.7414844469134025
4.48  -0.6501680225897745  -1.7517973814531917
4.49  -0.6285653306243772  -1.7604298571014803
4.5  -0.6048252061781686  -1.7672851857028338
4.51  -0.5790064906278143  -1.7722698092404388
4.5200000000000005  -0.5511734235756556  -1.7752935686471552
4.53  -0.5213954834032459  -1.7762699647980669
4.54  -0.48974721462266607  -1.7751164110160276
4.55  -0.45630804245633805  -1.7717544764424584
4.5600000000000005  -0.4211620751080051  -1.7661101196480482
4.57  -0.3843978942183688  -1.7581139118822526
4.58  -0.34610833402847163  -1.747701249385805
4.59  -0.3063902498022884  -1.7348125542175088
4.6000000000000005  -0.26534427608680033  -1.719393463075026
4.61  -0.2230745754133625  -1.7013950036189762
4.62  -0.17968857806808253  -1.6807737578405204
4.63  -0.13529671358145767  -1.6574920120448153
4.64  -0.0900121346080669  -1.6315178930557814
4.65  -0.043950433886447315  -1.6028254902817016
4.66  0.002770645013550732  -1.571394963316439
4.67  0.05003150243289292  -1.537212634786676
4.68  0.09771098211821472  -1.500271068192375
4.69  0.1456866747206911  -1.4605691305248558
4.7  0.1938352245400378  -1.4181120394846827
4.71  0.24203263874679184  -1.3729113951597427
4.72  0.2901545983094353  -1.3249851960626986
4.73  0.33807676984893764  -1.27435783946569
4.74  0.3856751176405825  -1.2210601060092805
4.75  0.43282621498279894  -1.165129128601763
4.76  0.4794075541539825  -1.1066083456640734
4.7700000000000005  0.5252978541818903  -1.045547438814356
4.78  0.5703773656555371  -0.9820022551252138
4.79  0.6145281718169184  -0.9160347141248171
4.8  0.6576344851789839  -0.8477126997512561
4.8100000000000005  0.6995829389274889  -0.7771099375069294
4.82  0.7402628723773261  -0.7043058570966603
4.83  0.7795666097687222  -0.6293854408692949
4.84  0.8173897317051841  -0.5524390584182444
4.8500000000000005  0.8536313385535361  -0.4735622877305998
4.86  0.8881943051463267  -0.39285572330829976
4.87  0.9209855261486183  -0.3104247717170463
4.88  0.9519161514743284  -0.22637943505049807
4.89  0.9809018111622865  -0.14083408282691934
4.9  1.0078628291482572  -0.05390721286484246
4.91  1.0327244253970345  0.03427879828843705
4.92  1.0554169058876335  0.12359795477553903
4.93  1.0758758399749775  0.21392091007003872
4.94  1.094042224682945  0.3051152441922277
4.95  1.1098626355162327  0.39704574883016847
4.96  1.1232893634122056  0.48957471967719923
4.97  1.1342805374883767  0.5825622552783565
4.98  1.1428002332767364  0.6758665616623942
4.99  1.1488185661722699  0.7693442620210788
5.0  1.1523117698599907  0.8628507106850158
5.01  1.1532622595222592  0.9562403106340943
5.0200000000000005  1.1516586796661736  1.0493668337719364
5.03  1.147495936449223  1.1420837431864082
5.04  1.1407752144200816  1.234244516613397
5.05  1.1315039776303415  1.3257029703175955
5.0600000000000005  1.1196959551120014  1.416313582602913
5.07  1.1053711107545803  1.5059318161658746
5.08  1.0885555976546515  1.5944144385080903
5.09  1.0692816970494063  1.6816198396282191
5.1000000000000005  1.0475877419843262  1.767408346220748
5.11  1.0235180259031766  1.8516425316171734
5.12  0.9971226963861712  1.934187520715654
5.13  0.9684576342993125  2.01491128915723
5.14  0.9375843186542463  2.093684956021164
5.15  0.9045696775137759  2.1703830693274453
5.16  0.8694859253129339  2.244883883652448
5.17  0.8324103869995065  2.3170696291830266
5.18  0.7934253094308166  2.386826771555307
5.19  0.7526176604953674  2.4540462618472567
5.2  0.7100789164587141  2.5186237761182424
5.21  0.6659048380621632  2.5804599439146934
5.22  0.6201952359312596  2.6394605651879157
5.23  0.5730537258774512  2.6955368150990378
5.24  0.5245874747018343  2.7486054362155654
5.25  0.4749069371333643  2.7985889176354455
5.26  0.42412558455629357  2.845415660606569
5.2700000000000005  0.37235962620198104  2.8890201302430656
5.28  0.31972772349911305  2.92934299297401
5.29  0.26635069829338676  2.9663312393954833
5.3  0.21235123566318115  2.9999382922327475
5.3100000000000005  0.1578535820711413  3.030124099156239
5.32  0.10298323960328228  3.056855210232383
5.33  0.04786665705698624  3.0801048398281683
5.34  -0.007369081352726963  3.099852912826749
5.3500000000000005  -0.0625965688934783  3.116086095050149
5.36  -0.11768839004303949  3.1287978078240144
5.37  -0.17251743426276006  3.137988226658545
5.38  -0.2269572090352992  3.1436642640589176
5.39  -0.280882151387125  3.1458395365176055
5.4  -0.33416793711974846  3.144534315780083
5.41  -0.38669178697957074  3.139775464514109
5.42  -0.4383327690037217  3.1315963565512765
5.43  -0.48897209628884725  3.120036781907489
5.44  -0.5384934194412376  3.105142836826532
5.45  -0.5867831129798531  3.086966799127842
5.46  -0.6337305549790972  3.065566989175617
5.47  -0.6792283992547447  3.04100761682196
5.48  -0.7231728394153623  3.01335861471107
5.49  -0.7654638641215681  2.9826954583651704
5.5  -0.8060055029176683  2.9490989735051896
5.51  -0.8447060620235158  2.912655131090646
5.5200000000000005  -0.8814783494996292  2.873454830593264
5.53  -0.9162398892250613  2.8315936720477053
5.54  -0.9489131231555014  2.7871717174501813
5.55  -0.9794256013582285  2.7402932421019015
5.5600000000000005  -1.0077101593511195  2.691066476518768
5.57  -1.0337050823046001  2.6396033395517264
5.58  -1.0573542556981925  2.586019163383561
5.59  -1.0786073020570872  2.5304324110877534
5.6000000000000005  -1.0974197034289754  2.4729643874528735
5.61  -1.1137529092969214  2.413738943792332
5.62  -1.12757442966042  2.3528821774737025
5.63  -1.1388579130537688  2.290522126914577
5.64  -1.1475832093085323  2.2267884628024586
5.65  -1.1537364169048958  2.161812176305297
5.66  -1.1573099147951962  2.0957252650460076
5.67  -1.1583023786216629  2.028660417619493
5.68  -1.1567187812893414  1.960750697433694
5.69  -1.1525703778942136  1.8921292266572958
5.7  -1.1458746750455866  1.822928871056029
5.71  -1.136655384660729  1.7532819264964647
5.72  -1.1249423623485284  1.6833198078918317
5.73  -1.1107715305373396  1.6131727413574066
5.74  -1.0941847865403265  1.542969460334756
5.75  -1.0752298957891053  1.4728369064333287
5.76  -1.0539603705035652  1.4028999357259457
5.7700000000000005  -1.0304353341020465  1.3332810312202974
5.78  -1.0047193716916412  1.2641000222127374
5.79  -0.9768823670130631  1.1954738112128596
5.8  -0.9469993262483898  1.1275161091080794
5.8100000000000005  -0.9151501891327061  1.0603371792161669
5.82  -0.8814196278423282  0.9940435908511056
5.83  -0.8458968341627717  0.9287379830032858
5.84  -0.8086752954689123  0.8645188387094255
5.8500000000000005  -0.7698525600775914  0.8014802706603043
5.86  -0.729529992559466  0.7397118185659358
5.87  -0.6878125196218711  0.6792982587678447
5.88  -0.6448083671980929  0.620319426557316
5.89  -0.6006287894001454  0.5628500516260065
5.9  -0.5553877900126323  0.506959607042253
5.91  -0.5092018372236627  0.4527121721121652
5.92  -0.4621895723057502  0.40016630944943243
5.93  -0.4144715129746044  0.3493749565419271
5.94  -0.3661697521669648  0.3003853320665658
5.95  -0.31740765299008455  0.25323885716668815
5.96  -0.2683095406047652  0.20797109186830665
5.97  -0.2190003918117503  0.16461168677368787
5.98  -0.16960552311661223  0.12318435013190299
5.99  -0.12025027805232096  0.08370683034747473
6.0  -0.0710597145401704  0.046190913949111345
6.01  -0.022158293069829638  0.010642439001868342
6.0200000000000005  0.02633043352298292  -0.022938676093053556
6.03  0.07428412790669459  -0.0545583885053067
6.04  0.1215819729635276  -0.0842284717220595
6.05  0.16810497259794868  -0.1119664413054211
6.0600000000000005  0.21373624789318946  -0.1377954658693603
6.07  0.2583613278767964  -0.1617442635220161
6.08  0.3018684341697031  -0.1838469840559417
6.09  0.3441487588085775  -0.20414307720444058
6.1000000000000005  0.38509673454846305  -0.22267714731736943
6.11  0.4246102969714945  -0.23949879484373116
6.12  0.4625911377480732  -0.25466244504167396
6.13  0.4989449484189369  -0.2682271643684039
6.140000000000001  0.5335816540905075  -0.28025646503354457
6.15  0.5664156364609435  -0.2908180982292301
6.16  0.597365945621281  -0.29998383657844485
6.17  0.6263565001039086  -0.30782924637032505
6.18  0.6533162746802793  -0.31443345017668917
6.19  0.6781794754402839  -0.3198788804680853
6.2  0.7008857017175887  -0.3242510248703252
6.21  0.7213800944582339  -0.3276381637232887
6.22  0.739613470663588  -0.3301311006231026
6.23  0.7555424435737492  -0.33182288664625526
6.24  0.7691295282930578  -0.33280853897018015
6.25  0.780343232595897  -0.3331847546185551
6.26  0.7891581326879811  -0.33304962007191374
6.2700000000000005  0.7955549337360042  -0.3325023174944386
6.28  0.7995205150166345  -0.3316428283360601
6.29  0.8010479595743084  -0.3305716350755873
6.3  0.8001365683160339  -0.3293894218751439
6.3100000000000005  0.7967918585103511  -0.3281967749187572
6.32  0.7910255466966164  -0.3270938832085876
6.33  0.7828555160497523  -0.3261802405911395
6.34  0.7723057682845154  -0.3255543497824231
6.3500000000000005  0.7594063602219856  -0.32531342915596556
6.36  0.7441933251793438  -0.3255531230504977
6.37  0.726708579381956  -0.3263672163450855
6.38  0.7069998136342832  -0.32784735403871795
6.390000000000001  0.6851203705229165  -0.3300827665585473
6.4  0.661129107461327  -0.3331600015065045
6.41  0.6350902459211962  -0.33716266253760074
6.42  0.60707320722987  -0.342171156045296
6.43  0.5771524353469824  -0.3482624463093871
6.44  0.5454072070658122  -0.35550981974046714
6.45  0.5119214301165622  -0.3639826588321815
6.46  0.47678342967871884  -0.3737462264076178
6.47  0.4400857238389083  -0.3848614607204056
6.48  0.40192478855810687  -0.3973847819435675
6.49  0.36240081273834085  -0.41136791055025257
6.5  0.3216174440037757  -0.4268576980606201
6.51  0.2796815258343286  -0.4438959705977681
6.5200000000000005  0.23670282671144413  -0.4625193856631852
6.53  0.19279376195577438  -0.4827593025088869
6.54  0.14806910895457295  -0.5046416664490083
6.55  0.10264571649341517  -0.5281869074183292
6.5600000000000005  0.05664220892119434  -0.5534098530492563
6.57  0.010178685890682715  -0.5803196565020876
6.58  -0.03662358157245485  -0.6089197392460954
6.59  -0.08364245790974877  -0.6392077489510798
6.6000000000000005  -0.13075525200966892  -0.6711755326110049
6.61  -0.17783902755223988  -0.704809124982625
6.62  -0.2247709139401175  -0.7400887523834498
6.63  -0.27142841703665854  -0.7769888518544296
6.640000000000001  -0.31768972893163006  -0.8154781056539121
6.65  -0.3634340359579221  -0.8555194910106115
6.66  -0.408541824187003  -0.8970703450248018
6.67  -0.45289518163701564  -0.9400824445684093
6.68  -0.4963780964358408  -0.9845021009968785
6.69  -0.5388767501916096  -1.0302702694480925
6.7  -0.5802798058349162  -1.0773226724666194
6.71  -0.6204786892112144  -1.1255899376553586
6.72  -0.6593678637171674  -1.1749977490209202
6.73  -0.6968450972923993  -1.225467011644495
6.74  -0.7328117210971686  -1.2769140292760102
6.75  -0.7671728792272821  -1.329250694416635
6.76  -0.7998377688400041  -1.3823846904228447
6.7700000000000005  -0.8307198700888213  -1.4362197051347896
6.78  -0.8597371652903135  -1.4906556555022377
6.79  -0.8868123467734998  -1.5455889226535402
6.8  -0.9118730128901539  -1.6009125968260913
6.8100000000000005  -0.934851851694486  -1.6565167315519576
6.82  -0.9556868118311937  -1.7122886064682803
6.83  -0.9743212602031539  -1.7681129981003205
6.84  -0.9907041260229241  -1.8238724579441767
6.8500000000000005  -1.0047900308864417  -1.8794475971576827
6.86  -1.016539404542273  -1.9347173771508506
6.87  -1.0259185860655111  -1.9895594053517576
6.88  -1.0328999101820737  -2.0438502354106256
6.890000000000001  -1.0374617785262201  -2.097465671092812
6.9  -1.0395887156518953  -2.150281073101931
6.91  -1.0392714096566578  -2.2021716680664167
6.92  -1.0365067373154555  -2.2530128589167018
6.93  -1.0312977736603202  -2.302680535876355
6.94  -1.0236537859809691  -2.351051387288439
6.95  -1.0135902122603317  -2.398003209497979
6.96  -1.0011286240979513  -2.4434152150136277
6.97  -0.9862966742130934  -2.4871683381750023
6.98  -0.9691280286579774  -2.5291455375581036
6.99  -0.9496622839098222  -2.5692320943588127
7.0  -0.9279448690482743  -2.6073159060038957
7.01  -0.9040269332621504  -2.6432877742504113
7.0200000000000005  -0.8779652189661146  -2.677041687047699
7.03  -0.8498219208440114  -2.7084750934511233
7.04  -0.819664531170722  -2.7374891708937215
7.05  -0.7875656717989364  -2.763989084140312
7.0600000000000005  -0.7536029132304174  -2.7878842352691606
7.07  -0.717858581223936  -2.809088504047944
7.08  -0.6804195514230046  -2.827520478094568
7.09  -0.6413770325168118  -2.843103672238184
7.1000000000000005  -0.6008263384763196  -2.855766736522413
7.11  -0.5588666504348582  -2.8654436523207467
7.12  -0.5156007688086913  -2.8720739160631092
7.13  -0.47113485627719326  -2.8756027101034074
7.140000000000001  -0.42557817226549344  -2.875981060289284
7.15  -0.379042799593566  -2.873165979828273
7.16  -0.3316433639753752  -2.867120599078305
7.17  -0.2834967470698076  -2.8578142809252824
7.18  -0.23472179380113445  -2.8452227214460075
7.19  -0.18543901468112128  -2.8293280355912174
7.2  -0.13577028387770976  -2.8101188276604168
7.21  -0.0858385337855044  -2.7875902463778375
7.22  -0.0357674468624993  -2.7617440244170517
7.23  0.014318854495880658  -2.732588502260122
7.24  0.06429611926932129  -2.7001386363161086
7.25  0.11404027953256621  -2.6644159912625667
7.26  0.16342776180249202  -2.6254487166129614
7.2700000000000005  0.2123357972330291  -2.583271507551861
7.28  0.26064272988129744  -2.537925550118818
7.29  0.3082283222732962  -2.489458450860653
7.3  0.35497405750387073  -2.43792415111042
7.3100000000000005  0.40076343711468354  -2.383382826089321
7.32  0.4454822740039737  -2.325900769065705
7.33  0.48901897963468477  -2.265550260842106
7.34  0.5312648448213518  -2.202409424877913
7.3500000000000005  0.5721143133923854  -2.136562068390799
7.36  0.6114652480421143  -2.0680975098148284
7.37  0.6492191877062284  -1.9971103930270862
7.38  0.6852815958157148  -1.9237004887875022
7.390000000000001  0.7195620988068187  -1.8479724838683156
7.4  0.7519747142890572  -1.7700357583801596
7.41  0.7824380682991212  -1.6900041518310287
7.42  0.8108756010955778  -1.6079957184825668
7.43  0.8372157609780437  -1.524132472594437
7.44  0.8613921856443674  -1.4385401241728109
7.45  0.8833438706303309  -1.351347805862694
7.46  0.9030153244088447  -1.2626877916455035
7.47  0.9203567097587128  -1.1726952080240798
7.48  0.9353239710474518  -1.0815077383956344
7.49  0.947878947107796  -0.9892653213303637
7.5  0.9579894694234662  -0.896109843488204
7.51  0.9656294453764771  -0.8021848279201672
7.5200000000000005  0.9707789263456035  -0.7076351185114069
7.53  0.9734241604834046  -0.6126065613335295
7.54  0.9735576300375305  -0.5172456836805082
7.55  0.9711780731205841  -0.4216993715693423
7.5600000000000005  0.9662904898717203  -0.326114546489348
7.57  0.9589061329920981  -0.2306378421867672
7.58  0.9490424826753823  -0.13541528227057215
7.59  0.9367232059934497  -0.04059195942393776
7.6000000000000005  0.9219781008363197  0.053688282998648085
7.61  0.904843024543872  0.14728316621433754
7.62  0.88535980740525  0.24005228732837838
7.63  0.863576151239539  0.33185742596764595
7.640000000000001  0.8395455133087235  0.42256284548593626
7.65  0.8133269758504857  0.512035588009682
7.66  0.784985101554351  0.6001457626077784
7.67  0.7545897753398894  0.6867668258863133
7.68  0.7222160328298601  0.7717758543277974
7.69  0.6879438759443902  0.8550538077152453
7.7  0.6518580760746499  0.9364857830031574
7.71  0.6140479653252824  1.0159612580216353
7.72  0.5746072163449267  1.0933743244248275
7.73  0.5336336112925368  1.1686239093216508
7.74  0.4912288005143909  1.2416139850550767
7.75  0.4474980515324658  1.3122537666253917
7.76  0.4025499889690783  1.3804578962837528
7.7700000000000005  0.3564963260552763  1.4461466148540683
7.78  0.3094515883916519  1.5092459193743877
7.79  0.2615328306494483  1.5696877066827803
7.8  0.2128593469177661  1.6274099026076174
7.8100000000000005  0.16355237541823084  1.6823565764580595
7.82  0.11373479832297428  1.7344780405467575
7.83  0.06353083742364243  1.7837309345143146
7.84  0.013065746409911344  1.8300782942624152
7.8500000000000005  -0.037534499475735006  1.8734896053410086
7.86  -0.08814351563363884  1.9139408406732334
7.87  -0.13863482137477012  1.9514144825410655
7.88  -0.18888215348013623  1.9858995287931176
7.890000000000001  -0.23875977927007824  2.01739148327576
7.9  -0.2881428084031808  2.045892330527442
7.91  -0.3369075026276384  2.071410494815331
7.92  -0.3849315827128207  2.093960783632041
7.930000000000001  -0.4320945317959702  2.1135643158089716
7.94  -0.47827789438785473  2.1302484344406376
7.95  -0.5233655702919234  2.1440466048521634
7.96  -0.5672441027042106  2.1549982978791653
7.97  -0.6098029597758053  2.163148858765424
7.98  -0.6509348089358812  2.168549362019694
7.99  -0.6905357832914402  2.1712564526072367
8.0  -0.728505739439594  2.1713321738860794
8.01  -0.7647485060496138  2.1688437827301055
8.02  -0.7991721225950854  2.16386355231331
8.03  -0.8316890676409888  2.156468563059659
8.040000000000001  -0.8622164761165766  2.1467404822923153
8.05  -0.890676345032475  2.134765333143873
8.06  -0.9169957271291695  2.120633253315709
8.07  -0.941106911974141  2.1044382442994536
8.08  -0.9629475940563619  2.0862779116971106
8.09  -0.982461027459109  2.066253197298258
8.1  -0.999596166725675  2.0444681035928154
8.11  -1.014307793566991  2.0210294114164906
8.120000000000001  -1.0265566290954138  1.9960463914428181
8.13  -1.0363094313051286  1.9696305102505482
8.14  -1.0435390775564417  1.941895131708339
8.15  -1.0482246318585386  1.9129552144301885
8.16  -1.0503513967833509  1.882927006064118
8.17  -1.0499109498814398  1.8519277351844534
8.18  -1.0469011645094943  1.820075301563474
8.19  -1.0413262150179456  1.7874879656017437
8.2  -1.0331965662862095  1.7542840376984392
8.21  -1.0225289476321358  1.7205815683424561
8.22  -1.0093463111612224  1.6864980397028844
8.23  -0.9936777746599655  1.6521500594934844
8.24  -0.9755585491763246  1.6176530578795685
8.25  -0.9550298514684032  1.5831209881875439
8.26  -0.932138801540296  1.5486660321678296
8.27  -0.9069383055211753  1.514398310549709
8.28  -0.8794869241803005  1.4804255996132227
8.290000000000001  -0.8498487274064639  1.4468530544878169
8.3  -0.8180931350153624  1.4137829398700665
8.31  -0.7842947442825152  1.381314368834016
8.32  -0.7485331446325167  1.3495430503870425
8.33  -0.7108927199472685  1.3185610464017494
8.34  -0.6714624389869439  1.288456538530749
8.35  -0.6303356344469169  1.2593136056857832
8.36  -0.587609771202222  1.2312120126357555
8.370000000000001  -0.5433862043182089  1.2042270102502373
8.38  -0.497769927431466  1.1784291478854345
8.39  -0.45086931212894865  1.1538840983787677
8.4  -0.4027958389760729  1.130652496086606
8.41  -0.3536638208649109  1.1087897883664393
8.42  -0.3035901193730136  1.0883461008709694
8.43  -0.25269385484075074  1.0693661169866766
8.44  -0.20109611089055623  1.0518889717136606
8.45  -0.14891963412554018  1.0359481602472074
8.46  -0.09628852975670281  1.021571461484326
8.47  -0.04332795391816016  1.0087808766409125
8.48  0.009836196561961821  0.997592583127074
8.49  0.06307759616094111  0.9880169037896878
8.5  0.11626980365304951  0.98005829159249
8.51  0.16928657531240762  0.9737153297651122
8.52  0.22200217754602852  0.968980747413499
8.53  0.27429169817728777  0.965841450545128
8.540000000000001  0.32603135560351026  0.9642785684236972
8.55  0.3770988050568072  0.9642675151292428
8.56  0.4273734412045183  0.9657780661613924
8.57  0.4767366963347395  0.9687744498855215
8.58  0.5250723333837747  0.9732154535842912
8.59  0.5722667330749341  0.979054543840094
8.6  0.6182091744531247  0.9862400009379536
8.61  0.6627921081162009  0.9947150669431567
8.620000000000001  0.7059114214621827  1.004418107073237
8.63  0.7474666952915938  1.0152827839506786
8.64  0.7873614511259182  1.0272382442901469
8.65  0.8255033886260567  1.0402093175426725
8.66  0.8618046125198698  1.0541167259891977
8.67  0.8961818484738825  1.0688773057470171
8.68  0.9285566473719732  1.0844042381249923
8.69  0.9588555774929473  1.1006072907376425
8.700000000000001  0.9870104041090271  1.1173930677632073
8.71  1.0129582560588761  1.1346652687080205
8.72  1.036641778881414  1.1523249550179884
8.73  1.0580092741300686  1.170270823858064
8.74  1.077014824521938  1.1883994883625213
8.75  1.0936184046116308  1.206605763642704
8.76  1.107785976715748  1.2247829578239322
8.77  1.1194895718509212  1.2428231673708758
8.78  1.1287073554857496  1.2606175759497107
8.790000000000001  1.1354236779449745  1.2780567560662144
8.8  1.139629109342598  1.2950309727121394
8.81  1.1413204589593509  1.3114304882468486
8.82  1.1405007790187713  1.3271458677379362
8.83  1.137179352855214  1.3420682839835072
8.84  1.1313716675060816  1.3560898214392192
8.85  1.1230993707995434  1.36910377827586
8.86  1.1123902130477292  1.381004965797949
8.870000000000001  1.0992779734939018  1.3916900044601463
8.88  1.0838023717002194  1.4010576157266854
8.89  1.066008964100261  1.4090089090295095
8.9  1.0459490259777098  1.41544766309275
8.91  1.0236794191688743  1.4202806009052669
8.92  0.9992624458224695  1.4234176576387814
8.93  0.9727656885849394  1.424772240826735
8.94  0.9442618376134279  1.4242614821381947
8.950000000000001  0.9138285048515475  1.4218064801020818
8.96  0.8815480260348545  1.4173325331597344
8.97  0.8475072509234727  1.4107693624477247
8.98  0.8117973222889985  1.4020513237385765
8.99  0.7745134442106525  1.3911176079941951
9.0  0.7357546402623966  1.3779124300150891
9.01  0.695623502198116  1.3623852046982474
9.02  0.6542259297655197  1.3444907104476582
9.03  0.6116708623016429  1.3241892393132706
9.040000000000001  0.5680700027833773  1.3014467334675703
9.05  0.5235375350251773  1.2762349076631874
9.06  0.47818983473327914  1.24853135734961
9.07  0.4321451751411416  1.2183196521633803
9.08  0.3855234279640883  1.1855894145425587
9.09  0.3384457604231151  1.1503363832532874
9.1  0.2910343290973948  1.1125624616542744
9.11  0.2434119713728836  1.072275750563165
9.120000000000001  0.1957018952606019  1.0294905656270945
9.13  0.14802736836204128  0.9842274391387661
9.14  0.1005114067610973  0.9365131062781543
9.15  0.05327646462249788  0.8863804757989988
9.16  0.0064441252744151245  0.8338685852181259
9.17  -0.039865205450541064  0.7790225406046022
9.18  -0.08553260284747716  0.7218934411040472
9.19  -0.1304409231838053  0.66253828837184
9.200000000000001  -0.17447509900484576  0.6010198811268095
9.21  -0.21752242916056574  0.537406695074098
9.22  -0.2594728628269552  0.4717727484825367
9.23  -0.30021927681021754  0.4041974537382387
9.24  -0.33965774543918775  0.3347654552306715
9.25  -0.3776878023698465  0.26356645396210976
9.26  -0.41421269364594043  0.1906950193047311
9.27  -0.4491396213818404  0.11625038836152479
9.28  -0.482379977457149  0.040336253418564394
9.290000000000001  -0.5138495666376055  -0.03693946199390519
9.3  -0.5434688185633952  -0.1154648378857539
9.31  -0.5711629880737933  -0.19512420286341603
9.32  -0.5968623433662662  -0.27579838885924246
9.33  -0.6205023415187805  -0.3573649949107714
9.34  -0.642023790935511  -0.4396986593435702
9.35  -0.6613730003090458  -0.5226713396903921
9.36  -0.678501913725932  -0.6061525996600781
9.370000000000001  -0.6933682315770235  -0.6900099024515154
9.38  -0.7059355169697353  -0.774108909692015
9.39  -0.7161732873756199  -0.858313785265713
9.4  -0.7240570912835466  -0.9424875032843908
9.41  -0.7295685696664453  -1.0264921594432548
9.42  -0.7326955021075297  -1.1101892849953567
9.43  -0.7334318374703441  -1.1934401625715267
9.44  -0.7317777090356978  -1.2761061430680256
9.450000000000001  -0.7277394340674248  -1.3580489628212087
9.46  -0.7213294978079245  -1.4391310602875236
9.47  -0.7125665219433966  -1.5192158914484963
9.48  -0.7014752176176117  -1.5981682431628585
9.49  -0.688086323111728  -1.6758545436933876
9.5  -0.6724365263460503  -1.7521431696426268
9.51  -0.6545683723976868  -1.8269047485404764
9.52  -0.6345301562655298  -1.9000124563373673
9.53  -0.6123758011509618  -1.9713423090691342
9.540000000000001  -0.5881647225589728  -2.040773447974215
9.55  -0.5619616785598447  -2.1081884173598535
9.56  -0.5338366065862588  -2.173473434531922
9.57  -0.5038644471744455  -2.2365186511225197
9.58  -0.47212495509055735  -2.29721840517103
9.59  -0.4387024983152376  -2.355471463336823
9.6  -0.40368584538964575  -2.411181252646591
9.61  -0.36716794165534217  -2.464256081205097
9.620000000000001  -0.32924567494840185  -2.5146093473253335
9.63  -0.29001963133445957  -2.5621597365630224
9.64  -0.24959384149621555  -2.606831406170404
9.65  -0.2080755184087244  -2.6485541565151043
9.66  -0.16557478695923977  -2.687263589042722
9.67  -0.12220440618881723  -2.722901250394825
9.68  -0.07807948485135466  -2.7554147623284733
9.69  -0.03331719100237926  -2.7847579371187945
9.700000000000001  0.011963543654894382  -2.810890878161911
9.71  0.0576423239256956  -2.8337800655324963
9.72  0.10359759503029595  -2.8533984262875234
9.73  0.1497069494995153  -2.8697253893455548
9.74  0.19584743629044615  -2.882746924809347
9.75  0.2418958713479839  -2.8924555676381543
9.76  0.2877291488339102  -2.898850425614926
9.77  0.3332245522438016  -2.9019371715926114
9.78  0.37826006463211564  -2.901728020042897
9.790000000000001  0.4227146771679841  -2.8982416879695605
9.8  0.4664686952484759  -2.891503340287549
9.81  0.5094040414020251  -2.881544519807403
9.82  0.5514045542226803  -2.86840306200291
9.83  0.5923562825859281  -2.8521229947775684
9.84  0.6321477744082582  -2.8327544234827866
9.85  0.6706703592264808  -2.8103534014772635
9.86  0.7078184238881933  -2.7849817865528568
9.870000000000001  0.7434896806617913  -2.756707083587408
9.88  0.7775854270934971  -2.7256022738190873
9.89  0.8100107969595283  -2.6917456311699013
9.9  0.8406750016834463  -2.6552205260783706
9.91  0.8694915616128756  -2.6161152173320597
9.92  0.8963785265748913  -2.5745226324205346
9.93  0.9212586851561622  -2.5305401369577245
9.94  0.9440597621822033  -2.48426929374963
9.950000000000001  0.9647146038993764  -2.435815612109082
9.96  0.9831613503941274  -2.385288288043299
9.97  0.999343594815858  -2.332799935962358
9.98  1.013210529002587  -2.278466312578025
9.99  1.0247170751427457  -2.222406033681257
10.0  1.0338240031412487  -2.1647402845043544
