0.0  -0.057387358631868834  -1.2588499436082397
0.01  -0.05158928160463602  -1.232233297563911
0.02  -0.04651038264070467  -1.2053715965818288
0.03  -0.042138807752802654  -1.1782754991614028
0.04  -0.03845953468287486  -1.150955449066662
0.05  -0.03545444760541119  -1.1234216665709174
0.06  -0.03310242364613816  -1.0956841404576136
0.07  -0.0313794308826387  -1.067752620792108
0.08  -0.030258637450654352  -1.0396366124771532
0.09  -0.029710531338413892  -1.0113453696029295
0.1  -0.029703050411484383  -0.9828878906004711
0.11  -0.030201722172498557  -0.9542729142053318
0.12  -0.031169812723812862  -0.9255089162363155
0.13  -0.03256848436684029  -0.8966041071920641
0.14  -0.034356961239597764  -0.8675664306662698
0.15  -0.03649270236403235  -0.8384035625802265
0.16  -0.03893158144705869  -0.8091229112294144
0.17  -0.04162807275404885  -0.7797316181387959
0.18  -0.04453544235086352  -0.7502365597194732
0.19  -0.04760594399047933  -0.7206443497173912
0.2  -0.05079101890293179  -0.6909613424427934
0.21  -0.054041498732715534  -0.6611936367672007
0.22  -0.05730781085601962  -0.6313470808727937
0.23  -0.06054018530127036  -0.6014272777372042
0.24  -0.06368886249043869  -0.5714395913349025
0.25  -0.06670430101546788  -0.541389153534601
0.26  -0.06953738466399771  -0.511280871670361
0.27  -0.07213962791131226  -0.48111943676243774
0.28  -0.0744633791010964  -0.4509093323622738
0.29  -0.0764620205461495  -0.42065484399452846
0.3  -0.07809016479161668  -0.39036006916753624
0.31  -0.07930384629754406  -0.3600289279221993
0.32  -0.08006070781456587  -0.3296651738879761
0.33  -0.080320180746244  -0.2992724058133813
0.34  -0.0800436588139235  -0.26885407953724505
0.35000000000000003  -0.07919466436485223  -0.23841352036588231
0.36  -0.07773900669166448  -0.20795393582032545
0.37  -0.0756449317610223  -0.17747842871686206
0.38  -0.07288326278115478  -0.14699001054329733
0.39  -0.06942753107210367  -0.11649161509262354
0.4  -0.06525409673855101  -0.085986112315154
0.41000000000000003  -0.06034225868303844  -0.05547632234963713
0.42  -0.054674353537044335  -0.02496502969341638
0.43  -0.04823584312861939  0.005545002528621279
0.44  -0.04101539014794117  0.036051018236830656
0.45  -0.033004921716072055  0.06655025405198264
0.46  -0.02419968060722899  0.09703992497351879
0.47000000000000003  -0.014598263920843235  0.1275172101215363
0.48  -0.004202649046407825  0.1579792385829797
0.49  0.00698179318856379  0.18842307540226896
0.5  0.018946298249412796  0.21884570775623075
0.51  0.031678720518014875  0.24924403135274714
0.52  0.045163558775198925  0.2796148370919781
0.53  0.059381994459926035  0.3099547980283731
0.54  0.07431194257562562  0.34026045667093907
0.55  0.08992811506694001  0.3705282126583943
0.56  0.10620209644362685  0.4007543108449168
0.5700000000000001  0.12310243138268714  0.4309348298311787
0.58  0.14059472399509726  0.4610656709742537
0.59  0.15864174839998943  0.4911425479088102
0.6  0.17720357020690367  0.5211609766107278
0.61  0.19623767846599482  0.5511162660329431
0.62  0.2156991276069608  0.5810035093419115
0.63  0.23554068885010693  0.6108175757815848
0.64  0.2557130105375307  0.6405531031902524
0.65  0.2761647867990099  0.6702044911939886
0.66  0.296842933935951  0.6997658950987499
0.67  0.3176927738778034  0.729231220501468
0.68  0.3386582240387859  0.7585941186386718
0.6900000000000001  0.359681992878702  0.787847982489374
0.7000000000000001  0.3807057804501231  0.8169859436470629
0.71  0.4016704831953839  0.8460008699737497
0.72  0.422516402240725  0.87488536404708
0.73  0.44318345442159207  0.9036317624095388
0.74  0.4636113852626212  0.9322321356268006
0.75  0.4837399831282284  0.9606782891602657
0.76  0.5035092937550162  0.988961765056781
0.77  0.5228598343754317  1.0170738444565424
0.78  0.5417328066432562  1.0450055509181118
0.79  0.5600703075755809  1.0727476545574628
0.8  0.5778155377329055  1.1002906769959357
0.81  0.5949130058688669  1.1276248971099634
0.8200000000000001  0.6113087292938197  1.1547403575734316
0.8300000000000001  0.6269504292120114  1.181626872181553
0.84  0.6417877203103558  1.2082740339431792
0.85  0.655772293897749  1.2346712239265565
0.86  0.6688580939174109  1.2608076208416272
0.87  0.6810014851807862  1.2866722113401496
0.88  0.6921614132000075  1.3122538010130829
0.89  0.7022995550267007  1.3375410260629428
0.9  0.7113804605378835  1.3625223656271146
0.91  0.7193716836447662  1.387186154726483
0.92  0.7262439029372489  1.411520597812133
0.93  0.7319710313157178  1.4355137828813642
0.9400000000000001  0.7365303142022078  1.45915369613281
0.9500000000000001  0.7399024159649779  1.4824282371290756
0.96  0.7420714942338923  1.5053252344339891
0.97  0.7430252618285297  1.5278324616903596
0.98  0.7427550360665247  1.5499376541029668
0.99  0.7412557752660767  1.5716285252904694
1.0  0.7385261023036904  1.592892784468929
1.01  0.7345683151358682  1.6137181539287844
1.02  0.7293883842414535  1.6340923867662962
1.03  0.7229959369894858  1.654003284829806
1.04  0.7154042289855663  1.6734387168405456
1.05  0.7066301024976737  1.6923866366472207
1.06  0.696693932109955  1.710835101573195
1.07  0.6856195578000396  1.7287722908147913
1.08  0.6734342056817335  1.7461865238490217
1.09  0.6601683967003712  1.7630662788089377
1.1  0.6458558436124541  1.7794002107848077
1.11  0.6305333366243391  1.7951771700094037
1.12  0.6142406181064828  1.810386219885882
1.1300000000000001  0.5970202468399584  1.8250166548170441
1.1400000000000001  0.5789174522904764  1.8390580177951386
1.1500000000000001  0.5599799794418335  1.8525001177118874
1.16  0.5402579247554273  1.8653330463489743
1.17  0.5198035638551076  1.8775471950099565
1.18  0.49867117156704077  1.8891332707553117
1.19  0.4769168349723433  1.900082312203213
1.2  0.45459826015588817  1.910385704859602
1.21  0.43177457335781183  1.9200351959421638
1.22  0.40850611725474945  1.929022908663941
1.23  0.38485424311564903  1.9373413559435662
1.24  0.3608810995920726  1.9449834535103658
1.25  0.336649418915147  1.9519425323739772
1.26  0.31222230128072004  1.9582123506295694
1.27  0.28766299821078034  1.9637871045712634
1.28  0.26303469568279375  1.9686614390879622
1.29  0.2384002978192612  1.9728304573173998
1.3  0.21382221192754436  1.9762897295359823
1.31  0.189362135674803  1.9790353012637063
1.32  0.1650808471748045  1.9810637005652638
1.33  0.14103799875239148  1.9823719445303198
1.34  0.11729191513760268  1.9829575449178094
1.35  0.09389939682485829  1.9828185129510574
1.36  0.07091552931332987  1.9819533632524928
1.37  0.04839349892266537  1.9803611169086928
1.3800000000000001  0.026384415853737686  1.9780413036585451
1.3900000000000001  0.004937145137094617  1.974993963199319
1.4000000000000001  -0.015901853917567238  1.9712196456074944
1.41  -0.03608867918920339  1.9667194108732493
1.42  -0.05558212758257566  1.9614948275495507
1.43  -0.07434382672261813  1.9555479705188688
1.44  -0.09233835603157883  1.9488814178825509
1.45  -0.10953335675391529  1.9414982469799522
1.46  -0.12589963053497294  1.9334020295464147
1.47  -0.14141122620196417  1.9245968260211996
1.48  -0.15604551443954406  1.9150871790184243
1.49  -0.1697832500972032  1.9048781059760165
1.5  -0.1826086219115724  1.8939750909995694
1.51  -0.19450928947341214  1.8823840759198687
1.52  -0.20547640731635572  1.8701114505846528
1.53  -0.21550463605222264  1.8571640424069535
1.54  -0.22459214052572407  1.8435491051940462
1.55  -0.23274057500949424  1.829274307282725
1.56  -0.23995505550839213  1.814347719008181
1.57  -0.24624411928977266  1.7987777995352965
1.58  -0.2516196718037327  1.7825733830826287
1.59  -0.25609692120403205  1.7657436645707225
1.6  -0.25969430072628674  1.7482981847277164
1.61  -0.26243337922497023  1.7302468146864183
1.62  -0.2643387602145753  1.7115997401081675
1.6300000000000001  -0.2654379698028002  1.6923674448698824
1.6400000000000001  -0.2657613339447097  1.6725606943516267
1.6500000000000001  -0.2653418454862817  1.6521905183629375
1.6600000000000001  -0.2642150215034868  1.6312681937469415
1.67  -0.262418751478884  1.6098052267019605
1.68  -0.25999313689153924  1.5878133348609247
1.69  -0.2569803228277526  1.5653044291694207
1.7  -0.2534243222494932  1.5422905956035744
1.71  -0.24937083358448592  1.5187840767692915
1.72  -0.24486705232647438  1.494797253424596
1.73  -0.23996147735618864  1.4703426259668733
1.74  -0.23470371271292154  1.4454327959268587
1.75  -0.22914426556327114  1.4200804475110997
1.76  -0.22333434112748024  1.3942983292344233
1.77  -0.21732563533485916  1.3680992356836361
1.78  -0.21117012598795895  1.3414959894533052
1.79  -0.2049198632204361  1.3145014232939372
1.8  -0.19862676003592455  1.2871283625123184
1.81  -0.19234238371466306  1.2593896076630646
1.82  -0.18611774887113408  1.2312979175696486
1.83  -0.18000311293958116  1.202865992712309
1.84  -0.17404777485497627  1.1741064590192776
1.85  -0.16829987768487234  1.145031852096695
1.86  -0.1628062159526334  1.115654601931473
1.87  -0.15761204837482712  1.0859870181001208
1.8800000000000001  -0.15276091671518746  1.0560412755152644
1.8900000000000001  -0.14829447143455868  1.025829400740223
1.9000000000000001  -0.14425230479070614  0.995363258900539
1.9100000000000001  -0.14067179201393842  0.9646545412198557
1.92  -0.13758794115420198  0.9337147532059729
1.93  -0.1350332521628283  0.9025552035112232
1.94  -0.13303758573752408  0.8711869934896623
1.95  -0.1316280424226548  0.8396210074717849
1.96  -0.13082885241849848  0.807867903775676
1.97  -0.13066127651308265  0.7759381064716742
1.98  -0.13114351850862557  0.7438417979157341
1.99  -0.13229064947162128  0.7115889120647381
2.0  -0.13411454409141094  0.6791891285850686
2.0100000000000002  -0.13662382938681578  0.6466518677637815
2.02  -0.13982384595426633  0.6139862862296899
2.0300000000000002  -0.1437166219039872  0.5812012734896781
2.04  -0.1483008595833838  0.5483054492835426
2.05  -0.1535719351390024  0.5153071617585759
2.06  -0.15952191092044987  0.48221448646313236
2.07  -0.16613956068168514  0.4490352261563567
2.08  -0.17341040748726638  0.4157769114291909
2.09  -0.18131677418366127  0.38244680212985266
2.1  -0.18983784624877814  0.34905188958488714
2.11  -0.1989497467865905  0.3155988996050074
2.12  -0.20862562338835913  0.2820942962629223
2.13  -0.21883574653755808  0.24854428642851312
2.14  -0.22954761919247835  0.21495482504476843
2.15  -0.24072609713864268  0.18133162112614015
2.16  -0.2523335196629137  0.14768014445911642
2.17  -0.2643298500625067  0.11400563298313957
2.18  -0.27667282546534633  0.08031310082826579
2.19  -0.28931811540328733  0.0466073469843889
2.2  -0.3022194885469599  0.012892964575229038
2.21  -0.3153289869803696  -0.02082564929110614
2.22  -0.32859710736510517  -0.05454428312473564
2.23  -0.3419729883181203  -0.08825890014074952
2.24  -0.3554046033036957  -0.12196562686242761
2.25  -0.36883895831941965  -0.15566074127437698
2.2600000000000002  -0.3822222936379285  -0.18934066056023044
2.27  -0.3955002888508007  -0.22300192846045275
2.2800000000000002  -0.4086182704484633  -0.2566412022868862
2.29  -0.42152142116023594  -0.2902552396313574
2.3000000000000003  -0.43415499027185706  -0.32384088480654505
2.31  -0.44646450413389094  -0.3573950550578751
2.32  -0.4583959760734608  -0.39091472658583915
2.33  -0.46989611492365346  -0.4243969204185446
2.34  -0.4809125313898444  -0.4578386881746963
2.35  -0.49139394147992055  -0.4912370977575008
2.36  -0.5012903662360239  -0.524589219020065
2.37  -0.5105533270189218  -0.55789210944306
2.38  -0.5191360356123392  -0.5911427998652478
2.39  -0.5269935784335966  -0.6243382803074464
2.4  -0.5340830941584973  -0.6574754859302001
2.41  -0.5403639440926495  -0.690551283165141
2.42  -0.5457978746480676  -0.7235624560595384
2.43  -0.5503491713130018  -0.7565056928730904
2.44  -0.553984803534274  -0.7893775729652508
2.45  -0.5566745599649424  -0.8221745540108447
2.46  -0.5583911735656364  -0.8548929595807143
2.47  -0.5591104360854037  -0.8875289671233981
2.48  -0.5588113014870946  -0.9200785963827518
2.49  -0.5574759779231919  -0.9525376982853846
2.5  -0.5550900079102883  -0.9849019443305875
2.5100000000000002  -0.5516423363940577  -1.0171668165142331
2.52  -0.5471253664413361  -1.0493275978167527
2.5300000000000002  -0.5415350023417096  -1.08137936328393
2.54  -0.5348706799475756  -1.1133169717277696
2.5500000000000003  -0.5271353841288733  -1.1451350580731756
2.56  -0.5183356532663814  -1.1768280263745394
2.57  -0.5084815707554444  -1.2083900435247301
2.58  -0.4975867435401117  -1.2398150336772202
2.59  -0.4856682677456799  -1.2710966734003095
2.6  -0.4727466815254312  -1.3022283875806389
2.61  -0.45884590528473146  -1.33320334609127
2.62  -0.443993169492398  -1.3640144612377503
2.63  -0.4282189303352819  -1.3946543859936158
2.64  -0.4115567735170335  -1.4251155130348765
2.65  -0.3940433065460073  -1.455389974580959
2.66  -0.37571803989990255  -1.4854696430476722
2.67  -0.35662325749603363  -1.515346132515662
2.68  -0.33680387693574965  -1.5450108010158454
2.69  -0.3163073000294979  -1.5744547536312203
2.7  -0.2951832541450701  -1.6036688464125095
2.71  -0.27348362495565887  -1.6326436911029283
2.72  -0.2512622811962614  -1.6613696606654877
2.73  -0.2285748920666842  -1.689836895604135
2.74  -0.2054787379467006  -1.7180353110681097
2.75  -0.18203251511380447  -1.745954604726871
2.7600000000000002  -0.15829613517629873  -1.7735842654011256
2.77  -0.13433051995415093  -1.8009135824334321
2.7800000000000002  -0.11019739255700292  -1.8279316557801635
2.79  -0.08595906542293841  -1.8546274068046678
2.8000000000000003  -0.06167822609296126  -1.880989589749773
2.81  -0.037417721504670126  -1.9070068038660073
2.82  -0.013240341594201233  -1.9326675061703311
2.83  0.01079139700179245  -1.9579600248084637
2.84  0.03461546635257724  -1.9828725729924388
2.85  0.05817054095987509  -2.0073932634835536
2.86  0.08139620902216843  -2.03151012358939
2.87  0.10423318046354792  -2.0552111106423876
2.88  0.12662349096559117  -2.0784841279261097
2.89  0.14851070125555016  -2.101317041014229
2.9  0.16984009092141952  -2.12369769448615
2.91  0.19055884604470907  -2.1456139289822476
2.92  0.210616239964369  -2.167053598560703
2.93  0.2299638065107181  -2.1880045883172183
2.94  0.24855550507585392  -2.2084548322280817
2.95  0.2663478769171956  -2.2283923311764884
2.96  0.28330019212304697  -2.247805171121445
2.97  0.2993745867035418  -2.2666815413682273
2.98  0.31453618930670924  -2.2850097528989446
2.99  0.3287532370976798  -2.302778256721604
3.0  0.34199718037899873  -2.319975662195899
3.0100000000000002  0.35424277557156775  -2.3365907552939307
3.02  0.365468166218641  -2.352612516754128
3.0300000000000002  0.3756549517195143  -2.3680301400868413
3.04  0.3847882435447902  -2.3828330493902867
3.0500000000000003  0.3928567087313002  -2.3970109169359795
3.06  0.3998526005016809  -2.410553680483175
3.0700000000000003  0.40577177590111835  -2.4234515602824747
3.08  0.4106137003916454  -2.435695075729373
3.09  0.41438143939251726  -2.4472750616293033
3.1  0.41708163680331756  -2.458182684036583
3.11  0.4187244805944821  -2.468409455630601
3.12  0.4193236555976065  -2.477947250593616
3.13  0.41889628367512566  -2.4867883189556736
3.14  0.41746285149546625  -2.4949253003733123
3.15  0.415047126185495  -2.502351237310045
3.16  0.41167605917674055  -2.509059587587936
3.17  0.4073796786054062  -2.5150442362810375
3.18  0.4021909706683294  -2.520299506922958
3.19  0.39614575037776645  -2.524820172002376
3.2  0.38928252219686205  -2.5286014627219826
3.21  0.3816423310749737  -2.5316390779980056
3.22  0.3732686044372779  -2.5339291926792193
3.23  0.3642069857164153  -2.535468464966144
3.24  0.3545051600449491  -2.53625404301299
3.25  0.34421267275627065  -2.5362835706967677
3.2600000000000002  0.3333807413679012  -2.535555192539951
3.27  0.3220620617451059  -2.5340675577749834
3.2800000000000002  0.31031060916394804  -2.531819823540957
3.29  0.29818143501164346  -2.5288116572047654
3.3000000000000003  0.28573045987787166  -2.5250432378010785
3.31  0.2730142638039074  -2.520515256587532
3.3200000000000003  0.26008987446659176  -2.515228916713552
3.33  0.24701455408165493  -2.509185932003327
3.34  0.23384558581526227  -2.5023885248554545
3.35  0.2206400604943091  -2.494839423263871
3.36  0.20745466440452792  -2.4865418569666793
3.37  0.1943454689612206  -2.477499552731538
3.38  0.18136772303018117  -2.4677167287882553
3.39  0.16857564866630753  -2.4571980884212064
3.4  0.15602224102444137  -2.4459488127361633
3.41  0.14375907318125655  -2.4339745526179835
3.42  0.1318361065885406  -2.4212814198975336
3.43  0.12030150785707641  -2.4078759777479943
3.44  0.10920147254660814  -2.393765230332508
3.45  0.09858005661114072  -2.3789566117268355
3.46  0.08847901612019393  -2.363457974142351
3.47  0.07893765584570031  -2.3472775754763253
3.48  0.0699926872711249  -2.3304240662179785
3.49  0.06167809654421266  -2.3129064757402333
3.5  0.054025022857663224  -2.294734198008561
3.5100000000000002  0.0470616477031488  -2.275916976739551
3.52  0.040813095403545385  -2.256464890043153
3.5300000000000002  0.035301345286212316  -2.236388334583658
3.54  0.030545155816786573  -2.2156980092955987
3.5500000000000003  0.0265600009683864  -2.1944048986916824
3.56  0.023358019055578716  -2.1725202558008636
3.5700000000000003  0.020947974216014076  -2.15005558477537
3.58  0.019335230675584236  -2.127022623206293
3.59  0.01852173988535083  -2.1034333241879213
3.6  0.018506040570591853  -2.079299838171569
3.61  0.019283271684276876  -2.0546344946500112
3.62  0.020845198209259563  -2.029449783714036
3.63  0.0231802497056805  -2.0037583375228074
3.64  0.02627357145266135  -1.9775729117298442
3.65  0.030107087986542463  -1.9509063669065163
3.66  0.034659578791796014  -1.9237716500047928
3.67  0.03990676585557962  -1.8961817759008786
3.68  0.04582141275276097  -1.8681498090610398
3.69  0.05237343488540369  -1.8396888453706082
3.7  0.05953002045921532  -1.8108119941666023
3.71  0.06725576173956765  -1.7815323605139037
3.72  0.0755127960914819  -1.7518630277642189
3.73  0.0842609562716237  -1.7218170404363082
3.74  0.09345792940595773  -1.6914073874551028
3.75  0.10305942405446317  -1.6606469857864166
3.7600000000000002  0.11301934473424935  -1.6295486645028634
3.77  0.12328997324471508  -1.5981251493155586
3.7800000000000002  0.13382215611313736  -1.5663890476048963
3.79  0.14456549745634784  -1.5343528339825065
3.8000000000000003  0.15546855653403935  -1.502028836415024
3.81  0.16647904925185866  -1.4694292229390082
3.8200000000000003  0.17754405285776087  -1.4365659889947313
3.83  0.18861021306328754  -1.4034509454050546
3.84  0.1996239528124383  -1.3700957070239694
3.85  0.2105316819147171  -1.3365116820776917
3.86  0.22128000675575066  -1.3027100622194487
3.87  0.23181593929866268  -1.2687018133173096
3.88  0.24208710459198624  -1.2344976669926127
3.89  0.25204194600558766  -1.2001081129245637
3.9  0.26162992742445645  -1.165543391934814
3.91  0.2708017316416591  -1.1308134898637279
3.92  0.2795094542058426  -1.095928132248188
3.93  0.2877067919956907  -1.0608967798087205
3.94  0.29534922581330053  -1.0257286247517783
3.95  0.30239419631080355  -0.9904325878908797
3.96  0.30880127258931833  -0.9550173165884269
3.97  0.31453231283665034  -0.9194911835178271
3.98  0.3195516163997767  -0.8838622862436263
3.99  0.32382606672004244  -0.8481384476152599
4.0  0.3273252645930288  -0.8123272169680894
4.01  0.33002165125104616  -0.7764358721232684
4.0200000000000005  0.3318906208041177  -0.7404714221761661
4.03  0.3329106216149158  -0.7044406110610042
4.04  0.3330632462243167  -0.6683499218774628
4.05  0.33233330948685336  -0.6322055819631874
4.0600000000000005  0.3307089146192503  -0.5960135686942436
4.07  0.3281815069102066  -0.5597796159937557
4.08  0.3247459148855407  -0.5235092215272293
4.09  0.3204003787695067  -0.4872076545614254
4.1  0.31514656613040226  -0.4508799644618938
4.11  0.30898957464629473  -0.4145309898028189
4.12  0.3019379219746697  -0.378165368061272
4.13  0.2940035227578127  -0.3417875458664841
4.14  0.28520165284366783  -0.3054017897734786
4.15  0.275550900849521  -0.2690121975290559
4.16  0.26507310724301913  -0.2326227097969027
4.17  0.25379329116152494  -0.19623712230748294
4.18  0.2417395652365252  -0.15985909839738083
4.19  0.2289430387344967  -0.12349218190168319
4.2  0.21543770936918555  -0.08713981036228226
4.21  0.2012603441824991  -0.05080532851402764
4.22  0.18645034993198503  -0.014492002010173699
4.23  0.17104963346200167  0.021796968652216975
4.24  0.1551024525730763  0.058058434046551644
4.25  0.13865525793939826  0.09428928161087259
4.26  0.12175652665785702  0.1304864213622582
4.2700000000000005  0.10445658804328237  0.16664677157207242
4.28  0.08680744231354276  0.20276724444276611
4.29  0.06886257283475158  0.23884473182692526
4.3  0.05067675262098137  0.2748760910290867
4.3100000000000005  0.03230584580440244  0.31085813073072965
4.32  0.013806604810659442  0.3467875970784673
4.33  -0.004763536009540145  0.38266115997511485
4.34  -0.023346669528251804  0.418475399612707
4.3500000000000005  -0.041884626992641255  0.4542267932860688
4.36  -0.06031919039927986  0.48991170252470506
4.37  -0.07859230530306549  0.5255263605801179
4.38  -0.09664629327155674  0.5610668603046558
4.39  -0.11442406319665642  0.5965291424571004
4.4  -0.1318693206795408  0.6319089844691174
4.41  -0.14892677471165533  0.6672019897055479
4.42  -0.16554234088443615  0.7024035772503167
4.43  -0.18166334037300652  0.7375089722483544
4.44  -0.19723869395461135  0.7725131968326755
4.45  -0.2122191103406881  0.8074110616641528
4.46  -0.22655726812241891  0.8421971581101662
4.47  -0.24020799065299547  0.8768658510865723
4.48  -0.2531284132158892  0.9114112725858916
4.49  -0.2652781418567651  0.9458273159128436
4.5  -0.27661940328743917  0.9801076306467071
4.51  -0.2871171853031451  1.0142456183480053
4.5200000000000005  -0.29673936718938976  1.04823442902533
4.53  -0.30545683963160697  1.082066958376148
4.54  -0.3132436136795558  1.115735845813542
4.55  -0.3200769183588107  1.1492334732888179
4.5600000000000005  -0.3259372865636304  1.1825519649180478
4.57  -0.33080862890876267  1.2156831874184764
4.58  -0.33467829526223836  1.248618751358849
4.59  -0.33753712372671296  1.2813500132255458
4.6000000000000005  -0.33937947688331405  1.313868078304492
4.61  -0.34020326515902816  1.3461638043766833
4.62  -0.34000995722625976  1.3782278062232376
4.63  -0.3388045773911449  1.4100504609337532
4.64  -0.3365956899753103  1.441621914009799
4.65  -0.3333953707438662  1.4729320862534077
4.66  -0.32921916548033237  1.5039706814283695
4.67  -0.32408603585673257  1.5347271946803192
4.68  -0.31801829279409577  1.5651909216995827
4.69  -0.31104151755486253  1.5953509686089529
4.7  -0.30318447085411393  1.6251962625567031
4.71  -0.2944789903208138  1.6547155629934223
4.72  -0.28495987668342915  1.6838974736094292
4.73  -0.2746647690959517  1.7127304549079396
4.74  -0.2636340100605814  1.7412028373875066
4.75  -0.25191050044177554  1.7693028353057223
4.76  -0.23953954510310443  1.7970185609946294
4.7700000000000005  -0.22656868973299077  1.824338039696978
4.78  -0.2130475494580806  1.8512492248910026
4.79  -0.19902762987333117  1.8777400140702636
4.8  -0.18456214114603123  1.9037982649437732
4.8100000000000005  -0.16970580587654985  1.929411812020664
4.82  -0.15451466142177658  1.9545684835425297
4.83  -0.13904585740764486  1.9792561187257451
4.84  -0.1233574491750212  2.0034625852751438
4.8500000000000005  -0.10750818791823077  2.0271757971297784
4.86  -0.09155730828778577  2.050383732400749
4.87  -0.07556431423822615  2.0730744514606583
4.88  -0.059588763908539816  2.0952361151436683
4.89  -0.04369005432615288  2.116857003014855
4.9  -0.027927206726200568  2.137925531667315
4.91  -0.012358653275463899  2.1584302730052634
4.92  0.00295797401480713  2.1783599724713696
4.93  0.017966051411059794  2.1977035671765788
4.94  0.03261016784944863  2.216450203890857
4.95  0.04683632484633973  2.2345892568534884
4.96  0.06059213119255687  2.2521103453619924
4.97  0.07382699171587132  2.2690033510990686
4.98  0.08649228941825177  2.2852584351575906
4.99  0.09854156031884807  2.3008660547243154
5.0  0.10993066036071426  2.3158169793836625
5.01  0.12061792376860483  2.3301023070037905
5.0200000000000005  0.13056431227685034  2.3437134791680987
5.03  0.13973355468006238  2.356642296116303
5.04  0.14809227619525828  2.3688809311603194
5.05  0.1556101171616573  2.380421944541384
5.0600000000000005  0.16225984064388543  2.3912582966960847
5.07  0.16801742854534624  2.4013833609003283
5.08  0.17286216588105843  2.4107909352616943
5.09  0.17677671290301777  2.419475254032077
5.1000000000000005  0.17974716481612674  2.4274309982141142
5.11  0.18176309886859837  2.434653305436484
5.12  0.18281760864746757  2.4411377790748645
5.13  0.18290732545714444  2.446880496597045
5.14  0.18203242670673003  2.451878017112498
5.15  0.18019663127985125  2.4561273881085506
5.16  0.17740718190890467  2.4596261513571442
5.17  0.1736748146236467  2.462372347978133
5.18  0.1690137153918579  2.4643645226469806
5.19  0.16344146411715127  2.465601726936719
5.2  0.15697896620571855  2.466083521786033
5.21  0.14965037195975195  2.4658099790873513
5.22  0.14148298410025317  2.4647816823908792
5.23  0.13250715376580657  2.4629997267225323
5.24  0.1227561653764346  2.4604657175158184
5.25  0.11226611079278857  2.457181768659736
5.26  0.1010757532404422  2.453150499666836
5.2700000000000005  0.08922638150682956  2.4483750319676076
5.28  0.07676165495424218  2.4428589843393937
5.29  0.06372743992619095  2.4366064674800296
5.3  0.05017163815614965  2.4296220777384048
5.3100000000000005  0.036144007817161636  2.42191089001606
5.32  0.021695977877890585  2.4134784498558943
5.33  0.006880456455316611  2.40433076473589
5.34  -0.008248366123663732  2.3944742945876416
5.3500000000000005  -0.023635218820048348  2.383915941561223
5.36  -0.039223955191576364  2.37266303905971
5.37  -0.05495776175029562  2.3607233400682865
5.38  -0.07077936859545307  2.348105004804561
5.39  -0.08663126154007447  2.3348165877182248
5.4  -0.10245589494427564  2.3208670238696723
5.41  -0.11819590446593636  2.306265614718649
5.42  -0.13379431893989585  2.2910220133553043
5.43  -0.14919477060026823  2.275146209207312
5.44  -0.16434170286683453  2.2586485122578734
5.45  -0.17918057492572748  2.241539536810584
5.46  -0.19365806234671423  2.2238301848380324
5.47  -0.20772225299430827  2.2055316289520737
5.48  -0.22132283750760107  2.1866552950344373
5.49  -0.23441129364406385  2.167212844567119
5.5  -0.24694106380553713  2.1472161567026076
5.51  -0.2588677250901258  2.1266773101146357
5.5200000000000005  -0.2701491512416355  2.1056085646704688
5.53  -0.2807456658984606  2.0840223429661857
5.54  -0.29062018657629374  2.0619312117666238
5.55  -0.2997383588536026  2.039347863391816
5.5600000000000005  -0.3080686802653574  2.0162850970917736
5.57  -0.31558261344886174  1.9927558004514894
5.58  -0.3222546881255923  1.9687729308677484
5.59  -0.32806259154456  1.9443494971392412
5.6000000000000005  -0.33298724705568733  1.9194985412110128
5.61  -0.33701288052589334  1.8942331201138638
5.62  -0.34012707435588097  1.8685662881387386
5.63  -0.3423208089017552  1.842511079285604
5.64  -0.34358849115251033  1.816080490025412
5.65  -0.34392797056185986  1.7892874624130295
5.66  -0.34334054198068603  1.7621448675881055
5.67  -0.3418309356844027  1.734665489699698
5.68  -0.3394072945375314  1.70686201028955
5.69  -0.336081138385673  1.6787469931676475
5.7  -0.3318673158125551  1.6503328698124013
5.71  -0.3267839434468582  1.621631925326474
5.72  -0.32085233304983146  1.592656284977961
5.73  -0.3140969066601673  1.5634179013549592
5.74  -0.30654510011702346  1.5339285421601776
5.75  -0.29822725532529926  1.504199778670536
5.76  -0.28917650166916065  1.4742429748850658
5.7700000000000005  -0.279428627020168  1.4440692773826547
5.78  -0.26902193882503356  1.4136896059094917
5.79  -0.2579971157949495  1.3831146447140776
5.8  -0.2463970507533771  1.352354834645978
5.8100000000000005  -0.2342666852320702  1.3214203660324892
5.82  -0.2216528364357677  1.2903211723454506
5.83  -0.2086040172243859  1.2590669246684507
5.84  -0.1951702497875109  1.227667026972823
5.8500000000000005  -0.18140287370944902  1.196130612208588
5.86  -0.16735434914391528  1.164466539214671
5.87  -0.1530780558356521  1.1326833904505917
5.88  -0.13862808874175236  1.100789470549818
5.89  -0.12405905101801605  1.0687928056929072
5.9  -0.10942584514553738  1.0367011437966074
5.91  -0.09478346297962502  1.0045219555129667
5.92  -0.08018677550714241  0.9722624360305316
5.93  -0.06569032309946118  0.93992950766784
5.94  -0.05134810704638294  0.9075298232472565
5.95  -0.03721338315160068  0.8750697702354431
5.96  -0.02333845816264768  0.8425554756347833
5.97  -0.009774489797692257  0.8099928116082524
5.98  0.003428708881774725  0.7773874018183824
5.99  0.01622286001952382  0.7447446284593142
6.0  0.028561405720453473  0.712069639959032
6.01  0.0403996863212905  0.6793673593274339
6.0200000000000005  0.051695111507816874  0.6466424931241979
6.03  0.06240732363686319  0.6138995410188374
6.04  0.07249835265034843  0.5811428059139909
6.05  0.08193276199986253  0.5483764046015309
6.0600000000000005  0.09067778503375637  0.5156042789197935
6.07  0.0987034513341309  0.4828302073790004
6.08  0.10598270252853496  0.45005781722079224
6.09  0.11249149714028407  0.4172905968767371
6.1000000000000005  0.11820890408211629  0.3845319087896631
6.11  0.12311718444011323  0.3517850025608976
6.12  0.1272018612383892  0.31905302838545035
6.13  0.13045177691975765  0.28633905073682603
6.140000000000001  0.13285913832326707  0.2536460622621947
6.15  0.13441954898605107  0.2209769978483837
6.16  0.13513202864405005  0.18833474881862378
6.17  0.13499901985385193  0.1557221772197027
6.18  0.13402638170577325  0.123142130158964
6.19  0.13222337064639114  0.09059745415044262
6.2  0.1296026084766848  0.05809100942952786
6.21  0.12618003763970856  0.025625684195387244
6.22  0.12197486395902483  -0.006795591259077471
6.23  0.11700948703587853  -0.03916983057004059
6.24  0.11130941855903305  -0.07149397751798492
6.25  0.10490318882622555  -0.10376489247466048
6.26  0.09782224182013802  -0.13597933912044638
6.2700000000000005  0.09010081922438999  -0.1681339714701253
6.28  0.08177583380635949  -0.20022532124431897
6.29  0.07288673263318984  -0.23224978562294651
6.3  0.063475350625373  -0.2642036154161673
6.3100000000000005  0.05358575498825399  -0.2960829036871391
6.32  0.043264081095953394  -0.3278835748598995
6.33  0.03255836043402044  -0.3596013743444537
6.34  0.021518341236934038  -0.391231858709732
6.3500000000000005  0.010195302483780033  -0.42277038643394527
6.36  -0.001358138059596753  -0.45421210926023986
6.37  -0.013088221041462136  -0.4855519641841386
6.38  -0.02494024723778302  -0.5167846660976647
6.390000000000001  -0.03685878303135718  -0.5479047011134328
6.4  -0.0487878688950094  -0.5789063205902079
6.41  -0.060671230106095965  -0.6097835358798847
6.42  -0.07245248891093362  -0.6405301138138176
6.43  -0.084075377352233  -0.6711395729447215
6.44  -0.09548394996985121  -0.701605180558502
6.45  -0.1066227955854454  -0.7319199504683715
6.46  -0.11743724738475853  -0.7620766416017207
6.47  -0.12787359051726835  -0.7920677573882184
6.48  -0.13787926644200657  -0.8218855459556433
6.49  -0.14740307326006566  -0.8515220011378489
6.5  -0.15639536128904302  -0.8809688642974153
6.51  -0.16480822315197677  -0.9102176269632961
6.5200000000000005  -0.17259567767352985  -0.9392595342818691
6.53  -0.17971384689882225  -0.9680855892777402
6.54  -0.1861211255756335  -0.9966865579186424
6.55  -0.19177834246834635  -1.0250529749766453
6.5600000000000005  -0.19664891290213635  -1.053175150676084
6.57  -0.20069898196812655  -1.0810431781164815
6.58  -0.20389755785468588  -1.1086469414568743
6.59  -0.20621663480637947  -1.135976124846006
6.6000000000000005  -0.20763130525037926  -1.1630202220810215
6.61  -0.20811986067004135  -1.18976854697534
6.62  -0.2076638808468929  -1.216210244414802
6.63  -0.2062483111351675  -1.2423343020792101
6.640000000000001  -0.20386152747721834  -1.2681295628048497
6.65  -0.2004953889133665  -1.2935847375619078
6.66  -0.19614527738591606  -1.3186884190191603
6.67  -0.19081012468398484  -1.3434290956666994
6.68  -0.18449242642328367  -1.3677951664662094
6.69  -0.17719824300285725  -1.3917749559968036
6.7  -0.16893718752890272  -1.4153567300631869
6.71  -0.1597224007439219  -1.4385287117317886
6.72  -0.14957051304747893  -1.4612790977592613
6.73  -0.1385015937425041  -1.4835960753767974
6.74  -0.12653908768830283  -1.5054678393927534
6.75  -0.11370973958793795  -1.5268826095752297
6.76  -0.1000435061833713  -1.5478286482754102
6.7700000000000005  -0.08557345667639235  -1.5682942782519311
6.78  -0.070335661736916  -1.5882679006558569
6.79  -0.054369071502350125  -1.6077380131354442
6.8  -0.037715383012470516  -1.626693228019442
6.8100000000000005  -0.02041889756321627  -1.645122290537455
6.82  -0.002526368500128079  -1.6630140970356475
6.83  0.01591315999258075  -1.6803577131460843
6.84  0.034848522518023506  -1.697142391867932
6.8500000000000005  0.05422660988733585  -1.7133575915189292
6.86  0.07399255368591597  -1.7289929935157347
6.87  0.09408991730964572  -1.7440385199421196
6.88  0.11446089277165032  -1.7584843508643324
6.890000000000001  0.13504650255883943  -1.7723209413535463
6.9  0.15578680579884963  -1.7855390381758973
6.91  0.17662110798209088  -1.7981296961113262
6.92  0.19748817347050573  -1.810084293863254
6.93  0.21832644001436646  -1.8213945495220294
6.94  0.23907423449109505  -1.8320525355460535
6.95  0.2596699890755302  -1.8420506932255853
6.96  0.280052457049653  -1.8513818465953984
6.97  0.3001609274610094  -1.8600392157636505
6.98  0.3199354378434958  -1.8680164296257353
6.99  0.33931698422130707  -1.8753075379332007
7.0  0.35824772762702745  -1.8819070226893424
7.01  0.37667119637769514  -1.8878098088445934
7.0200000000000005  0.39453248336848923  -1.8930112742664462
7.03  0.41177843766211025  -1.8975072589603006
7.04  0.4283578496731421  -1.9012940735193609
7.05  0.4442216292703472  -1.9043685067834786
7.0600000000000005  0.4593229761461287  -1.906727832688645
7.07  0.47361754183107047  -1.908369816290745
7.08  0.4870635827623725  -1.909292718949042
7.09  0.499622103848141  -1.9094953026568462
7.1000000000000005  0.5112569920047204  -1.9089768335087738
7.11  0.5219351391813385  -1.9077370842960015
7.12  0.5316265544253276  -1.9057763362229596
7.13  0.5403044645816578  -1.9030953797409211
7.140000000000001  0.54794540326269  -1.8996955144959966
7.15  0.5545292877674025  -1.8955785483911238
7.16  0.5600394836739837  -1.8907467957636457
7.17  0.5644628568752628  -1.8852030746821764
7.18  0.5677898128729415  -1.8789507033684556
7.19  0.5700143231936983  -1.8719934957519426
7.2  0.5711339388379036  -1.8643357561669007
7.21  0.5711497907196148  -1.8559822732037192
7.22  0.5700665771046411  -1.8469383127281682
7.23  0.5678925381015502  -1.8372096100842046
7.24  0.5646394173083267  -1.8268023614978732
7.25  0.5603224107648999  -1.8157232147016162
7.26  0.5549601034086376  -1.8039792588001833
7.2700000000000005  0.5485743932761039  -1.7915780134010486
7.28  0.5411904037396207  -1.7785274170339145
7.29  0.5328363841113701  -1.7648358148855514
7.3  0.5235435989907286  -1.7505119458777765
7.3100000000000005  0.5133462067720544  -1.7355649291178816
7.32  0.5022811277701501  -1.720004249752241
7.33  0.49038790245891356  -1.7038397442552147
7.34  0.4777085403551471  -1.6870815851867247
7.3500000000000005  0.46428736011392713  -1.669740265453072
7.36  0.45017082143435155  -1.6518265821067446
7.37  0.4354073494045628  -1.6333516197218725
7.38  0.42004715194278264  -1.6143267333830917
7.390000000000001  0.4041420310164151  -1.5947635313262862
7.4  0.3877451883441305  -1.574673857270531
7.41  0.3709110263060067  -1.5540697724811725
7.42  0.3536949448043358  -1.53296353760459
7.43  0.3361531348324497  -1.5113675943156242
7.44  0.3183423695208304  -1.4892945468190242
7.45  0.30031979343888177  -1.466757143246624
7.46  0.2821427109368856  -1.4437682569919463
7.47  0.26386837431597654  -1.4203408680242515
7.48  0.24555377261427627  -1.3964880442238052
7.49  0.22725542179478542  -1.3722229227801188
7.5  0.20902915711509285  -1.3475586916946787
7.51  0.1909299284506101  -1.3225085714293192
7.5200000000000005  0.1730115993317393  -1.2970857967409959
7.53  0.15532675044133512  -1.2713035987431667
7.54  0.13792648830193494  -1.245175187233391
7.55  0.12086025986270185  -1.2187137333259979
7.5600000000000005  0.1041756736738082  -1.1919323524279397
7.57  0.0879183283112441  -1.1648440875949537
7.58  0.07213164868782948  -1.1374618933041905
7.59  0.0568567308566372  -1.1097986196784868
7.6000000000000005  0.042132195881213086  -1.0818669971961223
7.61  0.027994053313052297  -1.0536796219188087
7.62  0.014475574780785594  -1.0252489412692594
7.63  0.0016071781577740862  -0.9965872403883222
7.640000000000001  -0.010583677264808439  -0.9677066291001565
7.65  -0.022072584213410323  -0.9386190295124887
7.66  -0.03283826913270482  -0.909336164277209
7.67  -0.04286266185175122  -0.8798695455351131
7.68  -0.0521309529611631  -0.8502304645667573
7.69  -0.06063163869255678  -0.8204299821696107
7.7  -0.06835655313825273  -0.7904789197799613
7.71  -0.07530088769647936  -0.7603878513560963
7.72  -0.08146319767498467  -0.7301670960374183
7.73  -0.08684539603393515  -0.6998267115921886
7.74  -0.09145273429697306  -0.6693764886647214
7.75  -0.0952937707072074  -0.6388259458306832
7.76  -0.09838032575249903  -0.6081843254673519
7.7700000000000005  -0.1007274252315852  -0.5774605904435585
7.78  -0.10235323107905335  -0.546663421631989
7.79  -0.10327896021289107  -0.5158012162444998
7.8  -0.10352879171303764  -0.4848820869891737
7.8100000000000005  -0.10312976268293302  -0.4539138620456047
7.82  -0.10211165318830165  -0.42290408585306205
7.83  -0.10050686070818818  -0.3918600207040747
7.84  -0.09835026457245083  -0.36078864913403463
7.8500000000000005  -0.0956790808973039  -0.32969667709540346
7.86  -0.0925327085659895  -0.29859053790329
7.87  -0.0889525668351393  -0.26747639693705216
7.88  -0.08498192517869484  -0.23636015708095368
7.890000000000001  -0.08066572601026277  -0.20524746488495288
7.9  -0.07605040095145148  -0.17414371742492335
7.91  -0.07118368133786877  -0.14305406983990435
7.92  -0.06611440367609969  -0.11198344352242157
7.930000000000001  -0.060892310783861564  -0.08093653493609776
7.94  -0.05556784936179955  -0.04991782503343969
7.95  -0.05019196475877956  -0.018931589245091474
7.96  -0.04481589370318361  0.012018091989495439
7.97  -0.039490955780376875  0.042927322181409884
7.98  -0.03426834444138566  0.07379237727423459
7.99  -0.029198918329721914  0.1046096936824682
8.0  -0.02433299371225954  0.13537585592134646
8.01  -0.019720138796120584  0.16608758386383818
8.02  -0.015408970706695321  0.19674171966176224
8.03  -0.01144695589216703  0.22733521436857979
8.040000000000001  -0.00788021470731358  0.2578651143021928
8.05  -0.004753330914039733  0.28832854718677786
8.06  -0.0021091668178535583  0.3187227081131624
8.07  1.1315261198185933e-05  0.349044845357652
8.08  0.0015692245080653755  0.3792922460996342
8.09  0.002527905473587888  0.4094622220784971
8.1  0.0028530936558996134  0.4395520952304687
8.11  0.0025130622121934676  0.4695591833461464
8.120000000000001  0.0014787592435173413  0.49948078578934374
8.13  -0.0002760648698023893  0.529314169317647
8.14  -0.002774740567623113  0.5590565540450845
8.15  -0.006037573091224935  0.5887050995865301
8.16  -0.010081747752791415  0.6182568914234231
8.17  -0.014921246857817982  0.6477089275295331
8.18  -0.020566778601838892  0.677058105295017
8.19  -0.027025718218493477  0.7063012087861263
8.2  -0.03430206161044158  0.7354348963772471
8.21  -0.04239639164835296  0.7644556887908913
8.22  -0.05130585727611381  0.7933599575802285
8.23  -0.061024165512910955  0.8221439140878725
8.24  -0.07154158639489511  0.8508035989130448
8.25  -0.0828449708510878  0.8793348719183882
8.26  -0.09491778146017094  0.907733402806078
8.27  -0.10774013598687529  0.9359946622916003
8.28  -0.1212888635492406  0.9641139139019665
8.290000000000001  -0.13553757322104082  0.9920862064237372
8.3  -0.15045673482740773  1.019906367024429
8.31  -0.16601377164641185  1.0475689950693536
8.32  -0.1821731646849473  1.075068456654112
8.33  -0.1988965681543169  1.1023988798711917
8.34  -0.21614293572913956  1.1295541508273672
8.35  -0.2338686571330769  1.156527910426627
8.36  -0.252027704556401  1.1833135519315194
8.370000000000001  -0.2705717883737841  1.2099042193138019
8.38  -0.2894505215959869  1.2362928064033927
8.39  -0.30861159245660197  1.2624719568425768
8.4  -0.3280009445045079  1.2884340648503865
8.41  -0.3475629635447885  1.3141712768001437
8.42  -0.36724067074512795  1.3396754936109945
8.43  -0.38697592120169694  1.3649383739523695
8.44  -0.40670960723795335  1.3899513382581485
8.45  -0.42638186569211856  1.414705573545372
8.46  -0.4459322884339205  1.4391920390302357
8.47  -0.4653001353390377  1.4634014725322082
8.48  -0.4844245489403028  1.4873243976550699
8.49  -0.5032447699681609  1.510951131731695
8.5  -0.5217003529894185  1.534271794517568
8.51  -0.5397313813525455  1.5572763176160198
8.52  -0.5572786806502057  1.579954454616456
8.53  -0.5742840299147761  1.6022957919249243
8.540000000000001  -0.5906903697708195  1.6242897602647106
8.55  -0.606442006779377  1.6459256468228451
8.56  -0.6214848132228395  1.667192608016957
8.57  -0.6357664215956728  1.688079682855034
8.58  -0.6492364130856447  1.7085758068594377
8.59  -0.6618464993521258  1.7286698265248757
8.6  -0.6735506969326053  1.7483505142787084
8.61  -0.6843054936355202  1.7676065839107293
8.620000000000001  -0.6940700063069285  1.78642670643825
8.63  -0.7028061293901628  1.804799526371228
8.64  -0.7104786737314487  1.8227136783411517
8.65  -0.7170554951202501  1.8401578040563558
8.66  -0.7225076120908664  1.8571205695456148
8.67  -0.7268093125512392  1.8735906826511013
8.68  -0.7299382488460483  1.8895569107310446
8.69  -0.7318755209036761  1.9050080985318527
8.700000000000001  -0.7326057471604605  1.9199331861890063
8.71  -0.732117123000636  1.934321227315556
8.72  -0.7304014664962809  1.9481614071368347
8.73  -0.7274542512783262  1.9614430606297186
8.74  -0.7232746264170498  1.9741556906247415
8.75  -0.7178654232382693  1.986288985829301
8.76  -0.7112331490495475  1.9978328387303628
8.77  -0.7033879677988804  2.0087773633352204
8.78  -0.6943436677364461  2.0191129127091765
8.790000000000001  -0.6841176161978049  2.0288300962694508
8.8  -0.6727307016743609  2.0379197967950606
8.81  -0.6602072633836111  2.0463731871130797
8.82  -0.6465750085977839  2.0541817464223047
8.83  -0.631864918034413  2.0613372762162165
8.84  -0.6161111396563465  2.06783191576794
8.85  -0.5993508712712957  2.073658157140919
8.86  -0.5816242323621899  2.0788088596900565
8.870000000000001  -0.5629741256191976  2.0832772640192165
8.88  -0.5434460886820942  2.087057005362209
8.89  -0.5230881366375513  2.0901421263557
8.9  -0.5019505958499774  2.0925270891738235
8.91  -0.4800859297361717  2.094206786995782
8.92  -0.4575485571236826  2.095176554779212
8.93  -0.4343946638598677  2.095432179313672
8.94  -0.41068200836334584  2.0949699085302997
8.950000000000001  -0.38646972183166534  2.09378646004535
8.96  -0.36181810383847524  2.0918790289171207
8.97  -0.3367884140702142  2.089245294597567
8.98  -0.3114426609664207  2.0858834270617757
8.99  -0.2858433880387981  2.081792092100365
9.0  -0.2600534586525318  2.0769704557617987
9.01  -0.2341358400587099  2.0714181879336007
9.02  -0.2081533874691881  2.06513546505341
9.03  -0.18216862896472277  2.0581229719428795
9.040000000000001  -0.15624355202385706  2.050381902759384
9.05  -0.13043939245372704  2.041913961062661
9.06  -0.10481642649468675  2.032721358995407
9.07  -0.07943376685872176  2.0228068155790684
9.08  -0.05434916344663859  2.0121735541279873
9.09  -0.029618809471433638  2.0008252987872033
9.1  -0.005297153694967249  1.988766270201157
9.11  0.018563280537937016  1.976001180322651
9.120000000000001  0.041912068809241865  1.9625352263733244
9.13  0.0647010510504839  1.9483740839689396
9.14  0.08688448827807288  1.9335238994246464
9.15  0.10841921007289361  1.9179912812573487
9.16  0.12926475227069642  1.901783290904103
9.17  0.1493834843661756  1.8849074326773332
9.18  0.16874072617202374  1.8673716429793514
9.19  0.1873048533143073  1.849184278800442
9.200000000000001  0.2050473911870609  1.8303541055263775
9.21  0.22194309703199938  1.8108902840828298
9.22  0.23797002985348187  1.7908023574456367
9.23  0.2531096079240469  1.770100236547397
9.24  0.26734665368212146  1.7487941856121754
9.25  0.2806694258703148  1.7268948069514187
9.26  0.29306963881021353  1.7044130252554486
9.27  0.3045424687573835  1.681360071415956
9.28  0.31508654732834296  1.657747465916036
9.290000000000001  0.3247039420392811  1.633587001825259
9.3  0.3334001240442103  1.6088907274381157
9.31  0.3411839232078013  1.5836709285949722
9.32  0.34806747069512906  1.5579401107253834
9.33  0.35406612930700965  1.5317109806541755
9.34  0.35919841183500056  1.5049964282111872
9.35  0.36348588775468926  1.4778095076860274
9.36  0.3669530786191071  1.4501634191694042
9.370000000000001  0.3696273425560703  1.42207148982284
9.38  0.37153874831364786  1.3935471551187384
9.39  0.3727199393366978  1.3646039400925354
9.4  0.3732059883944  1.3352554406489219
9.41  0.3730342433136935  1.3055153049635664
9.42  0.37224416440650243  1.2753972150216857
9.43  0.37087715420935524  1.2449148683342965
9.44  0.36897638018248935  1.2140819598725692
9.450000000000001  0.3665865910415316  1.1829121642599734
9.46  0.36375392741842116  1.1514191182613676
9.47  0.36052572756911694  1.1196164036072336
9.48  0.35695032886395095  1.0875175301905184
9.49  0.3530768658120069  1.0551359196725034
9.5  0.34895506538358034  1.0224848895330303
9.51  0.344635040404712  0.9895776375993656
9.52  0.34016708180477756  0.9564272270866545
9.53  0.3356014505021704  0.9230465721817314
9.540000000000001  0.3309881697143691  0.8894484242005293
9.55  0.32637681847680855  0.855645358348033
9.56  0.32181632715042074  0.8216497611080464
9.57  0.3173547756900559  0.787473818288605
9.58  0.3130391954355624  0.7531295037471301
9.59  0.30891537517404616  0.7186285688177041
9.6  0.3050276722057007  0.6839825324611681
9.61  0.30141882912688867  0.6492026721568437
9.620000000000001  0.29812979702259335  0.6143000155529392
9.63  0.29519956573643324  0.5792853328906964
9.64  0.29266500185984634  0.5441691302154554
9.65  0.2905606950531715  0.5089616433859274
9.66  0.28891881328017743  0.4736728328908403
9.67  0.28776896750420744  0.43831237948030216
9.68  0.2871380863587515  0.4028896806169396
9.69  0.2870503012679321  0.3674138477502313
9.700000000000001  0.28752684245331417  0.3318937044149724
9.71  0.28858594622276484  0.29633778515316367
9.72  0.2902427738949085  0.26075433525625225
9.73  0.29250934266921746  0.2251513113229499
9.74  0.2953944687071416  0.1895363826255137
9.75  0.2989037226440402  0.1539169332757105
9.76  0.30303939770520694  0.11830006517937797
9.77  0.3078004905521723  0.08269260176685145
9.78  0.3131826949378921  0.04710109248442962
9.790000000000001  0.3191784082015303  0.011531818030254826
9.8  0.32577675058556077  -0.024009203683861308
9.81  0.3329635973099696  -0.059516210864927865
9.82  0.34072162329061084  -0.09498369048755759
9.83  0.34903036034152096  -0.13040637028271548
9.84  0.3578662666542585  -0.16577921009170984
9.85  0.36720280830141366  -0.20109739261226173
9.86  0.3770105524664422  -0.23635631356502007
9.870000000000001  0.3872572720580614  -0.27155157131017393
9.88  0.3979080613248054  -0.30667895594534744
9.89  0.4089254620441576  -0.34173443791714314
9.9  0.4202695998209912  -0.3767141561797735
9.91  0.43189832999218525  -0.411614405935532
9.92  0.44376739259819115  -0.4464316259927663
9.93  0.4558305758483171  -0.48116238577785564
9.94  0.46803988747453623  -0.5158033720387816
9.950000000000001  0.48034573333896297  -0.55035137527837
9.96  0.49269710263280486  -0.5848032759560415
9.97  0.5050417589797408  -0.619156030497618
9.98  0.5173264367343274  -0.6534066571527768
9.99  0.5294970417463767  -0.6875522217406355
10.0  0.5414988558452161  -0.7215898233237903
