0.0  -0.027390182519323902  -1.268690320613445
0.01  -0.015482793234519565  -1.2423301547743295
0.02  -0.004428517667408982  -1.2157243387947305
0.03  0.005762332735538944  -1.1888835160898144
0.04  0.015083193849726784  -1.1618181153753422
0.05  0.023531254242971367  -1.134538341913221
0.06  0.03110744628568396  -1.1070541695132388
0.07  0.03781642304616162  -1.079375333305727
0.08  0.043666521069412045  -1.0515113232979243
0.09  0.048669709190513305  -1.0234713787248853
0.1  0.05284152358551339  -0.9952644832037831
0.11  0.056200989314121375  -0.9668993606984497
0.12  0.05877052865873564  -0.9383844722989754
0.13  0.06057585661350695  -0.9097280138191655
0.14  0.061645863924967625  -0.8809379142126188
0.15  0.062012488132091675  -0.8520218348061416
0.16  0.061710573098314375  -0.8229871693471923
0.17  0.06077771757086406  -0.7938410448600357
0.18  0.05925411334359161  -0.7645903233032552
0.19  0.05718237363816506  -0.7352416040193066
0.2  0.05460735235489041  -0.7058012269648246
0.21  0.051575954878385316  -0.676275276708447
0.22  0.048136941154748855  -0.6466695871810401
0.23  0.04434072178561596  -0.6169897471613301
0.24  0.04023914791045699  -0.5872411064781287
0.25  0.035885295671581906  -0.5574287829085682
0.26  0.03133324607645298  -0.5275576697500416
0.27  0.02663786108901712  -0.49763244404187323
0.28  0.021854556795788932  -0.4676575754111373
0.29  0.017039074503276658  -0.43763733551550743
0.3  0.012247250631029695  -0.4075758080545333
0.31  0.007534786269043713  -0.3774768993193466
0.32  0.0029570172694940444  -0.34734434924946045
0.33  -0.001431314259240729  -0.317181742964076
0.34  -0.005576286193541058  -0.28699252273414555
0.35000000000000003  -0.009425019516214522  -0.25678000036034165
0.36  -0.012925897476221027  -0.22654736992108554
0.37  -0.01602877995856486  -0.19629772085387762
0.38  -0.018685212254308997  -0.16603405133234853
0.39  -0.02084862744152613  -0.13575928190071335
0.4  -0.022474541611795684  -0.10547626932668668
0.41000000000000003  -0.023520741203502005  -0.07518782063337369
0.42  -0.023947461732584385  -0.04489670727020342
0.43  -0.023717557243426113  -0.014605679382646175
0.44  -0.022796659837127753  0.015682519859806482
0.45  -0.021153328671365573  0.04596513991805504
0.46  -0.018759187865238336  0.07623940856088973
0.47000000000000003  -0.015589052783835877  0.10650251760622259
0.48  -0.011621044220531673  0.13675160876653097
0.49  -0.006836690040083082  0.16698375963874107
0.5  -0.001221013892326206  0.1971959698784192
0.51  0.005237389345589039  0.2273851475976853
0.52  0.012546291691033884  0.2575480960257036
0.53  0.02070978398388751  0.2876815004699681
0.54  0.02972824181131689  0.31778191561584745
0.55  0.03959830556783395  0.34784575320102196
0.56  0.05031287473644197  0.3778692701005179
0.5700000000000001  0.06186111642367581  0.4078485568570338
0.58  0.07422848812821059  0.4377795266901438
0.59  0.08739677466965062  0.4676579050167913
0.6  0.1013441391513063  0.49747921951421126
0.61  0.11604518777843204  0.5272387907550858
0.62  0.13147104830171366  0.5569317234433215
0.63  0.14758946180495666  0.5865528982773466
0.64  0.16436488750612754  0.6160969644662767
0.65  0.18175862019231964  0.6455583329226924
0.66  0.1997289198620395  0.6749311701540703
0.67  0.2182311531026051  0.7042093928732173
0.68  0.23721794568659377  0.7333866633462353
0.6900000000000001  0.2566393458293309  0.7624563854947592
0.7000000000000001  0.2764429975095276  0.791411701767303
0.71  0.2965743232175066  0.8202454907926673
0.72  0.3169767154601405  0.8489503658264156
0.73  0.3375917363187918  0.8775186739994513
0.74  0.3583593243263206  0.9059424963757414
0.75  0.379218007901717  0.9342136488242364
0.76  0.40010512455622793  0.9623236837079754
0.77  0.420957045063075  0.990263892391382
0.78  0.4417094017640777  1.0180253085646773
0.79  0.4622973201707811  1.0455987123823298
0.8  0.4826556530050919  1.072974635410417
0.81  0.5027192158149977  1.1001433663757658
0.8200000000000001  0.5224230232947287  1.1270949577077332
0.8300000000000001  0.5417025254357206  1.153819232861503
0.84  0.5604938426349898  1.18030579440983
0.85  0.5787339988910063  1.2065440328882322
0.86  0.5963611522238701  1.2325231363767326
0.87  0.6133148214664972  1.258232100799428
0.88  0.6295361085866034  1.2836597409213266
0.89  0.6449679157154643  1.3087947020201638
0.9  0.6595551560786703  1.333625472209179
0.91  0.6732449580463447  1.358140395385217
0.92  0.6859868615454137  1.3823276847749058
0.93  0.6977330061044744  1.4061754370501531
0.9400000000000001  0.7084383098324571  1.4296716469827553
0.9500000000000001  0.7180606386655254  1.452804222606528
0.96  0.726560965252379  1.47556100085406
0.97  0.7339035168861763  1.4979297636339761
0.98  0.7400559119315466  1.5198982543134412
0.99  0.7449892842374712  1.5414541945695863
1.0  0.7486783950709917  1.5625853015725577
1.01  0.7511017321526416  1.583279305462023
1.02  0.7522415954219598  1.6035239670781511
1.03  0.7520841692103171  1.6233070959074185
1.04  0.7506195805483441  1.6426165682029639
1.05  0.7478419433863226  1.661440345238731
1.06  0.7437493885578115  1.6797664916562138
1.07  0.7383440793693133  1.697583193862327
1.08  0.7316322127517615  1.7148787784367086
1.09  0.7236240059628307  1.7316417305066554
1.1  0.7143336688823384  1.747860712047885
1.11  0.703779361996117  1.7635245800694177
1.12  0.6919831402165029  1.778622404641058
1.1300000000000001  0.6789708827398102  1.7931434867222615
1.1400000000000001  0.6647722091926422  1.8070773757515521
1.1500000000000001  0.6494203823694472  1.820413886956166
1.16  0.6329521979131685  1.8331431183421687
1.17  0.6154078613389784  1.845255467325998
1.18  0.5968308528477559  1.8567416469691522
1.19  0.577267780420973  1.8675927017786105
1.2  0.5567682217318651  1.8778000230365586
1.21  0.5353845554489721  1.887355363624024
1.22  0.5131717825472366  1.8962508523041557
1.23  0.49018733827865846  1.9044790074321294
1.24  0.46649089548891254  1.912032750059932
1.25  0.44214415999820816  1.9189054164056625
1.26  0.41721065879387764  1.925090769658448
1.27  0.3917555218086295  1.930583011091563
1.28  0.36584525808199087  1.9353767904579655
1.29  0.3395475271230927  1.93946721564406
1.3  0.3129309063105679  1.9428498615592578
1.31  0.2860646551798428  1.9455207782406228
1.32  0.2590184774594817  1.9474764981537107
1.33  0.23186228172642398  1.9487140426725855
1.34  0.20466594155492518  1.949230927723866
1.35  0.1774990560357411  1.9490251685815982
1.36  0.15043071154058807  1.9480952838017322
1.37  0.12352924560216044  1.9464402982869327
1.3800000000000001  0.09686201377202674  1.9440597454745185
1.3900000000000001  0.07049516030756492  1.940953668642314
1.4000000000000001  0.04449339352479731  1.9371226213292672
1.41  0.018919766636590396  1.9325676668697338
1.42  -0.006164535124751597  1.9272903770423713
1.43  -0.03070040032483412  1.921292829836661
1.44  -0.054630989335071656  1.914577606342101
1.45  -0.07790192381074279  1.9071477867671602
1.46  -0.10046146695050287  1.8990069455970873
1.47  -0.12226069388287933  1.890159145901682
1.48  -0.14325365156191477  1.880608932806076
1.49  -0.16339750759305727  1.8703613261395402
1.5  -0.18265268745145558  1.8594218122791986
1.51  -0.2009829995978691  1.8477963352074203
1.52  -0.218355748042277  1.8354912868034543
1.53  -0.2347418319518073  1.8225134963916498
1.54  -0.25011583194762443  1.808870219570294
1.55  -0.26445608278474597  1.7945691263467811
1.56  -0.2777447321592145  1.779618288606393
1.57  -0.28996778543844226  1.7640261669435007
1.58  -0.3011151361626885  1.7478015968854654
1.59  -0.3111805822183287  1.730953774540873
1.6  -0.3201618276366256  1.7134922417050702
1.61  -0.32806047002493066  1.6954268704571778
1.62  -0.3348819736904325  1.6767678472838967
1.6300000000000001  -0.3406356285695099  1.6575256567665066
1.6400000000000001  -0.34533449512828057  1.6377110648683908
1.6500000000000001  -0.34899533545182754  1.6173351018613307
1.6600000000000001  -0.3516385307906722  1.5964090449295933
1.67  -0.3532879858831429  1.574944400491518
1.68  -0.35397102042117445  1.5529528862789166
1.69  -0.35371824807459085  1.530446413215114
1.7  -0.35256344353489416  1.507437067132835
1.71  -0.35054339808382895  1.4839370903734508
1.72  -0.3476977642343667  1.459958863309335
1.73  -0.3440688900320754  1.435514885831128
1.74  -0.33970164364298683  1.4106177588417563
1.75  -0.33464322888988174  1.3852801657989313
1.76  -0.32894299243225844  1.3595148543476607
1.77  -0.32265222331601673  1.333334618084001
1.78  -0.3158239456469493  1.3067522784908951
1.79  -0.30851270516738444  1.2797806670864176
1.8  -0.3007743505376919  1.252432607824188
1.81  -0.2926658101437401  1.224720899785
1.82  -0.28424486526771653  1.1966583001979356
1.83  -0.2755699204729467  1.1682575078283686
1.84  -0.26669977206339435  1.1395311467692917
1.85  -0.2576933754853819  1.1104917506713416
1.86  -0.24860961254271083  1.081151747445777
1.87  -0.2395070592967435  1.0515234444734258
1.8800000000000001  -0.2304437555201789  1.0216190143513342
1.8900000000000001  -0.22147697656717985  0.9914504812074809
1.9000000000000001  -0.2126630085132326  0.9610297076124483
1.9100000000000001  -0.20405692740568293  0.930368382115454
1.92  -0.19571238345031866  0.899478007430561
1.93  -0.18768139094074365  0.8683698892972208
1.94  -0.18001412471565356  0.837055126037634
1.95  -0.17275872390458036  0.8055445988316454
1.96  -0.1659611036953093  0.7738489627280822
1.97  -0.15966477582607427  0.7419786384096076
1.98  -0.15391067847293988  0.7099438047262856
1.99  -0.14873701616758553  0.6777543920110969
2.0  -0.14417911034316178  0.645420076188727
2.0100000000000002  -0.14026926106611318  0.6129502736869585
2.02  -0.13703662047003212  0.5803541371579836
2.0300000000000002  -0.13450707836384468  0.5476405520149515
2.04  -0.13270316044112995  0.5148181337870514
2.05  -0.1316439394702753  0.48189522629434467
2.06  -0.13134495979667382  0.44887990064158456
2.07  -0.13181817543844027  0.41577995502820814
2.08  -0.13307190200634234  0.3826029153696112
2.09  -0.13511078262702436  0.3493560367229028
2.1  -0.13793576799629986  0.31604630550823853
2.11  -0.14154411063652506  0.2826804425149512
2.12  -0.1459293733790395  0.24926490667967427
2.13  -0.15108145203953277  0.21580589962182123
2.14  -0.1569866122012173  0.18230937091983013
2.15  -0.16362753996799728  0.14878102410983562
2.16  -0.17098340649768246  0.11522632338656519
2.17  -0.17902994607381328  0.08165050098458637
2.18  -0.1877395474241382  0.04805856521630292
2.19  -0.19708135794427964  0.014455309141521433
2.2  -0.20702140043695214  -0.019154680158210424
2.21  -0.21752270193032291  -0.052767011728686336
2.22  -0.22854543409398387  -0.086377480345293
2.23  -0.2400470647276569  -0.11998205559938491
2.24  -0.2519825197563673  -0.1535768705011275
2.25  -0.2643043551265337  -0.18715820963225208
2.2600000000000002  -0.276962937960383  -0.2207224968833653
2.27  -0.2899066362914524  -0.25426628281136016
2.2800000000000002  -0.303082016671821  -0.28778623165355965
2.29  -0.31643404891219257  -0.32127910803591564
2.3000000000000003  -0.32990631718923563  -0.3547417634134613
2.31  -0.34344123673064886  -0.3881711222817861
2.32  -0.35698027526748755  -0.42156416819892584
2.33  -0.3704641784252849  -0.45491792965748
2.34  -0.3838331982106701  -0.48822946584715304
2.35  -0.39702732373840643  -0.5214958523482116
2.36  -0.40998651333521446  -0.5547141667964319
2.37  -0.42265092715140623  -0.587881474560304
2.38  -0.4349611594091971  -0.6209948144710936
2.39  -0.44685846941771223  -0.6540511846463362
2.4  -0.4582850104890085  -0.6870475284470294
2.41  -0.46918405589703877  -0.7199807206085125
2.42  -0.4795002210321963  -0.7528475535845249
2.43  -0.4891796809180246  -0.7856447241435027
2.44  -0.4981703822736352  -0.8183688202554038
2.45  -0.5064222493254642  -0.8510163083068172
2.46  -0.5138873825949456  -0.8835835206810927
2.47  -0.5205202499146132  -0.9160666437395033
2.48  -0.5262778689537462  -0.9484617062383387
2.49  -0.5311199805660529  -0.9807645682158117
2.5  -0.5350092123057423  -1.0129709103814482
2.5100000000000002  -0.5379112314946846  -1.0450762240394456
2.52  -0.5397948872619555  -1.0770758015760986
2.5300000000000002  -0.5406323410178691  -1.108964727540042
2.54  -0.5403991848673504  -1.1407378703425561
2.5500000000000003  -0.5390745475121479  -1.17238987460368
2.56  -0.5366411872376844  -1.2039151541682294
2.57  -0.5330855716281502  -1.2353078858142075
2.58  -0.5283979437025993  -1.2665620036743506
2.59  -0.5225723742150905  -1.297671194389761
2.6  -0.5156067999131699  -1.328628893012829
2.61  -0.5075030476010287  -1.3594282796747132
2.62  -0.4982668439062514  -1.390062277030799
2.63  -0.4879078107020831  -1.4205235484955943
2.64  -0.4764394461902955  -1.450804497276596
2.65  -0.4638790917029199  -1.4808972662146145
2.66  -0.45024788433404167  -1.5107937384361114
2.67  -0.4355706955654425  -1.5404855388210248
2.68  -0.41987605610179224  -1.569964036287565
2.69  -0.40319606718228584  -1.5992203468933832
2.7  -0.38556629868578074  -1.628245337750568
2.71  -0.3670256743955241  -1.6570296317497628
2.72  -0.3476163448371965  -1.685563613086809
2.73  -0.32738354815017257  -1.7138374335832272
2.74  -0.3063754594963022  -1.7418410197899035
2.75  -0.28464302955312626  -1.7695640808613475
2.7600000000000002  -0.2622398126789757  -1.7969961171860402
2.77  -0.23922178537580585  -1.8241264297563589
2.7800000000000002  -0.2156471557116758  -1.850944130259851
2.79  -0.19157616439843048  -1.8774381518717056
2.8000000000000003  -0.16707087825116892  -1.903597260726559
2.81  -0.14219497678447812  -1.9294100680460164
2.82  -0.11701353272596322  -1.9548650428966772
2.83  -0.09159278725029746  -1.9799505255517509
2.84  -0.0659999207567539  -2.0046547414278995
2.85  -0.040302820029780584  -2.028965815567465
2.86  -0.014569842635853987  -2.052871787634768
2.87  0.01113042057988544  -2.076360627393951
2.88  0.036729384026361826  -2.0994202506345143
2.89  0.06215870605396353  -2.1220385355095606
2.9  0.08735052692102566  -2.1442033392506787
2.91  0.1122377051664529  -2.165902515222436
2.92  0.13675405152111908  -2.1871239302784624
2.93  0.16083455949975925  -2.2078554823804137
2.94  0.18441563182705303  -2.228085118440275
2.95  0.20743530186696313  -2.2478008523459216
2.96  0.22983344924262952  -2.266990783129255
2.97  0.25155200885551265  -2.2856431132358925
2.98  0.27253517253670845  -2.3037461668549533
2.99  0.2927295825904851  -2.3212884082673475
3.0  0.31208451651991787  -2.338258460170781
3.0100000000000002  0.3305520622569913  -2.3546451219396904
3.02  0.3480872832544999  -2.370437387778373
3.0300000000000002  0.3646483728344597  -2.385624464725786
3.04  0.38019679722733296  -2.400195790470696
3.0500000000000003  0.3946974267780756  -2.414141050936308
3.06  0.40811865483864274  -2.427450197593904
3.0700000000000003  0.420432503912021  -2.4401134644656386
3.08  0.4316147186598609  -2.4521213847772754
3.09  0.4416448454342638  -2.4634648072224175
3.1  0.4505062980439811  -2.474134911800635
3.11  0.45818640951607836  -2.484123225192827
3.12  0.46467646966579745  -2.4934216356381977
3.13  0.46997174833969646  -2.502022407278345
3.14  0.4740715042500358  -2.509918193935132
3.15  0.47697897937152256  -2.517102052290335
3.16  0.4787013789248131  -2.5235674544363835
3.17  0.479249837024345  -2.529308299768954
3.18  0.4786393681209604  -2.5343189261936927
3.19  0.4768888044221994  -2.5385941206208855
3.2  0.47402071952484587  -2.542129128723549
3.21  0.4700613385451953  -2.5449196639360996
3.22  0.46504043508227483  -2.54696191567251
3.23  0.4589912153978378  -2.5482525567446497
3.24  0.45195019024404043  -2.5487887499633666
3.25  0.4439570348152865  -2.548568153906733
3.2600000000000002  0.4350544373444394  -2.547588927841845
3.27  0.42528793690549294  -2.545849735788455
3.2800000000000002  0.41470575102447477  -2.543349749714784
3.29  0.4033585937379547  -2.5400886518577965
3.3000000000000003  0.3912994847735959  -2.536066636162299
3.31  0.37858355055992343  -2.5312844088352544
3.3200000000000003  0.36526781780241757  -2.5257431880137196
3.33  0.35141100039043965  -2.519444702546938
3.34  0.33707328042384926  -2.512391189895101
3.35  0.3223160841698146  -2.5045853931493847
3.36  0.3072018537787674  -2.4960305571798957
3.37  0.2917938156039726  -2.48673042392016
3.38  0.27615574598147924  -2.4766892267988276
3.39  0.26035173533640327  -2.465911684331194
3.4  0.24444595148742107  -2.454402992885131
3.41  0.2285024030240835  -2.442168818637874
3.42  0.21258470363103218  -2.4292152887420486
3.43  0.19675583822943926  -2.4155489817210674
3.44  0.18107793179901088  -2.401176917115876
3.45  0.16561202173370515  -2.3861065444067036
3.46  0.15041783457097618  -2.3703457312351457
3.47  0.1355535679179005  -2.3539027509535426
3.48  0.12107567837803823  -2.3367862695301196
3.49  0.10703867626040409  -2.3190053318398247
3.5  0.09349492782654073  -2.3005693473722655
3.5100000000000002  0.08049446580352745  -2.28148807538936
3.52  0.06808480885987911  -2.261771609566665
3.5300000000000002  0.05631079070784517  -2.2414303621534377
3.54  0.0452143994597306  -2.220475047687618
3.5500000000000003  0.034834627827597525  -2.19891666630284
3.56  0.02520733471536485  -2.1767664866655885
3.5700000000000003  0.016365118709807447  -2.1540360285812974
3.58  0.008337203932731185  -2.1307370453090213
3.59  0.0011493386705135888  -2.1068815056248433
3.6  -0.005176292850307074  -2.08248157567478
3.61  -0.010621145221651918  -2.057549600658293
3.62  -0.015170372877069405  -2.0320980863839107
3.63  -0.01881287716088531  -2.006139680738669
3.64  -0.021541339276662186  -1.9796871551131618
3.65  -0.023352239000786035  -1.9527533858241088
3.66  -0.024245859099939204  -1.925351335576176
3.67  -0.024226275444335643  -1.8974940350046834
3.68  -0.0233013328617801  -1.8691945643405024
3.69  -0.02148260683058062  -1.8404660352381292
3.7  -0.018785351161980185  -1.811321572807378
3.71  -0.015228431874811182  -1.7817742978886268
3.72  -0.010834247516379736  -1.751837309610849
3.73  -0.005628636233920126  -1.7215236682709125
3.74  0.00035923004981977535  -1.690846378571767
3.75  0.007096963955431135  -1.659818373256225
3.7600000000000002  0.01454909301229726  -1.6284524971719503
3.77  0.02267720157808986  -1.5967614918022282
3.7800000000000002  0.03144008377686966  -1.5647579802958127
3.79  0.04079390687945256  -1.532454453027957
3.8000000000000003  0.05069238451094463  -1.4998632537232488
3.81  0.061086959033911065  -1.4669965661696054
3.8200000000000003  0.07192699242157943  -1.43386640155113
3.83  0.08315996490401581  -1.4004845864260624
3.84  0.09473168064138124  -1.3668627513743914
3.85  0.10658647965233359  -1.3330123203380209
3.86  0.11866745520245645  -1.2989445006746327
3.87  0.13091667583742014  -1.26467027394459
3.88  0.1432754112283134  -1.2302003874484397
3.89  0.1556843609826009  -1.1955453465305863
3.9  0.16808388556310586  -1.1607154076629465
3.91  0.1804142384497662  -1.125720572320295
3.92  0.1926157986742788  -1.0905705816571467
3.93  0.20462930285653505  -1.0552749119939624
3.94  0.21639607587358606  -1.0198427711185123
3.95  0.22785825929713355  -0.9842830954060956
3.96  0.23895903674384303  -0.9486045477604418
3.97  0.24964285529437924  -0.912815516374916
3.98  0.2598556421517353  -0.8769241143117374
3.99  0.26954501572720224  -0.840938179894817
4.0  0.2786604903631391  -0.8048652779098809
4.01  0.2871536739254046  -0.7687127016034269
4.0200000000000005  0.2949784575249271  -0.7324874754702375
4.03  0.3020911966572021  -0.6961963588171098
4.04  0.30845088308050617  -0.6598458500885547
4.05  0.31401930678809564  -0.6234421919383999
4.0600000000000005  0.31876120746659603  -0.5869913770293409
4.07  0.322644414871916  -0.5504991545406794
4.08  0.3256399775953215  -0.513971037362746
4.09  0.3277222797355169  -0.4774123099548764
4.1  0.3288691450376533  -0.4408280368420505
4.11  0.3290619281068128  -0.40422307172384314
4.12  0.3282855923516891  -0.36760206716778576
4.13  0.32652877436356753  -0.3309694848577492
4.14  0.32378383448623294  -0.2943296063666889
4.15  0.3200468933838498  -0.25768654442174443
4.16  0.3153178544660036  -0.22104425462846555
4.17  0.3096004120817456  -0.18440654761982234
4.18  0.3029020454474972  -0.14777710159466984
4.19  0.2952339983267886  -0.11115947520925415
4.2  0.28661124453287007  -0.0745571207846417
4.21  0.2770524393780463  -0.03797339779199976
4.22  0.2665798572459308  -0.0014115865771753
4.23  0.2552193155145098  0.03512509771476771
4.24  0.24300008510876794  0.0716334910546898
4.25  0.22995478801143088  0.10811046632440219
4.26  0.21611928210901185  0.1445529190319257
4.2700000000000005  0.20153253379753494  0.18095775298759564
4.28  0.18623647881795186  0.2173218659817156
4.29  0.17027587183514556  0.25364213550445525
4.3  0.1536981253164315  0.2899154045485128
4.3100000000000005  0.13655313830536633  0.32613846753495
4.32  0.11889311572439501  0.3623080564022245
4.33  0.10077237887523127  0.39842082689809566
4.34  0.08224716783876901  0.43447334511347596
4.3500000000000005  0.06337543650658305  0.47046207429683357
4.36  0.044216641003653634  0.5063833619869097
4.37  0.024831522286680258  0.5422334275008606
4.38  0.005281883724234382  0.5780083498139281
4.39  -0.014369635516218816  0.6137040558658453
4.4  -0.034059790433566786  0.6493163093281005
4.41  -0.05372496265704074  0.6848406998650411
4.42  -0.0733013945459739  0.7202726329205892
4.43  -0.09272542405598608  0.755607320060967
4.44  -0.11193371949925707  0.7908397699025761
4.45  -0.13086351332665186  0.8259647796525691
4.46  -0.14945283406295412  0.86097692728829
4.47  -0.16764073553299758  0.8958705644000349
4.48  -0.18536752252640742  0.9306398097200232
4.49  -0.20257497206159242  0.9652785433587159
4.5  -0.2192065494258075  0.9997804017679519
4.51  -0.23520761818721647  1.0341387734484082
4.5200000000000005  -0.2505256433970744  1.0683467954171948
4.53  -0.2651103872252125  1.102397350449424
4.54  -0.2789140962998675  1.1362830651057159
4.55  -0.2918916800534719  1.1699963085555627
4.5600000000000005  -0.30400087940920817  1.203529192204624
4.57  -0.3152024251787696  1.2368735701318836
4.58  -0.325460185579759  1.2700210403407222
4.59  -0.3347413023213258  1.3029629468257924
4.6000000000000005  -0.3430163147488878  1.3356903824556656
4.61  -0.35025927158291115  1.3681941926690886
4.62  -0.35644782983256984  1.400464979980763
4.63  -0.36156334051252376  1.4324931092904278
4.64  -0.3655909208398569  1.464268713987067
4.65  -0.3685195126382197  1.495781702838116
4.66  -0.3703419267272354  1.5270217676514675
4.67  -0.3710548731270874  1.5579783916962604
4.68  -0.37065897696067795  1.5886408588664283
4.69  -0.3691587799886876  1.61899826356917
4.7  -0.36656272776603555  1.649039521318654
4.71  -0.36288314246144715  1.6787533800135386
4.72  -0.3581361814349322  1.7081284318750682
4.73  -0.35234178172068037  1.7371531260209165
4.74  -0.3455235906150851  1.765815781648297
4.75  -0.33770888262103327  1.7941046017983318
4.76  -0.32892846305015466  1.8220076876721236
4.7700000000000005  -0.3192165586341036  1.8495130534676698
4.78  -0.3086106955440948  1.8766086417052898
4.79  -0.29715156526451675  1.9032823390081124
4.8  -0.2848828788114851  1.9295219923028428
4.8100000000000005  -0.27185120983033506  1.9553154254050664
4.82  -0.25810582714730085  1.9806504559522207
4.83  -0.24369851738964918  2.0055149126465395
4.84  -0.2286833983254087  2.029896652769351
4.8500000000000005  -0.21311672360817357  2.053783579927453
4.86  -0.19705667964436444  2.0771636619915474
4.87  -0.18056317532949126  2.1000249491863037
4.88  -0.16369762542646038  2.1223555922910107
4.89  -0.14652272838248814  2.1441438609095247
4.9  -0.12910223940188006  2.1653781617679635
4.91  -0.11150073960948802  2.1860470569983845
4.92  -0.09378340215420536  2.2061392823667005
4.93  -0.07601575611323522  2.2256437654030665
4.94  -0.05826344906604539  2.244549643393193
4.95  -0.04059200921189658  2.2628462811892023
4.96  -0.02306660790654972  2.2805232887990963
4.97  -0.005751823492307559  2.2975705387142513
4.98  0.011288592709277873  2.313978182934955
4.99  0.02799194738058855  2.3297366696546473
5.0  0.04429683231677774  2.3448367595642345
5.01  0.060143346824267946  2.3592695417386866
5.0200000000000005  0.07547331459036882  2.3730264490690596
5.03  0.09023049422584259  2.3860992732040827
5.04  0.10436078270567424  2.398480178966547
5.05  0.11781241095949534  2.4101617182109294
5.0600000000000005  0.1305361308921867  2.4211368430899154
5.07  0.14248539314681247  2.431398918698856
5.08  0.1536165149563203  2.4409417350686025
5.09  0.16388883746701904  2.449759518478628
5.1000000000000005  0.17326487195585394  2.457846942063922
5.11  0.18171043440449414  2.465199135690752
5.12  0.1891947679363721  2.471811695078084
5.13  0.1956906526676242  2.4776806901431407
5.14  0.20117450256949254  2.482802672551421
5.15  0.20562644898773158  2.48717468245331
5.16  0.2090304105139336  2.4907942543912696
5.17  0.21137414895413847  2.4936594223635673
5.18  0.2126493111915132  2.4957687240323865
5.19  0.2128514567920417  2.4971212040662047
5.2  0.211980071254881  2.497716416608281
5.21  0.21003856486212086  2.49755442686515
5.22  0.20703425713591334  2.4966358118110477
5.23  0.2029783469641655  2.4949616600062328
5.24  0.19788586850894593  2.49253357052925
5.25  0.19177563306431833  2.489353651025204
5.26  0.18467015708224405  2.485424514874186
5.2700000000000005  0.17659557663631165  2.480749277486027
5.28  0.1675815486431545  2.4753315517295604
5.29  0.15766113921035552  2.469175442506617
5.3  0.1468706995271822  2.4622855404829225
5.3100000000000005  0.13524972976050081  2.4546669149900318
5.32  0.12284073146251331  2.446325106114365
5.33  0.10968904903936733  2.4372661159912536
5.34  0.09584270087005628  2.4274963993237826
5.3500000000000005  0.08135220070321539  2.4170228531479694
5.36  0.06627036999526426  2.4058528058675837
5.37  0.050652141886748464  2.393994005583552
5.38  0.03455435754452697  2.3814546077445606
5.39  0.018035555625564498  2.3682431621469933
5.4  0.001155755643387657  2.3543685993138297
5.41  -0.016023763959329855  2.339840216283557
5.42  -0.03344069220917081  2.3246676618414854
5.43  -0.05103191563210682  2.3088609212271214
5.44  -0.06873375106283997  2.2924303003524202
5.45  -0.08648218037074776  2.275386409566888
5.46  -0.10421308623291434  2.2577401470064187
5.47  -0.12186248808107003  2.2395026815637893
5.48  -0.13936677734881836  2.220685435519491
5.49  -0.15666295114833811  2.2013000668723297
5.5  -0.17368884351177952  2.1813584514098605
5.51  -0.19038335334181694  2.160872664559337
5.5200000000000005  -0.2066866682282209  2.1398549630601886
5.53  -0.2225404833028664  2.11831776649949
5.54  -0.23788821432418358  2.0962736387520793
5.55  -0.25267520420366607  2.07373526936717
5.5600000000000005  -0.2668489222115745  2.050715454943292
5.57  -0.280359155126321  2.027227080533455
5.58  -0.29315818962208817  2.003283101122107
5.59  -0.30520098522193334  1.9788965232153901
5.6000000000000005  -0.31644533717881007  1.954080386585724
5.61  -0.3268520286844477  1.9288477462113356
5.62  -0.3363849718458638  1.903211654450769
5.63  -0.3450113369110383  1.8771851434918758
5.64  -0.3527016692691006  1.8507812081138877
5.65  -0.35942999379585905  1.8240127888004434
5.66  -0.36517390616262213  1.7968927552405503
5.67  -0.36991465077477514  1.7694338902532947
5.68  -0.37363718505630417  1.7416488741711988
5.69  -0.3763302298472803  1.7135502697158485
5.7  -0.3779863057329566  1.6851505073981383
5.71  -0.3786017551754639  1.6564618714741581
5.72  -0.37817675037187454  1.6274964864864225
5.73  -0.3767152868154889  1.5982663044184817
5.74  -0.37422516259035604  1.5687830924895685
5.75  -0.3707179434820629  1.5390584216142258
5.76  -0.3662089140405645  1.5091036555502289
5.7700000000000005  -0.36071701478304735  1.4789299407563417
5.78  -0.3542647657763124  1.448548196979774
5.79  -0.34687817688879347  1.4179691085911867
5.8  -0.3385866450518649  1.3872031166834407
5.8100000000000005  -0.32942283891836466  1.3562604119482475
5.82  -0.3194225713530676  1.32515092834296
5.83  -0.3086246602350632  1.2938843375577507
5.84  -0.29707077809541205  1.2624700442915704
5.8500000000000005  -0.28480529115493824  1.2309171823430485
5.86  -0.27187508836634655  1.1992346115206605
5.87  -0.258329401102002  1.1674309153743603
5.88  -0.24421961416348198  1.1355143997488697
5.89  -0.22959906882115322  1.1034930921567483
5.9  -0.21452285862167492  1.071374741967416
5.91  -0.19904761872816873  1.0391668214061778
5.92  -0.18323130958177059  1.006876527355328
5.93  -0.16713299569437035  0.9745107839475433
5.94  -0.15081262040040527  0.9420762459396134
5.95  -0.13433077741053137  0.9095793028527944
5.96  -0.11774848002188365  0.8770260838641145
5.97  -0.10112692884825401  0.8444224634311147
5.98  -0.08452727893903703  0.8117740676306784
5.99  -0.0680104071579703  0.7790862811909423
6.0  -0.05163668069172571  0.7463642551933805
6.01  -0.03546572755416352  0.7136129154207187
6.0200000000000005  -0.019556209944574757  0.6808369713246374
6.03  -0.00396560130763729  0.6480409255856563
6.04  0.01125003207104297  0.6152290842362471
6.05  0.026036244116787025  0.5824055673167567
6.0600000000000005  0.040340415868051926  0.5495743200324472
6.07  0.05411195545481372  0.5167391243787172
6.08  0.06730249040476245  0.48390361120043157
6.09  0.07986605155746941  0.45107127265021674
6.1000000000000005  0.09175924789795706  0.41824547500957404
6.11  0.10294143165487339  0.38542947183589227
6.12  0.11337485304472222  0.35262641739739814
6.13  0.12302480408213018  0.31983938035772874
6.140000000000001  0.13185975091680585  0.28707135767085445
6.15  0.13985145420058043  0.25432528864681725
6.16  0.14697507703241114  0.2216040691482165
6.17  0.15320928007551565  0.18891056587709418
6.18  0.15853630348848752  0.15624763071165979
6.19  0.16294203536136637  0.12361811505214465
6.2  0.1664160663978077  0.09102488413517643
6.21  0.16895173063574886  0.058470831275909074
6.22  0.17054613205086205  0.025958891997676037
6.23  0.17120015693970253  -0.0065079419911274194
6.24  0.17091847203232874  -0.038926609012591984
6.25  0.16970950833735116  -0.07129396386657488
6.26  0.16758543077545288  -0.1036067645483903
6.2700000000000005  0.16456209371033803  -0.1358616592749186
6.28  0.16065898253861555  -0.16805517385638397
6.29  0.15589914155198487  -0.200183699450161
6.3  0.15030908833629203  -0.23224348073207252
6.3100000000000005  0.14391871502211076  -0.2642306045195095
6.32  0.136761176750565  -0.29614098887968077
6.33  0.1288727677656703  -0.32797037275507523
6.34  0.12029278559068614  -0.35971430613680044
6.3500000000000005  0.11106338379031364  -0.39136814081532684
6.36  0.10122941386322462  -0.4229270217365354
6.37  0.09083825684986946  -0.45438587898956073
6.38  0.07993964527898978  -0.48573942045132124
6.390000000000001  0.06858547611225803  -0.516982125111024
6.4  0.05682961538017042  -0.5481082370961435
6.41  0.04472769523329019  -0.5791117604198277
6.42  0.03233690416141519  -0.6099864544676596
6.43  0.019715771158749174  -0.6407258302399983
6.44  0.006923944635918472  -0.6713231473642532
6.45  -0.005978033100635827  -0.7017714118894529
6.46  -0.018928954964671174  -0.7320633748735725
6.47  -0.031867180950682646  -0.7621915317720995
6.48  -0.04473087187778622  -0.7921481226343339
6.49  -0.05745822414840678  -0.82192513311183
6.5  -0.06998770464932659  -0.8515142962815311
6.51  -0.08225828492175498  -0.8809070952839037
6.5200000000000005  -0.09420967372967204  -0.9100947667744834
6.53  -0.10578254716128759  -0.9390683051851791
6.54  -0.116918775407442  -0.9678184677896792
6.55  -0.12756164537276463  -0.9963357805651722
6.5600000000000005  -0.1376560782907324  -1.024610544840796
6.57  -0.14714884153195548  -1.052632844721082
6.58  -0.1559887538164036  -1.0803925552708138
6.59  -0.1641268830644208  -1.1078793514457552
6.6000000000000005  -0.17151673614854865  -1.1350827177518863
6.61  -0.17811443983789868  -1.1619919586138254
6.62  -0.18387891225931657  -1.1885962094315283
6.63  -0.18877202423446232  -1.2148844483023886
6.640000000000001  -0.19275874988933409  -1.240845508384323
6.65  -0.1958073059722662  -1.2664680908737622
6.66  -0.1978892793581399  -1.291740778570912
6.67  -0.19897974226011073  -1.316652050003064
6.68  -0.19905735471558683  -1.341190294075458
6.69  -0.19810445396014614  -1.365343825217713
6.7  -0.19610713035153363  -1.3891008989925857
6.71  -0.19305528955556006  -1.4124497281327093
6.72  -0.188942700756499  -1.435378498969701
6.73  -0.18376703070620443  -1.4578753882190916
6.74  -0.177529863478537  -1.4799285800835726
6.75  -0.1702367058485039  -1.5015262836361978
6.76  -0.16189697826869187  -1.5226567504443562
6.7700000000000005  -0.15252399146878573  -1.5433082923947745
6.78  -0.1421349087571713  -1.563469299679136
6.79  -0.13075069415644702  -1.5831282588994882
6.8  -0.11839604655711142  -1.6022737712521953
6.8100000000000005  -0.10509932012535136  -1.6208945707489588
6.82  -0.09089243125175564  -1.638979542433181
6.83  -0.07581075237750967  -1.6565177405499725
6.84  -0.059892993083210694  -1.6734984066280258
6.8500000000000005  -0.04318106887255152  -1.6899109874317613
6.86  -0.025719958128633064  -1.7057451527423548
6.87  -0.0075575477644409805  -1.7209908129266185
6.88  0.011255531869157537  -1.7356381362530546
6.890000000000001  0.03066608221478545  -1.7496775659149986
6.9  0.05061852123868035  -1.7630998367213584
6.91  0.07105507698379393  -1.7758959914161596
6.92  0.09191598923745284  -1.7880573965889317
6.93  0.11313971857512113  -1.7995757581388694
6.94  0.13466316201455134  -1.8104431362566764
6.95  0.15642187449006134  -1.8206519598890925
6.96  0.17835029533527547  -1.8301950406522793
6.97  0.20038197894397508  -1.8390655861614222
6.98  0.22244982876336689  -1.8472572127453168
6.99  0.24448633376165332  -1.8547639575160304
7.0  0.2664238065027289  -1.8615802897652385
7.01  0.28819462195476564  -1.8677011216603645
7.0200000000000005  0.3097314561568284  -1.873121818215256
7.03  0.33096752386811  -1.8778382065117896
7.04  0.35183681432823044  -1.88184658415053
7.05  0.37227432426393126  -1.8851437269103386
7.0600000000000005  0.39221628728773517  -1.8877268955986368
7.07  0.4116003988475173  -1.8895938420759322
7.08  0.430366035902354  -1.8907428144400833
7.09  0.44845447051952336  -1.8911725613577473
7.1000000000000005  0.465809076610063  -1.8908823355324273
7.11  0.4823755290456319  -1.8898718963005139
7.12  0.49810199442768327  -1.8881415113487734
7.13  0.5129393128107244  -1.8856919575487325
7.140000000000001  0.526841169715021  -1.8825245209054744
7.15  0.539764257799958  -1.8786409956204313
7.16  0.551668427607558  -1.8740436822697721
7.17  0.5625168268260502  -1.8687353851020783
7.18  0.5722760275658825  -1.862719408461013
7.19  0.5809161411848933  -1.8559995523407335
7.2  0.588410920245418  -1.8485801070837973
7.21  0.5947378472336965  -1.8404658472333078
7.22  0.5998782097208822  -1.8316620245529986
7.23  0.6038171616951387  -1.8221743602308704
7.24  0.6065437708453858  -1.8120090362839258
7.25  0.608051051629263  -1.8011726861833177
7.26  0.608335984010356  -1.7896723847210987
7.2700000000000005  0.6073995178027947  -1.7775156371414826
7.28  0.6052465626144496  -1.764710367561195
7.29  0.6018859634332343  -1.7512649067051622
7.3  0.5973304619540436  -1.7371879789853435
7.3100000000000005  0.5915966437965576  -1.7224886889520126
7.32  0.5847048718162464  -1.7071765071482248
7.33  0.576679205762292  -1.6912612553995814
7.34  0.5675473085865607  -1.674753091572669
7.3500000000000005  0.5573403397570122  -1.6576624938367424
7.36  0.5460928359769563  -1.6400002444644017
7.37  0.5338425797579767  -1.6217774132079184
7.38  0.5206304563392019  -1.6030053402889735
7.390000000000001  0.5065002994885347  -1.5836956190402751
7.4  0.4914987267624702  -1.5638600782383802
7.41  0.47567496483993843  -1.5435107641676564
7.42  0.45908066558217875  -1.5226599224559259
7.43  0.44176971350478234  -1.5013199797227794
7.44  0.423798025379594  -1.4795035250819106
7.45  0.4052233427131143  -1.4572232915391827
7.46  0.3861050178741401  -1.4344921373281234
7.47  0.36650379466669203  -1.411323027224868
7.48  0.34648158416455055  -1.3877290138843223
7.49  0.3261012366410427  -1.3637232192393003
7.5  0.30542631044186647  -1.3393188160041534
7.51  0.2845208386598218  -1.314529009324045
7.5200000000000005  0.2634490944781268  -1.2893670186106243
7.53  0.24227535605366574  -1.2638460596043155
7.54  0.22106367181288128  -1.2379793267028205
7.55  0.1998776270312142  -1.2117799755946963
7.5600000000000005  0.1787801125618994  -1.1852611062361162
7.57  0.157833096571649  -1.1584357462079446
7.58  0.1370974001292858  -1.1313168344892761
7.59  0.11663247747878372  -1.1039172056826227
7.6000000000000005  0.09649620181046933  -1.0762495747245848
7.61  0.0767446573234673  -1.0483265221147564
7.62  0.05743193834873381  -1.0201604796942132
7.63  0.03860995627562733  -0.9917637170035632
7.640000000000001  0.020328254995601508  -0.963148328249043
7.65  0.0026338355447869943  -0.9343262199036944
7.66  -0.014429009407326998  -0.9053090989688832
7.67  -0.030818850612583715  -0.876108461919963
7.68  -0.04649726627094533  -0.8467355843580535
7.69  -0.061428974499208366  -0.8172015113881179
7.7  -0.07558195375472415  -0.787517048741793
7.71  -0.08892755077218134  -0.7576927546614959
7.72  -0.10144057561809677  -0.7277389325604668
7.73  -0.11309938351578633  -0.6976656244714392
7.74  -0.12388594314295673  -0.6674826052947611
7.75  -0.13378589115453732  -0.637199377854623
7.76  -0.14278857273472984  -0.6068251687702461
7.7700000000000005  -0.15088706803442015  -0.5763689251467518
7.78  -0.15807820440270354  -0.5458393120883935
7.79  -0.1643625543742764  -0.5152447110348015
7.8  -0.16974441942754734  -0.4845932189189688
7.8100000000000005  -0.17423179958139517  -0.45389264814346564
7.82  -0.17783634895129932  -0.42315052736953357
7.83  -0.180573317437905  -0.39237410311160037
7.84  -0.18246147877281083  -0.361570342127813
7.8500000000000005  -0.1835230451972173  -0.33074593459517476
7.86  -0.183783569098906  -0.2999072980560522
7.87  -0.1832718319816568  -0.26906058212070755
7.88  -0.18201972118843063  -0.2382116739088843
7.890000000000001  -0.18006209484531185  -0.20736620421152585
7.9  -0.17743663553712702  -0.1765295543519247
7.91  -0.17418369326766603  -0.1457068637239019
7.92  -0.17034611829742932  -0.11490303798305562
7.930000000000001  -0.16596908448953757  -0.08412275786529969
7.94  -0.1610999038298913  -0.05337048860557751
7.95  -0.15578783282057052  -0.022650489928042132
7.96  -0.15008387147584235  0.008033173422348085
7.97  -0.14404055567771076  0.03867662063825171
7.98  -0.13771174367278805  0.06927614333097357
7.99  -0.13115239751416063  0.09982819356796324
8.0  -0.12441836027082281  0.1303293715017132
8.01  -0.11756612984309912  0.1607764126258333
8.02  -0.11065263023522948  0.19116617469524683
8.03  -0.10373498114584086  0.2214956243480628
8.040000000000001  -0.0968702667433791  0.251761823467456
8.05  -0.09011530449679378  0.2819619153225833
8.06  -0.08352641493153501  0.31209311052804295
8.07  -0.07715919317773208  0.3421526728617877
8.08  -0.07106828317080385  0.3721379049818136
8.09  -0.0653071553549589  0.4020461340821675
8.1  -0.05992788872720303  0.43187469752887414
8.11  -0.05498095804337835  0.4616209285165571
8.120000000000001  -0.05051502698868854  0.4912821417863764
8.13  -0.046576748093104525  0.5208556194456797
8.14  -0.04321057014698934  0.550338596929766
8.15  -0.04045855384462335  0.5797282491453861
8.16  -0.038360196352650144  0.6090216768355617
8.17  -0.03695226546750449  0.6382158932044494
8.18  -0.03626864399022239  0.6673078108405006
8.19  -0.03634018490918092  0.6962942289752735
8.2  -0.037194577941173645  0.7251718211145773
8.21  -0.03885622793908844  0.7539371230775739
8.22  -0.041346145630374476  0.7825865214784172
8.23  -0.04468185110473738  0.8111162426841539
8.24  -0.04887729042212041  0.8395223422810003
8.25  -0.053942765663294756  0.8678006950802725
8.26  -0.05988487869548814  0.8959469856936163
8.27  -0.0667064888744544  0.9239566997059074
8.28  -0.0744066848526651  0.9518251154725881
8.290000000000001  -0.08298077061082881  0.979547296566818
8.3  -0.0924202657770814  1.0071180849000094
8.31  -0.10271292024511303  1.0345320945377956
8.32  -0.11384274304924408  1.0617837062316604
8.33  -0.12579004540152883  1.0888670626846708
8.34  -0.13853149774322443  1.1157760645680157
8.35  -0.15204020061083878  1.1425043673030744
8.36  -0.1662857690655729  1.1690453786219068
8.370000000000001  -0.181234430384469  1.195392256917051
8.38  -0.19684913466220041  1.2215379103896222
8.39  -0.21308967792440364  1.247474997002674
8.4  -0.22991283730673667  1.273195925244733
8.41  -0.24727251780901752  1.2986928557065012
8.42  -0.26511991009052605  1.3239577034715522
8.43  -0.2834036587314687  1.348982141319955
8.44  -0.3020700403464466  1.37375760374161
8.45  -0.32106315089910553  1.3982752917541281
8.46  -0.34032510153265383  1.4225261785180032
8.47  -0.3597962221991563  1.4465010157399063
8.48  -0.37941527234132955  1.4701903408529056
8.49  -0.3991196578540591  1.4935844849604338
8.5  -0.41884565352940134  1.516673581528993
8.51  -0.4385286301680862  1.5394475758125818
8.52  -0.45810328552306495  1.5618962349901198
8.53  -0.47750387822602003  1.584009158995213
8.540000000000001  -0.49666446383647944  1.6057757920159532
8.55  -0.5155191321449218  1.62718543464063
8.56  -0.5340022448563738  1.6482272566237957
8.57  -0.5520486727791851  1.668890310245238
8.58  -0.5695940316452505  1.689163544233214
8.59  -0.5865749156926388  1.7090358182216434
8.6  -0.6029291281496133  1.7284959177096404
8.61  -0.6185959077701187  1.7475325694905237
8.620000000000001  -0.6335161505851714  1.7661344575161348
8.63  -0.6476326260519343  1.7842902391612043
8.64  -0.6608901868027536  1.8019885618514768
8.65  -0.6732359712197409  1.8192180800182733
8.66  -0.6846195980868132  1.8359674723413346
8.67  -0.6949933526000618  1.8522254592410334
8.68  -0.7043123630490787  1.867980820580292
8.69  -0.7125347675160516  1.8832224135359659
8.700000000000001  -0.7196218699761188  1.8979391905990073
8.71  -0.7255382852214202  1.9121202176622307
8.72  -0.7302520720723628  1.925754692154306
8.73  -0.7337348543826775  1.938831961178295
8.74  -0.7359619293897558  1.9513415396130542
8.75  -0.736912363008319  1.9632731281357299
8.76  -0.7365690717135173  1.974616631123757
8.77  -0.7349188907089181  1.9853621743949175
8.78  -0.7319526281253552  1.9955001227443256
8.790000000000001  -0.7276651050480089  2.005021097237644
8.8  -0.7220551812213288  2.0139159922202787
8.81  -0.7151257663340981  2.022175992002955
8.82  -0.7068838168400887  2.0297925871847085
8.83  -0.6973403183230171  2.0367575905751707
8.84  -0.6865102534677456  2.043063152678867
8.85  -0.6744125557527059  2.048701776705224
8.86  -0.6610700490310941  2.053666333069059
8.870000000000001  -0.6465093732203764  2.0579500733474245
8.88  -0.6307608963707936  2.0615466436599474
8.89  -0.6138586134336784  2.064450097441098
8.9  -0.5958400320994509  2.066654907574169
8.91  -0.5767460461226623  2.068155977858237
8.92  -0.5566207965975775  2.068948653780908
8.93  -0.5355115216920989  2.069028732571183
8.94  -0.5134683953902976  2.0683924725085
8.950000000000001  -0.49054435583425415  2.067036601465661
8.96  -0.466794923894135  2.064958324665154
8.97  -0.44227801263130273  2.062155331630168
8.98  -0.41705372835280424  2.0586258023134745
8.99  -0.3911841639863249  2.054368412389236
9.0  -0.3647331855329302  2.0493823376947424
9.01  -0.3377662123802461  2.0436672578110433
9.02  -0.3103499922812166  2.037223358773437
9.03  -0.28255237182300225  2.030051334904798
9.040000000000001  -0.25444206322706775  2.0221523897667293
9.05  -0.22608840833480934  2.013528236225646
9.06  -0.19756114064315017  2.0041810956328256
9.07  -0.1689301462616194  1.994113696119651
9.08  -0.1402652246660303  1.9833292700112275
9.09  -0.11163585012440456  1.9718315503636454
9.1  -0.08311093466807677  1.959624766632163
9.11  -0.05475859347484055  1.9467136394796456
9.120000000000001  -0.02664591352188364  1.933103374736529
9.13  0.0011612736461311668  1.9187996565255963
9.14  0.028598614204041917  1.9038086395667424
9.15  0.05560344857683845  1.8881369406788446
9.16  0.08211502142434055  1.8717916294976709
9.17  0.10807468431462926  1.8547802184306132
9.18  0.13342609034830172  1.8371106518707299
9.19  0.15811538002569986  1.8187912946943574
9.200000000000001  0.18209135768186277  1.7998309200681648
9.21  0.20530565784914628  1.7802386965931034
9.22  0.2277129009450079  1.7600241748142214
9.23  0.24927083772209147  1.7391972731268137
9.24  0.26994048195970705  1.7177682631106856
9.25  0.28968623091944956  1.695747754325637
9.26  0.30847597313325087  1.6731466786025257
9.27  0.3262811831392519  1.6499762738653432
9.28  0.3430770028293998  1.6262480675208335
9.290000000000001  0.3588423091224133  1.6019738594531567
9.3  0.37355976772657706  1.577165704661932
9.31  0.38721587280851977  1.5518358955827978
9.32  0.39980097243638785  1.5259969441303358
9.33  0.41130927971875386  1.4996615635037722
9.34  0.42173886961360396  1.4728426497963423
9.35  0.43109166143499716  1.4455532634496788
9.36  0.43937338713801033  1.4178066105947793
9.370000000000001  0.44659354551538666  1.389616024321364
9.38  0.45276534249152367  1.3609949459175943
9.39  0.4579056177510258  1.3319569061218797
9.4  0.4620347579896854  1.3025155064287655
9.41  0.46517659712535275  1.2726844004903257
9.42  0.46735830385449884  1.2424772756544107
9.43  0.46861025698711767  1.2119078346805818
9.44  0.46896590903792723  1.1809897776741576
9.450000000000001  0.468461638595275  1.1497367842780557
9.46  0.4671365920307285  1.118162496161585
9.47  0.46503251515173083  1.0862804998443953
9.48  0.4621935754369286  1.054104309893032
9.49  0.45866617552860656  1.0216473525265322
9.5  0.4544987586889043  0.9889229496663827
9.51  0.4497416069562166  0.9559443034651206
9.52  0.44444663276509655  0.922724481346534
9.53  0.4386671648170256  0.8892764015892229
9.540000000000001  0.43245772901065604  0.8556128194837689
9.55  0.42587382525815665  0.821746314092453
9.56  0.41897170102948417  0.787689275638796
9.57  0.4118081224782657  0.7534538935527499
9.58  0.40444014401175205  0.71905214519564
9.59  0.39692487717288777  0.6844957852872323
9.6  0.38931925970480485  0.6497963360556316
9.61  0.3816798256672284  0.6149650781288118
9.620000000000001  0.37406247747001464  0.5800130421848353
9.63  0.36652226068179217  0.5449510013758216
9.64  0.35911314246103854  0.5097894645388411
9.65  0.3518877944432567  0.4745386702050219
9.66  0.34489738090109845  0.4392085814160395
9.67  0.3381913529744214  0.4038088813553287
9.68  0.3318172497444723  0.368348969799079
9.69  0.3258205069006995  0.33283796039043156
9.700000000000001  0.32024427372019304  0.2972846787378141
9.71  0.31512923904863877  0.2616976613367083
9.72  0.3105134669379289  0.22608515531177503
9.73  0.30643224255943174  0.19045511897456469
9.74  0.30291792897345793  0.15481522318969687
9.75  0.29999983529486146  0.1191728535407307
9.76  0.29770409675206866  0.08353511328463986
9.77  0.29605356709237574  0.04790882708215882
9.78  0.29506772374017576  0.012300545489176862
9.790000000000001  0.29476258606711075  -0.02328344980744773
9.8  0.29515064708413996  -0.05883714002811982
9.81  0.2962408188153354  -0.09435476263304887
9.82  0.29803839156208733  -0.12983080397107563
9.83  0.30054500721449895  -0.16525999126845817
9.84  0.30375864671423314  -0.20063728398289174
9.85  0.30767363172019635  -0.23595786454960188
9.86  0.31228064047536164  -0.27121712854787433
9.870000000000001  0.3175667378199484  -0.3064106743176759
9.88  0.3235154192432894  -0.34153429205755037
9.89  0.3301066688142522  -0.37658395243615617
9.9  0.33731703077816144  -0.41155579475088483
9.91  0.3451196945570862  -0.4464461146683113
9.92  0.35348459284019973  -0.4812513515821404
9.93  0.3623785124019676  -0.5159680756251493
9.94  0.3717652172382703  -0.5505929743727169
9.950000000000001  0.38160558356446206  -0.5851228392760167
9.96  0.3918577461749446  -0.6195545518637119
9.97  0.4024772556212738  -0.6538850697516982
9.98  0.4134172456252528  -0.6881114125004881
9.99  0.42462861010509745  -0.7222306473607186
10.0  0.4360601891566466  -0.7562398749471053
