0.0  -0.053311286246852385  -1.2447627556997498
0.01  -0.05165805945951482  -1.2182808260977114
0.02  -0.05072375560662459  -1.1915546640464363
0.03  -0.050481146481941186  -1.164594920055408
0.04  -0.050899893584916006  -1.1374120298507153
0.05  -0.051946679639043675  -1.1100162056201888
0.06  -0.05358535149976157  -1.0824174280147294
0.07  -0.05577707390928946  -1.0546254389205654
0.08  -0.058480493515344734  -1.0266497350152202
0.09  -0.06165191253238231  -0.9984995621180255
0.1  -0.06524547138803766  -0.9701839103440383
0.11  -0.0692133396639285  -0.9417115100681959
0.12  -0.0735059146090165  -0.9130908287045387
0.13  -0.07807202647546552  -0.8843300683032942
0.14  -0.08285914990145944  -0.8554371639665871
0.15  -0.08781362054285446  -0.826419783081491
0.16  -0.09288085613592245  -0.7972853253671164
0.17  -0.0980055811568691  -0.7680409237304123
0.18  -0.10313205423033946  -0.7386934459233317
0.19  -0.10820429742880822  -0.7092494969920448
0.2  -0.11316632659763042  -0.6797154225069074
0.21  -0.11796238183662557  -0.6500973125599561
0.22  -0.12253715726839898  -0.6204010065148069
0.23  -0.12683602922617207  -0.5906320984919673
0.24  -0.13080528199968866  -0.5607959435707454
0.25  -0.13439233028676584  -0.5308976646871777
0.26  -0.13754593751022828  -0.5009421602056628
0.27  -0.14021642917526922  -0.47093411214033554
0.28  -0.14235590046064664  -0.4408779950005902
0.29  -0.1439184172585026  -0.410778085233644
0.3  -0.14486020990188286  -0.38063847123553013
0.31  -0.14513985884616895  -0.3504630639005275
0.32  -0.14471847160049178  -0.3202556076776885
0.33  -0.14355985023768067  -0.2900196921018802
0.34  -0.1416306488462859  -0.2597587637655868
0.35000000000000003  -0.13890052032556527  -0.22947613869662387
0.36  -0.13534225196391694  -0.1991750151059179
0.37  -0.1309318892829083  -0.16885848646859314
0.38  -0.12564884767266196  -0.13852955490078442
0.39  -0.11947601138972663  -0.10819114479385927
0.4  -0.1123998195355404  -0.0778461166671059
0.41000000000000003  -0.10441033868199243  -0.04749728119940334
0.42  -0.09550132186023735  -0.01714741339993911
0.43  -0.08567025367962777  0.013200733122283259
0.44  -0.07491838139521567  0.04354441183066829
0.45  -0.06325073179454244  0.07388086891564039
0.46  -0.050676113827190894  0.10420732897233442
0.47000000000000003  -0.03720710695363011  0.13452098074201485
0.48  -0.02286003524302277  0.16481896295770032
0.49  -0.007654927302717496  0.19509835033422335
0.5  0.008384537825106342  0.22535613974259108
0.51  0.025231098611920577  0.255589236608063
0.52  0.0428539925971661  0.28579444157080014
0.53  0.061219051258429386  0.31596843744730313
0.54  0.0802888078578809  0.34610777653010383
0.55  0.10002261787700745  0.37620886826234334
0.56  0.12037679160473455  0.406267967322942
0.5700000000000001  0.1413047383986995  0.4362811621570545
0.58  0.1627571220958787  0.46624436398539737
0.59  0.1846820270071502  0.49615329632486016
0.6  0.2070251338908341  0.5260034850515402
0.61  0.2297299052629618  0.5557902490360035
0.62  0.2527377793671025  0.5855086913791634
0.63  0.27598837209415583  0.6151536912756717
0.64  0.2994196861127336  0.644719896530173
0.65  0.3229683264436962  0.6742017167501655
0.66  0.3465697216881935  0.7035933172375085
0.67  0.37015835009726955  0.7328886135989279
0.68  0.39366796965280393  0.762081267094046
0.6900000000000001  0.41703185131435777  0.7911646807376799
0.7000000000000001  0.4401830145744075  0.8201319961712386
0.71  0.46305446445554976  0.8489760913161809
0.72  0.4855794290775674  0.8776895788205319
0.73  0.5076915969197792  0.9062648053074954
0.74  0.5293253529048763  0.9346938514332092
0.75  0.5504160124344628  0.9629685327586865
0.76  0.5709000525137484  0.9910804014389424
0.77  0.5907153391132809  1.019020748730299
0.78  0.6098013499291917  1.0467806083148068
0.79  0.6280993917201267  1.0743507604386937
0.8  0.6455528114187803  1.101721736859723
0.81  0.66210720023866  1.12888382659632
0.8200000000000001  0.6777105900223243  1.1558270824693377
0.8300000000000001  0.6923136411057258  1.1825413284253297
0.84  0.7058698210043881  1.2090161676282651
0.85  0.7183355732607979  1.2352409913046853
0.86  0.7296704758285164  1.2612049883254075
0.87  0.739837388406932  1.2868971555050432
0.88  0.7488025881811815  1.3123063085987878
0.89  0.756535893464392  1.3374210939741733
0.9  0.7630107747838767  1.362230000933784
0.91  0.7682044529991213  1.3867213746632872
0.92  0.7720979840871015  1.4108834297775343
0.93  0.7746763302795538  1.4347042644359764
0.9400000000000001  0.7759284172870614  1.4581718749971841
0.9500000000000001  0.7758471773960398  1.4812741711808863
0.96  0.7744295782767402  1.5039989917046244
0.97  0.7716766373929967  1.526334120360908
0.98  0.7675934219574936  1.5482673024996108
0.99  0.762189034429557  1.5697862618792775
1.0  0.7554765836057395  1.5908787178500514
1.01  0.7474731414065388  1.611532402830052
1.02  0.7381996855152793  1.63173508003622
1.03  0.7276810280773103  1.651474561429983
1.04  0.7159457307190165  1.6707387258374666
1.05  0.703026006196529  1.6895155372034827
1.06  0.6889576070332706  1.7077930629381188
1.07  0.6737797015533847  1.7255594923144453
1.08  0.6575347377645081  1.7428031548756489
1.09  0.6402682955880824  1.7595125388097927
1.1  0.6220289279782896  1.775676309250399
1.11  0.602867991511588  1.7912833264611439
1.12  0.5828394670675572  1.806322663863148
1.1300000000000001  0.561999771258203  1.8207836258636452
1.1400000000000001  0.540407559296878  1.8346557654451958
1.1500000000000001  0.5181235200294272  1.847928901475124
1.16  0.49521016387893474  1.860593135695417
1.17  0.4717316044814541  1.872638869354051
1.18  0.4477533348132133  1.8840568194394516
1.19  0.42334199862994415  1.8948380344806823
1.2  0.3985651580561038  1.9049739098769358
1.21  0.3734910581757747  1.9144562027209229
1.22  0.34818838948789294  1.9232770460819069
1.23  0.3227260490961309  1.9314289627153527
1.24  0.29717290150820985  1.9389048781674538
1.25  0.2715975399206358  1.9456981332441674
1.26  0.24606804886282602  1.9518024958158602
1.27  0.2206517690693321  1.95721217193015
1.28  0.1954150654403966  1.9619218162071643
1.29  0.17042309893941723  1.9659265414930123
1.3  0.14573960326110608  1.9692219277490546
1.31  0.12142666708624361  1.9718040301562523
1.32  0.09754452271803776  1.9736693864157004
1.33  0.0741513418712551  1.9748150232283375
1.34  0.05130303935860919  1.9752384619386785
1.35  0.029053085389442707  1.974937723329366
1.36  0.007452327163664396  1.9739113315553236
1.37  -0.013451179590715096  1.9721583172082369
1.3800000000000001  -0.033612328525098656  1.9696782195041562
1.3900000000000001  -0.052989109450789884  1.966471087589008
1.4000000000000001  -0.07154274346174216  1.9625374809588676
1.41  -0.08923780591219238  1.9578784689938913
1.42  -0.10604233680694075  1.952495629606854
1.43  -0.1219279382087868  1.946391047009311
1.44  -0.1368698583158705  1.9395673086004224
1.45  -0.15084706191114644  1.9320275009855354
1.46  -0.1638422869368245  1.923775205133618
1.47  -0.17584208699810627  1.9148144906846458
1.48  -0.18683685965275953  1.905149909419997
1.49  -0.19682086039581742  1.894786487910867
1.5  -0.2057922023017486  1.8837297193615838
1.51  -0.21375284133964148  1.8719855546665995
1.52  -0.22070854743007232  1.8595603927017166
1.53  -0.22666886136519276  1.8464610698718946
1.54  -0.23164703776596876  1.832694848939673
1.55  -0.235659974302257  1.8182694071599161
1.56  -0.23872812745230054  1.8031928237481663
1.57  -0.24087541512809363  1.7874735667114159
1.58  -0.24212910654170738  1.7711204790715667
1.59  -0.24251969973491666  1.7541427645132281
1.6  -0.24208078724013074  1.7365499724888025
1.61  -0.24084891038455675  1.7183519828150486
1.62  -0.2388634027915387  1.6995589897964314
1.6300000000000001  -0.23616622367296214  1.6801814859116604
1.6400000000000001  -0.23280178154436026  1.660230245100748
1.6500000000000001  -0.22881674902973448  1.6397163056908344
1.6600000000000001  -0.22425986945601448  1.6186509529997994
1.67  -0.2191817559673755  1.597045701657371
1.68  -0.21363468391721485  1.5749122776840405
1.69  -0.20767237732035249  1.552262600368615
1.7  -0.20134979016986793  1.5291087639856102
1.71  -0.1947228834418453  1.5054630193940008
1.72  -0.18784839862710123  1.4813377555590725
1.73  -0.18078362864163688  1.456745481039182
1.74  -0.17358618697707268  1.431698805479263
1.75  -0.16631377595863006  1.4062104211528117
1.76  -0.15902395498130206  1.3802930845938772
1.77  -0.15177390959470455  1.353959598360291
1.78  -0.1446202223037108  1.327222792968975
1.79  -0.1376186459453465  1.300095509043656
1.8  -0.13082388049262406  1.27259057971474
1.81  -0.12428935412301159  1.2447208133104029
1.82  -0.11806700937314449  1.2164989763771574
1.83  -0.11220709518225042  1.1879377770673083
1.84  -0.10675796560462858  1.1590498489297265
1.85  -0.10176588594650138  1.129847735139316
1.86  -0.09727484705472933  1.1003438731994306
1.87  -0.09332638845433561  1.0705505801502553
1.8800000000000001  -0.08995943099866932  1.0404800383148873
1.8900000000000001  -0.08721011966044179  1.0101442816134754
1.9000000000000001  -0.0851116770539378  0.9795551824743151
1.9100000000000001  -0.08369426823858933  0.9487244393692975
1.92  -0.08298487731192689  0.9176635649995368
1.93  -0.08300719625587477  0.8863838751553222
1.94  -0.08378152645457099  0.8548964782728877
1.95  -0.0853246932545636  0.8232122657087108
1.96  -0.08764997388952211  0.7913419027502495
1.97  -0.09076703904169059  0.7592958203801945
1.98  -0.09468190826138828  0.7270842078094246
1.99  -0.09939691941411671  0.6947170057919136
2.0  -0.1049107122724588  0.6622039007329031
2.0100000000000002  -0.11121822631713613  0.6295543195996771
2.02  -0.11831071275854232  0.5967774256422532
2.0300000000000002  -0.12617576073697478  0.5638821149293062
2.04  -0.134797337606833  0.5308770137026213
2.05  -0.1441558431574796  0.49777047655129564
2.06  -0.15422817757139134  0.46457058540492396
2.07  -0.16498782286893499  0.4312851493429511
2.08  -0.17640493753872505  0.3979217052153062
2.09  -0.18844646400324533  0.3644875190675121
2.1  -0.20107624852148423  0.33098958836137216
2.11  -0.2142551730838099  0.2974346449804484
2.12  -0.22794129880952962  0.2638291590075321
2.13  -0.2420900203145116  0.2301793432594656
2.14  -0.25665423047525904  0.19649115856272692
2.15  -0.2715844949768698  0.16277031975143874
2.16  -0.28682923599573384  0.12902230236759843
2.17  -0.30233492433353965  0.09525235004165672
2.18  -0.3180462792875349  0.06146548252984152
2.19  -0.33390647551289737  0.027666504383050794
2.2  -0.34985735610685303  -0.0061399857794876
2.21  -0.36583965112074085  -0.039949585419977646
2.22  -0.38179320068577743  -0.07375807768499013
2.23  -0.3976571819208362  -0.10756142049252287
2.24  -0.4133703387762098  -0.1413557351355319
2.25  -0.4288712139561243  -0.17513729443537693
2.2600000000000002  -0.4440983820547467  -0.20890251047982475
2.27  -0.45899068303562335  -0.24264792198115523
2.2800000000000002  -0.4734874551829285  -0.2763701812910037
2.29  -0.4875287666545327  -0.31006604110926017
2.3000000000000003  -0.5010556447718395  -0.3437323409252253
2.31  -0.5140103021894082  -0.3773659932297897
2.32  -0.5263363590987185  -0.41096396953803327
2.33  -0.5379790606348207  -0.44452328626205073
2.34  -0.5488854886721932  -0.47804099047420623
2.35  -0.559004767216644  -0.5115141456013046
2.36  -0.5682882606236013  -0.5449398170902551
2.37  -0.5766897638995132  -0.5783150580859936
2.38  -0.5841656843721789  -0.6116368951622662
2.39  -0.5906752140476341  -0.6449023141458451
2.4  -0.5961804920055148  -0.6781082460744459
2.41  -0.6006467562215684  -0.7112515533283326
2.42  -0.6040424842449699  -0.7443290159751059
2.43  -0.6063395221992519  -0.7773373183667289
2.44  -0.6075132016187511  -0.8102730360270846
2.45  -0.6075424436774229  -0.8431326228678179
2.46  -0.6064098504134378  -0.8759123987692027
2.47  -0.6041017826010553  -0.908608537562039
2.48  -0.6006084239706112  -0.9412170554454868
2.49  -0.5959238315279474  -0.9737337998747123
2.5  -0.5900459717760168  -1.006154438951019
2.5100000000000002  -0.5829767426935454  -1.0384744513459498
2.52  -0.5747219813783275  -1.0706891167894583
2.5300000000000002  -0.5652914573157826  -1.102793507150896
2.54  -0.5546988512865977  -1.1347824781400662
2.5500000000000003  -0.5429617199804326  -1.1666506616540868
2.56  -0.5301014464356056  -1.1983924587941557
2.57  -0.5161431764771212  -1.2300020335747155
2.58  -0.5011157413772953  -1.2614733073457498
2.59  -0.48505156701423047  -1.292799953947171
2.6  -0.4679865698534108  -1.323975395612496
2.61  -0.4499600401265358  -1.3549927996370812
2.62  -0.4310145126290953  -1.3858450758243406
2.63  -0.41119562560413225  -1.4165248747213952
2.64  -0.39055196822374305  -1.4470245866537024
2.65  -0.36913491722218394  -1.477336341566136
2.66  -0.3469984632746258  -1.5074520096760868
2.67  -0.32419902775367904  -1.5373632029420468
2.68  -0.30079527053145727  -1.567061277349168
2.69  -0.27684788952820605  -1.5965373360111936
2.7  -0.2524194127391327  -1.6257822330862166
2.71  -0.22757398349901903  -1.6547865785015614
2.72  -0.20237713976929184  -1.6835407434811909
2.73  -0.17689558825447413  -1.7120348668669527
2.74  -0.15119697417413486  -1.7402588622230306
2.75  -0.12534964753266167  -1.7682024257109672
2.7600000000000002  -0.09942242674221427  -1.7958550447207795
2.77  -0.07348436046412729  -1.823206007241648
2.7800000000000002  -0.047604488540709186  -1.8502444119539594
2.79  -0.021851602892866362  -1.8769591790225417
2.8000000000000003  0.0037059907408151793  -1.9033390615692403
2.81  0.029000709350887083  -1.9293726578012038
2.82  0.05396592662337506  -1.9550484237696788
2.83  0.07853620346869886  -1.9803546867323916
2.84  0.10264751426883645  -2.005279659091158
2.85  0.12623746801420632  -2.0298114528748785
2.86  0.14924552352044612  -2.0539380947366035
2.87  0.17161319793720103  -2.0776475414321447
2.88  0.19328426778563007  -2.100927695746375
2.89  0.2142049617890145  -2.1237664228322455
2.9  0.23432414479099617  -2.1461515669264286
2.91  0.2535934920889789  -2.16807096840458
2.92  0.271967653545478  -2.18951248113819
2.93  0.28940440687803637  -2.2104639901143073
2.94  0.3058647995681716  -2.2309134292786132
2.95  0.3213132788719187  -2.250848799561742
2.96  0.33571780945839  -2.270258187048183
2.97  0.3490499782485017  -2.2891297812467326
2.98  0.3612850860732425  -2.307451893421045
2.99  0.37240222581955107  -2.3252129749386796
3.0  0.38238434678174027  -2.3424016355968704
3.0100000000000002  0.39121830498736265  -2.3590066618832184
3.02  0.3988948993181731  -2.375017035129585
3.0300000000000002  0.405408893299318  -2.3904219495176466
3.04  0.4107590224827725  -2.4052108298948043
3.0500000000000003  0.41494798740424843  -2.4193733493595677
3.06  0.4179824321460357  -2.4328994465759517
3.0700000000000003  0.4198729085913969  -2.4457793427770262
3.08  0.42063382650891834  -2.458003558418406
3.09  0.4202833896575447  -2.469562929443234
3.1  0.418843518154585  -2.480448623121062
3.11  0.4163397573996869  -2.4906521534239605
3.12  0.41280117389733706  -2.500165395904247
3.13  0.4082602383688097  -2.508980602039319
3.14  0.4027526965913038  -2.5170904130102754
3.15  0.3963174284473078  -2.5244878728823075
3.16  0.38899629571062083  -2.531166441156183
3.17  0.38083397913701944  -2.5371200046615834
3.18  0.37187780546687305  -2.5423428887645665
3.19  0.36217756498422915  -2.546829867862975
3.2  0.3517853203115359  -2.550576175145266
3.21  0.34075520715149066  -2.5535775115899155
3.22  0.32914322771698756  -2.55583005418431
3.23  0.3170070376170666  -2.557330463343819
3.24  0.3044057269906538  -2.558075889513607
3.25  0.29139959670102994  -2.558063978937609
3.2600000000000002  0.2780499304218977  -2.557292878581056
3.27  0.2644187634609721  -2.5557612401948355
3.2800000000000002  0.2505686491787238  -2.553468223512023
3.29  0.23656242386865511  -2.55041349856888
3.3000000000000003  0.22246297097079398  -2.5465972471446756
3.31  0.20833298549239682  -2.542020163316709
3.3200000000000003  0.19423473950868264  -2.536683453128971
3.33  0.18022984961225982  -2.5305888333749453
3.34  0.16637904717227428  -2.5237385294970798
3.35  0.1527419522537265  -2.5161352726075363
3.36  0.13937685203346523  -2.507782295636835
3.37  0.12634048453247454  -2.4986833286190557
3.38  0.11368782846404812  -2.4888425931242377
3.39  0.10147189997452144  -2.4782647958506017
3.4  0.08974355702738385  -2.466955121391179
3.41  0.07855131215299771  -2.454919224191293
3.42  0.06794115425486064  -2.4421632197152734
3.43  0.057956380129504936  -2.4286936748425467
3.44  0.04863743632085568  -2.414517597515067
3.45  0.04002177189128711  -2.3996424256597484
3.46  0.03214370265089139  -2.384076015411232
3.47  0.025034287343738026  -2.3678266286619407
3.48  0.018721216245322192  -2.350902919967895
3.49  0.013228712579142488  -2.333313922840224
3.5  0.008577447112573966  -2.315069035453773
3.5100000000000002  0.004784466243114627  -2.2961780058054186
3.52  0.0018631338358272576  -2.2766509163560653
3.5300000000000002  -0.00017691297840588538  -2.256498168191363
3.54  -0.0013297938861796532  -2.2357304647373524
3.5500000000000003  -0.0015934012513399987  -2.2143587950681285
3.56  -0.0009694016990982601  -2.1923944168436496
3.5700000000000003  0.0005367765745100672  -2.169848838916486
3.58  0.0029159707137046964  -2.1467338036471344
3.59  0.006155324227553327  -2.1230612689680712
3.6  0.010238341968516862  -2.098843390237294
3.61  0.015144958853509194  -2.0740925019224727
3.62  0.02085162206488647  -2.048821099157199
3.63  0.02733138641865232  -2.023041819211061
3.64  0.03455402253818418  -1.9967674229153163
3.65  0.04248613742417609  -1.9700107760860845
3.66  0.05109130696537095  -1.9427848309867854
3.67  0.060330219890278314  -1.9151026078714628
3.68  0.07016083261750397  -1.886977176650293
3.69  0.08053853442182257  -1.8584216387182682
3.7  0.09141632229474567  -1.8294491089874927
3.71  0.10274498484231528  -1.8000726981630313
3.72  0.11447329452924153  -1.7703054953015374
3.73  0.12654820754749058  -1.7401605506911466
3.74  0.13891507055906935  -1.7096508590902533
3.75  0.15151783353722564  -1.6787893433618784
3.7600000000000002  0.1642992679075974  -1.6475888385392394
3.77  0.17720118917115388  -1.6160620763571012
3.7800000000000002  0.19016468317412294  -1.5842216702821956
3.79  0.20313033517654527  -1.5520801010748233
3.8000000000000003  0.21603846086068917  -1.5196497029122575
3.81  0.22882933841338254  -1.4869426501032987
3.8200000000000003  0.24144344081230398  -1.4539709444216935
3.83  0.25382166744555223  -1.4207464030846366
3.84  0.26590557419628724  -1.3872806474009363
3.85  0.277637601129955  -1.3535850921117258
3.86  0.2889612969305211  -1.31967093544487
3.87  0.29982153924427424  -1.2855491499024037
3.88  0.31016475010490596  -1.2512304737985722
3.89  0.3199391056319727  -1.216725403564032
3.9  0.32909473921604093  -1.1820441868300322
3.91  0.33758393742813475  -1.1471968163042807
3.92  0.34536132791808616  -1.112193024448344
3.93  0.3523840585962573  -1.0770422789643646
3.94  0.3586119674254458  -1.0417537790969325
3.95  0.3640077421847825  -1.0063364527538092
3.96  0.3685370696046648  -0.9707989544473277
3.97  0.3721687733113421  -0.9351496640560923
3.98  0.3748749400613695  -0.8993966864046878
3.99  0.37663103378970264  -0.8635478516570017
4.0  0.3774159970405492  -0.8276107165168299
4.01  0.3772123393969979  -0.7915925662273088
4.0200000000000005  0.3760062125738357  -0.7555004173589005
4.03  0.3737874718875564  -0.7193410213735895
4.04  0.37054972386824925  -0.6831208689510447
4.05  0.36629035982961466  -0.6468461950606802
4.0600000000000005  0.3610105752655977  -0.6105229847616586
4.07  0.35471537499486494  -0.5741569797110784
4.08  0.34741356402738266  -0.5377536853588397
4.09  0.3391177241804958  -0.5013183788060593
4.1  0.32984417652493647  -0.4648561173021434
4.11  0.3196129297939371  -0.4283717473541668
4.12  0.30844761494088396  -0.3918699144206595
4.13  0.2963754060824978  -0.35535507316040776
4.14  0.2834269281152476  -0.31883149820561385
4.15  0.2696361513423208  -0.28230329542740445
4.16  0.2550402734968582  -0.24577441366046116
4.17  0.23967958959411287  -0.2092486568524296
4.18  0.22359735009056617  -0.17272969660277804
4.19  0.20683960787160446  -0.1362210850546928
4.2  0.18945505463100915  -0.0997262681028912
4.21  0.17149484724508363  -0.06324859887928111
4.22  0.15301242478158564  -0.026791351477913367
4.23  0.13406331681857364  0.009642265120112362
4.24  0.11470494378074933  0.04604909296142569
4.25  0.09499641003069278  0.08242601091505353
4.26  0.07499829047952174  0.11876992038732609
4.2700000000000005  0.05477241150574748  0.15507773099763408
4.28  0.03438162699245009  0.19134634625573996
4.29  0.013889590311222846  0.2275726492813388
4.3  -0.00663947690336468  0.2637534886063885
4.3100000000000005  -0.027141018332927758  0.2998856641006188
4.32  -0.04755037804322673  0.3359659130602419
4.33  -0.06780303617034536  0.37199089649954276
4.34  -0.08783484435196012  0.40795718568441997
4.3500000000000005  -0.10758226003131012  0.44386124894648327
4.36  -0.12698257876541527  0.47969943881547117
4.37  -0.14597416367627566  0.5154679795070989
4.38  -0.16449667119410466  0.55116295480244
4.39  -0.18249127225523892  0.5867802963540487
4.4  -0.19990086813394817  0.6223157724529464
4.41  -0.21667030010705116  0.657764977289453
4.42  -0.23274655217292947  0.693123320739635
4.43  -0.2480789460720091  0.7283860187077712
4.44  -0.26261932788417297  0.7635480840539749
4.45  -0.2763222455095329  0.7986043181345157
4.46  -0.289145116372656  0.8335493029810159
4.47  -0.30104838472630635  0.8683773941429713
4.48  -0.31199566796920003  0.9030827142164897
4.49  -0.32195389143275854  0.9376591470803806
4.5  -0.33089341113445103  0.9721003328590709
4.51  -0.33878812403970937  1.0063996636298471
4.5200000000000005  -0.3456155654205535  1.0405502798902393
4.53  -0.3513569929467283  1.074545067799387
4.54  -0.3559974571941644  1.1083766572053435
4.55  -0.35952585830576367  1.1420374204682466
4.5600000000000005  -0.36193498859069917  1.1755194720874274
4.57  -0.3632215609003844  1.2088146691383814
4.58  -0.3633862226718527  1.2419146125236686
4.59  -0.36243355558226953  1.274810649039615
4.6000000000000005  -0.3603720608115099  1.3074938742587945
4.61  -0.3572141299629476  1.3399551362261268
4.62  -0.35297600174563687  1.3721850399645037
4.63  -0.3476777045737327  1.404173952783722
4.64  -0.34134298529107965  1.4359120103845506
4.65  -0.3339992242802108  1.4673891237478007
4.66  -0.325677337265375  1.4985949867961996
4.67  -0.3164116641684151  1.5295190848150568
4.68  -0.30623984542423427  1.560150703615692
4.69  -0.2952026862089481  1.5904789394237948
4.7  -0.28334400907858404  1.6204927094730195
4.71  -0.2707104955589896  1.650180763282405
4.72  -0.2573515172685814  1.6795316945943761
4.73  -0.2433189571941985  1.7085339539484963
4.74  -0.22866702177682968  1.737175861864494
4.75  -0.21345204449790087  1.7654456226065547
4.76  -0.19773228168834953  1.7933313384993204
4.7700000000000005  -0.18156770131138247  1.8208210247647363
4.78  -0.16501976549589029  1.8479026248474195
4.79  -0.14815120762052592  1.8745640261950909
4.8  -0.13102580476868686  1.9007930764592933
4.8100000000000005  -0.11370814639168675  1.9265776000806538
4.82  -0.09626340003148644  1.9519054152218178
4.83  -0.0787570749651392  1.9767643510103619
4.84  -0.061254784640870905  2.0011422650530677
4.8500000000000005  -0.04382200878009122  2.025027061182278
4.86  -0.02652385602090597  2.0484067073943177
4.87  -0.009424827976621863  2.071269253939549
4.88  0.007411414422459156  2.0936028515230234
4.89  0.023922281444199334  2.115395769574432
4.9  0.040046481078571325  2.136636414545812
4.91  0.05572424073707544  2.15731334819524
4.92  0.07089752331216008  2.1774153058147694
4.93  0.08551023680207757  2.196931214360846
4.94  0.09950843673045483  2.2158502104456543
4.95  0.1128405206165472  2.2341616581480137
4.96  0.12545741378160197  2.2518551666028923
4.97  0.1373127458088042  2.268920607328954
4.98  0.14836301700895593  2.2853481312541493
4.99  0.15856775428099656  2.301128185400025
5.0  0.1678896557957827  2.3162515291861014
5.01  0.17629472397289983  2.3307092503165494
5.0200000000000005  0.1837523862636584  2.34449278021229
5.03  0.19023560329854233  2.3575939089526705
5.04  0.19572096400418587  2.3700047996919467
5.05  0.20018876734316687  2.381718002517
5.0600000000000005  0.20362309037944998  2.3927264677139712
5.07  0.2060118424229056  2.403023558412822
5.08  0.20734680505788206  2.412603062580289
5.09  0.20762365791301746  2.421459204333124
5.1000000000000005  0.20684199008228177  2.4295866545451195
5.11  0.20500529716031224  2.4369805407230016
5.12  0.2021209639083403  2.4436364561279884
5.13  0.19820023262017744  2.4495504681214957
5.14  0.19325815731061596  2.454719125715306
5.15  0.18731354390105814  2.459139466308334
5.16  0.18038887662896366  2.462809021593982
5.17  0.1725102309586518  2.4657258226240324
5.18  0.1637071733209125  2.467888404016937
5.19  0.15401264805756956  2.4692958073003695
5.2  0.14346285199442343  2.4699475833799016
5.21  0.13209709711172912  2.469843794127687
5.22  0.11995766182533334  2.4689850130870834
5.23  0.1070896314336739  2.467372325291175
5.24  0.09354072832582658  2.4650073261952468
5.25  0.07936113258359355  2.461892119725268
5.26  0.06460329364607346  2.4580293154465434
5.2700000000000005  0.04932173373810832  2.4534220248586838
5.28  0.03357284379434343  2.4480738568251073
5.29  0.017414672638303347  2.441988912147264
5.3  0.0009067102006856398  2.4351717772957806
5.3100000000000005  -0.015890334417011764  2.427627517312637
5.32  -0.03291475920849553  2.419361667900458
5.33  -0.05010409901742559  2.4103802267168164
5.34  -0.06739535792729147  2.4006896438933425
5.3500000000000005  -0.08472524342322532  2.390296811801168
5.36  -0.10203040145621023  2.3792090540860227
5.37  -0.11924765153699267  2.367434113997921
5.38  -0.13631422098712365  2.354980142042049
5.39  -0.15316797747788438  2.3418556829789936
5.4  -0.1697476589944198  2.3280696622039385
5.41  -0.18599310037216515  2.3136313715358776
5.42  -0.20184545556558625  2.2985504544492397
5.43  -0.21724741482529306  2.282836890781572
5.44  -0.23214341597868388  2.266500980952114
5.45  -0.24647984903137474  2.2495533297272203
5.46  -0.2602052533316426  2.2320048295695307
5.47  -0.27327050656792123  2.2138666436087964
5.48  -0.2856290048998863  2.195150188273051
5.49  -0.29723683355676883  2.1758671156195577
5.5  -0.308052927272102  2.1560292954055953
5.51  -0.3180392199620197  2.1356487969397584
5.5200000000000005  -0.3271607830943161  2.1147378707547997
5.53  -0.3353859522376491  2.093308930143462
5.54  -0.3426864413242966  2.0713745325989725
5.55  -0.3490374442056589  2.0489473612020235
5.5600000000000005  -0.35441772312702813  2.026040205996101
5.57  -0.35880968379686395  2.0026659453930318
5.58  -0.3621994367757247  1.978837527650335
5.59  -0.3645768449609435  1.9545679524618718
5.6000000000000005  -0.36593555699489627  1.9298702527028326
5.61  -0.36627302647709936  1.9047574763696733
5.62  -0.36559051691321837  1.8792426687550354
5.63  -0.36389309238714684  1.8533388548971554
5.64  -0.3611895939954354  1.8270590223423548
5.65  -0.35749260213634704  1.8004161042584974
5.66  -0.35281838479842464  1.77342296293638
5.67  -0.34718683204556355  1.7460923737148795
5.68  -0.3406213769469248  1.7184370093647507
5.69  -0.3331489032504727  1.6904694249646999
5.7  -0.32479964014820656  1.6622020433020805
5.71  -0.31560704452919985  1.6336471408292341
5.72  -0.30560767116309945  1.6048168342051812
5.73  -0.2948410313016388  1.5757230674506961
5.74  -0.2833494402287939  1.5463775997434237
5.75  -0.2711778543313195  1.5167919938779804
5.76  -0.258373698300406  1.4869776054143555
5.7700000000000005  -0.24498668311190774  1.4569455725361513
5.78  -0.2310686154668709  1.4267068066385262
5.79  -0.21667319940588609  1.3962719836636948
5.8  -0.20185583083991035  1.3656515362001715
5.8100000000000005  -0.1866733857665615  1.334855646359924
5.82  -0.17118400296436026  1.3038942394456692
5.83  -0.15544686197797103  1.2727769784185605
5.84  -0.13952195722503047  1.241513259174664
5.8500000000000005  -0.12346986906959587  1.2101122066363743
5.86  -0.10735153271851049  1.1785826716631078
5.87  -0.09122800580513045  1.1469332287834613
5.88  -0.07516023552981278  1.115172174749033
5.89  -0.059208826228133254  1.08330752790803
5.9  -0.043433808236324103  1.0513470283948294
5.91  -0.02789440891860942  1.0192981391295484
5.92  -0.012648826713085148  0.9871680476196962
5.93  0.0022459909583821824  0.9549636685541217
5.94  0.01673456508509641  0.9226916471772977
5.95  0.03076309695362031  0.8903583634302382
5.96  0.04427967373172968  0.8579699368423664
5.97  0.05723446698040484  0.8255322321568259
5.98  0.06957992335023223  0.7930508656698816
5.99  0.08127094674767175  0.760531212263408
6.0  0.0922650712882949  0.7279784131075538
6.01  0.10252262438832631  0.6953973840092396
6.0200000000000005  0.1120068793824872  0.6627928243804495
6.03  0.12068419709500511  0.6301692267987081
6.04  0.12852415583175242  0.5975308871307875
6.05  0.13549966930445811  0.564881915189231
6.0600000000000005  0.14158709204282321  0.5322262458899952
6.07  0.1467663118968326  0.49956765087827837
6.08  0.15102082927958  0.46690975058846
6.09  0.15433782285017156  0.4342560267030098
6.1000000000000005  0.15670820138671096  0.4016098349742185
6.11  0.15812664165068824  0.3689744183718311
6.12  0.15859161209618922  0.336352920518621
6.13  0.15810538232997914  0.3037483993755905
6.140000000000001  0.15667401828148098  0.2711638411375247
6.15  0.15430736309485338  0.2386021742993633
6.16  0.15101900380842825  0.20606628385332476
6.17  0.14682622393969363  0.17355902557643202
6.18  0.14174994214639142  0.14108324036788125
6.19  0.13581463718615083  0.1086417685955437
6.2  0.12904825944804654  0.07623746441099025
6.21  0.12148212937944902  0.04387320999227484
6.22  0.11315082318033422  0.011551929674244621
6.23  0.10409204618462438  -0.020723396073918487
6.24  0.0943464943939921  -0.05294971686358341
6.25  0.0839577046736754  -0.08512389883328408
6.26  0.07297189416215683  -0.11724271136574244
6.2700000000000005  0.06143778948668986  -0.1493028141133056
6.28  0.049406446414773555  -0.1813007443690498
6.29  0.03693106060722995  -0.2132329048199102
6.3  0.02406677017190159  -0.2450955517172984
6.3100000000000005  0.010870450747482358  -0.2768847834995408
6.32  -0.002599496124955372  -0.30859652989944253
6.33  -0.016283360560194582  -0.3402265415690624
6.34  -0.030120347011952625  -0.37177038025236153
6.3500000000000005  -0.04404880125679159  -0.4032234095352538
6.36  -0.05800644083854009  -0.4345807862009593
6.37  -0.07193058811996964  -0.46583745221714834
6.38  -0.08575840507842633  -0.4969881273797729
6.390000000000001  -0.09942712897552801  -0.5280273026368675
6.4  -0.11287430802745639  -0.5589492341138236
6.41  -0.12603803620224444  -0.5897479378600888
6.42  -0.13885718627333318  -0.6204171853352181
6.43  -0.15127164026499612  -0.6509504996505033
6.44  -0.16322251643458907  -0.6813411525805344
6.45  -0.1746523919492329  -0.7115821623570503
6.46  -0.1855055204302562  -0.7416662922555499
6.47  -0.19572804355744722  -0.7715860499831373
6.48  -0.20526819594706855  -0.8013336878740986
6.49  -0.21407650254217744  -0.8309012038976216
6.5  -0.22210596778141423  -0.8602803434802013
6.51  -0.2293122558425772  -0.88946260214305
6.5200000000000005  -0.23565386129025861  -0.9184392289529097
6.53  -0.2410922694920899  -0.9472012307826274
6.54  -0.2455921062058998  -0.9757393773758255
6.55  -0.2491212757799639  -1.0040442072078901
6.5600000000000005  -0.2516510874505816  -1.0321060341336805
6.57  -0.25315636926506774  -1.0599149548102378
6.58  -0.2536155692039497  -1.0874608568809014
6.59  -0.25301084312336847  -1.1147334279052967
6.6000000000000005  -0.2513281291873735  -1.1417221650178278
6.61  -0.24855720850965074  -1.1684163852953555
6.62  -0.244691751775156  -1.1948052368131492
6.63  -0.2397293516639053  -1.2208777103662425
6.640000000000001  -0.233671540951608  -1.2466226518317678
6.65  -0.22652379621474167  -1.2720287751461983
6.66  -0.21829552712082692  -1.2970846758698578
6.67  -0.2090000513379457  -1.3217788453094799
6.68  -0.19865455515064434  -1.3460996851683162
6.69  -0.18728003992219328  -1.3700355226918135
6.7  -0.17490125459546382  -1.393574626275616
6.71  -0.16154661447626584  -1.4167052215015488
6.72  -0.14724810659369014  -1.439415507565967
6.73  -0.13204118198157505  -1.4616936740639268
6.74  -0.11596463527356607  -1.4835279180916747
6.75  -0.09906047205108989  -1.5049064616290875
6.76  -0.08137376442884453  -1.525817569162885
6.7700000000000005  -0.06295249540582373  -1.546249565510871
6.78  -0.04384739255144765  -1.56619085380679
6.79  -0.02411175163571555  -1.585629933604971
6.8  -0.003801250849498311  -1.6045554190635185
6.8100000000000005  0.017026243704217486  -1.622956057164566
6.82  0.038310880535030845  -1.6408207459298776
6.83  0.05999103256312857  -1.6581385525900894
6.84  0.08200351342106028  -1.6748987316658175
6.8500000000000005  0.10428379946577059  -1.6910907429190376
6.86  0.12676625668632538  -1.706704269133348
6.87  0.14938437167470617  -1.7217292336820829
6.88  0.1720709858120929  -1.7361558178435985
6.890000000000001  0.194758531811221  -1.7499744778236512
6.9  0.21737927174676663  -1.7631759614453686
6.91  0.23986553570026642  -1.7757513244680279
6.92  0.2621499601438926  -1.787691946496674
6.93  0.28416572518842503  -1.7989895464455157
6.94  0.30584678982508756  -1.8096361975189992
6.95  0.3271281242983221  -1.8196243416755706
6.96  0.34794593875741575  -1.828946803540294
6.97  0.36823790734857714  -1.8375968037336854
6.98  0.3879433869261379  -1.8455679715855342
6.99  0.40700362958145553  -1.8528543572037965
7.0  0.42536198821113297  -1.8594504428701675
7.01  0.4429641143719088  -1.865351153735454
7.0200000000000005  0.4597581476982661  -1.870551867789485
7.03  0.4756948961900498  -1.8750484250819535
7.04  0.4907280067112998  -1.8788371361723093
7.05  0.5048141250777303  -1.8819147897886046
7.0600000000000005  0.5179130451489145  -1.8842786596769934
7.07  0.5299878463820102  -1.8859265106254957
7.08  0.5410050193465822  -1.8868566036474992
7.09  0.5509345787446882  -1.8870677003124467
7.1000000000000005  0.5597501635267226  -1.886559066213122
7.11  0.5674291237412594  -1.885330473560932
7.12  0.5739525938063488  -1.8833822029026357
7.13  0.5793055519399053  -1.8807150439539713
7.140000000000001  0.5834768655381919  -1.8773302955476945
7.15  0.5864593223433385  -1.873229764695615
7.16  0.5882496472935119  -1.86841576476623
7.17  0.5888485050023047  -1.8628911127816439
7.18  0.5882604878671363  -1.8566591258394864
7.19  0.5864940898596009  -1.8497236166675726
7.2  0.5835616661037254  -1.842088888321057
7.21  0.5794793784006211  -1.8337597280338327
7.22  0.5742671269100474  -1.8247414002378648
7.23  0.5679484682505628  -1.8150396387660814
7.24  0.5605505203301719  -1.8046606382563641
7.25  0.5521038542684265  -1.7936110447759503
7.26  0.5426423738186461  -1.7818979456874429
7.2700000000000005  0.5322031827451061  -1.7695288587793274
7.28  0.5208264406545255  -1.7565117206855858
7.29  0.5085552078238271  -1.7428548746206465
7.3  0.49543527960675715  -1.72856705745748
7.3100000000000005  0.48151501104038896  -1.7136573861781463
7.32  0.4668451323086744  -1.69813534372753
7.33  0.4514785557539088  -1.6820107643023714
7.34  0.435470175158098  -1.6652938181089785
7.3500000000000005  0.4188766580446339  -1.6479949956241817
7.36  0.40175623177638137  -1.6301250913952858
7.37  0.3841684642489965  -1.6116951874156722
7.38  0.3661740399981386  -1.5927166361138152
7.390000000000001  0.3478345325559564  -1.5732010429941803
7.4  0.3292121739059221  -1.5531602489693288
7.41  0.3103696218955458  -1.5326063124231628
7.42  0.29136972647383846  -1.5115514910458583
7.43  0.2722752956244703  -1.4900082234814653
7.44  0.2531488618664054  -1.4679891108295355
7.45  0.23405245019143955  -1.4455068980424812
7.46  0.2150473483024141  -1.4225744552603667
7.47  0.19619388000709465  -1.3992047591251486
7.48  0.17755118261066768  -1.3754108741161404
7.49  0.15917698913471695  -1.3512059339484526
7.5  0.14112741617229985  -1.3266031230759263
7.51  0.12345675816757867  -1.3016156583397183
7.5200000000000005  0.10621728888428589  -1.2762567708032828
7.53  0.08945907080036558  -1.2505396878139752
7.54  0.07322977313638945  -1.22447761533087
7.55  0.057574499193041806  -1.198083720557657
7.5600000000000005  0.04253562363810276  -1.1713711149187245
7.57  0.02815264034614587  -1.1443528374155552
7.58  0.014462021354709448  -1.1170418383995957
7.59  0.0014970874591475059  -1.0894509637967704
7.6000000000000005  -0.010712109075124043  -1.0615929398174873
7.61  -0.022138889249520927  -1.0334803581848768
7.62  -0.03276003913176803  -1.005125661912619
7.63  -0.04255588837966162  -0.9765411316623356
7.640000000000001  -0.05151037520042434  -0.9477388727090303
7.65  -0.05961109750755389  -0.9187308025416143
7.66  -0.06684935008863452  -0.8895286391237734
7.67  -0.07322014764970694  -0.8601438898389872
7.68  -0.07872223365457814  -0.830587841141664
7.69  -0.08335807493040054  -0.8008715489345783
7.7  -0.08713384206397773  -0.7710058296910648
7.71  -0.09005937566628103  -0.7410012523384913
7.72  -0.09214813863536048  -0.710868130917672
7.73  -0.09341715460010294  -0.6806165180309104
7.74  -0.09388693277883375  -0.6502561990894992
7.75  -0.09358137953746468  -0.6197966873693268
7.76  -0.09252769698149704  -0.5892472198814505
7.7700000000000005  -0.09075626896461883  -0.558616754062353
7.78  -0.08830053494355371  -0.5279139652865656
7.79  -0.08519685215421827  -0.4971472452023068
7.8  -0.08148434662783594  -0.46632470088886696
7.8100000000000005  -0.07720475360733715  -0.43545415483222494
7.82  -0.07240224796394965  -0.4045431457135472
7.83  -0.06712326525124548  -0.37359893000311234
7.84  -0.06141631406892739  -0.342628484350257
7.8500000000000005  -0.05533178044111139  -0.3116385087579301
7.86  -0.04892172494372311  -0.28063543052862056
7.87  -0.04223967334278546  -0.24962540896631416
7.88  -0.03534040152970344  -0.21861434081750789
7.890000000000001  -0.028279715560996677  -0.18760786643236094
7.9  -0.021114227628364707  -0.15661137662528046
7.91  -0.013901128800241747  -0.12563002021254163
7.92  -0.006697959388255851  -0.09466871220298056
7.930000000000001  0.00043762219905355004  -0.06373214261598155
7.94  0.007448071247023957  -0.032824785899643896
7.95  0.014276188299393658  -0.0019509109204186234
7.96  0.020865349626379447  0.028885408505834625
7.97  0.027159735730088834  0.059680282572804645
7.98  0.03310455702809725  0.09042999396528839
7.99  0.03864627586633711  0.12113098589721573
8.0  0.043732824025910014  0.15177984974106956
8.01  0.04831381490500025  0.18237331228447773
8.02  0.05234074957665914  0.21290822265092238
8.03  0.05576721594582737  0.24338153892212114
8.040000000000001  0.05854908025445013  0.2737903145004114
8.05  0.06064467021174033  0.3041316842501666
8.06  0.06201494905770902  0.3344028504577512
8.07  0.06262367990151335  0.36460106864992425
8.08  0.0624375797121918  0.39472363331101534
8.09  0.06142646237769364  0.42476786353941315
8.1  0.05956337028852146  0.4547310886839703
8.11  0.056824693944855564  0.48461063400109644
8.120000000000001  0.05319027913037061  0.5144038063731646
8.13  0.04864352124204646  0.5441078801286249
8.14  0.04317144641287482  0.5737200830042268
8.15  0.03676477911330925  0.6032375822889742
8.16  0.029417995967483734  0.6326574711893923
8.17  0.02112936557129219  0.6619767554548374
8.18  0.011900974151406396  0.6911923403010951
8.19  0.0017387369567821165  0.7203010176696273
8.2  -0.009347604672796828  0.7492994538591462
8.21  -0.02134450056349191  0.7781841775651406
8.22  -0.03423462323860871  0.8069515683619356
8.23  -0.04799691362041897  0.8355978456610079
8.24  -0.06260664074610095  0.8641190581776731
8.25  -0.0780354752892854  0.8925110739374202
8.26  -0.09425157662742836  0.9207695708515427
8.27  -0.11121969314484886  0.9488900278904324
8.28  -0.12890127541212137  0.976867716881307
8.290000000000001  -0.14725460183464478  1.0046976949557456
8.3  -0.16623491631679838  1.0323747976706028
8.31  -0.18579457744350358  1.0598936328243533
8.32  -0.20588321863801684  1.0872485749890892
8.33  -0.22644791871406572  1.114433760776618
8.34  -0.24743338220164243  1.1414430848553596
8.35  -0.2687821287893959  1.16827019673277
8.36  -0.29043469119256776  1.1949084983161784
8.370000000000001  -0.3123298207240087  1.2213511422629293
8.38  -0.3344046998170156  1.247591031128819
8.39  -0.35659516072283404  1.2736208173217904
8.4  -0.37883590958242974  1.299432903865794
8.41  -0.4010607550521483  1.3250194459778126
8.42  -0.4232028406456436  1.350372353458876
8.43  -0.4451948799405494  1.3754832938979935
8.44  -0.46696939378739616  1.400343696685798
8.45  -0.4884589486507507  1.4249447578327246
8.46  -0.5095963952079744  1.4492774455844788
8.47  -0.5303151063298648  1.47333250682562
8.48  -0.5505492135694826  1.497100474260066
8.49  -0.5702338412906491  1.5205716743553397
8.5  -0.589305337576202  1.5437362360355456
8.51  -0.6077015010676284  1.5665841001060665
8.52  -0.6253618029026298  1.5891050293912494
8.53  -0.6422276029349404  1.6112886195644276
8.540000000000001  -0.6582423594417273  1.633124310647971
8.55  -0.6733518315476705  1.6546013991592448
8.56  -0.6875042736216044  1.6757090508769124
8.57  -0.7006506209309826  1.6964363142001446
8.58  -0.7127446658715939  1.7167721340720816
8.59  -0.7237432241245465  1.7367053664372476
8.6  -0.7336062901296068  1.7562247932013038
8.61  -0.7422971813032273  1.7753191376602668
8.620000000000001  -0.749782670471046  1.7939770803650346
8.63  -0.7560331060279736  1.812187275385953
8.64  -0.7610225193841973  1.8299383669411364
8.65  -0.7647287193021934  1.8472190063512177
8.66  -0.7671333727781453  1.8640178692823755
8.67  -0.7682220721706857  1.880323673238725
8.68  -0.7679843883305585  1.8961251952644058
8.69  -0.7664139095363348  1.9114112898151332
8.700000000000001  -0.7635082660936032  1.9261709067585209
8.71  -0.7592691405078752  1.9403931094620028
8.72  -0.7537022631945622  1.9540670929269726
8.73  -0.7468173937426744  1.9671822019274656
8.74  -0.7386282878020937  1.9797279491116986
8.75  -0.7291526497172107  1.9916940330246944
8.76  -0.7184120710822297  2.0030703560104093
8.77  -0.7064319554452658  2.013847041951909
8.78  -0.6932414294393714  2.0240144538084683
8.790000000000001  -0.6788732406685861  2.033563210908897
8.8  -0.6633636427258762  2.0424842059608364
8.81  -0.6467522677671125  2.0507686217364296
8.82  -0.6290819871111387  2.058407947395407
8.83  -0.6103987603798845  2.065393994407454
8.84  -0.5907514737346953  2.071718912036589
8.85  -0.5701917678050907  2.0773752023512446
8.86  -0.5487738559440161  2.082355734724822
8.870000000000001  -0.5265543334791869  2.0866537597925987
8.88  -0.5035919786631369  2.0902629228321232
8.89  -0.4799475460549488  2.0931772765355348
8.9  -0.4556835530945087  2.095391293143581
8.91  -0.4308640606548241  2.0968998759126247
8.92  -0.4055544483800562  2.097698369887415
8.93  -0.3798211856358466  2.0977825719539847
8.94  -0.35373159891444417  2.097148740148706
8.950000000000001  -0.3273536365499681  2.0957936022012364
8.96  -0.3007556316087436  2.0937143632908497
8.97  -0.2740060638260522  2.0909087129974493
8.98  -0.24717332146394458  2.087374831430451
8.99  -0.22032546396459463  2.08311139452058
9.0  -0.19352998627048126  2.078117578461591
9.01  -0.1668535856761475  2.072393063290882
9.02  -0.1403619320666109  2.0659380355999546
9.03  -0.11411944238457239  2.0587531903677094
9.040000000000001  -0.08818906015264044  2.0508397319115605
9.05  -0.06263204085772786  2.0421993739534736
9.06  -0.03750774398267551  2.0328343387999643
9.07  -0.01287343244534317  2.022747355637288
9.08  0.011215919822459675  2.011941657944992
9.09  0.03470781145425242  2.000420980033112
9.1  0.0575523877174447  1.9881895527102804
9.11  0.0797026044378587  1.975252098092085
9.120000000000001  0.10111438118470209  1.9616138235609468
9.13  0.12174674316057554  1.9472804148908072
9.14  0.14156195128327914  1.9322580285517932
9.15  0.16052561999008308  1.9165532832119845
9.16  0.17860682234102557  1.9001732504552151
9.17  0.19577818204501674  1.8831254447356898
9.18  0.2120159520812746  1.8654178125919059
9.19  0.22730007963853166  1.8470587211441403
9.200000000000001  0.24161425714535395  1.8280569459013694
9.21  0.2549459592167004  1.8084216579050822
9.22  0.26728646539426854  1.7881624102389506
9.23  0.27863086861094777  1.7672891239348294
9.24  0.28897806936289233  1.7458120733068654
9.25  0.2983307556257903  1.7237418707468184
9.26  0.3066953686049663  1.7010894510149606
9.27  0.3140820544615628  1.6778660550619768
9.28  0.3205046022092147  1.6540832134184065
9.290000000000001  0.3259803680269753  1.6297527291891227
9.3  0.3305301862847535  1.6048866606911854
9.31  0.33417826762687725  1.5794973037742057
9.32  0.3369520845074192  1.5535971738630696
9.33  0.3388822446176031  1.52719898776343
9.34  0.34000235269045764  1.5003156452708621
9.35  0.34034886121111935  1.4729602106250308
9.36  0.3399609106022843  1.4451458938504345
9.370000000000001  0.3388801594934028  1.416886032025535
9.38  0.3371506057189823  1.3881940705222393
9.39  0.3348183987256974  1.3590835442574662
9.4  0.33193164409992154  1.329568058998789
9.41  0.3285402009564229  1.2996612727655736
9.42  0.32469547295543916  1.2693768773669714
9.43  0.32045019373889805  1.2387285801175898
9.44  0.3158582075972146  1.2077300857712703
9.450000000000001  0.310974246195672  1.1763950787126554
9.46  0.30585370220397384  1.1447372054457037
9.47  0.30055240068386263  1.1127700574173502
9.48  0.29512636909798945  1.0805071542137756
9.49  0.28963160680818656  1.0479619271657028
9.5  0.2841238549330145  1.0151477033980552
9.51  0.2786583674330402  0.9820776903582498
9.52  0.27328968428758216  0.9487649608560866
9.53  0.268071407618703  0.9152224386469917
9.540000000000001  0.2630559816072087  0.8814628845888635
9.55  0.25829447703104713  0.847498883401463
9.56  0.2538363812392865  0.8133428310556207
9.57  0.24972939435441016  0.7790069228180889
9.58  0.24601923247237034  0.7445031419761396
9.59  0.2427494386036947  0.7098432492642832
9.6  0.23996120206994068  0.6750387730138114
9.61  0.2376931870382728  0.6401010000439682
9.620000000000001  0.23598137084269466  0.6050409673118036
9.63  0.23485889270400298  0.569869454335773
9.64  0.23435591342163792  0.5345969764062553
9.65  0.23449948656964598  0.49923377859427864
9.66  0.23531344168603568  0.4637898305676261
9.67  0.23681827989999815  0.42827482222165536
9.68  0.23903108239506582  0.3926981601298992
9.69  0.2419654320583393  0.3570689648178621
9.700000000000001  0.24563134861669972  0.32139606886094874
9.71  0.2500352375105719  0.2856880158058212
9.72  0.25517985270453786  0.2499530599121081
9.73  0.2610642735820375  0.21419916670969463
9.74  0.26768389601883763  0.17843401436447676
9.75  0.2750304376770066  0.142664995843801
9.76  0.2830919575080215  0.1068992218705041
9.77  0.2918528894005696  0.07114352465281953
9.78  0.30129408985579337  0.03540446237532596
9.790000000000001  0.31139289952029936  -0.0003116755656875081
9.8  0.3221232183554891  -0.03599886260090859
9.81  0.3334555941708227  -0.07165132832100207
9.82  0.3453573241986227  -0.10726355112590066
9.83  0.357792569339324  -0.14283025021405918
9.84  0.3707224806586398  -0.1783463769369484
9.85  0.384105337672272  -0.21380710554562526
9.86  0.39789669790970716  -0.24920782335774572
9.870000000000001  0.4120495572063558  -0.28454412037467225
9.88  0.42651452013310165  -0.31981177837986163
9.89  0.4412399799343483  -0.3550067595508986
9.9  0.4561723073099063  -0.39012519461861467
9.91  0.47125604734291215  -0.42516337060804377
9.92  0.4864341238452756  -0.4601177181968777
9.93  0.5016480503642813  -0.494984798727923
9.94  0.5168381470687914  -0.5297612909131475
9.950000000000001  0.5319437627112962  -0.564443977267397
9.96  0.5469035008427947  -0.5990297303106159
9.97  0.5616554494413155  -0.6335154985781221
9.98  0.5761374131017628  -0.6678982924785257
9.99  0.5902871469249014  -0.702175170039777
10.0  0.6040425912365116  -0.7363432225836637
