0.0  0.1265773064339582  0.046230777729159865
0.01  0.12607706293701587  0.047424199629411606
0.02  0.12554810732320082  0.0485075459257922
0.03  0.12499056005403916  0.04947830207933827
0.04  0.12440454810236788  0.05033421488239109
0.05  0.12379020492341859  0.051073297688483406
0.06  0.1231476704244254  0.051693835023514906
0.07  0.12247709093276302  0.0521943865675137
0.08  0.1217786191626229  0.05257379049774148
0.09  0.1210524141802352  0.05283116618538307
0.1  0.12029864136764352  0.05296591623956082
0.11  0.11951747238504191  0.05297772789392966
0.12  0.11870908513168191  0.05286657373263446
0.13  0.11787366370535854  0.052632711753944496
0.14  0.11701139836048507  0.05227668477141759
0.15  0.11612248546476535  0.051799319153983586
0.16  0.11520712745447409  0.05120172290787171
0.17  0.11426553278835519  0.05048528310483386
0.18  0.11329791590014837  0.049651662662632975
0.19  0.11230449714975527  0.048702796485269345
0.2  0.1112855027730557  0.047640886971903815
0.21  0.11024116483038608  0.04646839890490178
0.22  0.10917172115369114  0.045188053728863586
0.23  0.10807741529236138  0.043802823233919944
0.24  0.10695849645776842  0.04231592265795414
0.25  0.10581521946651096  0.04073080322376113
0.26  0.10464784468238417  0.03905114412846582
0.27  0.10345663795708582  0.03728084400379332
0.28  0.10224187056967274  0.035424011867012835
0.29  0.10100381916478104  0.03348495758355893
0.3  0.09974276568962463  0.03146818186346692
0.31  0.09845899732978602  0.02937836581484187
0.32  0.09715280644381423  0.027220360078608265
0.33  0.09582449049664461  0.02499917356975947
0.34  0.09447435199185579  0.022719961851239794
0.35000000000000003  0.09310269840277907  0.020388015167443995
0.36  0.09170984210247614  0.01800874616510985
0.37  0.09029610029260088  0.015587677330104232
0.38  0.08886179493116157  0.01313042816926356
0.39  0.08740725265919991  0.010642702167039927
0.4  0.08593280472640345  0.008130273547228412
0.41000000000000003  0.08443878691566865  0.005598973870502018
0.42  0.08292553946663145  0.003054678498863112
0.43  0.08139340699818284  0.0005032929584280789
0.44  0.07984273842998735  -0.0020492607678014897
0.45  0.07827388690302176  -0.004597057985365274
0.46  0.07668720969915283  -0.0071341850400644495
0.47000000000000003  0.07508306815977173  -0.009654753044056358
0.48  0.0734618276035041  -0.012152911544464531
0.49  0.0718238572430144  -0.0146228621027777
0.5  0.07016953010092326  -0.017058871753519087
0.51  0.06849922292485748  -0.019455286310947294
0.52  0.06681331610165138  -0.02180654349290269
0.53  0.0651121935707196  -0.024107185831337644
0.54  0.06339624273662077  -0.026351873339564534
0.55  0.061665854380832136  -0.028535395906819187
0.56  0.05992142257275493  -0.03065268539137153
0.5700000000000001  0.058163344579971285  -0.03269882738411391
0.58  0.05639202077777251  -0.034669072615322906
0.59  0.05460785455797972  -0.036558847978118654
0.6  0.05281125223707778  -0.03836376714303499
0.61  0.05100262296368263  -0.04007964073906371
0.62  0.04918237862536423  -0.0417024860775411
0.63  0.04735093375484536  -0.043228536396307374
0.64  0.04550870543559815  -0.04465424960268221
0.65  0.04365611320685978  -0.045976316494963455
0.66  0.04179357896808881  -0.047191668443365815
0.67  0.039921526882884  -0.048297484512571834
0.68  0.03804038328238776  -0.049291198009362866
0.6900000000000001  0.03615057656819547  -0.050170502440132526
0.7000000000000001  0.0342525371147938  -0.05093335686445462
0.71  0.032346697171549574  -0.05157799063227958
0.72  0.030433490764271338  -0.052102907493764034
0.73  0.02851335359636696  -0.05250688907219393
0.74  0.026586722949618596  -0.052788997691940696
0.75  0.024654037584598644  -0.05294857855488607
0.76  0.022715737640748718  -0.05298526126026438
0.77  0.0207722645361446  -0.052898960664394166
0.78  0.018824060866970086  -0.05268987707830397
0.79  0.016871570306722424  -0.05235849580279332
0.8  0.014915237505172582  -0.05190558600200837
0.81  0.012955507987103064  -0.051332198918146346
0.8200000000000001  0.01099282805084643  -0.05063966543143296
0.8300000000000001  0.009027644666647659  -0.04982959297103619
0.84  0.00706040537487369  -0.048903861784086275
0.85  0.005091558184092775  -0.04786462057146215
0.86  0.0031215514690475753  -0.04671428150047374
0.87  0.0011508338685445665  -0.04545551460601645
0.88  -0.0008201458167164458  -0.0440912415931928
0.89  -0.002790938726349994  -0.04262462905578623
0.9  -0.004761096042505807  -0.04105908112632743
0.91  -0.006730169092080296  -0.03939823157481297
0.92  -0.008697709448894943  -0.03764593537441582
0.93  -0.010663269035818487  -0.03580625975376461
0.9400000000000001  -0.012626400226809689  -0.03388347475655959
0.9500000000000001  -0.014586655948857153  -0.031882043330437974
0.96  -0.01654358978379341  -0.029806610968092534
0.97  -0.018496756069959916  -0.02766199492468752
0.98  -0.020445710003699446  -0.025453173036599636
0.99  -0.022390007740653507  -0.02318527216743596
1.0  -0.024329206496840942  -0.020863556308147194
1.01  -0.02626286464949523  -0.018493414358856593
1.02  -0.028190541837637324  -0.016080347620764116
1.03  -0.030111799062361066  -0.013629957027158099
1.04  -0.032026198786808534  -0.01114793014317236
1.05  -0.033933305035812225  -0.008640027964463459
1.06  -0.0358326834951818  -0.00611207154544928
1.07  -0.037723901610612426  -0.003569928488146492
1.08  -0.039606528686192494  -0.001019499322966709
1.09  -0.04148013598248782  0.0015332961869168014
1.1  -0.04334429681418064  0.004082532785843317
1.11  -0.045198586647240545  0.006622293478687341
1.12  -0.04704258319560562  0.009146683264707956
1.1300000000000001  -0.04887586651735169  0.011649842820347232
1.1400000000000001  -0.050698019110327536  0.014125962099219111
1.1500000000000001  -0.052508626007234646  0.016569293817721334
1.16  -0.05430727487012964  0.018974166794969955
1.17  -0.05609355608432803  0.021334999116093094
1.18  -0.057867062851687516  0.02364631108833008
1.19  -0.05962739128325002  0.025902737959865023
1.2  -0.06137414049122141  0.0280990423718724
1.21  -0.06310691268026727  0.03023012651487251
1.22  -0.06482531323810489  0.03229104396118129
1.23  -0.06652895082537003  0.034277011145989994
1.24  -0.0682174374647386  0.03618341847042622
1.25  -0.06989038862928237  0.038005841000825255
1.26  -0.0715474233300392  0.03974004873937778
1.27  -0.0731881642027774  0.04138201644231475
1.28  -0.07481223759393459  0.042927932962840844
1.29  -0.07641927364571169  0.04437421009713061
1.3  -0.07800890638030226  0.045717490912854854
1.31  -0.07958077378323834  0.04695465754090633
1.32  -0.08113451788583367  0.048082838412239357
1.33  -0.08266978484670574  0.049099414923025976
1.34  -0.08418622503235743  0.0500020275126583
1.35  -0.0856834930968009  0.050788581140489536
1.36  -0.08716124806020491  0.05145725014860162
1.37  -0.08861915338654747  0.05200648249931269
1.3800000000000001  -0.09005687706025695  0.052435003377588586
1.3900000000000001  -0.09147409166182352  0.052741818149997094
1.4000000000000001  -0.09287047444236388  0.05292621467333679
1.41  -0.09424570739712228  0.05298776494758199
1.42  -0.09559947733789154  0.05292632610930731
1.43  -0.09693147596433645  0.05274204076328578
1.44  -0.09824139993420468  0.05243533665149103
1.45  -0.09952895093240832  0.0520069256602718
1.46  -0.10079383573896043  0.0514578021680031
1.47  -0.10203576629575165  0.050789240737049345
1.48  -0.10325445977215066  0.0500027931553967
1.49  -0.10444963862941486  0.049100284834821
1.5  -0.1056210306838953  0.048083810573951696
1.51  -0.1067683691690225  0.0469557296960659
1.52  -0.10789139279605836  0.045718660572898265
1.53  -0.10898984581360069  0.04437547454717736
1.54  -0.11006347806582668  0.04292928926799473
1.55  -0.11111204504946194  0.04138346145447605
1.56  -0.11213530796946264  0.0397415791045503
1.57  -0.11313303379339708  0.03800745316690117
1.58  -0.1141049953045155  0.036185108695430845
1.59  -0.11505097115349505  0.03427877550676728
1.6  -0.11597074590884886  0.03229287836249965
1.61  -0.11686411010598707  0.030232026698930343
1.62  -0.11773086029491937  0.02810100392818078
1.6300000000000001  -0.11857079908658746  0.0259047563354848
1.6400000000000001  -0.11938373519781743  0.02364838159843961
1.6500000000000001  -0.12016948349488168  0.02133711695486221
1.6600000000000001  -0.12092786503566007  0.018976327046714626
1.67  -0.12165870711039134  0.016571491468313375
1.68  -0.1223618432810053  0.014128192047724456
1.69  -0.12303711341902618  0.011652099890865677
1.7  -0.12368436374203973  0.009148962218386585
1.71  -0.12430344684871464  0.006624589025880739
1.72  -0.12489422175237107  0.004084839598391062
1.73  -0.12545655391308808  0.0015356089105106295
1.74  -0.12599031526834303  -0.0010171860563551148
1.75  -0.12649538426217605  -0.0035676200478058293
1.76  -0.1269716458728722  -0.006109773289466065
1.77  -0.12741899163915635  -0.00863774522728545
1.78  -0.12783731968489306  -0.011145668223226879
1.79  -0.12822653474228776  -0.013627721174553829
1.8  -0.12858654817358223  -0.01607814302510525
1.81  -0.12891727799124067  -0.018491246137197295
1.82  -0.129218648876621  -0.02086142949311449
1.83  -0.12949059219712755  -0.02318319169554857
1.84  -0.12973304602184105  -0.02545114373680988
1.85  -0.12994595513562263  -0.02766002150717295
1.86  -0.13012927105168787  -0.029804698013323083
1.87  -0.13028295202264925  -0.031880195278544604
1.8800000000000001  -0.13040696305002336  -0.033881695897028004
1.8900000000000001  -0.13050127589220123  -0.03580455421547919
1.9000000000000001  -0.13056586907087991  -0.03764430711607613
1.9100000000000001  -0.13060072787595398  -0.039396684375745145
1.92  -0.1306058443688653  -0.04105761857771217
1.93  -0.13058121738441117  -0.0426232545523234
1.94  -0.13052685253100943  -0.04408995832522194
1.95  -0.13044276218942144  -0.045454325552111756
1.96  -0.1303289655099324  -0.04671318942053052
1.97  -0.13018548840799024  -0.0478636280002909
1.98  -0.13001236355830384  -0.048902971025529186
1.99  -0.12980963038740162  -0.04982880609261968
2.0  -0.12957733506465313  -0.05063898425956881
2.0100000000000002  -0.1293155304917543  -0.051331625033892436
2.02  -0.12902427629068014  -0.05190512073739887
2.0300000000000002  -0.12870363879010668  -0.052358140237747014
2.04  -0.1283536910103056  -0.05268963203811757
2.05  -0.12797451264651508  -0.052898826717826815
2.06  -0.12756619005079023  -0.052985238718217476
2.07  -0.12712881621233804  -0.05294866746968161
2.08  -0.1266624907363401  -0.05278919785719986
2.09  -0.1261673198212696  -0.05250720002331615
2.1  -0.12564341623470568  -0.05210332850900526
2.11  -0.1250908992876527  -0.051578520734427605
2.12  -0.12450989480736901  -0.050933994823097226
2.13  -0.12390053510871146  -0.050171246774513435
2.14  -0.12326295896400291  -0.049292046991818605
2.15  -0.12259731157142895  -0.0482984361725419
2.16  -0.12190374452197125  -0.047192720571966336
2.17  -0.12118241576488491  -0.045977466650114485
2.18  -0.12043348957172811  -0.044655495114775665
2.19  -0.11965713649895174  -0.043229874374403746
2.2  -0.1188535333490576  -0.041703913416079263
2.21  -0.11802286313033471  -0.04008115412506954
2.22  -0.11716531501518157  -0.03836536306381062
2.23  -0.11628108429702541  -0.03656052272939625
2.24  -0.11537037234584681  -0.0346708223098621
2.25  -0.114433386562321  -0.032700647960724846
2.2600000000000002  -0.11347034033058533  -0.030654572624340876
2.27  -0.11248145296964462  -0.028537345415718597
2.2800000000000002  -0.1114669496834242  -0.02635388059941793
2.29  -0.11042706150948361  -0.024109246183124065
2.3000000000000003  -0.10936202526640094  -0.021808652154370237
2.31  -0.10827208349984137  -0.019457438387713254
2.32  -0.10715748442732084  -0.017061062250430185
2.33  -0.10601848188167848  -0.01462508593550408
2.34  -0.10485533525327011  -0.012155163551301158
2.35  -0.10366830943089587  -0.009657027997903652
2.36  -0.10245767474147609  -0.007136477660560896
2.37  -0.10122370688848832  -0.004599362951143597
2.38  -0.09996668688918024  -0.002051572728840014
2.39  -0.09868690101057195  0.0005009793683878883
2.4  -0.09738464070426364  0.003052368649860509
2.41  -0.09606020254006131  0.005596673123893302
2.42  -0.09471388813843812  0.0081279872432421
2.43  -0.0933460041018444  0.010640435612382367
2.44  -0.09195686194488428  0.013128186624800833
2.45  -0.09054677802337234  0.015585465998652025
2.46  -0.08911607346228897  0.018006570179356484
2.47  -0.08766507408264873  0.020385879578037815
2.48  -0.08619411032729996  0.022717871615065388
2.49  -0.08470351718567094  0.02499713353843301
2.5  -0.083193634117482  0.027218374987216083
2.5100000000000002  -0.08166480497543782  0.029376440270950065
2.52  -0.08011737792692114  0.03146632033642674
2.5300000000000002  -0.07855170537470231  0.03348316439413309
2.54  -0.07696814387668535  0.03542229117734663
2.5500000000000003  -0.07536705406470724  0.037279199807753904
2.56  -0.07374880056240957  0.039049580242372095
2.57  -0.07211375190220101  0.04072932327752588
2.58  -0.07046228044132974  0.04231453008665855
2.59  -0.06879476227708511  0.04380152126984054
2.6  -0.06711157716114662  0.0451868453939698
2.61  -0.065413108413102  0.046467287003841694
2.62  -0.06369974283315137  0.04763987408549453
2.63  -0.06197187061402021  0.04870188496450634
2.64  -0.060229885252098075  0.04965085462323359
2.65  -0.05847418345782654  0.05048458042232627
2.66  -0.056705165065354106  0.05120112721324187
2.67  -0.054923232941480465  0.05179883182988939
2.68  -0.05312879289390897  0.05227630694897978
2.69  -0.05132225357883146  0.05263244431012107
2.7  -0.049504026407861584  0.052866417288185315
2.71  -0.04767452545434335  0.05297768281197568
2.72  -0.045834167359051575  0.052965982624741045
2.73  -0.04398337123530867  0.05283134388361185
2.74  -0.04212255857353779  0.0525740790965661
2.75  -0.04025215314527501  0.05219478539707173
2.7600000000000002  -0.03837258090666181  0.05169434315808899
2.77  -0.03648426990144005  0.05107391394864995
2.7800000000000002  -0.03458765016347162  0.05033493783775779
2.79  -0.03268315361880491  0.04947913005186422
2.8000000000000003  -0.030771213987310104  0.04850847699368262
2.81  -0.02885226668390638  0.04742523163157875
2.82  -0.026926748719402323  0.04623190827023884
2.83  -0.024995098600974125  0.04493127671475482
2.84  -0.02305775623230186  0.04352635584167083
2.85  -0.021115162813388242  0.04202040659191362
2.86  -0.019167760740082144  0.040416924401871585
2.87  -0.017215993503329682  0.03871963109018867
2.88  -0.015260305588176003  0.03693246621910741
2.89  -0.013301142372540587  0.03505957795040861
2.9  -0.011338950025789298  0.0331053134171759
2.91  -0.00937417540712614  0.031074208633728704
2.92  -0.007407265963828031  0.028970977967148058
2.93  -0.005438669629344986  0.02680050319482817
2.94  -0.003468834721291454  0.02456782217345682
2.95  -0.0014982098393470401  0.02227811714571998
2.96  0.0004727562369032656  0.019936702711876343
2.97  0.0024436146501736443  0.017549013494117357
2.98  0.004413916567695932  0.01512059152234665
2.99  0.006383213283436141  0.012657073370656882
3.0  0.008351056320279097  0.010164177074361631
3.0100000000000002  0.01031699753216285  0.007647688857948275
3.02  0.01228058920613687  0.005113449704759458
3.0300000000000002  0.01424138416432184  0.002567341799572225
3.04  0.016198935865747582  1.527487554795967e-05
3.0500000000000003  0.018152798508045874  -0.002536827502762764
3.06  0.02010252712897511  -0.005083041688516216
3.0700000000000003  0.022047677707753635  -0.007617457701865518
3.08  0.023987807266178655  -0.010134192947525395
3.09  0.025922473969507635  -0.01262740586877785
3.1  0.0278512372270798  -0.015091309506221937
3.11  0.02977365779265324  -0.01752018492979856
3.12  0.03168929786443697  -0.019908394512915175
3.13  0.033597721184793435  -0.022250395017855522
3.14  0.035498493139589485  -0.024540750462107602
3.15  0.03739118085717313  -0.026774144735740357
3.16  0.03927535330695333  -0.028945393940548715
3.17  0.0411505813975607  -0.031049458422321163
3.18  0.0430164380745664  -0.03308145446830739
3.19  0.04487249841773729  -0.035036665642730364
3.2  0.046718339737804974  -0.036910553734035595
3.21  0.04855354167272666  -0.03869876928846637
3.22  0.05037768628341674  -0.040397161705516126
3.23  0.05219035814892482  -0.042001788871825416
3.24  0.05399114446104306  -0.04350892631116288
3.25  0.05577963511831521  -0.04491507582925092
3.2600000000000002  0.05755542281943264  -0.04621697363337326
3.27  0.05931810315598924  -0.047411597907914736
3.2800000000000002  0.06106727470458083  -0.04849617582825334
3.29  0.06280253911822202  -0.0494681899967215
3.3000000000000003  0.06452350121706417  -0.05032538428570094
3.31  0.06622976907839143  -0.05106576907428634
3.3200000000000003  0.06792095412587507  -0.051687625866365335
3.33  0.06959667121806581  -0.05218951127939381
3.34  0.07125653873610387  -0.05257026039460999
3.35  0.07290017867062715  -0.052828989460909824
3.36  0.07452721670785606  -0.05296509794610857
3.37  0.07613728231483924  -0.05297826993082717
3.38  0.07773000882383511  -0.05286847484176796
3.39  0.07930503351581636  -0.05263596752267785
3.4  0.08086199770307254  -0.052281287642834504
3.41  0.08240054681089615  -0.05180525844442764
3.42  0.08392033045833155  -0.05120898483174435
3.43  0.08542100253796878  -0.050493850806591585
3.44  0.0869022212947643  -0.049661516255910865
3.45  0.08836364940387031  -0.048713913099038594
3.46  0.0898049540474555  -0.0476532408035578
3.47  0.09122580699049908  -0.04648196128014557
3.48  0.09262588465554125  -0.045202793168270056
3.49  0.09400486819637312  -0.04381870552599558
3.5  0.09536244357064891  -0.04233291093854719
3.5100000000000002  0.0966983016114044  -0.0407488580616264
3.52  0.09801213809746477  -0.03907022361678788
3.5300000000000002  0.0993036538227268  -0.037300903857455804
3.54  0.10057255466429751  -0.03544500552538799
3.5500000000000003  0.10181855164947741  -0.03350683631857877
3.56  0.10304136102156827  -0.03149089489272525
3.5700000000000003  0.10424070430449556  -0.029401860419464573
3.58  0.10541630836622623  -0.02724458172561824
3.59  0.10656790548097077  -0.025024066038652377
3.6  0.10769523339015351  -0.022745467364476597
3.61  0.10879803536213803  -0.02041407452455774
3.62  0.10987606025069387  -0.018035298880114244
3.63  0.11092906255219108  -0.01561466177188809
3.64  0.11195680246151034  -0.01315778170464033
3.65  0.11295904592665412  -0.010670361306126183
3.66  0.11393556470204941  -0.00815817409080772
3.67  0.11488613640052611  -0.0056270510590383516
3.68  0.11581054454396335  -0.0030828671628116873
3.69  0.11670857861258802  -0.0005315276695009481
3.7  0.11758003409291835  0.002021045544772289
3.71  0.1184247125243381  0.004568927740313571
3.72  0.11924242154429311  0.007106205065683505
3.73  0.12003297493209898  0.00962698828424827
3.74  0.12079619265134994  0.012125426443600026
3.75  0.1215319008909193  0.014595720456115263
3.7600000000000002  0.12223993210454237  0.01703213655913079
3.77  0.12292012504897251  0.019429019623494904
3.7800000000000002  0.12357232482070182  0.021780806279603472
3.79  0.124196382891238  0.024082037830454317
3.8000000000000003  0.12479215714092949  0.026327372921747617
3.81  0.12535951189133093  0.028511599939623794
3.8200000000000003  0.12589831793610212  0.030629649107262936
3.83  0.1264084525704323  0.03267660425226828
3.84  0.1268897996189848  0.03464771421752065
3.85  0.12734224946235395  0.03653840388901925
3.86  0.12776569906202914  0.038344284815109105
3.87  0.12816005198386035  0.040061165392452955
3.88  0.12852521842001965  0.04168506059509724
3.89  0.12886111520945343  0.04321220122405856
3.9  0.129167665856821  0.04463904265595341
3.91  0.12944480054991536  0.045962273070372574
3.92  0.12969245617556185  0.04717882113689644
3.93  0.1299105763339912  0.04828586314391596
3.94  0.1300991113516835  0.049280829552706164
3.95  0.13025801829268097  0.050161410961545465
3.96  0.1303872609683656  0.05092556346603282
3.97  0.13048680994570083  0.05157151340316414
3.98  0.13055664255393426  0.05209776146815503
3.99  0.13059674288976075  0.05250308619445482
4.0  0.130607101820944  0.052786546788874365
4.01  0.13058771698839636  0.052947485315247164
4.0200000000000005  0.130538592806716  0.052985528221555146
4.03  0.13045974046318173  0.05290058720697473
4.04  0.13035117791520504  0.05269285942683055
4.05  0.13021292988624072  0.05236282703498116
4.0600000000000005  0.13004502786015643  0.05191125606469889
4.07  0.12984751007406273  0.05133919465064142
4.08  0.12962042150960523  0.05064797059604205
4.09  0.12936381388272059  0.04983918829076539
4.1  0.12907774563185906  0.04891472498738172
4.11  0.12876228190467603  0.04787672644390427
4.12  0.1284174945431958  0.046727601943302305
4.13  0.12804346206745026  0.04547001870134996
4.14  0.12764026965759764  0.044106895675791374
4.15  0.1272080091345236  0.04264139679119165
4.16  0.12674677893893088  0.041076923595198725
4.17  0.12625668410892046  0.03941710736326135
4.18  0.12573783625607116  0.03766580067012957
4.19  0.12519035354002145  0.03582706844770135
4.2  0.12461436064156078  0.033905178549969855
4.21  0.12400998873423523  0.031904591846969796
4.22  0.12337737545447465  0.029829951870719774
4.23  0.12271666487024822  0.02768607403718839
4.24  0.12202800744825534  0.02547793446930484
4.25  0.12131156001965877  0.02321065844695245
4.26  0.120567485744369  0.020889508510759443
4.2700000000000005  0.1197959540738869  0.018519872247293404
4.28  0.11899714071271418  0.01610724978401446
4.29  0.11817122757833871  0.01365724102301128
4.3  0.1173184027598061  0.011175532643151895
4.3100000000000005  0.11643886047488516  0.008667884900817088
4.32  0.11553280102583789  0.0061401182598568894
4.33  0.11460043075380338  0.003598099881796747
4.34  0.11364196199180725  0.001047730007657309
4.3500000000000005  0.11265761301640549  -0.001505071737008274
4.36  0.11164760799797602  -0.004054380082067231
4.37  0.11061217694966677  -0.006594277865865403
4.38  0.10955155567501398  -0.009118869769461892
4.39  0.1084659857142413  -0.011622296000167107
4.4  0.10735571428925303  -0.014098745892619356
4.41  0.1062209942473332  -0.016542471395833622
4.42  0.10506208400356279  -0.018947800414918718
4.43  0.10387924748197051  -0.02130914997649056
4.44  0.1026727540554276  -0.02362103918722961
4.45  0.10144287848430272  -0.02587810195549979
4.46  0.10018990085388889  -0.02807509944650558
4.47  0.09891410651061898  -0.030206932242071792
4.48  0.09761578599708187  -0.032268652176828186
4.49  0.09629523498585654  -0.03425547382332157
4.5  0.09495275421217658  -0.03616278559940169
4.51  0.0935886494054424  -0.03798616047209445
4.5200000000000005  0.09220323121959627  -0.039721366233122994
4.53  0.09079681516237581  -0.04136437532222318
4.54  0.08936972152346151  -0.04291137417545378
4.55  0.08792227530153571  -0.04435877207680285
4.5600000000000005  0.08645480613026948  -0.04570320949254579
4.57  0.08496764820325362  -0.04694156586900799
4.58  0.08346114019789055  -0.048070966875636494
4.59  0.08193562519826646  -0.04908879107656545
4.6000000000000005  0.08039145061701876  -0.04999267601519212
4.61  0.07882896811621862  -0.05078052369763922
4.62  0.07724853352728452  -0.05145050546237784
4.63  0.07565050676994803  -0.0520010662247062
4.64  0.07403525177028682  -0.052430928086233806
4.65  0.07240313637784662  -0.05273909330099214
4.66  0.07075453228186918  -0.052924846591288086
4.67  0.06908981492664525  -0.05298775680792445
4.68  0.06740936342601306  -0.05292767793093377
4.69  0.06571356047702125  -0.05274474940850315
4.7  0.06400279227277554  -0.05243939583330326
4.71  0.06227744841448844  -0.05201232595697238
4.72  0.0605379218227544  -0.051464531045043733
4.73  0.05878460864806764  -0.05079728257613371
4.74  0.05701790818060553  -0.05001212929073179
4.75  0.05523822275929542  -0.04911089359644204
4.76  0.05344595768018916  -0.048095667338020065
4.7700000000000005  0.051641521104162175  -0.04696880694202285
4.78  0.0498253239639622  -0.04573292794734295
4.79  0.047997779870624625  -0.044390898934319314
4.8  0.04615930501927955  -0.04294583486651865
4.8100000000000005  0.0443103180943691  -0.041401089860639256
4.82  0.04245124017429948  -0.039760249401321744
4.83  0.04058249463554597  -0.03802712201893293
4.84  0.03870450705623543  -0.036205730449643356
4.8500000000000005  0.03681770511922791  -0.034300302298313476
4.86  0.03492251851471842  -0.03231526022586426
4.87  0.0330193788423811  -0.03025521168390362
4.88  0.03110871951307912  -0.02812493822043905
4.89  0.029190975650162567  -0.02592938438149855
4.9  0.027266583990374803  -0.02367364623441765
4.91  0.02533598278439363  -0.021362959539434356
4.92  0.023399611697025407  -0.01900268759704232
4.93  0.0214579117070782  -0.01659830879931557
4.94  0.019511325006936156  -0.014155403914093189
4.95  0.017560294901856868  -0.011679643131543231
4.96  0.015605265709015055  -0.009176772903166897
4.97  0.013646682656316082  -0.006652602603797315
4.98  0.011684991781002598  -0.0041129910475451725
4.99  0.00972063982807652  -0.0015638328889926653
5.0  0.007754074148558672  0.000988955058801512
5.01  0.005785742597612626  0.0035394475577286803
5.0200000000000005  0.003816093432551817  0.006081724697613127
5.03  0.001845575210756574  0.008609885636825597
5.04  -0.0001253633124791466  0.011118062298640853
5.05  -0.0020962732861435837  0.013600432991542094
5.0600000000000005  -0.0040667058657273235  0.016051235921863593
5.07  -0.0060362123154393856  0.018464782567402367
5.08  -0.00800434411040116  0.02083547088096424
5.09  -0.009970653038790318  0.02315779829319111
5.1000000000000005  -0.011934691303914894  0.025426374484493794
5.11  -0.01389601162619095  0.027635933896440923
5.12  -0.015854167345004683  0.029781347953569796
5.13  -0.01780871252043241  0.031857636967246264
5.14  -0.01975920203479585  0.0338599816939452
5.15  -0.02170519169403201  0.03578373452112562
5.16  -0.023646238328849694  0.037624430254734186
5.17  -0.025581899895656866  0.039377796483301995
5.18  -0.027511735577227393  0.041039763494573854
5.19  -0.02943530588309172  0.04260647372165758
5.2  -0.03135217274962279  0.04407429069676489
5.21  -0.03326189963979938  0.045439807491762685
5.22  -0.035164051642620535  0.04669985462594312
5.23  -0.03705819557214949  0.04785150742265858
5.24  -0.03894390006616506  0.04889209279774421
5.25  -0.04082073568439829  0.04981919546397461
5.26  -0.04268827500633082  0.050630663537150705
5.2700000000000005  -0.044546092728532924  0.05132461353080635
5.28  -0.046393765761519754  0.05189943472794022
5.29  -0.048230873326104456  0.052353792919627704
5.3  -0.05005699704922306  0.05268663350183297
5.3100000000000005  -0.051871721059213116  0.052897183923234906
5.32  -0.05367463208052205  0.05298495547838429
5.33  -0.055465319527823756  0.05294974444203093
5.34  -0.05724337559952421  0.05279163254198721
5.3500000000000005  -0.05900839537063131  0.05251098676943085
5.36  -0.060759976884970014  0.0521084585270873
5.37  -0.062497721246722135  0.05158498211726842
5.38  -0.0642212327112691  0.05094177257327724
5.39  -0.0659301187753161  0.05018032283921246
5.4  -0.0676239902662791  0.04930240030471792
5.41  -0.0693024614309124  0.048310042702721115
5.42  -0.0709651500231583  0.047205553379681034
5.43  -0.07261167739119827  0.0459914959493256
5.44  -0.0742416685636846  0.0446706883422857
5.45  -0.07585475233513408  0.043246196265438394
5.46  -0.07745056135046473  0.04172132608614028
5.47  -0.07902873218865557  0.04009961715786764
5.48  -0.08058890544550991  0.03838483360507507
5.49  -0.0821307258155035  0.036580955586343514
5.5  -0.08365384217270132  0.03469217005609219
5.51  -0.08515790765071951  0.03272286104630175
5.5200000000000005  -0.08664257972172046  0.030677599490802076
5.53  -0.0881075202744167  0.02856113261574723
5.54  -0.08955239569107214  0.026378372920898077
5.55  -0.09097687692347681  0.02413438677729306
5.5600000000000005  -0.09238063956788406  0.021834382667768836
5.57  -0.09376336393888712  0.019483699097629953
5.58  -0.09512473514222387  0.01708779220352217
5.59  -0.09646444314648793  0.014652223089275005
5.6000000000000005  -0.09778218285373476  0.012182644918107144
5.61  -0.09907765416896183  0.009684789791153437
5.62  -0.10035056206845172  0.007164455442769578
5.63  -0.1016006166669588  0.00462749178349714
5.64  -0.10282753328372567  0.0020797873219242403
5.65  -0.10403103250731585  -0.00047274450304484947
5.66  -0.10521084025924445  -0.0030241790477845178
5.67  -0.10636668785639622  -0.005568594215549963
5.68  -0.10749831207221304  -0.008100084202167634
5.69  -0.1086054551966409  -0.010612773203910266
5.7  -0.10968786509481815  -0.01310082905573565
5.71  -0.11074529526449639  -0.015558476768239939
5.72  -0.1117775048921772  -0.017980011931898483
5.73  -0.11278425890795338  -0.02035981395748695
5.74  -0.11376532803904282  -0.022692359121945525
5.75  -0.11472048886200215  -0.024972233389412103
5.76  -0.11564952385360758  -0.02719414497765924
5.7700000000000005  -0.11655222144039253  -0.029352936640772136
5.78  -0.11742837604683015  -0.03144359763955373
5.79  -0.11827778814215054  -0.03346127537187835
5.8  -0.1191002642857803  -0.03540128663599405
5.8100000000000005  -0.11989561717139563  -0.03725912850063193
5.82  -0.12066366566957869  -0.039030488756692835
5.83  -0.12140423486906707  -0.040711255926252396
5.84  -0.12211715611658708  -0.04229752880565108
5.8500000000000005  -0.12280226705526191  -0.04378562552051948
5.86  -0.12345941166158587  -0.04517209207172219
5.87  -0.12408844028095636  -0.046453710352384166
5.88  -0.12468920966175565  -0.047627505617390695
5.89  -0.12526158298797396  -0.048690753388023505
5.9  -0.12580542991036736  -0.04964098577570816
5.91  -0.12632062657614257  -0.05047599721019341
5.92  -0.1268070556571629  -0.05119384955886746
5.93  -0.1272646063766678  -0.051792876625328665
5.94  -0.12769317453450033  -0.05227168801676946
5.95  -0.1280926625308374  -0.05262917237119594
5.96  -0.12846297938841658  -0.05286449993699408
5.97  -0.12880404077325483  -0.052977124498853674
5.98  -0.12911576901385416  -0.05296678464558055
5.99  -0.12939809311889014  -0.05283350437685423
6.0  -0.12965094879337907  -0.05257759304752266
6.01  -0.12987427845332028  -0.05219964464956319
6.0200000000000005  -0.13006803123881  -0.0517005364333767
6.03  -0.13023216302562374  -0.051081426871614835
6.04  -0.13036663643526508  -0.05034375297026625
6.05  -0.130471420843478  -0.04948922693324331
6.0600000000000005  -0.13054649238722107  -0.048519832188211265
6.07  -0.13059183397010196  -0.04743781878288393
6.08  -0.13060743526627072  -0.04624569816247115
6.09  -0.13059329272277154  -0.044946237340400555
6.1000000000000005  -0.1305494095603517  -0.04354245247584435
6.11  -0.13047579577272825  -0.04203760187295724
6.12  -0.1303724681243119  -0.0404351784180742
6.13  -0.13023945014638943  -0.038738901472425105
6.140000000000001  -0.13007677213176463  -0.03695270823918
6.15  -0.12988447112785959  -0.03508074462486629
6.16  -0.12966259092827773  -0.03312735561636536
6.17  -0.1294111820628306  -0.031097075195829632
6.18  -0.12913030178603024  -0.02899461581692353
6.19  -0.12882001406405058  -0.02682485746681676
6.2  -0.1284803895601601  -0.024592836339320308
6.21  -0.12811150561862916  -0.022303733145450387
6.22  -0.12771344624711617  -0.019962861088558152
6.23  -0.1272863020975362  -0.01757565353193146
6.24  -0.1268301704454163  -0.015147651387497975
6.25  -0.12634515516774245  -0.012684490254895387
6.26  -0.12583136671930337  -0.010191887340765128
6.2700000000000005  -0.12528892210753576  -0.007675628188629859
6.28  -0.12471794486587821  -0.005141553250154557
6.29  -0.12411856502563771  -0.002595544328960298
6.3  -0.12349091908637763  -4.3510928457460296e-05
6.3100000000000005  -0.12283514998483143  0.002508623464613967
6.32  -0.1221514070623517  0.005054935129101268
6.33  -0.12143984603089927  0.007589513858900745
6.34  -0.12070062893758261  0.010106476681049144
6.3500000000000005  -0.11993392412775408  0.012599981510603875
6.36  -0.11913990620667184  0.01506424071061925
6.37  -0.1183187559997358  0.017493534525746087
6.38  -0.11747066051130794  0.01988222435826891
6.390000000000001  -0.11659581288212471  0.02222476585577223
6.4  -0.11569441234531232  0.0245157217800534
6.41  -0.11476666418101407  0.026749774627416963
6.42  -0.11381277966964137  0.028921738971051637
6.43  -0.1128329760437575  0.031026573496848037
6.44  -0.11182747643860676  0.033059392704718304
6.45  -0.11079650984129841  0.035015478248256265
6.46  -0.10974031103865836  0.036890289886422296
6.47  -0.10865912056376006  0.03867947602182909
6.48  -0.10755318464114726  0.040378883801169003
6.49  -0.10642275513075969  0.0419845687543401
6.5  -0.1052680894705758  0.043492803949897525
6.51  -0.10408945061798516  0.044900088645578526
6.5200000000000005  -0.10288710698990461  0.04620315641382274
6.53  -0.10166133240164972  0.047398982723428726
6.54  -0.1004124060045777  0.04848479195974863
6.55  -0.09914061222251504  0.049458063867125986
6.5600000000000005  -0.09784624068698419  0.05031653939862329
6.57  -0.09652958617124499  0.051058225959462245
6.58  -0.09519094852316405  0.05168140203200634
6.59  -0.09383063259692886  0.05218462117154925
6.6000000000000005  -0.09244894818362222  0.0525667153636364
6.61  -0.09104620994067224  0.052826797735125774
6.62  -0.08962273732019384  0.05296426461269619
6.63  -0.08817885449623798  0.05297879692402424
6.640000000000001  -0.0867148902909663  0.05287036093837838
6.65  -0.08523117809976732  0.052639208344910884
6.66  -0.08372805581533038  0.052285875668465896
6.67  -0.08220586575069545  0.051811183024259466
6.68  -0.08066495456129709  0.05121623221432239
6.69  -0.07910567316601858  0.050502404170124075
6.7  -0.07752837666727615  0.04967135574731304
6.71  -0.07593342427014951  0.04872501588001355
6.72  -0.07432117920057797  0.0476655811036056
6.73  -0.07269200862264164  0.04649551045637977
6.74  -0.07104628355494592  0.045217519771899015
6.75  -0.06938437878612733  0.04383457537531911
6.76  -0.06770667278950061  0.042349887198294245
6.7700000000000005  -0.0660135476368678  0.04076690132845293
6.78  -0.0643053889115077  0.03908929201073582
6.79  -0.06258258562036392  0.03732095311916003
6.8  -0.06084553010545603  0.035465989118805614
6.8100000000000005  -0.05909461795452808  0.033528705539003154
6.82  -0.05733024791096128  0.03151359897983437
6.83  -0.0555528217829645  0.02942534667514008
6.84  -0.05376274435207049  0.02726879563626168
6.8500000000000005  -0.05196042328095121  0.02504895140171585
6.86  -0.050146269020580725  0.02277096641891429
6.87  -0.048320694716759545  0.020440128084894107
6.88  -0.04648411611602879  0.01806184647381854
6.890000000000001  -0.04463695147098842  0.015641641779735014
6.9  -0.042779621445048543  0.013185131503735603
6.91  -0.04091254901662812  0.010698017415258212
6.92  -0.03903615938282878  0.008186072317793627
6.93  -0.037150879862603445  0.005655126649717988
6.94  -0.03525713979943941  0.003111054951349789
6.95  -0.03335537046358368  0.0005597622296411031
6.96  -0.031446004953826046  -0.0019928297478469907
6.97  -0.029529478098869275  -0.004540796197870137
6.98  -0.02760622635830174  -0.0070782230734258225
6.99  -0.025676687723202248  -0.009599220790762433
7.0  -0.02374130161639246  -0.012097937899601483
7.01  -0.02180050879236695  -0.014568574664854346
7.0200000000000005  -0.019854751236916237  -0.0170053965282999
7.03  -0.017904472066473224  -0.01940274741898158
7.04  -0.015950115427198507  -0.021755062881430205
7.05  -0.013992126393833713  -0.02405688299123946
7.0600000000000005  -0.012030950868342927  -0.026302865028014363
7.07  -0.01006703547836494  -0.0284877958762795
7.08  -0.008100827475500168  -0.030606604125564395
7.09  -0.006132774633456472  -0.03265437184157951
7.1000000000000005  -0.004163325146075963  -0.03462634598115963
7.11  -0.0021929275252653146  -0.03651794942448102
7.12  -0.00022203049885358844  -0.03832479159894686
7.13  0.0017489170915979749  -0.04004267867008034
7.140000000000001  0.0037194663930131683  -0.04166762327577088
7.15  0.005689168643019542  -0.04319585378128055
7.16  0.007657575272147613  -0.04462382303352986
7.17  0.00962423800598615  -0.045948216594342346
7.18  0.011588708967269296  -0.04716596043353721
7.19  0.013550540777873321  -0.04827422806401453
7.2  0.015509286660700571  -0.04927044710227362
7.21  0.01746450054142657  -0.050152305239132756
7.22  0.019415737150086106  -0.05091775560679672
7.23  0.02136255212247625  -0.051565021529810594
7.24  0.023304502101353854  -0.05209260064887465
7.25  0.025241144837403886  -0.05249926840794834
7.26  0.027172039289954215  -0.05278408089654925
7.2700000000000005  0.029096745727416322  -0.05294637704064941
7.28  0.031014825827426724  -0.05298578013708441
7.29  0.03292584277666865  -0.05290219872791362
7.3  0.03482936137034999  -0.052695826812701824
7.3100000000000005  0.0367249481113141  -0.05236714339822961
7.32  0.038612171308761635  -0.051916911386678005
7.33  0.040490601176562  -0.05134617580486761
7.34  0.04235980993113095  -0.050656261378662165
7.3500000000000005  0.04421937188885131  -0.049848769458167116
7.36  0.04606886356301547  -0.048925574300860065
7.37  0.0479078637602684  -0.047888818721279425
7.38  0.04973595367652839  -0.04674090911736918
7.390000000000001  0.0515527169923629  -0.04548450988502463
7.4  0.053357739967798176  -0.04412253723380319
7.41  0.055150611536543756  -0.04265815241815343
7.42  0.05693092339960476  -0.04109475439987406
7.43  0.058698270118267254  -0.039435971958834526
7.44  0.060452249206430025  -0.03768565527026897
7.45  0.062192461222264184  -0.03584786696819
7.46  0.0639185098591804  -0.03392687271567143
7.47  0.06563000203608199  -0.031927131303879336
7.48  0.06732654798688271  -0.029853284302839036
7.49  0.06900776134926945  -0.02771014528795663
7.5  0.07067325925269165  -0.025502688667300183
7.51  0.07232266240555263  -0.023236038135574552
7.5200000000000005  0.07395559518158903  -0.02091545478159048
7.53  0.07557168570541241  -0.01854632487683034
7.54  0.07717056593719954  -0.01613414737345296
7.55  0.07875187175650651  -0.01368452114075687
7.5600000000000005  0.08031524304519294  -0.011203131969728773
7.57  0.08186032376943192  -0.008695739375839503
7.58  0.08338676206079274  -0.006168163230717668
7.59  0.08489421029637201  -0.003626270253731457
7.6000000000000005  0.08638232517796098  -0.0010759603948343882
7.61  0.08785076781022488  0.0014768468597199172
7.62  0.08929920377788256  0.0040262262270099845
7.63  0.0907273032218637  0.006566260380533168
7.640000000000001  0.09213474091442897  0.009091053684823415
7.65  0.0935211963332359  0.011594745879721848
7.66  0.09488635373433334  0.014071525682542003
7.67  0.09622990222406694  0.01651564427654861
7.68  0.09755153582987985  0.018921428654453145
7.69  0.09885095356999452  0.021283294785945463
7.7  0.10012785952195535  0.02359576057870274
7.71  0.1013819628900216  0.025853458602793138
7.72  0.10261297807139114  0.028051148548938143
7.73  0.1038206247212419  0.030183729391715736
7.74  0.10500462781657634  0.03224625122947395
7.75  0.10616471771885401  0.03423392677347463
7.76  0.10730063023539735  0.03614214245959859
7.7700000000000005  0.10841210667955717  0.037966469156820004
7.78  0.10949889392962489  0.03970267244759596
7.79  0.1105607444864774  0.04134672245631066
7.8  0.11159741652994085  0.04289480320296009
7.8100000000000005  0.11260867397386135  0.04434332146036594
7.82  0.11359428651987012  0.045688915094361265
7.83  0.11455402970983072  0.0469284608675906
7.84  0.11548768497695552  0.04805908168881001
7.8500000000000005  0.11639503969558121  0.04907815329086032
7.86  0.1172758872295907  0.049983310321814266
7.87  0.11813002697947153  0.05077245183516007
7.88  0.11895726442799959  0.051443746166277275
7.890000000000001  0.11975741118453709  0.051995635183885905
7.9  0.12053028502793561  0.05242683790660168
7.91  0.12127570994803427  0.052736353476203285
7.92  0.12199351618574351  0.05292346348070903
7.930000000000001  0.12268354027170507  0.052987733621872576
7.94  0.12334562506351922  0.05292901472322587
7.95  0.12397961978153194  0.052747443076330544
7.96  0.12458538004317271  0.05244344012443365
7.97  0.12516276789583528  0.05201771148426185
7.98  0.12571165184829416  0.05147124530822497
7.99  0.1262319069006499  0.05080530999083038
8.0  0.12672341457279568  0.050021451224631225
8.01  0.12718606293139975  0.04912148841254224
8.02  0.1276197466153962  0.04810751044485087
8.03  0.12802436685997926  0.04698187085072557
8.040000000000001  0.12839983151909584  0.04574718233547311
8.05  0.12874605508642983  0.044406310716229164
8.06  0.12906295871487547  0.0429623682701505
8.07  0.12935047023449314  0.04141870651055602
8.08  0.12960852416894514  0.039778908407779645
8.09  0.12983706175040677  0.03804678007278983
8.1  0.13003603093295  0.036226341922882654
8.11  0.130205386404396  0.03432181934995197
8.120000000000001  0.1303450895966343  0.03233763291299324
8.13  0.1304551086944061  0.03027838807761183
8.14  0.13053541864254978  0.028148864526344488
8.15  0.13058600115170668  0.02595400506460872
8.16  0.13060684470248643  0.023698904148031292
8.17  0.13059794454809  0.021388796057784133
8.18  0.13055930271539115  0.01902904275137024
8.19  0.13049092800447434  0.016625121417064844
8.2  0.13039283598663104  0.0141826117608964
8.21  0.13026504900081345  0.011707183055671044
8.22  0.1301075961485471  0.009204580982112253
8.23  0.12992051328730364  0.0066806142926420925
8.24  0.12970384302233448  0.004141141328774953
8.25  0.12945763469696844  0.001592056423409073
8.26  0.12918194438137445  -0.0009607237804241144
8.27  0.1288768348597924  -0.003511274062590896
8.28  0.12854237561623497  -0.0060536743787944144
8.290000000000001  0.12817864281866365  -0.008582023601504379
8.3  0.12778571930164304  -0.011090453216971857
8.31  0.1273636945474761  -0.013573140946554017
8.32  0.12691266466582604  -0.016024324260715823
8.33  0.12643273237182898  -0.018438313754350864
8.34  0.1259240069627019  -0.020809506352376998
8.35  0.12538660429285226  -0.023132398314949475
8.36  0.12482064674749346  -0.02540159801210852
8.370000000000001  0.12422626321477372  -0.027611838438213777
8.38  0.12360358905642413  -0.029757989437110353
8.39  0.12295276607693127  -0.03183506960965894
8.4  0.1222739424912443  -0.033838257875987786
8.41  0.12156727289102064  -0.0357629046656288
8.42  0.12083291820942031  -0.037604542709565494
8.43  0.12007104568445588  -0.039358897409146366
8.44  0.11928182882090684  -0.04102189675779128
8.45  0.11846544735080597  -0.04258968079246462
8.46  0.11762208719250838  -0.04405861055297997
8.47  0.11675194040835213  -0.04542527652833372
8.48  0.11585520516091763  -0.04668650657047315
8.49  0.11493208566790042  -0.04783937325712047
8.5  0.11398279215560292  -0.04888120068656889
8.51  0.11300754081105885  -0.049809570688679264
8.52  0.11200655373280033  -0.05062232843765816
8.53  0.11098005888027768  -0.051317587453591745
8.540000000000001  0.10992829002194535  -0.051893733981126976
8.55  0.10885148668202559  -0.052349430735134365
8.56  0.10774989408595904  -0.05268362000466099
8.57  0.10662376310455929  -0.0528955261079677
8.58  0.10547335019688103  -0.05298465719295224
8.59  0.10429891735181479  -0.0529508063787799
8.6  0.10310073202842336  -0.05279405223607163
8.61  0.10187906709503244  -0.052514758604534806
8.620000000000001  0.10063420076708803  -0.05211357374846042
8.63  0.09936641654379877  -0.05159142885204647
8.64  0.0980760031435715  -0.0509495358580402
8.65  0.09676325443826111  -0.05018938465471563
8.66  0.09542846938624601  -0.049312739617716164
8.67  0.09407195196434404  -0.048321635514788935
8.68  0.092694011098587  -0.04721837278291498
8.69  0.09129496059386726  -0.04600551218879946
8.700000000000001  0.08987511906247383  -0.04468586888511465
8.71  0.0884348098515331  -0.0432625058762904
8.72  0.08697436096937143  -0.041738726909020585
8.73  0.08549410501081613  -0.04011806880398514
8.74  0.0839943790814522  -0.03840429324658861
8.75  0.08247552472085243  -0.03660137805576897
8.76  0.0809378878247957  -0.03471350795113977
8.77  0.0793818185664955  -0.032745064839900424
8.78  0.0778076713168527  -0.030700617646057606
8.790000000000001  0.0762158045637537  -0.028584911705561624
8.8  0.07460658083043041  -0.026402857751979897
8.81  0.07298036659289982  -0.024159520518265476
8.82  0.07133753219650597  -0.02186010698108013
8.83  0.06967845177157893  -0.019509954274958885
8.84  0.06800350314823303  -0.01711451730436761
8.85  0.06631306777032088  -0.014679356082403354
8.86  0.06460753060856572  -0.012210122825531734
8.870000000000001  0.06288728007289088  -0.009712548834312159
8.88  0.06115270792396464  -0.007192431190560344
8.89  0.05940420918398316  -0.0046556193018287215
8.9  0.05764218204670967  -0.0021080013244325
8.91  0.05586702778679259  0.00044450950346154594
8.92  0.05407915066838084  0.00299598858696307
8.93  0.05227895785305986  0.005540513725949377
8.94  0.050466859307125474  0.008072178860994917
8.950000000000001  0.04864326770822075  0.010585107781837081
8.96  0.04680859835135659  0.013073467766561573
8.97  0.044963269054331796  0.015531483119845643
8.98  0.043107700062584076  0.017953448578839643
8.99  0.04124231395348388  0.020333742555566966
9.0  0.03936753554009972  0.022666840185107173
9.01  0.0374837917744531  0.024947326149279844
9.02  0.03559151165028768  0.027169907246057903
9.03  0.033691126105371054  0.029329424675539124
9.040000000000001  0.03178306792335589  0.03142086601396205
9.05  0.029867771635221554  0.033439376847965954
9.06  0.027945673420313493  0.03538027204209841
9.07  0.026017211007012715  0.037239046613414
9.08  0.02408282357304812  0.03901138618792255
9.09  0.02214295164548117  0.04069317701461765
9.1  0.02019803700038329  0.04228051551384448
9.11  0.01824852256222674  0.043769717337839506
9.120000000000001  0.01629485230301589  0.04515732592241497
9.13  0.01433747114118096  0.04644012050993914
9.14  0.012376824840251932  0.04761512362498862
9.15  0.010413359907344363  0.04867960798532265
9.16  0.00844752349147469  0.049631102832136995
9.17  0.006479763281727502  0.05046739966490502
9.18  0.004510527405301973  0.05118655736749625
9.19  0.0025402643254583586  0.05178690671367164
9.200000000000001  0.0005694227393856222  0.0522670542414996
9.21  -0.0014015485239797405  0.05262588548770008
9.22  -0.003372200606170623  0.052862567574408534
9.23  -0.005342084721408298  0.0529765511423565
9.24  -0.007310752258806029  0.052967571625980966
9.25  -0.009277754884534722  0.05283564986750377
9.26  -0.011242644643923147  0.05258109206855491
9.27  -0.013204974063473165  0.052204489079452465
9.28  -0.015164296252764109  0.05170671502778901
9.290000000000001  -0.017120165006226998  0.05108892528950654
9.3  -0.019072134904758252  0.050352553807171116
9.31  -0.02101976141716011  0.049499309761669955
9.32  -0.0229626010013741  0.04853117360505681
9.33  -0.024900211205490536  0.047450392463754314
9.34  -0.02683215076851151  0.04625947492278293
9.35  -0.028757979720840383  0.04496118520312055
9.36  -0.030677259484478605  0.043558536745710794
9.370000000000001  -0.03258955297290462  0.04205478521701052
9.38  -0.034494424690613236  0.040453420952310304
9.39  -0.036391440832294765  0.03875816085436958
9.4  -0.038280169381626025  0.03697293976616825
9.41  -0.04016018020965603  0.0351019013378016
9.42  -0.04203104517276048  0.03314938840871667
9.43  -0.0438923382101461  0.031119932927610575
9.44  -0.045743635440878866  0.029018245433392632
9.450000000000001  -0.04758451526041595  0.026849204121623258
9.46  -0.04941455843662029  0.02461784352180629
9.47  -0.051233348205233925  0.022329342811816474
9.48  -0.053040470364790204  0.01998901379658909
9.49  -0.054835513370941266  0.01760228857896627
9.5  -0.05661806843018132  0.015174706951324904
9.51  -0.05838772959294228  0.012711903537248126
9.52  -0.06014409384604378  0.010219594713082224
9.53  -0.061886761204472646  0.007703565339741664
9.540000000000001  -0.06361533480247293  0.005169655335555263
9.55  -0.06532942098392659  0.002623746121317584
9.56  -0.06702862939200226  7.174696901141725e-05
9.57  -0.06871257305805359  -0.0024804187141166008
9.58  -0.07038086848974506  -0.00502682713428762
9.59  -0.07203313575838588  -0.0075615678608190115
9.6  -0.07366899858545407  -0.010078757544739327
9.61  -0.07528808442828734  -0.012572553574540853
9.620000000000001  -0.07689002456492458  -0.015037167637377537
9.63  -0.07847445417807505  -0.017466879154232822
9.64  -0.08004101243820248  -0.019856048557869804
9.65  -0.0815893425856961  -0.02219913038274781
9.66  -0.0831190920121187  -0.02449068613651921
9.67  -0.08462991234050725  -0.026725396923232066
9.68  -0.08612145950470985  -0.028898075788942375
9.69  -0.0875933938277426  -0.03100367976107464
9.700000000000001  -0.08904538009914546  -0.03303732155358982
9.71  -0.09047708765132007  -0.0349942809107929
9.72  -0.09188819043483645  -0.036870015563448946
9.73  -0.0932783670926838  -0.03866017177177463
9.74  -0.09464730103345584  -0.04036059443084078
9.75  -0.09599468050344906  -0.04196733671492373
9.76  -0.09732019865766013  -0.04347666923842308
9.77  -0.09862355362966457  -0.044885088712084555
9.78  -0.09990444860036307  -0.04618932607443172
9.790000000000001  -0.10116259186557722  -0.04738635407953564
9.8  -0.10239769690247955  -0.0484733943235109
9.81  -0.10360948243484673  -0.0494479236934272
9.82  -0.10479767249711408  -0.05030768022366965
9.83  -0.10596199649722367  -0.05105066834615311
9.84  -0.10710218927824698  -0.0516751635222053
9.85  -0.10821799117877048  -0.052179716245368574
9.86  -0.10930914809202918  -0.052563155405827275
9.870000000000001  -0.11037541152377645  -0.05282459100865331
9.88  -0.11141653864887326  -0.05296341623956032
9.89  -0.11243229236658961  -0.05297930887337121
9.9  -0.11342244135459954  -0.052872232021930206
9.91  -0.11438676012166121  -0.052642434219723366
9.92  -0.11532502905896963  -0.05229044884700902
9.93  -0.11623703449016888  -0.051817092891796604
9.94  -0.11712256872001331  -0.051223465053547954
9.950000000000001  -0.11798143008166784  -0.0505109431930026
9.96  -0.11881342298263313  -0.04968118113404562
9.97  -0.11961835794929024  -0.04873610482504115
9.98  -0.12039605167004938  -0.04767790786854324
9.99  -0.12114632703709675  -0.046509046429756715
10.0  -0.12186901318672769  -0.04523223353556892
