0.0  2.5537298305814695  -0.5931282881570556
0.01  2.5036954475601685  -0.5714072746204126
0.02  2.452146348223418  -0.5494850296832908
0.03  2.399113719376262  -0.52736927366051
0.04  2.3446296453475854  -0.5050677950153168
0.05  2.2887270885793427  -0.4825884476165359
0.06  2.2314398696845386  -0.4599391479726892
0.07  2.1728026469860175  -0.4371278724440534
0.08  2.112850895548448  -0.4141626544336412
0.09  2.0516208857161864  -0.3910515815580927
0.1  1.9891496611699946  -0.36780279279947525
0.11  1.9254750165159058  -0.344424475638994
0.12  1.8606354744197784  -0.3209248631736216
0.13  1.7946702623013824  -0.2973122312166657
0.14  1.7276192886021176  -0.27359489538329
0.15  1.659523118640711  -0.24978120816202137
0.16  1.5904229500715186  -0.22587955597326959
0.17  1.520360587960262  -0.20189835621589725
0.18  1.4493784194922885  -0.17784605430288197
0.19  1.3775193883286527  -0.1537311206871101
0.2  1.3048269686255347  -0.12956204787835435
0.21  1.2313451387327157  -0.10534734745248303
0.22  1.157118354587011  -0.0810955470539545
0.23  1.0821915228167818  -0.05681518739265312
0.24  1.0066099735737675  -0.03251481923612354
0.25  0.9304194331086959  -0.00820300039826416
0.26  0.8536659961072612  0.016111707274462206
0.27  0.7763960978031921  0.040420740918237774
0.28  0.6986564858852964  0.06471553966745636
0.29  0.620494192215475  0.08898754766958694
0.3  0.5419565043748058  0.11322821709827235
0.31  0.46309093705492943  0.13742901116360107
0.32  0.3839452033120254  0.16158140711849023
0.33  0.3045671857007848  0.18567689926012765
0.34  0.2250049073058371  0.20970700192540703
0.35000000000000003  0.14530650268815593  0.23366325247930797
0.36  0.06552018876402221  0.2575372142951665
0.37  -0.014305764365833529  0.2813204797257849
0.38  -0.09412306261927039  0.30500467306433676
0.39  -0.17388341715027944  0.32858145349402446
0.4  -0.25353857356336285  0.35204251802544695
0.41000000000000003  -0.33304034110706593  0.3753796044206488
0.42  -0.41234062182901154  0.39858449410281643
0.43  -0.49139143967478516  0.42164901505059815
0.44  -0.5701449695130776  0.4445650446760293
0.45  -0.6485535660695141  0.46732451268504877
0.46  -0.726569792751681  0.4899194039195983
0.47000000000000003  -0.8041464503478939  0.512341761180306
0.48  -0.8812366055823505  0.5345836880287573
0.49  -0.9577936195094073  0.5566373515683688
0.5  -1.0337711757297694  0.5784949852028849
0.51  -1.1091233084115597  0.6001488913715236
0.52  -1.1838044300992883  0.6215914442598132
0.53  -1.257769359293908  0.6428150924851597
0.54  -1.3309733477872734  0.6638123617562032
0.55  -1.403372107734457  0.6845758575050247
0.56  -1.4749218384475522  0.705098267491277
0.5700000000000001  -1.5455792528947507  0.7253723643773213
0.58  -1.61530160388866  0.7453910082734658
0.59  -1.6840467099480212  0.7651471492524066
0.6  -1.7517729808171747  0.7846338298319881
0.61  -1.818439442627845  0.8038441874254036
0.62  -1.8840057626880133  0.8227714567579816
0.63  -1.9484322738828792  0.8414089722496982
0.64  -2.0116799986731633  0.8597501703625824
0.65  -2.0737106726762113  0.8777885919121852
0.66  -2.13448676781565  0.895517884342296
0.67  -2.1939715150255825  0.9129318039621118
0.68  -2.252128926495588  0.9300242181450661
0.6900000000000001  -2.308923817443066  0.9467891074885425
0.7000000000000001  -2.36432182739976  0.9632205679337178
0.71  -2.41828944099957  0.9793128128447824
0.72  -2.4707940082550945  0.9950601750468084
0.73  -2.521803764310612  1.0104571088215482
0.74  -2.5712878486595785  1.0254981918604584
0.75  -2.6192163238149924  1.0401781271742658
0.76  -2.6655601934213413  1.0544917449583961
0.77  -2.710291419797172  1.0684340044136147
0.78  -2.75338294089767  1.0819999955212345
0.79  -2.79480868668699  1.0951849407722691
0.8  -2.834543594910419  1.1079841968499187
0.81  -2.8725636262568512  1.1203932562647962
0.8200000000000001  -2.908845778902383  1.1324077489423239
0.8300000000000001  -2.9433681024262373  1.1440234437617318
0.84  -2.9761097110905967  1.1552362500461248
0.85  -3.0070507964763173  1.1660422190030884
0.86  -3.0361726394668627  1.1764375451153257
0.87  -3.0634576215732294  1.1864185674808414
0.88  -3.088889235592992  1.1959817711021932
0.89  -3.1124520955970345  1.205123788124362
0.9  -3.1341319462379174  1.2138413990208026
0.91  -3.1539156713742544  1.2221315337272591
0.92  -3.1717913020058703  1.2299912727229423
0.93  -3.1877480235149616  1.2374178480586935
0.9400000000000001  -3.2017761822088495  1.2444086443317655
0.9500000000000001  -3.2138672911603914  1.2509611996068855
0.96  -3.2240140353425075  1.2570732062832695
0.97  -3.2322102760537126  1.262742511907287
0.98  -3.238451054631984  1.2679671199304836
0.99  -3.242732595454715  1.272745190412705
1.0  -3.2450523082229354  1.2770750406700622
1.01  -3.2454087895284234  1.2809551458675215
1.02  -3.243801823702755  1.2843841395559006
1.03  -3.2402323829477835  1.2873608141530903
1.04  -3.234702626747465  1.2898841213693246
1.05  -3.227215900561386  1.2919531725763564
1.06  -3.217776733800787  1.2935672391204034
1.07  -3.2063908370883034  1.2947257525787557
1.08  -3.1930650988030855  1.295428304959958
1.09  -3.177807580913379  1.2956746488474904
1.1  -3.1606275140990983  1.2954646974868993
1.11  -3.1415352921673376  1.2947985248163518
1.12  -3.120542465764198  1.2936763654405956
1.1300000000000001  -3.097661735386734  1.2920986145483384
1.1400000000000001  -3.0729069436992553  1.2900658277730772
1.1500000000000001  -3.046293067158619  1.2875787209974185
1.16  -3.0178362069535924  1.2846381701009708
1.17  -2.987553579263753  1.281245210651885
1.18  -2.955463504843842  1.2774010375421625
1.19  -2.9215853979398423  1.2731070045668504
1.2  -2.885939754543515  1.2683646239472797
1.21  -2.848548139992481  1.2631755657985089
1.22  -2.80943317592336  1.2575416575411618
1.23  -2.7686185265858563  1.2514648832578699
1.24  -2.72612888452607  1.2449473829945397
1.25  -2.681989955647701  1.2379914520066992
1.26  -2.6362284436601713  1.230599539951181
1.27  -2.5888720339230957  1.222774250023431
1.28  -2.5399493766968484  1.214518338040747
1.29  -2.4894900698093783  1.2058347114717662
1.3  -2.4375246407497544  1.19672642841255
1.31  -2.3840845281992737  1.1871966965096183
1.32  -2.3292020630112975  1.17724887183032
1.33  -2.27291044865134  1.166886457680932
1.34  -2.215243741109231  1.1561131033729066
1.35  -2.156236828295499  1.144932602937703
1.36  -2.0959254089344657  1.1333488937906466
1.37  -2.034345970966789  1.1213660553443001
1.3800000000000001  -1.97153576947454  1.1089883075718237
1.3900000000000001  -1.9075328041421753  1.096220009520835
1.4000000000000001  -1.8423757962670138  1.083065657778291
1.41  -1.776104165333161  1.0695298848869352
1.42  -1.7087580051630187  1.055617457713863
1.43  -1.640378059660839  1.041333275771784
1.44  -1.5710056981629776  1.0266823694935683
1.45  -1.5006828904097675  1.011669898460691
1.46  -1.4294521811541452  0.9963011495861912
1.47  -1.357356664422414  0.9805815352527889
1.48  -1.2844399574426901  0.9645165914068189
1.49  -1.2107461742568117  0.9481119756086449
1.5  -1.1363198990316952  0.9313734650402499
1.51  -1.0612061590862558  0.9143069544706937
1.52  -0.9854503976502267  0.896918454180167
1.53  -0.9090984463713643  0.8792140878433606
1.54  -0.8321964975876484  0.8612000903729029
1.55  -0.7547910763812842  0.842882805723623
1.56  -0.6769290124313867  0.8242686846584123
1.57  -0.5986574116823811  0.8053642824764713
1.58  -0.5200236278452834  0.7861762567047433
1.59  -0.44107523374906643  0.7667113647533454
1.6  -0.3618599925594641  0.7469764615358245
1.61  -0.2824258288826349  0.7269784970550757
1.62  -0.20282079977114353  0.7067245139557718
1.6300000000000001  -0.1230930656498106  0.6862216450441718
1.6400000000000001  -0.04329086117904701  0.6654771107761712
1.6500000000000001  0.03653753392676706  0.6444982167144893
1.6600000000000001  0.11634382410811073  0.6232923509558831
1.67  0.19607972717877087  0.601866981529296
1.68  0.2756970035361985  0.580229653765854
1.69  0.355147485346077  0.5583879876416444
1.7  0.43438310568349925  0.5363496750942016
1.71  0.5133559276130817  0.5141224773136521
1.72  0.5920181731904357  0.4917142220094719
1.73  0.6703222523674628  0.4691328006538169
1.74  0.7482207917839494  0.44638616570239686
1.75  0.8256666634280925  0.4234823277938772
1.76  0.9026130131485789  0.40042935292878556
1.77  0.9790132890009811  0.37723535962892485
1.78  1.0548212694113226  0.3539085160782889
1.79  1.1299910911397806  0.3304570372464882
1.8  1.2044772770275733  0.30688918199570114
1.81  1.2782347635103013  0.2832132501721652
1.82  1.3512189278810485  0.25943757968323666
1.83  1.4233856152867759  0.23557054356104556
1.84  1.4946911654416617  0.2116205470137822
1.85  1.5650924390412448  0.18759602446564794
1.86  1.6345468438613562  0.1635054365865245
1.87  1.7030123605260903  0.13935726731239317
1.8800000000000001  1.7704475679292035  0.11516002085756488
1.8900000000000001  1.8368116682935554  0.09092221871976652
1.9000000000000001  1.9020645118534598  0.0666523966791418
1.9100000000000001  1.9661666211449655  0.04235910179222213
1.92  2.029079214889423  0.01805088938192656
1.93  2.0907642314558657  -0.006263679975352265
1.94  2.151184351887984  -0.03057604346450582
1.95  2.210303022481817  -0.05487763904726228
1.96  2.2680844769004542  -0.07915990847746412
1.97  2.3244937578123954  -0.10341430031500609
1.98  2.37949673804046  -0.127632272937382
1.99  2.4330601412084727  -0.15180529754777022
2.0  2.4851515618732027  -0.17592486117860423
2.0100000000000002  2.5357394851294117  -0.1999824696895683
2.02  2.5847933056761248  -0.22396965075895992
2.0300000000000002  2.632283346332601  -0.24787795686737674
2.04  2.678180875992796  -0.27169896827265577
2.05  2.7224581270074633  -0.2954242959750443
2.06  2.7650883119833587  -0.31904558467153543
2.07  2.806045639989408  -0.34255451569833645
2.08  2.8453053321600272  -0.36594280996044204
2.09  2.88284363668613  -0.3892022308472602
2.1  2.9186378431848023  -0.4123245871332921
2.11  2.9526662964389  -0.43530173586281123
2.12  2.984908409498285  -0.4581255852175614
2.13  3.0153446761347773  -0.48078809736642747
2.14  3.0439566826432687  -0.5032812912961118
2.15  3.0707271189818677  -0.5255972456217859
2.16  3.0956397892443466  -0.5477281013767524
2.17  3.1186796214585346  -0.5696660647801213
2.18  3.1398326767047484  -0.5914034099815306
2.19  3.159086157548723  -0.6129324817819448
2.2  3.1764284157839695  -0.6342456983295717
2.21  3.1918489594788415  -0.6553355537899475
2.22  3.2053384593240777  -0.6761946209892526
2.23  3.216888754276959  -0.6968155540299251
2.24  3.2264928564986777  -0.7171910908776548
2.25  3.2341449555819226  -0.73731405591883
2.2600000000000002  3.239840422066134  -0.757177362487574
2.27  3.2435758102382906  -0.7767740153614267
2.2800000000000002  3.2453488602175358  -0.7960971132248549
2.29  3.2451584993223923  -0.8151398510996587
2.3000000000000003  3.243004842719726  -0.8338955227414842
2.31  3.2388891933550656  -0.8523575230015327
2.32  3.232814041164338  -0.8705193501526973
2.33  3.2247830615674706  -0.8883746081792542
2.34  3.2148011132447953  -0.9059170090293378
2.35  3.2028742351975783  -0.9231403748293954
2.36  3.1890096430944794  -0.9400386400598295
2.37  3.1732157249061226  -0.9566058536910903
2.38  3.155502035830441  -0.9728361812794262
2.39  3.1358792925118535  -0.9887239070216021
2.4  3.114359366557785  -1.0042634357678089
2.41  3.0909552773564273  -1.0194492949921106
2.42  3.0656811842001166  -1.0342761367196793
2.43  3.0385523777190686  -1.0487387394101948
2.44  3.0095852706306685  -1.062832009796692
2.45  2.978797387809897  -1.0765509846792567
2.46  2.9462073556869313  -1.0898908326729004
2.47  2.9118348909782825  -1.1028468559090217
2.48  2.8757007887583472  -1.115414491689846
2.49  2.837826909878544  -1.1275893140952615
2.5  2.798236167741671  -1.139367035541486
2.5100000000000002  2.7569525144394658  -1.15074350829102
2.52  2.7140009262617935  -1.1617147259133433
2.5300000000000002  2.6694073885861656  -1.1722768246958557
2.54  2.6231988801568007  -1.182426085004551
2.5500000000000003  2.575403356762692  -1.1921589325939543
2.56  2.5260497343245683  -1.201471939865856
2.57  2.4751678714009877  -1.2103618270764052
2.58  2.4227885511241367  -1.2188254634911269
2.59  2.368943462576294  -1.2268598684874692
2.6  2.3136651816181497  -1.234462212604484
2.61  2.2569871511806947  -1.2416298185392707
2.62  2.1989436610324793  -1.248360162089838
2.63  2.1395698270345918  -1.2546508730440475
2.64  2.078901569895814  -1.2604997360143264
2.65  2.0169755934408986  -1.2659046912178558
2.66  1.953829362405005  -1.2708638352019606
2.67  1.889501079767863  -1.2753754215144464
2.68  1.8240296636412312  -1.2794378613186423
2.69  1.7574547237237699  -1.2830497239529377
2.7  1.6898165373374563  -1.2862097374346195
2.71  1.6211560250601469  -1.288916788907819
2.72  1.551514725968909  -1.291169925035428
2.73  1.480934772509241  -1.2929683523348312
2.74  1.4094588650052304  -1.2943114374573472
2.75  1.3371302458262235  -1.2951987074112723
2.7600000000000002  1.2639926732254967  -1.2956298497284537
2.77  1.1900903948668893  -1.295604712574332
2.7800000000000002  1.1154681210552697  -1.2951233048014097
2.79  1.0401709976871787  -1.294185795946136
2.8000000000000003  0.9642445789378977  -1.2927925161692009
2.81  0.887734799701535  -1.2909439561392626
2.82  0.8106879478007567  -1.28864076686015
2.83  0.7331506359830315  -1.2858837594416
2.84  0.6551697737202704  -1.2826739048136107
2.85  0.5767925388289514  -1.2790123333845103
2.86  0.4980663489279369  -1.274900334642864
2.87  0.4190388327511405  -1.2703393567033565
2.88  0.33975780133254707  -1.2653310057968143
2.89  0.26027121908089157  -1.2598770457045383
2.9  0.18062717476157086  -1.2539793971371613
2.91  0.10087385240329949  -1.2476401370582317
2.92  0.021059502147177556  -1.2408614979527741
2.93  -0.05876758894431111  -1.23364586704108
2.94  -0.13855912610056365  -1.2259957854380041
2.95  -0.21826683606083486  -1.2179139472580656
2.96  -0.297842496279181  -1.2094031986666656
2.97  -0.3772379640987378  -1.200466536877761
2.98  -0.456405205877624  -1.191107109098339
2.99  -0.5352963260489618  -1.1813282114200727
3.0  -0.6138635960972925  -1.1711332876585427
3.0100000000000002  -0.6920594834339693  -1.1605259281404328
3.02  -0.7698366801540029  -1.1495098684391372
3.0300000000000002  -0.8471481316569883  -1.1380889880592036
3.04  -0.923947065114743  -1.1262673090701025
3.0500000000000003  -1.0001870177685435  -1.1140489946897763
3.06  -1.0758218650387006  -1.1014383478184926
3.0700000000000003  -1.1508058484296007  -1.0884398095234955
3.08  -1.2250936032132067  -1.0750579574750077
3.09  -1.2986401858744012  -1.0612975043341162
3.1  -1.3714011013014495  -1.0471632960931279
3.11  -1.4433323297051808  -1.0326603103689642
3.12  -1.5143903532506522  -1.0177936546502027
3.13  -1.5845321823850724  -1.0025685644983844
3.14  -1.6537153818461627  -0.9869904017042117
3.15  -1.7218980963351533  -0.9710646523993054
3.16  -1.789039075838929  -0.9547969251241529
3.17  -1.8550977005859377  -0.9381929488529721
3.18  -1.920034005620874  -0.9212585709761356
3.19  -1.9838087049831377  -0.9039997552409207
3.2  -2.046383215474547  -0.8864225796512549
3.21  -2.107719680001874  -0.868533234327249
3.22  -2.1677809904800953  -0.8503380193252231
3.23  -2.2265308102824797  -0.8318433424190366
3.24  -2.28393359622399  -0.8130557168434706
3.25  -2.339954620064613  -0.7939817590004754
3.2600000000000002  -2.3945599895196867  -0.7746281861290849
3.27  -2.4477166687644574  -0.7550018139398199
3.2800000000000002  -2.4993924984205216  -0.7351095542144118
3.29  -2.5495562150119726  -0.7149584123716941
3.3000000000000003  -2.598177469879576  -0.6945554850005176
3.31  -2.645226847541469  -0.6739079573605578
3.3200000000000003  -2.690675883489302  -0.6530231008518967
3.33  -2.734497081409039  -0.6319082704542671
3.34  -2.776663929816018  -0.6105709021368648
3.35  -2.8171509180942014  -0.5890185102396338
3.36  -2.8559335519298834  -0.5672586848269611
3.37  -2.892988368130572  -0.5452990890146951
3.38  -2.9282929488200358  -0.5231474562714415
3.39  -2.961825935000944  -0.5008115876950822
3.4  -2.993567039476895  -0.4782993492654779
3.41  -3.023497059126014  -0.4556186690743217
3.42  -3.0515978865186892  -0.43277753453311707
3.43  -3.0778525208724288  -0.40978398956026785
3.44  -3.1022450783372006  -0.3866461317482659
3.45  -3.1247608016050448  -0.3633721095119784
3.46  -3.1453860688381163  -0.33997011921903636
3.47  -3.1641084019098082  -0.31644840230333116
3.48  -3.180916473953909  -0.2928152423626561
3.49  -3.1958001162172724  -0.26907896224147143
3.5  -3.208750324211838  -0.24524792109988158
3.5100000000000002  -3.2197592631622696  -0.2213305114697885
3.52  -3.2288202727459394  -0.19733515629932757
3.5300000000000002  -3.2359278711223682  -0.17327030598655596
3.54  -3.2410777582496983  -0.1491444354035107
3.5500000000000003  -3.244266818486185  -0.12496604091161151
3.56  -3.245493122475133  -0.10074363736952752
3.5700000000000003  -3.2447559283121468  -0.07648575513450806
3.58  -3.242055681993974  -0.05220093705826656
3.59  -3.23739401714868  -0.027897735478460195
3.6  -3.23077375404732  -0.0035847092068251873
3.61  -3.2221988978976923  0.020729579484951688
3.62  -3.2116746364212214  0.04503656788060861
3.63  -3.1992073367144256  0.06932769583480602
3.64  -3.1848045413968706  0.09359440878775449
3.65  -3.168474964047952  0.11782816077783953
3.66  -3.1502284839352335  0.14202041745125482
3.67  -3.130076140037583  0.1661626590675105
3.68  -3.1080301243666604  0.19024638349983092
3.69  -3.0841037745908553  0.21426310922932068
3.7  -3.0583115659660978  0.23820437833188907
3.71  -3.0306691025784422  0.26206175945686117
3.72  -3.001193107903713  0.2858268507962287
3.73  -2.9699014146899367  0.3094912830435006
3.74  -2.936812954168663  0.33304672234110444
3.75  -2.9019477446017214  0.35648487321530475
3.7600000000000002  -2.8653268791703153  0.3797974814976045
3.77  -2.8269725132138386  0.4029763372316001
3.7800000000000002  -2.7869078508260334  0.4260132775642653
3.79  -2.7451571308167173  0.4489001896206465
3.8000000000000003  -2.701745612047483  0.4716290133609642
3.81  -2.656699558150285  0.49419174441908875
3.8200000000000003  -2.6100462216381435  0.5165804369214404
3.83  -2.561813827417587  0.5387872062852532
3.84  -2.5120315557128086  0.5608042319952908
3.85  -2.4607295244118346  0.5826237603579701
3.86  -2.4079387708454805  0.6042381072319698
3.87  -2.3536912330099504  0.6256396607343387
3.88  -2.298019730244643  0.6468208839211578
3.89  -2.2409579433766833  0.6677743174418113
3.9  -2.182540394344289  0.6884925821659311
3.91  -2.1228024253112667  0.7089683817820956
3.92  -2.0617801772852755  0.7291945053673468
3.93  -1.9995105682527976  0.7491638299266619
3.94  -1.9360312708440452  0.7688693229014292
3.95  -1.8713806895413096  0.7883040446461063
3.96  -1.8055979374445517  0.8074611508721262
3.97  -1.7387228126082588  0.8263338950582526
3.98  -1.6707957739639814  0.8449156308264744
3.99  -1.6018579168429254  0.8631998142826616
4.0  -1.5319509481136517  0.881180006321103
4.01  -1.4611171609497173  0.8988498748921657
4.0200000000000005  -1.3893994092426392  0.9162031972322351
4.03  -1.3168410816756229  0.9332338620551666
4.04  -1.2434860754737465  0.9499358717045012
4.05  -1.1693787698464846  0.9663033442656344
4.0600000000000005  -1.0945639991386034  0.9823305156372499
4.07  -1.019087025705786  0.9980117415612383
4.08  -0.9429935125312081  1.0133414996104406
4.09  -0.8663294955997944  1.0283143911334587
4.1  -0.7891413560468292  1.0429251431558952
4.11  -0.7114757920977126  1.0571686102373221
4.12  -0.6333797908158971  1.0710397762833412
4.13  -0.5549005996760819  1.0845337563120965
4.14  -0.47608569797986267  1.0976457981746035
4.15  -0.396982768131092  1.1103712842283104
4.16  -0.317639666788456  1.122705732963275
4.17  -0.2381043959125113  1.1346448005804206
4.18  -0.1584250737248809  1.1461842825212745
4.19  -0.07864990559712348  1.1573201149486871
4.2  0.001172845113132981  1.168048376177975
4.21  0.08099488626120399  1.178365288058025
4.22  0.1607679261316608  1.18826721730183
4.23  0.2404437026544728  1.1977506767660213
4.24  0.3199740126031805  1.206812326678925
4.25  0.3993107407574721  1.2154489758167262
4.26  0.4784058890125138  1.2236575826273168
4.2700000000000005  0.5572116054174585  1.2314352563014297
4.28  0.6356802131254493  1.2387792577906909
4.29  0.7137642392377905  1.2456870007722278
4.3  0.7914164435246787  1.2521560525594841
4.3100000000000005  0.8685898470051526  1.2581841349589398
4.32  0.9452377603690061  1.263769125072414
4.33  1.021313812223509  1.268909056044685
4.34  1.0967719771476792  1.273602117756151
4.3500000000000005  1.1715666035373582  1.2778466574602998
4.36  1.2456524412240195  1.2816411803657497
4.37  1.3189846688508235  1.2849843501626703
4.38  1.3915189209891563  1.2878749894933872
4.39  1.4632113149793993  1.290312080367008
4.4  1.534018477479567  1.29229476451793
4.41  1.6038975707058434  1.2938223437080898
4.42  1.6728063183491484  1.2948942799728638
4.43  1.7407030311519254  1.295510195810519
4.44  1.8075466321298665  1.2956698743151616
4.45  1.873296681423116  1.2953732592531182
4.46  1.9379134007621148  1.2946204550827454
4.47  2.001357697533141  1.2934117269176393
4.48  2.063591188429018  1.2917475004332717
4.49  2.124576222670716  1.2896283617170823
4.5  2.184275904785804  1.2870550570620751
4.51  2.2426541169299203  1.2840284927039987
4.5200000000000005  2.29967554073777  1.2805497345022003
4.53  2.3553056786904607  1.2766200075642626
4.54  2.4095108749862706  1.2722406958145605
4.55  2.4622583359021006  1.2674133415068858
4.5600000000000005  2.513516149633462  1.2621396446813171
4.57  2.563253305600832  1.25642146256552
4.58  2.611439713210843  1.2502608089206868
4.59  2.658046220060856  1.2436598533323582
4.6000000000000005  2.7030446295759236  1.236620920446362
4.61  2.7464077180674966  1.2291464891501518
4.62  2.7881092512035743  1.2212391916998147
4.63  2.8281239998802365  1.2129018127930793
4.64  2.8664277554850726  1.2041372885886332
4.65  2.902997344543212  1.1949487056721024
4.66  2.937810642737069  1.1853392999690542
4.67  2.9708465882914132  1.175312455605405
4.68  3.0020851947155687  1.1648717037156422
4.69  3.0315075628950803  1.1540207211992681
4.7  3.0590958925255305  1.1427633294259212
4.71  3.084833492881603  1.1311034928896009
4.72  3.1087047929148195  1.1190453178125055
4.73  3.130695350673919  1.106593050698949
4.74  3.1507918620421167  1.0937510768398866
4.75  3.1689821687859983  1.080523918768541
4.76  3.1852552659111506  1.0669162346677201
4.7700000000000005  3.1996013083201067  1.0529328167293506
4.78  3.21201161676854  1.038578589466824
4.79  3.2224786831161527  1.0238586079807388
4.8  3.2309961748690363  1.0087780561786504
4.8100000000000005  3.237558939010781  0.9933422449494702
4.82  3.2421630051200125  0.9775566102931406
4.83  3.2448055877724657  0.9614267114062474
4.84  3.245485088226144  0.9449582287242452
4.8500000000000005  3.2442010953885463  0.9281569619209921
4.86  3.2409543860653742  0.9110288278662929
4.87  3.235746924490572  0.8935798585421639
4.88  3.2285818611379793  0.8758161989185573
4.89  3.219463530815318  0.8577441047893044
4.9  3.2083974500416694  0.8393699405690211
4.91  3.195390313710023  0.8207001770517692
4.92  3.1804499910369137  0.8017413891322468
4.93  3.163585520801612  0.7825002534903158
4.94  3.1448071058777316  0.7629835462396921
4.95  3.124126107060569  0.7431981405416187
4.96  3.1015550361939086  0.7231510041843536
4.97  3.0771075486004618  0.7028491971293342
4.98  3.0507984348204893  0.6822998690248868
4.99  3.022643611663655  0.661510256688354
5.0  2.9926601125794705  0.6404876815575132
5.01  2.960866077352186  0.6192395471121981
5.0200000000000005  2.9272807411263706  0.5977733362670311
5.03  2.8919244227698044  0.5760966087361875
5.04  2.854818512580697  0.5542169983710901
5.05  2.815985459346749  0.5321422104720277
5.0600000000000005  2.775448756763797  0.5098800190745771
5.07  2.733232929222312  0.4874382642118531
5.08  2.6893635169703343  0.464824849153482
5.09  2.6438670606618238  0.44204773762233973
5.1000000000000005  2.596771085299755  0.41911495098996515
5.11  2.5481040835837363  0.3960345654517068
5.12  2.4978954986721185  0.37281470918252924
5.13  2.446175706369113  0.34946355947453617
5.14  2.3929759967476922  0.32598933985719564
5.15  2.3383285552193  0.30240031720125976
5.16  2.282266443061973  0.2787047988074552
5.17  2.2248235774184875  0.2549111294808981
5.18  2.166034710776755  0.23102768859233958
5.19  2.1059354099448533  0.20706288712719928
5.2  2.0445620345333846  0.18302516472350405
5.21  1.9819517149581745  0.15892298669969818
5.22  1.9181423299766607  0.13476484107344644
5.23  1.853172483771553  0.11055923557240782
5.24  1.7870814825956114  0.08631469463810315
5.25  1.719909310991623  0.062039756423862724
5.26  1.6516966076021187  0.03774296978796876
5.2700000000000005  1.5824846405832576  0.013432891283024384
5.28  1.5123152826379709  -0.010881917857395118
5.29  1.441230985683256  -0.03519289473373999
5.3  1.3692747551670985  -0.059491477796062564
5.3100000000000005  1.2964901240505329  -0.0837691098591149
5.32  1.2229211264705389  -0.10801724111592304
5.33  1.1486122710997089  -0.13222733214875954
5.34  1.0736085142188447  -0.1563908569364471
5.3500000000000005  0.9979552325187822  -0.18049930585695811
5.36  0.9216981956478456  -0.2045441886842132
5.37  0.8448835385215216  -0.22851703757809538
5.38  0.76755773341125  -0.2524094100665353
5.39  0.6897675618290122  -0.27621289201868626
5.4  0.6115600862249131  -0.29991910060810645
5.41  0.5329826215147673  -0.32351968726492686
5.42  0.454082706454896  -0.3470063406159558
5.43  0.3749080748815994  -0.37037078941167495
5.44  0.29550662683252793  -0.3936048054391041
5.45  0.21592639956755977  -0.41670020641952066
5.46  0.13621553850657842  -0.43964885889000044
5.47  0.05642226810192885  -0.46244268106775777
5.48  -0.023405137337059845  -0.4850736456962971
5.49  -0.10321838284959362  -0.5075337828723402
5.5  -0.18296918204153978  -0.529815182852597
5.51  -0.2626092862983178  -0.551909998839307
5.5200000000000005  -0.3420905139749124  -0.5738104497436404
5.53  -0.42136477954538787  -0.5955088229259315
5.54  -0.5003841226943124  -0.6169974769118504
5.55  -0.5791007373323172  -0.638268844083468
5.5600000000000005  -0.6574670005184386  -0.659315433344337
5.57  -0.7354355012716232  -0.6801298327576105
5.58  -0.8129590692540019  -0.7007047121562935
5.59  -0.8899908033085742  -0.7210328257246972
5.6000000000000005  -0.9664840998340699  -0.7411070145501811
5.61  -1.0423926809797135  -0.7609202091442884
5.62  -1.1176706226430122  -0.7804654319323989
5.63  -1.1922723822534773  -0.7997357997110117
5.64  -1.2661528263254975  -0.8187245260717834
5.65  -1.3392672577637699  -0.8374249237914907
5.66  -1.411571442904691  -0.8558304071870424
5.67  -1.483021638277378  -0.8739344944347676
5.68  -1.5535746170681264  -0.891730809853094
5.69  -1.6231876952723203  -0.9092130861478637
5.7  -1.6918187575178745  -0.9263751666194693
5.71  -1.7594262825447524  -0.9432110073310502
5.72  -1.8259693683250022  -0.9597146792369782
5.73  -1.8914077568081442  -0.9758803702708737
5.74  -1.9557018582769765  -0.9917023873924274
5.75  -2.0188127752990903  -1.007175158592311
5.76  -2.080702326259464  -1.022293234854463
5.7700000000000005  -2.1413330684600704  -1.0370512920750559
5.78  -2.200668320772413  -1.0514441329374704
5.79  -2.2586721858293224  -1.0654666887426363
5.8  -2.315309571742584  -1.0791140211940526
5.8100000000000005  -2.3705462133332755  -1.0923813241369111
5.82  -2.424348692861896  -1.1052639252506593
5.83  -2.476684460245873  -1.1177572876944522
5.84  -2.527521852752106  -1.1298570117048734
5.8500000000000005  -2.5768301141526613  -1.1415588361454014
5.86  -2.6245794133320453  -1.1528586400070358
5.87  -2.6707408623348305  -1.1637524438595939
5.88  -2.71528653384261  -1.1742364112531316
5.89  -2.758189478069823  -1.1843068500690248
5.9  -2.7994237390681755  -1.1939602138202132
5.91  -2.8389643704297596  -1.2031931029001555
5.92  -2.8767874503794633  -1.2120022657800715
5.93  -2.9128700962474543  -1.220384600154017
5.94  -2.947190478313008  -1.2283371540314263
5.95  -2.9797278330113146  -1.235857126776699
5.96  -3.0104624754953013  -1.242941870095504
5.97  -3.0393758115447826  -1.249588888967417
5.98  -3.06645034881584  -1.2557958425245925
5.99  -3.0916697074235344  -1.2615605448761378
6.0  -3.1150186298516296  -1.2668809658779177
6.01  -3.1364829901832585  -1.2717552318475054
6.0200000000000005  -3.156049802647002  -1.2761816262240322
6.03  -3.1737072294731665  -1.280158590172707
6.04  -3.189444588055556  -1.2836847231337882
6.05  -3.203252357414362  -1.2867587833158158
6.0600000000000005  -3.2151221839562805  -1.28937968813293
6.07  -3.225046886528368  -1.2915465145861234
6.08  -3.2330204607625936  -1.2932584995882939
6.09  -3.239038082708424  -1.294515040232977
6.1000000000000005  -3.2430961117512846  -1.2953156940066717
6.11  -3.2451920928150955  -1.2956601789446787
6.12  -3.2453247578475803  -1.2955483737304005
6.13  -3.243494026587424  -1.294980317738064
6.140000000000001  -3.2397010066128296  -1.2939562110188554
6.15  -3.233947992671448  -1.2924764142304672
6.16  -3.2262384652920657  -1.2905414485100875
6.17  -3.2165770886789153  -1.2881519952908707
6.18  -3.2049697078898705  -1.2853088960619596
6.19  -3.191423345300225  -1.2820131520721394
6.2  -3.1759461963542197  -1.27826592397723
6.21  -3.1585476246068547  -1.2740685314313396
6.22  -3.13923815605901  -1.2694224526221247
6.23  -3.1180294727893023  -1.2643293237502204
6.24  -3.094934405886521  -1.2587909384530223
6.25  -3.069966927686906  -1.2528092471730239
6.26  -3.043142143321004  -1.2463863564709345
6.2700000000000005  -3.0144762815751767  -1.239524528283813
6.28  -2.9839866850733205  -1.2322261791284923
6.29  -2.9516917997846943  -1.22449387925055
6.3  -2.917611163864272  -1.2163303517191577
6.3100000000000005  -2.88176539583229  -1.2077384714680963
6.32  -2.8441761821002287  -1.1987212642833065
6.33  -2.8048662638506783  -1.1892819057372908
6.34  -2.7638594232791047  -1.1794237200707867
6.3500000000000005  -2.721180469205812  -1.1691501790220713
6.36  -2.6768552220668074  -1.1584649006043302
6.37  -2.6309104982926086  -1.1473716478315052
6.38  -2.5833740940845393  -1.1358743273930805
6.390000000000001  -2.5342747685982325  -1.1239769882782717
6.4  -2.4836422265445646  -1.1116838203501054
6.41  -2.4315071002185356  -1.0989991528698784
6.42  -2.3779009309669736  -1.0859274529725307
6.43  -2.3228561501062495  -1.072473324093464
6.44  -2.2664060593015996  -1.0586415043473578
6.45  -2.2085848104198833  -1.0444368648595597
6.46  -2.1494273848679306  -1.0298644080506294
6.47  -2.0889695724291046  -1.0149292658746414
6.48  -2.0272479496107376  -0.9996366980118779
6.49  -1.964299857515635  -0.9839920900165412
6.5  -1.900163379250995  -0.9680009514201289
6.51  -1.8348773168884314  -0.9516689137911511
6.5200000000000005  -1.768481167988992  -0.9350017287518742
6.53  -1.7010151017075166  -0.9180052659527863
6.54  -1.6325199344904953  -0.9006855110054905
6.55  -1.5630371053825358  -0.8830485633747611
6.5600000000000005  -1.4926086509560175  -0.8651006342305086
6.57  -1.4212771798792965  -0.8468480442604102
6.58  -1.3490858471387945  -0.8282972214439529
6.59  -1.2760783279305676  -0.8094546987887186
6.6000000000000005  -1.2022987912371512  -0.7903271120296531
6.61  -1.1277918731056662  -0.7709211972921862
6.62  -1.0526026496433594  -0.7512437887199691
6.63  -0.9767766097469073  -0.7313018160681218
6.640000000000001  -0.9003596275819883  -0.7111023022627797
6.65  -0.8233979348297658  -0.6906523609278583
6.66  -0.7459380927170811  -0.6699591938798465
6.67  -0.6680269638472842  -0.6490300885915726
6.68  -0.5897116838486776  -0.6278724156257752
6.69  -0.5110396328578819  -0.6064936260394318
6.7  -0.432058406855234  -0.5849012487597408
6.71  -0.35281578886948495  -0.5631028879326598
6.72  -0.27335972006955234  -0.5411062202449839
6.73  -0.19373827076042938  -0.5189189922208454
6.74  -0.11399961130103264  -0.49654901749365205
6.75  -0.034191982961510714  -0.47400417405435824
6.76  0.04563633126235023  -0.4512924014771043
6.7700000000000005  0.12543703585996546  -0.4284216981231358
6.78  0.20516185202435966  -0.4054001183240523
6.79  0.2847625468604702  -0.38223576954531446
6.8  0.3641909625656745  -0.35893680953106
6.8100000000000005  0.44339904556488885  -0.3355114434312104
6.82  0.5223388755826044  -0.3119679209118757
6.83  0.6009626946342861  -0.2883145332500796
6.84  0.67922293591958  -0.26455961041384235
6.8500000000000005  0.7570722525998599  -0.2407115181286355
6.86  0.8344635464426957  -0.21677865493123594
6.87  0.9113499963159203  -0.19276944921202532
6.88  0.9876850865140386  -0.1686923562467843
6.890000000000001  1.0634226348999243  -0.14455585521901881
6.9  1.138516820844544  -0.12036844623385778
6.91  1.2129222129481818  -0.09613864732458338
6.92  1.2865937965260716  -0.07187499145285758
6.93  1.3594870008418787  -0.04758602350368163
6.94  1.4315577260726897  -0.023280297276166984
6.95  1.5027623699890569  0.0010336275288443941
6.96  1.5730578543340061  0.02534718832323768
6.97  1.6424016508850479  0.049651822647091115
6.98  1.710751807183422  0.0739389711840962
6.99  1.77806697191501  0.09820008077588038
7.0  1.8443064199275598  0.1224266074341609
7.01  1.909430076869085  0.14661001934965834
7.0200000000000005  1.9733985434325392  0.17074179989673272
7.03  2.0361731191920875  0.19481345063265149
7.04  2.0977158260165694  0.21881649429049432
7.05  2.1579894310459657  0.24274247776455993
7.0600000000000005  2.2169574692169984  0.26658297508728795
7.07  2.274584265324204  0.2903295903965977
7.08  2.3308349556031596  0.31397396089267043
7.09  2.385675508822781  0.3375077597830416
7.1000000000000005  2.4390727468739923  0.3609226992150389
7.11  2.4909943648421473  0.3842105331944921
7.12  2.5414089505513213  0.4073630604897139
7.13  2.590286003568426  0.4303721275197158
7.140000000000001  2.637595953655702  0.45322963122563487
7.15  2.6833101786604843  0.4759275219243682
7.16  2.7274010218314375  0.49845780614341856
7.17  2.769841808550609  0.5208125494359441
7.18  2.8106068624714036  0.5429838791750119
7.19  2.849671521052562  0.5649639873260908
7.2  2.88701215047881  0.5867451331967757
7.21  2.922606159959134  0.6083196461628384
7.22  2.9564320153940296  0.6296799283695581
7.23  2.988469252403471  0.6508184574074507
7.24  3.018698488707696  0.6717277889614144
7.25  3.0471014358533406  0.6924005594323853
7.26  3.0736609102778027  0.7128294885305644
7.2700000000000005  3.098360843705186  0.733007381839299
7.28  3.121186292867444  0.7529271333487249
7.29  3.1421234485449743  0.7725817279582778
7.3  3.161159643921084  0.7919642439471926
7.3100000000000005  3.1782833622453044  0.8110678554121085
7.32  3.193484243800934  0.8298858346709308
7.33  3.206753092172602  0.8484115546321089
7.34  3.218081879810023  0.8666384911284906
7.3500000000000005  3.227463752884593  0.8845602252149218
7.36  3.234893035435909  0.9021704454287882
7.37  3.240365232805687  0.9194629500127234
7.38  3.2438770343569847  0.9364316490986573
7.390000000000001  3.2454263154771175  0.9530705668524841
7.4  3.2450121388630304  0.9693738435785503
7.41  3.2426347550883623  0.9853357377832624
7.42  3.2382956024518457  1.0009506281970477
7.43  3.231997306107151  1.016213015753994
7.44  3.2237436764746876  1.031117525528443
7.45  3.2135397069363307  1.0456589086278618
7.46  3.2013915708144602  1.0598320440413456
7.47  3.187306617637155  1.073631940443063
7.48  3.171293368691773  1.087053737950053
7.49  3.153361511869658  1.1000927098337092
7.5  3.133521895805026  1.1127442641843936
7.51  3.111786523311622  1.1250039455285505
7.5200000000000005  3.0881685441211224  1.1368674363977922
7.53  3.062682246927658  1.1483305588493626
7.54  3.0353430507432284  1.159389275937486
7.55  3.0061674955693594  1.170039693135041
7.5600000000000005  2.9751732323905093  1.180278059705097
7.57  2.942379012495366  1.1901007700217974
7.58  2.9078046761324607  1.1995043648401493
7.59  2.8714711405069733  1.20848553251426
7.6000000000000005  2.8334003871259856  1.2170411101635894
7.61  2.7936154484998386  1.2251680847868167
7.62  2.752140394207644  1.2328635943229274
7.63  2.7090003163353753  1.2401249286591347
7.640000000000001  2.664221314295349  1.2469495305852965
7.65  2.617830479036285  1.2533349966944825
7.66  2.569855876653492  1.25927907822938
7.67  2.5203265314090966  1.2647796818742312
7.68  2.469272408172599  1.2698348704920353
7.69  2.4167243942923213  1.274442863806742
7.7  2.362714280908876  1.2786020390302115
7.71  2.3072747437217083  1.2823109314337087
7.72  2.250439323220551  1.2855682348637318
7.73  2.1922424043937268  1.2883728022019991
7.74  2.1327191959255063  1.2907236457694267
7.75  2.0719057088950468  1.292619937673959
7.76  2.0098387349900575  1.2940610101021253
7.7700000000000005  1.9465558242480714  1.2950463555542204
7.78  1.8820952623389693  1.2955756270230325
7.79  1.8164960474024505  1.2956486381160468
7.8  1.749797866454458  1.295265363121087
7.8100000000000005  1.682041071376844  1.294425937015371
7.82  1.613266654504793  1.2931306554179753
7.83  1.5435162238267774  1.2913799744857275
7.84  1.4728319778120489  1.2891745107525634
7.8500000000000005  1.4012566798808899  1.286515040912402
7.86  1.328833632533077  1.2834025015456207
7.87  1.2556066511502049  1.279837988789219
7.88  1.1816200374877208  1.2758227579507964
7.890000000000001  1.1069185528727068  1.2713582230664708
7.9  1.0315473911236208  1.2664459564029031
7.91  0.9555521512083918  1.261087687903593
7.92  0.8789788096574067  1.2552853045796477
7.930000000000001  0.8018736927480112  1.2490408498452379
7.94  0.7242834484775811  1.2423565227979732
7.95  0.6462550183417504  1.2352346774444491
7.96  0.5678356089351759  1.2276778218712405
7.97  0.48907266339197353  1.219688617361635
7.98  0.41001383268294433  1.2112698774584107
7.99  0.3307069467871202  1.2024245669730051
8.0  0.2511999857549927  1.1931558009413907
8.01  0.17154105068096093  1.1834668435270674
8.02  0.09177833460253848  1.1733611068715257
8.03  0.011960093343953426  1.1628421498925985
8.040000000000001  -0.06786538367830963  1.1519136770311253
8.05  -0.1476498026701154  1.1405795369463707
8.06  -0.2273448946771659  1.128843721160638
8.07  -0.30690244478728235  1.116710362653591
8.08  -0.3862743213000679  1.1041837344067522
8.09  -0.46541250484619834  1.091268247898688
8.1  -0.5442691174388157  1.0779684515514316
8.11  -0.622796451439269  1.064289029128672
8.120000000000001  -0.7009469984199233  1.050234798086283
8.13  -0.7786734779063327  1.0358107078757743
8.14  -0.855928865981627  1.0210218382012395
8.15  -0.9326664237355742  1.005873397230457
8.16  -1.0088397255412556  0.9903707197607359
8.17  -1.0844026871422559  0.9745192653401749
8.18  -1.1593095935332138  0.958324616344977
8.19  -1.2335151266170894  0.9417924760135192
8.2  -1.3069743926222515  0.9249286664378513
8.21  -1.3796429492628688  0.907739126513345
8.22  -1.451476832626099  0.8902299098472061
8.23  -1.5224325837700163  0.8724071826265758
8.24  -1.5924672750158315  0.8542772214470078
8.25  -1.6615385359188568  0.8358464111020454
8.26  -1.7296045789022836  0.8171212423347093
8.27  -1.796624224538335  0.798108309551654
8.28  -1.8625569264615376  0.7788143085008358
8.290000000000001  -1.927362795898907  0.759246033913476
8.3  -1.9910026258023528  0.7394103771111968
8.31  -2.053437914568679  0.7193143235790835
8.32  -2.1146308893327213  0.6989649505056426
8.33  -2.1745445288196357  0.6783694242904337
8.34  -2.2331425857425207  0.6575349980203008
8.35  -2.290389608731687  0.6364690089150548
8.36  -2.346250963782502  0.6151788757435466
8.370000000000001  -2.4006928552086886  0.5936720962110074
8.38  -2.4536823460884225  0.5719562443186109
8.39  -2.5051873781909557  0.5500389676961356
8.4  -2.555176791371594  0.5279279849087171
8.41  -2.603620342423307  0.5056310827386207
8.42  -2.6504887233736607  0.483156113442981
8.43  -2.6957535792159106  0.4605109919884955
8.44  -2.739387525063557  0.4377036932640143
8.45  -2.7813641627179844  0.4147422492720465
8.46  -2.8216580966391964  0.3916347463001389
8.47  -2.8602449493098594  0.3683893220731594
8.48  -2.897101375983574  0.34501416288743236
8.49  -2.932205078808232  0.3215175007277909
8.5  -2.9655348203160528  0.29790761036853836
8.51  -2.9970704362720797  0.2741928064593335
8.52  -3.0267928478734065  0.25038144059704487
8.53  -3.054684073291675  0.22648189838456884
8.540000000000001  -3.0807272385519644  0.20250259647770452
8.55  -3.104906587741397  0.17845197962106657
8.56  -3.1272074925413653  0.1543385176741231
8.57  -3.1476164610775315  0.13017070262836317
8.58  -3.166121146082325  0.10595704561671537
8.59  -3.1827103523649223  0.08170607391618545
8.6  -3.1973740435842664  0.057426327944807676
8.61  -3.2101033483209696  0.03312635825401422
8.620000000000001  -3.2208905654444546  0.008814722517362261
8.63  -3.229729168772074  -0.015500017483153883
8.64  -3.236613811017412  -0.0398092988723312
8.65  -3.241540327025338  -0.06410456069732506
8.66  -3.2445057362919005  -0.08837724694251947
8.67  -3.2455082447675068  -0.1126188095426971
8.68  -3.244547245942309  -0.13682071139340835
8.69  -3.2416233212131385  -0.1609744293574355
8.700000000000001  -3.236738239531764  -0.18507145726641033
8.71  -3.2298949563346926  -0.2091033089163643
8.72  -3.221097611755149  -0.23306152105634093
8.73  -3.210351528118333  -0.256937656368877
8.74  -3.197663206721445  -0.2807233064413298
8.75  -3.1830403239004648  -0.3044100947270874
8.76  -3.16649172638601  -0.32798967949548946
8.77  -3.148027425951153  -0.35145375676953244
8.78  -3.12765859335436  -0.37479406325027814
8.790000000000001  -3.105397551581274  -0.3980023792268968
8.8  -3.081257768389413  -0.42107053147140533
8.81  -3.055253848160269  -0.4439903961170124
8.82  -3.027401523063765  -0.4667539015190807
8.83  -2.9977176435404367  -0.4893530310977199
8.84  -2.9662201681070286  -0.5117798261609441
8.85  -2.932928152491736  -0.5340263887074825
8.86  -2.897861738105645  -0.5560848842082149
8.870000000000001  -2.8610421398573034  -0.5779475443652189
8.88  -2.8224916333179246  -0.5996066698475322
8.89  -2.7822335412447807  -0.6210546330026069
8.9  -2.740292219471147  -0.6422838805425222
8.91  -2.696693042171206  -0.6632869362040266
8.92  -2.6514623865088702  -0.6840564033814106
8.93  -2.604627616679784  -0.7045849677313887
8.94  -2.556217067356231  -0.7248653997489471
8.950000000000001  -2.5062600265448474  -0.744890557313364
8.96  -2.4547867178676386  -0.764653388203429
8.97  -2.4018282822768806  -0.7841469325810128
8.98  -2.347416759215114  -0.8033643254420951
8.99  -2.2915850672315288  -0.822298799034415
9.0  -2.23436698406647  -0.840943685240831
9.01  -2.1757971262162092  -0.859292417927649
9.02  -2.115910927990205  -0.8773385352569796
9.03  -2.0547446200736292  -0.8950756819624011
9.040000000000001  -1.99233520760807  -0.9124976115870959
9.05  -1.9287204478037592  -0.9295981886836155
9.06  -1.863938827096658  -0.9463713909746363
9.07  -1.7980295378645557  -0.9628113114737772
9.08  -1.7310324547159373  -0.9789121605658643
9.09  -1.6629881103661681  -0.9946682680458578
9.1  -1.593937671115519  -1.0100740851156995
9.11  -1.5239229119438409  -1.0251241863384308
9.120000000000001  -1.4529861912370716  -1.0398132715488697
9.13  -1.381170425160743  -1.0541361677201293
9.14  -1.3085190616959843  -1.0680878307854318
9.15  -1.2350760543538688  -1.0816633474144361
9.16  -1.1608858355838827  -1.0948579367435691
9.17  -1.085993289892596  -1.1076669520596985
9.18  -1.0104437266889472  -1.1200858824365414
9.19  -0.9342828528723597  -1.1321103543232864
9.200000000000001  -0.8575567451804234  -1.1437361330848046
9.21  -0.7803118223128687  -1.154959124492952
9.22  -0.7025948168485596  -1.1657753761684444
9.23  -0.6244527469726437  -1.1761810789727365
9.24  -0.5459328880309744  -1.1861725683494968
9.25  -0.46708274392884475  -1.1957463256151344
9.26  -0.38795001839150745  -1.2048989791979705
9.27  -0.30858258610379097  -1.213627305825608
9.28  -0.22902846374629693  -1.2219282316600497
9.290000000000001  -0.1493357809456255  -1.2297988333802161
9.3  -0.06955275115643711  -1.2372363392114434
9.31  0.010272357507425944  -1.2442381299016114
9.32  0.09009125147471697  -1.2508017396435678
9.33  0.16985564093403327  -1.2569248569434968
9.34  0.2495172690487646  -1.2626053254349594
9.35  0.3290279411521513  -1.2678411446382987
9.36  0.4083395539046144  -1.2726304706651375
9.370000000000001  0.4874041243959599  -1.276971616867747
9.38  0.5661738191746117  -1.2808630544330188
9.39  0.6446009831865442  -1.2843034129208735
9.4  0.7226381686061654  -1.2872914807468827
9.41  0.8002381635419391  -1.289826205608949
9.42  0.877354020599145  -1.2919066948578943
9.43  0.9539390852827331  -1.2935322158118236
9.44  1.02994702422292  -1.2947021960141494
9.450000000000001  1.1053318532065304  -1.2954162234351956
9.46  1.1800479649970312  -1.2956740466172987
9.47  1.254050156926669  -1.295475574763365
9.48  1.327293658243621  -1.2948208777688455
9.49  1.399734157198008  -1.2937101861971205
9.5  1.4713278278501485  -1.2921438911983043
9.51  1.5420313565849018  -1.2901225443714928
9.52  1.6118019683161102  -1.2876468575705091
9.53  1.6805974523651317  -1.2847177026532102
9.540000000000001  1.748376187998024  -1.281336111174447
9.55  1.815097169605718  -1.277503274022785
9.56  1.8807200315121493  -1.2732205410011086
9.57  1.945205072395141  -1.2684894203512673
9.58  2.008513279305397  -1.2633115782229152
9.59  2.070606351269067  -1.257688838086753
9.6  2.1314467224594873  -1.2516231800923574
9.61  2.19099758492425  -1.2451167403708312
9.620000000000001  2.2492229108537245  -1.2381718102825332
9.63  2.3060874743775743  -1.2307908356101303
9.64  2.361556872876175  -1.2229764156972713
9.65  2.4155975477939293  -1.2147313025331834
9.66  2.468176804941896  -1.2060583997835017
9.67  2.5192628342775483  -1.196960761767704
9.68  2.5688247291496014  -1.1874415923834627
9.69  2.6168325049962826  -1.1775042439783456
9.700000000000001  2.6632571174857977  -1.1671522161692205
9.71  2.708070480087855  -1.1563891546098033
9.72  2.7512454810658693  -1.1452188497067741
9.73  2.792755999879314  -1.133645235284921
9.74  2.832576922986457  -1.1216723872017615
9.75  2.8706841590378493  -1.1093045219121733
9.76  2.9070546534514277  -1.0965459949834748
9.77  2.941666402360326  -1.0834012995615476
9.78  2.9744984659250635  -1.0698750647884903
9.790000000000001  3.0055309810019875  -1.0559720541723698
9.8  3.0347451731602986  -1.041697163909695
9.81  3.062123368040468  -1.0270554211610956
9.82  3.0876490020470624  -1.012051982280947
9.83  3.1113066323696117  -0.9966921310014543
9.84  3.1330819463253636  -0.9809812765718838
9.85  3.1529617700183676  -0.9649249518536143
9.86  3.170934076309569  -0.948528811371631
9.870000000000001  3.1869879920931408  -0.9317986293231715
9.88  3.201113804874617  -0.91474029754427
9.89  3.2133029686468957  -0.8973598234347984
9.9  3.22354810906049  -0.8796633278428857
9.91  3.231843027884958  -0.8616570429093391
9.92  3.238182706758784  -0.8433473098728711
9.93  3.2425633102254503  -0.8247405768369434
9.94  3.2449821880538567  -0.8058433964989213
9.950000000000001  3.245437876841688  -0.7866624238424453
9.96  3.243930100900764  -0.767204413793761
9.97  3.2404597724238284  -0.747476218842818
9.98  3.235028990932677  -0.7274847866300775
9.99  3.2276410420079666  -0.7072371574997609
10.0  3.2183003953014597  -0.6867404620204535
