0.0  1.1854315042490398  -0.705277739988668
0.01  1.160239529839563  -0.7197479104285981
0.02  1.1343255299810382  -0.7340795251604667
0.03  1.1077045244327717  -0.748269847713917
0.04  1.0803919583834578  -0.762316168596737
0.05  1.0524036932026286  -0.7762158058018035
0.06  1.0237559969435515  -0.7899661053088389
0.07  0.9944655346032982  -0.8035644415808876
0.08  0.9645493581458664  -0.8170082180554162
0.09  0.9340248962943623  -0.8302948676299524
0.1  0.902909944098399  -0.8434218531421671
0.11  0.8712226522829991  -0.856386667844311
0.12  0.8389815163854166  -0.8691868358719208
0.13  0.806205365686419  -0.8818199127067066
0.14  0.7729133519426985  -0.894283485633529
0.15  0.7391249379271975  -0.9065751741913919
0.16  0.7048598857842376  -0.918692630618356
0.17  0.6701382452064714  -0.9306335402902987
0.18  0.6349803414407624  -0.9423956221534335
0.19  0.5994067631302129  -0.9539766291505108
0.2  0.5634383499996508  -0.9653743486406235
0.21  0.527096180391982  -0.9765866028125315
0.22  0.4904015586628999  -0.9876112490914387
0.23  0.45337600244153337  -0.9984461805391391
0.24  0.41604122976468455  -1.0090893262474607
0.25  0.3784191460923969  -1.0195386517249352
0.26  0.3405318312126434  -1.0297921592766182
0.27  0.3024015260430133  -1.0398478883769944
0.28  0.26405061933731755  -1.049703916035893
0.29  0.22550163430509834  -1.0593583571573515
0.3  0.18677721515207915  -1.0688093648913548
0.31  0.14790011354963192  -1.0780551309783906
0.32  0.10889317504138837  -1.0870938860867512
0.33  0.06977932539514836  -1.0959239001425263
0.34  0.03058155690827913  -1.1045434826522167
0.35000000000000003  -0.008677085325179912  -1.112950983017919
0.36  -0.047973517177465924  -1.1211447908450143
0.37  -0.0872846292718458  -1.1291233362423077
0.38  -0.12658730078089891  -1.1368850901145642
0.39  -0.16585841323006376  -1.1444285644473857
0.4  -0.2050748642981673  -1.1517523125843747
0.41000000000000003  -0.24421358160666579  -1.158854929496532
0.42  -0.283251536489339  -1.1657350520438499
0.43  -0.322165757734174  -1.172391359229032
0.44  -0.3609333452892205  -1.1788225724433166
0.45  -0.3995314839241926  -1.1850274557043352
0.46  -0.43793745683964913  -1.191004815885981
0.47000000000000003  -0.4761286592155899  -1.1967535029402316
0.48  -0.5140826116913629  -1.2022724101108968
0.49  -0.5517769737688161  -1.2075604741392363
0.5  -0.5891895571306607  -1.2126166754614274
0.51  -0.6262983388660874  -1.2174400383978312
0.52  -0.6630814745957161  -1.2220296313340326
0.53  -0.6995173114880318  -1.226384566893614
0.54  -0.7355844011595151  -1.2305040021026359
0.55  -0.7712615124507629  -1.2343871385457892
0.56  -0.8065276440709552  -1.2380332225141957
0.5700000000000001  -0.841362037103107  -1.2414415451448244
0.58  -0.8757441873626421  -1.2446114425515038
0.59  -0.9096538576018964  -1.2475422959474993
0.6  -0.9430710895532605  -1.2502335317596398
0.61  -0.9759762158037782  -1.252684621733968
0.62  -1.0083498714940984  -1.2548950830328975
0.63  -1.040173005834807  -1.2568644783238578
0.64  -1.0714268934332634  -1.2585924158594128
0.65  -1.1020931454241794  -1.2600785495488345
0.66  -1.1321537203973084  -1.261322579021123
0.67  -1.1615909351157265  -1.2623242496794616
0.68  -1.1903874750183117  -1.2630833527470908
0.6900000000000001  -1.2185264045001707  -1.263599725304602
0.7000000000000001  -1.245991176964881  -1.2638732503186385
0.71  -1.27276564464257  -1.2639038566619993
0.72  -1.298834068167976  -1.2636915191251452
0.73  -1.3241811259128011  -1.2632362584191041
0.74  -1.3487919230667988  -1.2625381411697705
0.75  -1.3726520004621967  -1.2615972799036117
0.76  -1.3957473431362126  -1.2604138330247712
0.77  -1.4180643886265758  -1.2589880047835844
0.78  -1.439590034995122  -1.257320045236504
0.79  -1.460311648574715  -1.255410250197452
0.8  -1.4802170714348797  -1.2532589611805982
0.81  -1.4992946285617406  -1.250866565334586
0.8200000000000001  -1.5175331347480001  -1.248233495368207
0.8300000000000001  -1.534921901188885  -1.2453602294675536
0.84  -1.5514507417801535  -1.242247291204646
0.85  -1.5671099791144494  -1.2388952494375733
0.86  -1.5818904501724556  -1.235304718202145
0.87  -1.5957835117054948  -1.2314763565950926
0.88  -1.6087810453064075  -1.2274108686488332
0.89  -1.6208754621657195  -1.2231090031978182
0.9  -1.6320597075103116  -1.2185715537365
0.91  -1.642327264721983  -1.2137993582689348
0.92  -1.6516721591335046  -1.2087932991500574
0.93  -1.66008896149994  -1.203554302918651
0.9400000000000001  -1.6675727911432143  -1.1980833401220508
0.9500000000000001  -1.6741193187681154  -1.192381425132607
0.96  -1.6797247689480874  -1.186449615955949
0.97  -1.6843859222793933  -1.1802890140310798
0.98  -1.6881001172024237  -1.173900764022346
0.99  -1.690865251489114  -1.1672860536033143
1.0  -1.692679783395643  -1.160446113232603
1.01  -1.693542732479792  -1.1533822159217029
1.02  -1.6934536800825268  -1.14609567699484
1.03  -1.6924127694735895  -1.1385878538409169
1.04  -1.6904207056610678  -1.1308601456575833
1.05  -1.6874787548651278  -1.1229139931874856
1.06  -1.6835887436562826  -1.1147508784467421
1.07  -1.6787530577587884  -1.1063723244456918
1.08  -1.6729746405199386  -1.0977798949019828
1.09  -1.6662569910462492  -1.0889751939460302
1.1  -1.6586041620077085  -1.0799598658189278
1.11  -1.6500207571114833  -1.0707355945628445
1.12  -1.6405119282466465  -1.06130410370398
1.1300000000000001  -1.630083372301719  -1.051667155928133
1.1400000000000001  -1.6187413276569855  -1.0418265527489403
1.1500000000000001  -1.6064925703537574  -1.0317841341688554
1.16  -1.5933444099429466  -1.0215417783329295
1.17  -1.5793046850154917  -1.0111014011754467
1.18  -1.5643817584173974  -1.0004649560595036
1.19  -1.548584512152302  -0.9896344334095785
1.2  -1.5319223419747037  -0.9786118603371693
1.21  -1.5144051516771446  -0.9673993002595709
1.22  -1.4960433470748422  -0.9559988525118616
1.23  -1.4768478296914331  -0.9444126519521673
1.24  -1.4568299901496822  -0.932642868560285
1.25  -1.43600170127117  -0.920691707029737
1.26  -1.414375310889171  -0.9085614063533283
1.27  -1.3919636343790724  -0.8962542394022927
1.28  -1.3687799469108874  -0.8837725124991006
1.29  -1.3448379754285553  -0.8711185649840093
1.3  -1.3201518903608993  -0.8582947687754405
1.31  -1.294736297069266  -0.8453035279242612
1.32  -1.2686062270370326  -0.8321472781620584
1.33  -1.241777128806318  -0.8188284864434844
1.34  -1.2142648586673817  -0.8053496504827666
1.35  -1.1860856711063543  -0.7917132982844639
1.36  -1.1572562090170657  -0.7779219876685531
1.37  -1.127793493682912  -0.7639783057899464
1.3800000000000001  -1.0977149145347918  -0.7498848686525171
1.3900000000000001  -1.0670382186913208  -0.7356443206177337
1.4000000000000001  -1.0357815002876383  -0.7212593339079864
1.41  -1.0039631895992462  -0.7067326081047067
1.42  -0.9716020419674523  -0.6920668696413697
1.43  -0.9387171265331048  -0.6772648712914715
1.44  -0.9053278147854069  -0.6623293916515861
1.45  -0.8714537689327269  -0.6472632346195866
1.46  -0.8371149301024138  -0.6320692288681393
1.47  -0.802331506376737  -0.6167502273135627
1.48  -0.7671239606721564  -0.601309106580151
1.49  -0.7315129984692275  -0.5857487664600669
1.5  -0.6955195554005383  -0.5700721293688997
1.51  -0.6591647847041513  -0.5542821397969913
1.52  -0.6224700445500989  -0.5383817637566349
1.53  -0.5854568852475794  -0.5223739882252498
1.54  -0.5481470363405327  -0.5062618205846316
1.55  -0.5105623935993767  -0.49004828805639145
1.56  -0.4727250059167216  -0.47373643713367847
1.57  -0.4346570621149465  -0.45732933300930145
1.58  -0.3963808776735779  -0.4408300590003536
1.59  -0.35791888138443717  -0.4242417159694448
1.6  -0.319293601942589  -0.4075674217426528
1.61  -0.28052765448114664  -0.39081031052430454
1.62  -0.24164372705802123  -0.3739735323086869
1.6300000000000001  -0.20266456710273417  -0.35706025228881066
1.6400000000000001  -0.1636129678314421  -0.3400736502623284
1.6500000000000001  -0.12451175463830494  -0.32301692003471855
1.6600000000000001  -0.08538377147140574  -0.30589326881985474
1.67  -0.046251867201362554  -0.28870591663805734
1.68  -0.007138881990834456  -0.27145809571175544
1.69  0.031932366326907324  -0.254153049858868
1.7  0.07093909585217875  -0.236794033884007
1.71  0.10985857419767586  -0.21938431296763017
1.72  0.14866813203374576  -0.20192716205325134
1.73  0.18734517659199706  -0.18442586523282256
1.74  0.22586720511916328  -0.16688371513040248
1.75  0.2642118182731607  -0.14930401228423143
1.76  0.3023567334533107  -0.13169006452731885
1.77  0.3402797980567508  -0.11404518636666888
1.78  0.37795900265308824  -0.09637269836125463
1.79  0.41537249406941834  -0.07867592649885687
1.8  0.4524985883778711  -0.06095820157189037
1.81  0.48931578377792173  -0.04322285855232012
1.82  0.525802773365747  -0.025473235965802747
1.83  0.5619384577830094  -0.007712675265155754
1.84  0.5977019577374931  0.010055479796723242
1.85  0.6330726263881137  0.027827883794366223
1.86  0.6680300615869028  0.04560119025756704
1.87  0.7025541179706519  0.0633720522994062
1.8800000000000001  0.7366249188949974  0.08113712324435926
1.8900000000000001  0.7702228682038211  0.09889305725636902
1.9000000000000001  0.8033286618269444  0.11663650996676216
1.9100000000000001  0.8359232991991922  0.13436413910189854
1.92  0.8679880944940276  0.1520726051104291
1.93  0.8995046876650411  0.1697585717900524
1.94  0.9304550552887354  0.18741870691363957
1.95  0.9608215212021309  0.20504968285463349
1.96  0.9905867669288698  0.2226481772115806
1.97  1.0197338418875928  0.2402108734316949
1.98  1.0482461733765414  0.25773446143333145
1.99  1.0761075763284267  0.27521563822725265
2.0  1.1033022628297742  0.29265110853657694
2.0100000000000002  1.1298148513990893  0.3100375854152858
2.02  1.1556303760183277  0.32737179086517737
2.0300000000000002  1.180734294912328  0.34465045645115866
2.04  1.2051124990709696  0.3618703239147424
2.05  1.2287513205090361  0.37902814578565763
2.06  1.2516375402588693  0.39612068599144384
2.07  1.2737583960910923  0.4131447204649127
2.08  1.2951015899588345  0.4300970377493833
2.09  1.3156552951610576  0.4469744396015508
2.1  1.335408163220754  0.46377374159190404
2.11  1.3543493304739598  0.4804917737025496
2.12  1.3724684243657057  0.49712538092236375
2.13  1.3897555694491857  0.5136714238393284
2.14  1.4062013930846424  0.5301267792299694
2.15  1.4217970308345949  0.5464883406457627
2.16  1.436534131552278  0.5627530189964213
2.17  1.450404862160287  0.5789177431299286
2.18  1.4634019121166706  0.5949794604092381
2.19  1.475518497565838  0.6109351372855071
2.2  1.4867483651719002  0.6267817598677727
2.21  1.4970857956322032  0.6425163344889553
2.22  1.506525606869046  0.6581358882680931
2.23  1.515063156897731  0.6736374696686868
2.24  1.5226943463693359  0.6890181490530694
2.25  1.5294156207867333  0.7042750192326819
2.2600000000000002  1.5352239723926473  0.7194051960141638
2.27  1.540116941728675  0.7344058187411424
2.2800000000000002  1.5440926188644386  0.749274050831637
2.29  1.5471496442962103  0.7640070803109639
2.3000000000000003  1.5492872095145662  0.7786021203400472
2.31  1.5505050572408074  0.7930564097390371
2.32  1.5508034813321077  0.8073672135061424
2.33  1.5501833263555231  0.8215318233315665
2.34  1.5486459868312168  0.8355475581064656
2.35  1.5461934061454414  0.849411764426831
2.36  1.5428280751340202  0.8631218170921884
2.37  1.5385530303372714  0.8766751195990424
2.38  1.533371851927512  0.8900691046289557
2.39  1.5272886613104766  0.9033012345311805
2.4  1.5203081184021865  0.916369001799749
2.41  1.5124354185829842  0.9292699295449411
2.42  1.5036762893306714  0.9420015719590227
2.43  1.4940369865348389  0.954561514776194
2.44  1.4835242904947157  0.9669473757266364
2.45  1.4721455016030172  0.9791568049845936
2.46  1.4599084357184764  0.9911874856103826
2.47  1.4468214192299282  1.0030371339862787
2.48  1.4328932838150028  1.01470350024616
2.49  1.4181333608966575  1.0261843686988645
2.5  1.4025514758009776  1.0374775582451539
2.5100000000000002  1.3861579416198204  1.048580922788224
2.52  1.3689635527821087  1.0594923516376717
2.5300000000000002  1.3509795783376828  1.070209769906856
2.54  1.332217754957869  1.0807311389035648
2.5500000000000003  1.3126902796570188  1.091054456513931
2.56  1.2924098022395076  1.1011777575795043
2.57  1.2713894174767861  1.111099114267435
2.58  1.2496426570192796  1.120816636433672
2.59  1.227183481048084  1.1303284719791313
2.6  1.204026269671525  1.139632807198756
2.61  1.1801858140718644  1.1487278671233994
2.62  1.1556773074075253  1.1576119158544815
2.63  1.1305163354763887  1.1662832568913377
2.64  1.1047188671458417  1.1747402334512183
2.65  1.0783012445554219  1.1829812287818575
2.66  1.0512801730979748  1.1910046664665768
2.67  1.0236727111854766  1.1988090107218403
2.68  0.9954962598056774  1.2063927666872316
2.69  0.9667685518759721  1.2137544807077763
2.7  0.9375076414009069  1.220892740608574
2.71  0.907731892439952  1.227806175961672
2.72  0.877459967892201  1.2344934583451537
2.73  0.8467108181048194  1.2409533015943608
2.74  0.8155036693121382  1.2471844620452388
2.75  0.7838580119124133  1.253185738769727
2.7600000000000002  0.7517935885893361  1.258955973803177
2.77  0.7193303822855232  1.2644940523637305
2.7800000000000002  0.6864886040352188  1.269798903063641
2.79  0.6532886806636409  1.2748694981124775
2.8000000000000003  0.6197512423603438  1.2797048535121913
2.81  0.5858971101341925  1.2843040292439893
2.82  0.5517472831574616  1.288666129446999
2.83  0.517322926006774  1.2927903025886773
2.84  0.4826453558085698  1.2966757416269354
2.85  0.4477360292968489  1.3003216841639529
2.86  0.4126165297910651  1.303727412591644
2.87  0.3773085541019848  1.3068922542287602
2.88  0.34183389937344855  1.3098155814495889
2.89  0.30621444986797247  1.3124968118042402
2.9  0.27047216370416666  1.3149354081304825
2.91  0.2346290595539679  1.3171308786571214
2.92  0.19870720330774122  1.3190827770988887
2.93  0.1627286947152392  1.3207907027428336
2.94  0.1267156540105515  1.3222543005261955
2.95  0.09069020852902378  1.3234732611057427
2.96  0.05467447932430085  1.3244473209185663
2.97  0.018690567793474805  1.3251762622343177
2.98  -0.01723945768152879  1.3256599131988742
2.99  -0.05309357506833398  1.3258981478694363
3.0  -0.08884982198620672  1.3258908862410335
3.0100000000000002  -0.12448630896785845  1.3256380942644495
3.02  -0.15998123267297332  1.325139783855552
3.0300000000000002  -0.19531288904551744  1.3243960128960326
3.04  -0.23045968640688524  1.3234068852255465
3.0500000000000003  -0.26540015847705983  1.3221725506252655
3.06  -0.3001129773158865  1.320693204792841
3.0700000000000003  -0.33457696617675425  1.318969089308777
3.08  -0.3687711122648904  1.317000491594229
3.09  -0.40267457939265183  1.314787744860227
3.1  -0.43626672052418974  1.3123312280483383
3.11  -0.469527090201938  1.309631365762779
3.12  -0.5024354568475096  1.306688628193983
3.13  -0.5349718149295594  1.3035035310336496
3.14  -0.5671163969913572  1.3000766353812794
3.15  -0.5988496855308318  1.2964085476422162
3.16  -0.6301524247259667  1.2924999194172186
3.17  -0.6610056319985167  1.2883514473835747
3.18  -0.6913906094091201  1.2839638731677872
3.19  -0.7212889548769559  1.279337983209849
3.2  -0.7506825732172672  1.2744746086191383
3.21  -0.7795536869900871  1.2693746250219542
3.22  -0.8078848471537291  1.2640389524007234
3.23  -0.8356589435166133  1.2584685549249164
3.24  -0.8628592149812263  1.2526644407736827
3.25  -0.8894692595740473  1.2466276619502643
3.2600000000000002  -0.9154730442554743  1.240359314088202
3.27  -0.9408549145038718  1.2338605362493806
3.2800000000000002  -0.9655996036680403  1.227132510713945
3.29  -0.9896922420824815  1.2201764627621283
3.3000000000000003  -1.0131183659400753  1.2129936604480376
3.31  -1.0358639259168354  1.2055854143654265
3.3200000000000003  -1.0579152955436264  1.1979530774055092
3.33  -1.079259279319844  1.1900980445068612
3.34  -1.0998831205642385  1.182021752397441
3.35  -1.1197745089982054  1.173725679328795
3.36  -1.1389215880570343  1.1652113448024877
3.37  -1.1573129619247784  1.1564803092888072
3.38  -1.1749377022885688  1.1475341739377993
3.39  -1.191785354808368  1.1383745802826897
3.4  -1.2078459452983177  1.1290032099357392
3.41  -1.2231099856160599  1.1194217842765912
3.42  -1.2375684792564952  1.1096320641331816
3.43  -1.2512129266467371  1.099635849455247
3.44  -1.2640353301390852  1.089434978980518
3.45  -1.276028198699128  1.0790313298936338
3.46  -1.2871845522861818  1.0684268174778682
3.47  -1.2974979259235297  1.0576233947597038
3.48  -1.3069623734560576  1.0466230521463462
3.49  -1.315572470993114  1.0354278170562272
3.5  -1.3233233200345786  1.0240397535425738
3.5100000000000002  -1.3302105502783435  1.0124609619101097
3.52  -1.336230322107581  1.0006935783249704
3.5300000000000002  -1.3413793287563829  0.9887397744178819
3.54  -1.3456547981525344  0.9766017568807068
3.5500000000000003  -1.3490544944363974  0.9642817670564033
3.56  -1.3515767191550583  0.9517820805225004
3.5700000000000003  -1.3532203121311044  0.9391050066681392
3.58  -1.3539846520055772  0.9262528882647867
3.59  -1.3538696564548565  0.913228101030681
3.6  -1.3528757820814268  0.9000330531890942
3.61  -1.3510040239786607  0.8866701850205079
3.62  -1.3482559149699729  0.8731419684087595
3.63  -1.3446335245228682  0.8594509063812723
3.64  -1.3401394573386292  0.8455995326434295
3.65  -1.3347768516185643  0.8315904111072002
3.66  -1.3285493770079468  0.8174261354140823
3.67  -1.3214612322189496  0.8031093284524777
3.68  -1.3135171423341068  0.788642641869567
3.69  -1.304722355791984  0.774028755577784
3.7  -1.295082641056973  0.7592703772559793
3.71  -1.284604282975275  0.7443702418453777
3.72  -1.2732940788193632  0.729331111040395
3.73  -1.2611593340233793  0.714155772774448
3.74  -1.2482078576121058  0.6988470407008105
3.75  -1.2344479573263585  0.6834077536686538
3.7600000000000002  -1.219888434447792  0.6678407751943327
3.77  -1.2045385783263487  0.6521489929280433
3.7800000000000002  -1.1884081606136696  0.6363353181159342
3.79  -1.1715074292060867  0.6204026850577798
3.8000000000000003  -1.1538471019008427  0.6043540505603102
3.81  -1.1354383597695186  0.5881923933863128
3.8200000000000003  -1.1162928402526462  0.5719207136995854
3.83  -1.096422629979827  0.5555420325058739
3.84  -1.0758402573196877  0.5390593910898642
3.85  -1.0545586846642656  0.522475850448365
3.86  -1.0325913004525387  0.5057944907197712
3.87  -1.0099519109379729  0.4890184106099093
3.88  -0.9866547317051146  0.47215072681438747
3.89  -0.9627143789404131  0.45519457343753755
3.9  -0.938145860462599  0.4381531014080866
3.91  -0.9129645665180735  0.42102947789162687
3.92  -0.8871862603469665  0.40382688570003794
3.93  -0.8608270685255272  0.3865485226979271
3.94  -0.8339034710908442  0.3691976012062414
3.95  -0.8064322914537787  0.35177734740311956
3.96  -0.7784306861063801  0.3342910007221383
3.97  -0.7499161341299185  0.3167418132480269
3.98  -0.7209064265100285  0.2991330491099897
3.99  -0.6914196552653779  0.28146798387273086
4.0  -0.6614742023965052  0.2637499039253164
4.01  -0.6310887286615359  0.24598210586795766
4.0200000000000005  -0.6002821621855831  0.2281678958968586
4.03  -0.569073686910773  0.21031058918723533
4.04  -0.5374827308938517  0.19241350927459389
4.05  -0.5055289544585602  0.1744799874344304
4.0600000000000005  -0.47323223820986515  0.15651336206043415
4.07  -0.4406126709174136  0.1385169780413164
4.08  -0.40769053727545856  0.12049418613638882
4.09  -0.37448630554676254  0.1024483423499979
4.1  -0.34102061509790016  0.08438280730494296
4.11  -0.30731426383356697  0.06630094561498341
4.12  -0.2733881955374644  0.04820612525656888
4.13  -0.23926348712741896  0.030101716939875095
4.14  -0.20496133583251697  0.011991093479306575
4.15  -0.17050304629993346  -0.006122370836441196
4.16  -0.13591001763932575  -0.024235300874648494
4.17  -0.10120373041255817  -0.04234432128903019
4.18  -0.06640573357672133  -0.06044605715028699
4.19  -0.031537631388250026  -0.07853713457661818
4.2  0.0033789297238864535  -0.09661418136407564
4.21  0.03832227430800589  -0.11467382761667501
4.22  0.07327071105459393  -0.13271270637609378
4.23  0.10820254596830844  -0.15072745425088271
4.24  0.1430960955390941  -0.1687147120450418
4.25  0.1779296999045434  -0.18667112538588415
4.26  0.21268173599546647  -0.20459334535101453
4.2700000000000005  0.2473306306567982  -0.22247802909436096
4.28  0.2818548737358585  -0.24032184047110017
4.29  0.3162330311301525  -0.258121450661388
4.3  0.3504437577867655  -0.27587353879276905
4.3100000000000005  0.3844658106455281  -0.29357479256114394
4.32  0.418278061518166  -0.3112219088501766
4.33  0.4518595098956646  -0.3288115943490547
4.34  0.48518929567611135  -0.3463405661684449
4.3500000000000005  0.5182467118053405  -0.3638055524545537
4.36  0.5510112168227868  -0.3812032930011804
4.37  0.5834624473049974  -0.39853053985964193
4.38  0.615580230199249  -0.4157840579464449
4.39  0.6473445950399093  -0.4329606256486192
4.4  0.678735786040166  -0.450057035426572
4.41  0.7097342740518046  -0.4670700944143561
4.42  0.7403207683859174  -0.4839966250172678
4.43  0.7704762284873685  -0.5008334655066183
4.44  0.8001818754560013  -0.5175774706115972
4.45  0.8294192034076865  -0.5342255121081125
4.46  0.85816999066837  -0.5507744794044981
4.47  0.8864163107943841  -0.5672212801239633
4.48  0.9141405434123953  -0.5835628406837078
4.49  0.9413253848724965  -0.5997961068705498
4.5  0.9679538587080556  -0.6159180444130153
4.51  0.9940093258959881  -0.6319256395497238
4.5200000000000005  1.0194754949113614  -0.6478158995940088
4.53  1.0443364315702468  -0.6635858534946357
4.54  1.0685765686549686  -0.6792325523925492
4.55  1.0921807153159133  -0.6947530701734989
4.5600000000000005  1.1151340662443254  -0.7101445040164852
4.57  1.1374222106105623  -0.7254039749378896
4.58  1.159031140762463  -0.7405286283312069
4.59  1.179947260678625  -0.7555156345022761
4.6000000000000005  1.2001573941715382  -0.770362189199899
4.61  1.219648792835641  -0.7850655141417534
4.62  1.2384091437356033  -0.7996228575355189
4.63  1.2564265768301808  -0.8140314945950855
4.64  1.2736896721272584  -0.8282887280517736
4.65  1.290187466565777  -0.8423918886604651
4.66  1.3059094606204635  -0.8563383357005414
4.67  1.3208456246254279  -0.8701254574715448
4.68  1.3349864048128406  -0.8837506717834702
4.69  1.348322729063124  -0.8972114264415874
4.7  1.3608460123632233  -0.9105051997257037
4.71  1.372548161969731  -0.9236295008637984
4.72  1.3834215822737854  -0.9365818704999059
4.73  1.3934591793648754  -0.949359881156186
4.74  1.4026543652908505  -0.9619611376890846
4.75  1.4110010620116182  -0.9743832777395083
4.76  1.4184937050442017  -0.9866239721769068
4.7700000000000005  1.4251272467970126  -0.9986809255372139
4.78  1.430897159591386  -1.0105518764545258
4.79  1.4357994383686157  -1.022234598086478
4.8  1.4398306030809045  -1.033726898533201
4.8100000000000005  1.4429877007648575  -1.0450266212498058
4.82  1.445268307296313  -1.0561316454523006
4.83  1.4466705288255284  -1.0670398865168882
4.84  1.4471930028918916  -1.0777492963725415
4.8500000000000005  1.4468348992175701  -1.0882578638867948
4.86  1.445595920179657  -1.0985636152446907
4.87  1.4434763009606009  -1.108664614320791
4.88  1.4404768093768892  -1.1185589630441952
4.89  1.4365987453861406  -1.1282448017564946
4.9  1.4318439402729692  -1.137720309562592
4.91  1.4262147555141793  -1.1469837046743236
4.92  1.4197140813240143  -1.156033244746825
4.93  1.4123453348804222  -1.1648672272075653
4.94  1.4041124582334492  -1.1734839895779934
4.95  1.395019915897099  -1.1818819097877413
4.96  1.3850726921261516  -1.1900594064813184
4.97  1.3742762878796604  -1.198014939317243
4.98  1.362636717473011  -1.2057470092595506
4.99  1.3501605049206291  -1.2132541588616261
5.0  1.3368546799715828  -1.220534972542314
5.01  1.322726773840548  -1.2275880768542415
5.0200000000000005  1.3077848146367723  -1.2344121407443096
5.03  1.2920373224938386  -1.2410058758063092
5.04  1.2754933044032215  -1.247368036525606
5.05  1.258162248754837  -1.2534974205158496
5.0600000000000005  1.240054119587901  -1.25939286874767
5.07  1.2211793505556499  -1.2650532657693025
5.08  1.2015488386075828  -1.2704775399191204
5.09  1.1811739373931447  -1.2756646635300144
5.1000000000000005  1.160066450390827  -1.2806136531255958
5.11  1.1382386237669206  -1.2853235696081742
5.12  1.1157031389682681  -1.2897935184384879
5.13  1.0924731050535388  -1.29402264980714
5.14  1.068562050767692  -1.29801015879771
5.15  1.0439839163644857  -1.3017552855415218
5.16  1.0187530451819904  -1.3052573153640186
5.17  0.9928841749762319  -1.3085155789227387
5.18  0.9663924290182627  -1.3115294523368455
5.19  0.9392933069600705  -1.3142983573082017
5.2  0.9116026754748742  -1.3168217612339579
5.21  0.8833367586774756  -1.3190991773106369
5.22  0.8545121283305536  -1.3211301646296885
5.23  0.8251456938427738  -1.322914328264503
5.24  0.7952546920648529  -1.3244513193488652
5.25  0.7648566768897094  -1.3257408351468243
5.26  0.7339695086630911  -1.326782619113985
5.2700000000000005  0.7026113434110192  -1.3275764609501868
5.28  0.67080062189067  -1.3281221966435761
5.29  0.638556058471247  -1.3284197085060545
5.3  0.6058966298516607  -1.3284689252001007
5.3100000000000005  0.572841563621798  -1.3282698217569546
5.32  0.5394103266743708  -1.3278224195861685
5.33  0.5056226134742907  -1.32712678647651
5.34  0.4714983341927309  -1.3261830365882303
5.3500000000000005  0.43705760271305816  -1.3249913304366874
5.36  0.4023207245158654  -1.323551874867334
5.37  0.3673081844504503  -1.321864923022067
5.38  0.3320406344001444  -1.3199307742969508
5.39  0.2965388808489755  -1.3177497742913196
5.4  0.2608238723571293  -1.3153223147482636
5.41  0.22491668695283573  -1.3126488334865176
5.42  0.18883851944827704  -1.3097298143237517
5.43  0.1526106686871943  -1.3065657869912946
5.44  0.11625452473187951  -1.3031573270402865
5.45  0.07979155599735066  -1.2995050557392933
5.46  0.04324329634038873  -1.2956096399633912
5.47  0.006631332111329935  -1.291471792074744
5.48  -0.030022710823640497  -1.2870922697946992
5.49  -0.06669718008178807  -1.2824718760674196
5.5  -0.10337040977696588  -1.2776114589150762
5.51  -0.14002073353865807  -1.2725119112846341
5.5200000000000005  -0.17662649752909568  -1.2671741708862532
5.53  -0.2131660734506106  -1.261599220023335
5.54  -0.24961787153538095  -1.2557880854142476
5.55  -0.28596035350971793  -1.24974183800576
5.5600000000000005  -0.3221720455250737  -1.2434615927782204
5.57  -0.35823155104800153  -1.2369485085425165
5.58  -0.3941175637013104  -1.230203787728845
5.59  -0.42980888004861095  -1.2232286761673465
5.6000000000000005  -0.46528441231463713  -1.216024462860627
5.61  -0.5005232010336119  -1.2085924797482235
5.62  -0.5355044276181165  -1.2009341014630428
5.63  -0.5702074268407978  -1.193050745079832
5.64  -0.6046116992215134  -1.1849438698557153
5.65  -0.6386969233123652  -1.1766149769628502
5.66  -0.6724429678732917  -1.1680656092132558
5.67  -0.7058299039308871  -1.1592973507758517
5.68  -0.7388380167131776  -1.1503118268857748
5.69  -0.7714478174531852  -1.141110703546013
5.7  -0.8036400550541979  -1.131695687221427
5.71  -0.8353957276097577  -1.1220685245251936
5.72  -0.8666960937713786  -1.1122310018977553
5.73  -0.8975226839572503  -1.102184945278311
5.74  -0.9278573113951345  -1.091932219768926
5.75  -0.9576820829928923  -1.0814747292913143
5.76  -0.986979410030039  -1.0708144162363524
5.7700000000000005  -1.0157320186639938  -1.0599532611064033
5.78  -1.0439229602446767  -1.0488932821505095
5.79  -1.0715356214312919  -1.0376365349925063
5.8  -1.0985537341052252  -1.0261851122521553
5.8100000000000005  -1.1249613850731401  -1.0145411431593456
5.82  -1.1507430255544167  -1.002706793161438
5.83  -1.175883480447329  -0.9906842635238243
5.84  -1.2003679573683466  -0.9784757909237869
5.8500000000000005  -1.2241820554592076  -0.966083647037711
5.86  -1.2473117739564543  -0.9535101381217546
5.87  -1.2697435205183718  -0.9407576045860191
5.88  -1.2914641193043035  -0.9278284205623359
5.89  -1.312460818801546  -0.9147249934657197
5.9  -1.3327212993951667  -0.9014497635495837
5.91  -1.3522336806762072  -0.8880052034548018
5.92  -1.3709865284839624  -0.8743938177526821
5.93  -1.3889688616780844  -0.8606181424819619
5.94  -1.4061701586365496  -0.84668074467989
5.95  -1.4225803634755785  -0.8325842219074991
5.96  -1.438189891987852  -0.8183312017691285
5.97  -1.4529896372954807  -0.8039243414263316
5.98  -1.466970975214395  -0.7893663271062022
5.99  -1.4801257693269663  -0.7746598736042609
6.0  -1.4924463757598936  -0.7598077237819689
6.01  -1.5039256476645022  -0.7448126480589499
6.0200000000000005  -1.5145569393968503  -0.7296774439000466
6.03  -1.5243341103951575  -0.7144049352972903
6.04  -1.5332515287523207  -0.6989979722468593
6.05  -1.5413040744813986  -0.6834594302211636
6.0600000000000005  -1.5484871424721756  -0.6677922096361195
6.07  -1.5547966451370943  -0.6519992353137398
6.08  -1.560229014745031  -0.636083455940101
6.09  -1.564781205441568  -0.6200478435188354
6.1000000000000005  -1.5684506949546229  -0.6038953928202109
6.11  -1.5712354859844755  -0.5876291208259301
6.12  -1.5731341072774256  -0.5712520661697144
6.13  -1.57414561438251  -0.554767288573819
6.140000000000001  -1.5742695900908836  -0.5381778682815527
6.15  -1.5735061445576874  -0.5214869054859291
6.16  -1.5718559151063927  -0.5046975197545223
6.17  -1.5693200657158195  -0.4878128494506848
6.18  -1.5659002861902014  -0.4708360511511763
6.19  -1.5615987910128912  -0.45377029906036004
6.2  -1.556418317884449  -0.4366187844210568
6.21  -1.5503621259460871  -0.4193847149221437
6.22  -1.5434339936896038  -0.40207131410305197
6.23  -1.535638216555156  -0.38468182075523644
6.24  -1.526979604218381  -0.36721948832075557
6.25  -1.5174634775685725  -0.3496875842880376
6.26  -1.5070956653798342  -0.3320893895849889
6.2700000000000005  -1.495882500677259  -0.3144281979695234
6.28  -1.4838308168004268  -0.2967073154176498
6.29  -1.4709479431666415  -0.278930059509196
6.3  -1.4572417007365686  -0.26109975881133096
6.3100000000000005  -1.4427203971850477  -0.24321975225995832
6.32  -1.4273928217800913  -0.22529338853912872
6.33  -1.4112682399732088  -0.20732402545854536
6.34  -1.394356387704413  -0.1893150293293219
6.3500000000000005  -1.376667465425383  -0.171269774338095
6.36  -1.35821213184451  -0.1531916419195724
6.37  -1.3390014973976008  -0.13508402012769158
6.38  -1.3190471174483103  -0.11695030300547171
6.390000000000001  -1.2983609852224232  -0.09879388995365923
6.4  -1.2769555244803663  -0.0806181850983402
6.41  -1.254843581932374  -0.062426596657567945
6.42  -1.2320384194009995  -0.04422253630718312
6.43  -1.2085537057357572  -0.026009418545907076
6.44  -1.184403508484807  -0.007790660059838833
6.45  -1.1596022853288135  0.010430320913516339
6.46  -1.1341648752821494  0.028650105221601274
6.47  -1.1081064896668948  0.046865273433383314
6.48  -1.081442702865045  0.06507240647606649
6.49  -1.0541894428546548  0.08326808627179763
6.5  -1.0263629815355995  0.10144889637428313
6.51  -0.9979799248509216  0.11961142260515437
6.5200000000000005  -0.9690572027097151  0.13775225368999577
6.53  -0.9396120587177634  0.1558679818938936
6.54  -0.9096620397220481  0.17395520365642714
6.55  -0.879224985175635  0.19201052022592002
6.5600000000000005  -0.8483190163293208  0.21003053829290824
6.57  -0.8169625252565871  0.2280118706226454
6.58  -0.7851741637186344  0.24595113668655208
6.59  -0.7529728318761273  0.2638449632925145
6.6000000000000005  -0.7203776668546195  0.2816899852138709
6.61  -0.6874080311705506  0.2994828458169909
6.62  -0.6540835010248272  0.31722019768735255
6.63  -0.6204238544711027  0.3348987032539556
6.640000000000001  -0.5864490594659622  0.35251503541199236
6.65  -0.5521792618082343  0.3700658781436325
6.66  -0.5176347729747253  0.3875479271368443
6.67  -0.4828360578597608  0.4049578904020892
6.68  -0.4478037224260004  0.4222924888868109
6.69  -0.41255850127396787  0.4395484570875939
6.7  -0.3771212451378212  0.456722543659863
6.71  -0.3415129083149438  0.47381151202504923
6.72  -0.3057545360369952  0.4908121409750619
6.73  -0.26986725179004256  0.5077212252739762
6.74  -0.23387224459139483  0.524535576256847
6.75  -0.19779075623096148  0.5412520224254915
6.76  -0.16164406848469998  0.5578674100411563
6.7700000000000005  -0.12545349030800976  0.5743786037139753
6.78  -0.08924034501676423  0.5907824869890588
6.79  -0.05302595746370406  0.6070759629291648
6.8  -0.016831641217968846  0.6232559546937918
6.8100000000000005  0.019321314244471255  0.6393194061146205
6.82  0.05541165633176817  0.6552632822671713
6.83  0.0914181821008255  0.6710845700386051
6.84  0.12731975098788598  0.6867802786915201
6.8500000000000005  0.16309529749736623  0.7023474404236726
6.86  0.19872384384130132  0.7177831109234925
6.87  0.23418451252183073  0.7330843699213236
6.88  0.26945653884900883  0.7482483217362448
6.890000000000001  0.30451928338654843  0.7632720958184014
6.9  0.33935224431783784  0.7781528472867247
6.91  0.37393506972493573  0.7928877574619672
6.92  0.4082475697729876  0.807474034394918
6.93  0.4422697287928822  0.8219089133897304
6.94  0.47598171725473915  0.8361896575222382
6.95  0.5093639036250898  0.850313558153202
6.96  0.5423968661006139  0.8642779354363351
6.97  0.5750614042113636  0.8780801388210735
6.98  0.6073385502864717  0.891717547549949
6.99  0.6392095807754727  0.9051875711504911
7.0  0.670656027418451  0.9184876499215833
7.01  0.7016596882582766  0.9316152554141446
7.0200000000000005  0.7322026384883088  0.944567890906082
7.03  0.7622672411290576  0.9573430918713979
7.04  0.7918361575274468  0.9699384264433963
7.05  0.8208923576722696  0.982351495871865
7.0600000000000005  0.849419130319781  0.9945799349741762
7.07  0.8774000929232233  1.0066214125802018
7.08  0.904819201360463  1.0184736319709862
7.09  0.9316607594537883  1.0301343313110614
7.1000000000000005  0.9579094282762843  1.0416012840743505
7.11  0.9835502352391026  1.0528722994635586
7.12  1.0085685829543027  1.0639452228230029
7.13  1.0329502578678549  1.0748179360447687
7.140000000000001  1.0566814386577512  1.085488357968134
7.15  1.079748704392113  1.0959544447722003
7.16  1.102139042442518  1.106214190361622
7.17  1.123839856147738  1.116265626745402
7.18  1.1448389722234045  1.1261068244086485
7.19  1.1651246479131245  1.1357358926772456
7.2  1.1846855778768153  1.1451509800753548
7.21  1.2035109008121918  1.1543502746756986
7.22  1.2215902058054138  1.163332004442537
7.23  1.2389135384071872  1.172094437567294
7.24  1.255471406430668  1.180635882796752
7.25  1.271254785467785  1.1889546897537762
7.26  1.2862551241206708  1.1970492492504812
7.2700000000000005  1.3004643489451686  1.204917993593806
7.28  1.3138748691034474  1.2125593968834174
7.29  1.3264795807230452  1.2199719753019103
7.3  1.3382718709597345  1.2271542873972279
7.3100000000000005  1.3492456217618745  1.2341049343572625
7.32  1.3593952133340195  1.2408225602765748
7.33  1.368715527297804  1.2473058524152005
7.34  1.377201949548245  1.2535535414494643
7.3500000000000005  1.3848503728038384  1.2595644017147911
7.36  1.3916571988489814  1.2653372514404366
7.37  1.3976193404674535  1.270870952976107
7.38  1.40273422306587  1.2761644130104355
7.390000000000001  1.4069997859862033  1.2812165827812472
7.4  1.4104144835066823  1.2860264582775998
7.41  1.4129772855305358  1.2905930804335457
7.42  1.414687677962252  1.294915535313586
7.43  1.4155456627712177  1.2989929542897738
7.44  1.4155517577427847  1.3028245142104453
7.45  1.4147069959169998  1.3064094375605313
7.46  1.4130129247154202  1.3097469926134349
7.47  1.4104716047566515  1.3128364935744323
7.48  1.4070856083613714  1.3156773007155769
7.49  1.4028580177478842  1.318268820502079
7.5  1.397792422919334  1.3206105057101387
7.51  1.3918929192439793  1.3227018555362058
7.5200000000000005  1.385164104730066  1.3245424156976457
7.53  1.3776110769970302  1.3261317785247997
7.54  1.3692394299449517  1.327469583044408
7.55  1.3600552501243754  1.3285555150543928
7.5600000000000005  1.3500651128087657  1.329389307189978
7.57  1.339276077772059  1.3299707389811344
7.58  1.3276956847739554  1.3302996369013422
7.59  1.3153319487557769  1.330375874407657
7.6000000000000005  1.3021933547498767  1.3301993719720717
7.61  1.288288852505752  1.3297700971041695
7.62  1.2736278508362062  1.3290880643650618
7.63  1.2582202116870762  1.3281533353726067
7.640000000000001  1.2420762439341728  1.3269660187979078
7.65  1.22520669691129  1.3255262703530937
7.66  1.207622753673265  1.3238342927703743
7.67  1.1893360239982378  1.3218903357723861
7.68  1.1703585371334593  1.3196946960338232
7.69  1.1507027342890959  1.317247717134362
7.7  1.1303814608846285  1.3145497895028935
7.71  1.1094079585526406  1.3116013503530601
7.72  1.0877958569049195  1.308402883610123
7.73  1.065559165065907  1.3049549198291623
7.74  1.042712262978698  1.3012580361046262
7.75  1.019269892488918  1.2973128559712486
7.76  0.9952471482119766  1.2931200492963484
7.7700000000000005  0.9706594681892741  1.288680332163534
7.78  0.9455226243390457  1.28399446674783
7.79  0.9198527127077896  1.279063261182248
7.8  0.8936661435281242  1.2738875694158283
7.8100000000000005  0.8669796310892597  1.2684682910631786
7.82  0.8398101834262283  1.2628063712455342
7.83  0.8121750918341821  1.2569028004233638
7.84  0.7840919202141536  1.2507586142205636
7.8500000000000005  0.7555784942568302  1.2443748932402585
7.86  0.726652890470922  1.2377527628722544
7.87  0.6973334250627995  1.2308933930921655
7.88  0.6676386426742095  1.2237979982522613
7.890000000000001  0.6375873049849609  1.2164678368640693
7.9  0.6071983791875045  1.208904211372776
7.91  0.5764910263404318  1.2011084679234498
7.92  0.5454845896079897  1.1930819961191588
7.930000000000001  0.5141985823928152  1.184826228771002
7.94  0.48265267636909837  1.176342641640103
7.95  0.4508666894234066  1.167632753171632
7.96  0.4188605735106411  1.1586981242208754
7.97  0.3866544024323664  1.1495403577714283
7.98  0.3542683595450754  1.140161098645547
7.99  0.32172272540581676  1.1305620332067234
8.0  0.2890378653626866  1.120744889054522
8.01  0.25623421709774175  1.110711434711749
8.02  0.2233322781299406  1.1004634793040091
8.03  0.19035259328569185  1.0900028722316992
8.040000000000001  0.15731574214455357  1.0793315028345047
8.05  0.12424232646788344  1.0684513000484732
8.06  0.09115295761784023  1.0573642320556875
8.07  0.05806824397461045  1.0460723059266577
8.08  0.025008778359342815  1.034577567255455
8.09  -0.008004874529488532  1.0228820997876702
8.1  -0.040952190658746945  1.0109880250412728
8.11  -0.0738126991746203  0.9988975019204133
8.120000000000001  -0.10656599488038604  0.9866127263222713
8.13  -0.13919175067041376  0.9741359307370101
8.14  -0.17166972991280258  0.9614693838408891
8.15  -0.2039797987732093  0.9486153900826528
8.16  -0.23610193847233846  0.9355762892632256
8.17  -0.26801625746969143  0.9223544561088254
8.18  -0.2997030035662395  0.9089522998375543
8.19  -0.3311425759185996  0.8953722637195536
8.2  -0.36231553695748764  0.8816168246308005
8.21  -0.39320262420327484  0.8676884926006295
8.22  -0.42378476197138565  0.8535898103530749
8.23  -0.45404307296056085  0.839323352842076
8.24  -0.48395888971693146  0.8248917267806929
8.25  -0.5135137659669471  0.8102975701643669
8.26  -0.5426894878123272  0.7955435517883428
8.27  -0.5714680847803074  0.7806323707593228
8.28  -0.59983184072242  0.7655667560014652
8.290000000000001  -0.6277633045552764  0.7503494657567829
8.3  -0.6552453008368722  0.7349832870800816
8.31  -0.6822609401719866  0.7194710353284789
8.32  -0.7087936294404411  0.703815553645638
8.33  -0.7348270818419979  0.6880197124408006
8.34  -0.7603453267518571  0.6720864088626917
8.35  -0.7853327193808483  0.6560185662684289
8.36  -0.8097739502344186  0.6398191336875116
8.370000000000001  -0.8336540543647594  0.6234910852809887
8.38  -0.8569584204105054  0.607037419795931
8.39  -0.87967279941855  0.5904611600152466
8.4  -0.9017833134426312  0.5737653522030236
8.41  -0.923276463913592  0.5569530655454361
8.42  -0.9441391397762032  0.5400273915873506
8.43  -0.9643586253876912  0.5229914436647184
8.44  -0.9839226081732451  0.5058483563328737
8.45  -1.0028191860338607  0.48860128479082904
8.46  -1.0210368745020975  0.4712534043016916
8.47  -1.0385646136414701  0.453807909609283
8.48  -1.0553917746853103  0.4362680143510853
8.49  -1.0715081664111497  0.4186369504676294
8.5  -1.0869040412467799  0.40091796760841325
8.51  -1.1015701011043522  0.38311433253448474
8.52  -1.115497502939051  0.365229328517761
8.53  -1.1286778640289787  0.3472662547372454
8.540000000000001  -1.1411032669731402  0.3292284256722097
8.55  -1.1527662644045327  0.3111191704924842
8.56  -1.163659883415555  0.2929418324459434
8.57  -1.1737776296930773  0.27469976824331127
8.58  -1.1831134913607602  0.25639634744041095
8.59  -1.1916619425263173  0.23803495181795437
8.6  -1.1994179465316426  0.21961897475899253
8.61  -1.2063769589038986  0.2011518206241456
8.620000000000001  -1.2125349300058164  0.18263690412471895
8.63  -1.2178883073836682  0.16407764969384875
8.64  -1.222434037811562  0.14547749085572614
8.65  -1.2261695690308545  0.12683986959310617
8.66  -1.2290928511837116  0.10816823571315086
8.67  -1.2312023379399957  0.08946604621175062
8.68  -1.2324969873168614  0.07073676463643366
8.69  -1.2329762621906317  0.05198386044799469
8.700000000000001  -1.2326401305006964  0.03321080838092491
8.71  -1.2314890651453845  0.01442108780282246
8.72  -1.2295240435699244  -0.004381817927172529
8.73  -1.2267465470468142  -0.023194422100737203
8.74  -1.2231585596491072  -0.042013235303424365
8.75  -1.2187625669172804  -0.06083476605832594
8.76  -1.21356155422058  -0.07965552147017613
8.77  -1.2075590048138949  -0.09847200786980718
8.78  -1.200758897591388  -0.11728073145883217
8.790000000000001  -1.1931657045383348  -0.13607819895443624
8.8  -1.1847843878827689  -0.15486091823412973
8.81  -1.1756203969487067  -0.17362539898042
8.82  -1.165679664712972  -0.19236815332518195
8.83  -1.1549686040677114  -0.21108569649368308
8.84  -1.143494103790992  -0.2297745474481143
8.85  -1.1312635242279376  -0.24843122953051308
8.86  -1.1182846926851302  -0.2670522711049605
8.870000000000001  -1.1045658985410847  -0.2856342061989273
8.88  -1.0901158880758948  -0.3041735751436624
8.89  -1.0749438590231526  -0.32266692521350354
8.9  -1.0590594548476078  -0.34111081126397325
8.91  -1.0424727587520448  -0.35950179636856866
8.92  -1.0251942874170639  -0.37783645245410225
8.93  -1.0072349844776614  -0.39611136093451066
8.94  -0.9886062137406201  -0.41432311334297167
8.950000000000001  -0.9693197521468325  -0.43246831196224517
8.96  -0.9493877824829902  -0.4505435704531009
8.97  -0.9288228858469779  -0.4685455144807361
8.98  -0.9076380338717391  -0.4864707823390578
8.99  -0.885846580712293  -0.5043160255727014
9.0  -0.8634622548008782  -0.5220779095966936
9.01  -0.8404991503752199  -0.5397531143136307
9.02  -0.8169717187851777  -0.557338334728261
9.03  -0.7928947595830813  -0.5748302815593631
9.040000000000001  -0.768283411403163  -0.5922256818487911
9.05  -0.7431531426357886  -0.6095212795675977
9.06  -0.7175197419020303  -0.6267138362191094
9.07  -0.6913993083345814  -0.6438001314388331
9.08  -0.6648082416708623  -0.6607769635911046
9.09  -0.6377632321643638  -0.6776411503623438
9.1  -0.6102812503204658  -0.6943895293508422
9.11  -0.5823795364629724  -0.7110189586529301
9.120000000000001  -0.5540755901376903  -0.7275263174454512
9.13  -0.5253871593596344  -0.7439085065644087
9.14  -0.49633222971031976  -0.7601624490797041
9.15  -0.46692901329184666  -0.7762850908658435
9.16  -0.43719593754453684  -0.7922734011685032
9.17  -0.4071516339349381  -0.8081243731668616
9.18  -0.3768149265210398  -0.8238350245315887
9.19  -0.3462048204017773  -0.8394023979783886
9.200000000000001  -0.31534049005781306  -0.8548235618169955
9.21  -0.2842412675906866  -0.8700956104955034
9.22  -0.2529266308675613  -0.88521566513998
9.23  -0.22141619157873177  -0.9001808740891932
9.24  -0.18972968321523354  -0.9149884134244051
9.25  -0.15788694897385733  -0.9296354874941155
9.26  -0.12590792959688757  -0.9441193294336598
9.27  -0.0938126511540565  -0.9584372016795579
9.28  -0.061621212774125564  -0.9725863964785442
9.290000000000001  -0.029353774333500088  -0.9865642363911482
9.3  0.0029694558904971857  -1.0003680747897516
9.31  0.03532823359430157  -1.0139952963510477
9.32  0.06770229084314267  -1.0274433175427633
9.33  0.10007134847888224  -1.0407095871046104
9.34  0.1324151285331185  -1.0537915865233303
9.35  0.16471336663805952  -1.0666868305017714
9.36  0.19694582442751957  -1.0793928674219018
9.370000000000001  0.22909230192054836  -1.0919072798016773
9.38  0.2611326498801906  -1.1042276847456596
9.39  0.2930467821397936  -1.1163517343893496
9.4  0.3248146878894441  -1.1282771163370913
9.41  0.35641644391499283  -1.1400015540935082
9.42  0.38783222678226587  -1.1515228074883785
9.43  0.41904232495909965  -1.1628386730948688
9.44  0.4500271508677512  -1.1739469846410546
9.450000000000001  0.48076725286040767  -1.18484561341464
9.46  0.5112433271105412  -1.1955324686608169
9.47  0.5414362294128675  -1.2060054979731805
9.48  0.5713269868846979  -1.2162626876776244
9.49  0.6008968095616906  -1.226302063209156
9.5  0.6301271018808527  -1.2361216894815463
9.51  0.6589994740438675  -1.2457196712497693
9.52  0.6874957532539019  -1.2550941534651359
9.53  0.7155979948189825  -1.2642433216230746
9.540000000000001  0.7432884931152635  -1.273165402103494
9.55  0.7705497924035494  -1.2818586625036403
9.56  0.7973646974924646  -1.290321411963439
9.57  0.8237162842418627  -1.2985520014831968
9.58  0.8495879099000534  -1.3065488242336514
9.59  0.8749632232686069  -1.3143103158582947
9.6  0.8998261746886164  -1.3218349547679085
9.61  0.9241610258422905  -1.3291212624272701
9.620000000000001  0.94795235936401  -1.336167803633966
9.63  0.9711850882549589  -1.342973186789255
9.64  0.9938444650957479  -1.3495360641609582
9.65  1.0159160910512905  -1.355855132138289
9.66  1.0373859246626405  -1.3619291314786006
9.67  1.0582402904203634  -1.3677568475460034
9.68  1.078465887114299  -1.3733371105417909
9.69  1.098049795954691  -1.378668795726659
9.700000000000001  1.1169794884597244  -1.3837508236346476
9.71  1.1352428341047098  -1.388582160278784
9.72  1.1528281077283702  -1.393161817348383
9.73  1.1697239966916433  -1.397488852397967
9.74  1.1859196077847494  -1.4015623690277734
9.75  1.2014044738783627  -1.4053815170558102
9.76  1.2161685603148293  -1.408945492681431
9.77  1.2302022710356033  -1.4122535386404014
9.78  1.2434964544412281  -1.4153049443514212
9.790000000000001  1.2560424089802913  -1.41809904605408
9.8  1.267831888464011  -1.4206352269382156
9.81  1.278857107103282  -1.4229129172646613
9.82  1.2891107442650886  -1.4249315944773413
9.83  1.2985859489454992  -1.4266907833067104
9.84  1.3072763439565056  -1.4281900558645086
9.85  1.315176029824217  -1.4294290317298175
9.86  1.3222795883960838  -1.430407378026395
9.870000000000001  1.3285820861549722  -1.4311248094912856
9.88  1.334079077238117  -1.4315810885346787
9.89  1.3387666061591756  -1.4317760252910154
9.9  1.3426412102317238  -1.4317094776613266
9.91  1.3456999216927885  -1.4313813513467963
9.92  1.3479402695251501  -1.4307915998735468
9.93  1.3493602809773453  -1.4299402246086295
9.94  1.3499584827804758  -1.4288272747672368
9.950000000000001  1.3497339020611303  -1.4274528474111106
9.96  1.3486860669498937  -1.425817087438168
9.97  1.3468150068851077  -1.42392018756333
9.98  1.3441212526117445  -1.4217623882905654
9.99  1.3406058358754156  -1.4193439778761494
10.0  1.3362702888117486  -1.416665292283148
