0.0  -0.9858740682066591  -1.5671023118252463
0.01  -0.9777492425088098  -1.5488312621125122
0.02  -0.9684938023447273  -1.528996115004821
0.03  -0.9580841477239477  -1.5075815661868894
0.04  -0.9464974878555157  -1.4845769881026272
0.05  -0.9337120013391598  -1.4599764977008167
0.06  -0.9197069984942049  -1.4337790069059793
0.07  -0.9044630850949685  -1.405988255616952
0.08  -0.8879623267660561  -1.3766128270999616
0.09  -0.8701884132786151  -1.345666145707773
0.1  -0.8511268219793663  -1.3131664569215444
0.11  -0.8307649795781031  -1.27913678977706
0.12  -0.8090924215163939  -1.2436049018018958
0.13  -0.7861009481404783  -1.2066032066544496
0.14  -0.7617847769048055  -1.1681686847195083
0.15  -0.7361406898393471  -1.1283427769777785
0.16  -0.7091681755237049  -1.0871712625284824
0.17  -0.6808695648241089  -1.0447041202043634
0.18  -0.6512501596656253  -1.0009953747771023
0.19  -0.6203183541312236  -0.9561029283080051
0.2  -0.588085747201722  -0.9100883772536427
0.21  -0.5545672464759746  -0.8630168159887044
0.22  -0.5197811622388967  -0.814956627458536
0.23  -0.4837492912759505  -0.7659792617213884
0.24  -0.4464969898664197  -0.716159003185207
0.25  -0.40805323542409544  -0.6655727273856609
0.26  -0.368450676292712  -0.6142996481908597
0.27  -0.3277256692445043  -0.562421056353741
0.28  -0.28591830427345044  -0.5100200503652504
0.29  -0.2430724163199535  -0.45718126059012265
0.3  -0.19923558361074667  -0.4039905676921169
0.31  -0.15445911234650866  -0.35053481637697015
0.32  -0.10879800751985688  -0.29690152549892757
0.33  -0.06231092969788149  -0.24317859559050717
0.34  -0.015060137655979772  -0.18945401488505775
0.35000000000000003  0.03288858319672608  -0.13581556490764637
0.36  0.08146600660587736  -0.08235052671185014
0.37  0.1305995654250167  -0.02914538883811564
0.38  0.1802134656290665  0.023714441936508707
0.39  0.23022881422869912  0.07614492599726139
0.4  0.2805637608711164  0.12806367139283653
0.41000000000000003  0.33113365285804797  0.1793902084100163
0.42  0.38185120325761374  0.2300462572142623
0.43  0.4326266717332609  0.2799559875737435
0.44  0.4833680576605134  0.3290462697129153
0.45  0.5339813050509536  0.3772469153738837
0.46  0.5843705187528924  0.4244909081992955
0.47000000000000003  0.6344381913497656  0.47071462258929353
0.48  0.6840854401306431  0.5158580302269689
0.49  0.7332122534624925  0.5598648935116239
0.5  0.7817177458512201  0.6026829451868385
0.51  0.8295004209381716  0.6442640535006517
0.52  0.8764584416408846  0.6845643722879349
0.53  0.9224899066115941  0.7235444754200626
0.54  0.9674931321544546  0.7611694751240712
0.55  1.011366938712797  0.7974091237324259
0.56  1.0540109410111091  0.8322378984850902
0.5700000000000001  1.0953258409129156  0.8656350690675773
0.58  1.1352137220354925  0.8975847476318284
0.59  1.1735783451454023  0.928075921110901
0.6  1.210325443345337  0.9571024657032956
0.61  1.2453630160527138  0.9846631434680935
0.62  1.2786016207639919  1.010761581037666
0.63  1.3099546615957576  1.0354062305203062
0.64  1.3393386735943604  1.0586103127304964
0.65  1.3666736018102084  1.0803917429494354
0.66  1.3918830741408414  1.1007730394825979
0.67  1.4148946669584999  1.1197812153443811
0.68  1.435640162553152  1.1374476534619204
0.6900000000000001  1.4540557974407393  1.1538079658508555
0.7000000000000001  1.470082500608726  1.168901837274834
0.71  1.4836661207968396  1.1827728539577629
0.72  1.4947576419400685  1.1954683179729533
0.73  1.5033133859334695  1.2070390479861972
0.74  1.5092952019140258  1.2175391670802602
0.75  1.5126706412935857  1.2270258784360997
0.76  1.5134131178186547  1.2355592296910953
0.77  1.5115020519773985  1.243201866836631
0.78  1.506922999121495  1.2500187785562566
0.79  1.4996677607202742  1.256077031941277
0.8  1.489734478216763  1.261445500552844
0.81  1.4771277090096224  1.2661945858283192
0.8200000000000001  1.4618584841413393  1.2703959328547403
0.8300000000000001  1.4439443473312448  1.274122141553557
0.84  1.4234093750517438  1.2774464743383442
0.85  1.4002841774073769  1.2804425613208699
0.86  1.3746058796387992  1.2831841041506173
0.87  1.3464180841371665  1.285744579578674
0.88  1.315770812918653  1.2881969438386678
0.89  1.282720430573563  1.2906133389352725
0.9  1.2473295477695756  1.293064801924588
0.91  1.2096669054538383  1.2956209782606023
0.92  1.169807239963643  1.2983498402678333
0.93  1.1278311293201015  1.301317411782304
0.9400000000000001  1.083824821043293  1.3045874999812466
0.9500000000000001  1.0378800418906264  1.3082214353963952
0.96  0.9900937899823413  1.3122778210765798
0.97  0.9405681098390378  1.3168122918326157
0.98  0.889409850915545  1.3218772844613582
0.99  0.836730410273206  1.3275218198063365
1.0  0.7826454600884923  1.333791297469813
1.01  0.7272746607495824  1.3407273039455072
1.02  0.6707413603439798  1.348367434892781
1.03  0.6131722813891651  1.3567451322220063
1.04  0.5546971957045287  1.3658895366072472
1.05  0.49544858836627115  1.37582535598652
1.06  0.435561311727356  1.3865727505519654
1.07  0.37517223052185333  1.3981472346724408
1.08  0.3144198591070144  1.4105595961295636
1.09  0.2534439919269363  1.4238158329853299
1.1  0.19238532830869615  1.4379171083353197
1.11  0.13138509272523058  1.4528597231364122
1.12  0.07058465167884054  1.4686351072321073
1.1300000000000001  0.01012512837506424  1.4852298286322367
1.1400000000000001  -0.049852983631409664  1.5026256210372528
1.1500000000000001  -0.10921020662906533  1.5207994295307268
1.16  -0.16780846358635348  1.539723474297271
1.17  -0.22551146043912235  1.5593653321572654
1.18  -0.28218506463874693  1.5796880356445429
1.19  -0.33769767877898954  1.6006501892889593
1.2  -0.39192060813150215  1.6222061027027372
1.21  -0.4447284209357244  1.6443059400078113
1.22  -0.49599930030870243  1.6668958850813922
1.23  -0.5456153866639307  1.689918322038834
1.24  -0.5934631095556885  1.713312030316792
1.25  -0.6394335078963734  1.7370123936658444
1.26  -0.6834225375289636  1.7609516223104387
1.27  -0.7253313651748446  1.78505898748529
1.28  -0.765066647818646  1.8092610675115925
1.29  -0.8025407966364166  1.8334820045334654
1.3  -0.8376722246211481  1.8576437709954923
1.31  -0.8703855771102835  1.8816664449057436
1.32  -0.9006119444731853  1.9054684928958103
1.33  -0.9282890562724443  1.9289670600599975
1.34  -0.9533614562711685  1.9520782655301423
1.35  -0.9757806577188397  1.9747175027205865
1.36  -0.9955052784107207  1.9967997431598155
1.37  -1.0125011550799652  2.0182398428110573
1.3800000000000001  -1.0267414367472694  2.0389528497740272
1.3900000000000001  -1.038206656719932  2.0588543122537972
1.4000000000000001  -1.0468847830002763  2.077860585680666
1.41  -1.0527712469323567  2.095889137866813
1.42  -1.0558689499854397  2.112858851091486
1.43  -1.0561882486427199  2.128690320016466
1.44  -1.053746917433836  2.1433061443475214
1.45  -1.0485700902197643  2.156631215175487
1.46  -1.0406901799083457  2.1685929939523843
1.47  -1.030146776847829  2.1791217830836263
1.48  -1.016986526214097  2.188150987146632
1.49  -1.0012629847745225  2.19561736377912
1.5  -0.9830364574773989  2.201461263316719
1.51  -0.9623738143803854  2.2056268562993617
1.52  -0.9393482884942083  2.2080623480088546
1.53  -0.9140392551787111  2.2087201792461197
1.54  -0.8865319937870886  2.2075572126055145
1.55  -0.8569174323105252  2.2045349035553516
1.56  -0.8252918758293251  2.199619455687925
1.57  -0.7917567196277936  2.1927819595589257
1.58  -0.7564181478783988  2.1839985145948297
1.59  -0.719386818845978  2.173250333607456
1.6  -0.6807775376047978  2.1605238295172504
1.61  -0.6407089172999781  2.1458106839506743
1.62  -0.5993030300200078  2.129107897442137
1.6300000000000001  -0.5566850483787549  2.110417821037054
1.6400000000000001  -0.5129828789333181  2.0897481691594604
1.6500000000000001  -0.4683267885882423  2.0671120136750623
1.6600000000000001  -0.4228490251569619  2.0425277591483226
1.67  -0.3766834332677195  2.016019099359961
1.68  -0.32996506681361604  1.9876149552188132
1.69  -0.2828297991549093  1.9573493942691846
1.7  -0.23541393228598795  1.925261532061252
1.71  -0.18785380617983397  1.8913954157176407
1.72  -0.1402854095190456  1.8557998900937016
1.73  -0.09284399301479135  1.8185284469919791
1.74  -0.045663686503336465  1.7796390579527637
1.75  0.001122879005871824  1.7391939912021486
1.76  0.04738494317608272  1.6972596133964766
1.77  0.09299398095195996  1.653906176857277
1.78  0.13782405882706444  1.6092075930435354
1.79  0.18175218169667912  1.5632411930581995
1.8  0.22465862925673302  1.5160874760330767
1.81  0.2664272809471352  1.4678298462804833
1.82  0.30694592847859525  1.4185543401410643
1.83  0.3461065750259102  1.3683493434948972
1.84  0.38380572021749937  1.3173053009372757
1.85  0.41994463010057015  1.2655144176511994
1.86  0.45442959131343286  1.2130703550355921
1.87  0.4871721487511131  1.160067921171395
1.8800000000000001  0.5180893260671238  1.1066027572269823
1.8900000000000001  0.5471038284131129  1.0527710209196606
1.9000000000000001  0.5741442268786446  0.9986690681612844
1.9100000000000001  0.5991451241555422  0.9443931340232982
1.92  0.6220473010147838  0.8900390141596537
1.93  0.6427978432485757  0.8357017478250995
1.94  0.6613502487958278  0.7814753036213175
1.95  0.6776645148355203  0.7274522690942381
1.96  0.6917072046991692  0.6737235452926982
1.97  0.703451494520526  0.6203780473814311
1.98  0.712877199607552  0.5675024123802483
1.99  0.7199707805884143  0.5151807150762712
2.0  0.7247253294494025  0.46349419312729545
2.0100000000000002  0.7271405356481635  0.41252098234194107
2.02  0.7272226325502217  0.3623358630861586
2.0300000000000002  0.724984324500112  0.31301001872625844
2.04  0.7204446949005167  0.2646108069758731
2.05  0.7136290957332156  0.21720154496830296
2.06  0.7045690190143312  0.17084130882691173
2.07  0.6933019507330165  0.12558474845450823
2.08  0.679871207877227  0.08148191820831907
2.09  0.6643257592023766  0.03857812407054051
2.1  0.6467200304482459  -0.0030862121346104665
2.11  0.6271136947564834  -0.0434756709872583
2.12  0.6055714490850409  -0.08255993575440118
2.13  0.5821627774570277  -0.1203138743455805
2.14  0.5569617019193545  -0.156717602644386
2.15  0.5300465221213284  -0.1917565289851365
2.16  0.5014995444546337  -0.22542137961175726
2.17  0.47140680172415084  -0.25770820502401304
2.18  0.43985776434334667  -0.28861836718488454
2.19  0.40694504406887794  -0.3181585076315304
2.2  0.3727640913060759  -0.3463404966009044
2.21  0.3374128870305063  -0.3731813633492128
2.22  0.3009916303804482  -0.3987032079121017
2.23  0.263602422981148  -0.42293309461905126
2.24  0.22534895106388786  -0.4459029277411825
2.25  0.18633616644141326  -0.46764930971588525
2.2600000000000002  0.14666996739601967  -0.4882133824544542
2.27  0.10645688052772462  -0.5076406522997391
2.2800000000000002  0.06580374459735872  -0.5259807992598278
2.29  0.02481739738341293  -0.5432874712003326
2.3000000000000003  -0.016395633448188618  -0.5596180637321673
2.31  -0.057729434485107145  -0.5750334865832472
2.32  -0.09907900477044784  -0.5895979172913675
2.33  -0.14034054714488187  -0.6033785431012828
2.34  -0.18141175184101876  -0.6164452919916507
2.35  -0.22219207147742298  -0.6288705537968409
2.36  -0.262582986637839  -0.6407288924244267
2.37  -0.30248826126209705  -0.6520967502015333
2.38  -0.3418141871183965  -0.6630521454117142
2.39  -0.38046981667230995  -0.6736743641088478
2.4  -0.4183671837154966  -0.6840436473154169
2.41  -0.45542151116682195  -0.6942408747294204
2.42  -0.4915514055098483  -0.7043472460770401
2.43  -0.5266790373836694  -0.7144439612570028
2.44  -0.5607303078981816  -0.7246119004271798
2.45  -0.5936350003003884  -0.7349313051846307
2.46  -0.625326916674454  -0.7454814619865546
2.47  -0.6557439994153664  -0.756340388952035
2.48  -0.6848284372734179  -0.7675845271725834
2.49  -0.7125267558245578  -0.7792884376436297
2.5  -0.7387898922794001  -0.7915245049092732
2.5100000000000002  -0.7635732546014229  -0.8043626484888051
2.52  -0.7868367649620573  -0.817870043125895
2.5300000000000002  -0.8085448876172053  -0.8321108488699398
2.54  -0.8286666413455384  -0.8471459519641158
2.5500000000000003  -0.8471755966439298  -0.8630327174761228
2.56  -0.8640498579290588  -0.8798247545657574
2.57  -0.8792720310466413  -0.8975716952383579
2.58  -0.8928291764404419  -0.916318987385023
2.59  -0.9047127483823172  -0.9361077028594378
2.6  -0.9149185207116062  -0.9569743612874645
2.61  -0.9234464995771811  -0.9789507702493712
2.62  -0.9303008237182369  -1.0020638824160484
2.63  -0.9354896528602209  -1.02633567015991
2.64  -0.9390250448401589  -1.0517830180986856
2.65  -0.9409228221107044  -1.078417633966089
2.66  -0.9412024283046598  -1.1062459781378222
2.67  -0.9398867755711308  -1.135269212074534
2.68  -0.9370020834209831  -1.1654831658756675
2.69  -0.9325777098426282  -1.1968783250696597
2.7  -0.9266459754694826  -1.229439836697147
2.71  -0.9192419815974273  -1.2631475346746108
2.72  -0.910403422864461  -1.2979759843569674
2.73  -0.9001703954152173  -1.333894546148748
2.74  -0.8885852013802621  -1.370867457945317
2.75  -0.8756921505039539  -1.4088539361180763
2.7600000000000002  -0.861537359755281  -1.4478082946912596
2.77  -0.8461685517533352  -1.487680082292592
2.7800000000000002  -0.8296348528331584  -1.5284142363965758
2.79  -0.8119865915684785  -1.5699512543170733
2.8000000000000003  -0.7932750985554973  -1.6122273803459275
2.81  -0.7735525082464277  -1.6551748083764448
2.82  -0.7528715636029963  -1.6987218992951794
2.83  -0.7312854243186786  -1.7427934123724231
2.84  -0.7088474793342154  -1.7873107498317495
2.85  -0.6856111643439002  -1.8321922137317541
2.86  -0.6616297849606361  -1.8773532742489134
2.87  -0.6369563461755805  -1.9227068484098162
2.88  -0.6116433887139168  -1.9681635882834685
2.89  -0.5857428328515888  -2.0136321776105652
2.9  -0.5593058302193434  -2.0590196358163926
2.91  -0.5323826240798344  -2.1042316283276623
2.92  -0.5050224185214729  -2.1491727820908992
2.93  -0.4772732569689364  -2.193747005171584
2.94  -0.4491819103653032  -2.2378578092985055
2.95  -0.4207937753345357  -2.2814086342074225
2.96  -0.3921527825859771  -2.324303172631603
2.97  -0.3633013157745768  -2.3664456947846992
2.98  -0.3342801409821594  -2.4077413711831435
2.99  -0.3051283469361614  -2.4480965926613987
3.0  -0.27588329603334416  -2.4874192864434175
3.0100000000000002  -0.24658058618693413  -2.5256192271479465
3.02  -0.21725402346701128  -2.5626083416234513
3.0300000000000002  -0.18793560545553056  -2.5983010065307055
3.04  -0.1586555151898097  -2.632614337617051
3.0500000000000003  -0.1294421255212993  -2.6654684696562634
3.06  -0.10032201367070226  -2.696786826061366
3.0700000000000003  -0.07131998571569476  -2.726496377214918
3.08  -0.04245911070430525  -2.754527886601661
3.09  -0.013760764045064988  -2.7808161438722814
3.1  0.01475532021488013  -2.8053001840138263
3.11  0.04307098865087  -2.8279234918521867
3.12  0.07116959972433684  -2.8486341911646154
3.13  0.09903594754629536  -2.8673852177354413
3.14  0.12665617866984055  -2.8841344757456464
3.15  0.1540177024701047  -2.8988449769467044
3.16  0.18110909569695066  -2.911484962130757
3.17  0.20792000180979114  -2.922028004472574
3.18  0.23444102572538916  -2.930453094383693
3.19  0.2606636246280855  -2.936744705585265
3.2  0.2865799955075975  -2.940892842173391
3.21  0.31218296010231117  -2.9428930665186948
3.22  0.3374658479357552  -2.9427465079104698
3.23  0.3624223781406344  -2.9404598519245444
3.24  0.3870465407684972  -2.9360453105629465
3.25  0.41133247828367914  -2.9295205732821294
3.2600000000000002  0.4352743679376751  -2.9209087390948176
3.27  0.45886630571454456  -2.910238229998057
3.2800000000000002  0.48210219252937636  -2.8975426860467484
3.29  0.5049756233502197  -2.882860842457391
3.3000000000000003  0.5274797798993791  -2.8662363891908287
3.31  0.549607327572522  -2.847717813525255
3.3200000000000003  0.5713503171937859  -2.827358226191249
3.33  0.5927000922021011  -2.805215171699193
3.34  0.6136472018383068  -2.781350423545535
3.35  0.6341813208744599  -2.755829765038173
3.36  0.6542911763961541  -2.7287227565322185
3.37  0.6739644821158104  -2.7001024899155737
3.38  0.6931878806597809  -2.6700453312289594
3.39  0.7119468942351435  -2.638630652346871
3.4  0.7302258840430159  -2.6059405526846495
3.41  0.7480080187647021  -2.57205957193186
3.42  0.7652752524046655  -2.537074394843765
3.43  0.7820083117308925  -2.5010735491503624
3.44  0.7981866935083635  -2.4641470976665234
3.45  0.8137886716756617  -2.4263863257067086
3.46  0.8287913145681087  -2.3878834249238996
3.47  0.8431705122436672  -2.348731174704386
3.48  0.8569010139201302  -2.309022622258042
3.49  0.869956475484289  -2.2688507625475247
3.5  0.8823095169857764  -2.2283082191997288
3.5100000000000002  0.8939317899805362  -2.1874869275382767
3.52  0.9047940545413983  -2.1464778208675646
3.5300000000000002  0.9148662657063709  -2.10537052112622
3.54  0.9241176690890778  -2.064253035011421
3.5500000000000003  0.9325169053305806  -2.0232114566549337
3.56  0.94003212302768  -1.9823296779074928
3.5700000000000003  0.9466310997300337  -1.941689107259871
3.58  0.9522813705570716  -1.901368398397273
3.59  0.956950363946087  -1.8614431893481904
3.6  0.9606055440049779  -1.8219858531501112
3.61  0.9632145589073614  -1.7830652609122417
3.62  0.9647453947340116  -1.7447465581101946
3.63  0.9651665341332154  -1.7070909548993225
3.64  0.964447119143617  -1.6701555311822414
3.65  0.9625571174967404  -1.633993057112546
3.66  0.9594674916925761  -1.598651829660444
3.67  0.955150370120687  -1.5641755258078636
3.68  0.9495792194811594  -1.5306030728801239
3.69  0.942729017744631  -1.497968536459246
3.7  0.9345764268785001  -1.4663010262601908
3.71  0.9250999645574889  -1.4356246202863563
3.72  0.9142801740708312  -1.4059583075145092
3.73  0.9020997916358364  -1.377315949292353
3.74  0.8885439103280421  -1.3497062595643188
3.75  0.8736001398421098  -1.3231328039732262
3.7600000000000002  0.8572587613046297  -1.2975940178172987
3.77  0.8395128763703139  -1.273083242774101
3.7800000000000002  0.8203585498465543  -1.2495887822352891
3.79  0.7997949451080497  -1.227093975029106
3.8000000000000003  0.777824451582901  -1.2055772872413093
3.81  0.7544528036145526  -1.1850124217802551
3.8200000000000003  0.7296891900297227  -1.165368445268006
3.83  0.703546353771269  -1.146609931777178
3.84  0.6760406809864603  -1.1286971228728189
3.85  0.6471922789954625  -1.1115861033601648
3.86  0.6170250426015831  -1.0952289920828904
3.87  0.5855667082442393  -1.0795741470626488
3.88  0.5528488955372042  -1.0645663842194946
3.89  0.5189071357783788  -1.0501472088642732
3.9  0.48378088706335076  -1.036255059108678
3.91  0.4475135356824253  -1.022825560296194
3.92  0.41015238353030076  -1.0097917895181303
3.93  0.3717486213083034  -0.9970845492432209
3.94  0.33235728735128134  -0.9846326490571342
3.95  0.29203721196442645  -0.9723631944796886
3.96  0.25085094720953216  -0.9602018818029039
3.97  0.20886468213503737  -0.9480732978720253
3.98  0.1661481434996096  -0.9359012237147049
3.99  0.12277448209468572  -0.9236089409104807
4.0  0.07882014482727029  -0.9111195395837255
4.01  0.03436473277981644  -0.8983562268981908
4.0200000000000005  -0.010509154480498606  -0.8852426349304847
4.03  -0.05571608801607458  -0.8717031268029003
4.04  -0.10116799167566548  -0.8576630999632577
4.05  -0.14677433685944175  -0.8430492855106653
4.0600000000000005  -0.19244234940618882  -0.8277900424813374
4.07  -0.23807722806599346  -0.8118156460276817
4.08  -0.2835823739727693  -0.7950585684469229
4.09  -0.3288596304836161  -0.7774537520422569
4.1  -0.37380953270693906  -0.7589388728299074
4.11  -0.4183315659978538  -0.739454594139488
4.12  -0.46232443265872497  -0.7189448091924324
4.13  -0.50568632604417  -0.6973568717839096
4.14  -0.5483152112341374  -0.6746418142375308
4.15  -0.5901091114056152  -0.650754551848929
4.16  -0.6309663990034846  -0.6256540730838711
4.17  -0.6707860907839613  -0.5993036148488492
4.18  -0.7094681457800706  -0.5716708222067766
4.19  -0.7469137652181025  -0.5427278919672509
4.2  -0.7830256933965717  -0.5124516996399138
4.21  -0.8177085185254734  -0.4808239093000247
4.22  -0.850868972513164  -0.44783106597790134
4.23  -0.8824162286815083  -0.41346467024739514
4.24  -0.9122621963867488  -0.37772123475359864
4.25  -0.940321811524033  -0.34060232248554867
4.26  -0.966513321897658  -0.30211456666622516
4.2700000000000005  -0.99075856644693  -0.26226967219889985
4.28  -1.0129832473290028  -0.22108439867587112
4.29  -1.0331171938751749  -0.1785805250225368
4.3  -1.0510946174558062  -0.13478479591643963
4.3100000000000005  -1.0668543563113173  -0.0897288501868646
4.32  -1.0803401094324916  -0.04344913146591284
4.33  -1.0915006586024767  0.004013218573866384
4.34  -1.1002900777453797  0.05261248399711893
4.3500000000000005  -1.1066679287621364  0.10229851493911235
4.36  -1.1105994430731598  0.15301688397552748
4.37  -1.1120556881291952  0.20470905795152844
4.38  -1.1110137181964599  0.2573125846371506
4.39  -1.1074567087697016  0.310761293522812
4.4  -1.1013740740167064  0.36498551001787216
4.41  -1.0927615667103046  0.41991228226704763
4.42  -1.08162136015846  0.4754656197543088
4.43  -1.0679621116997597  0.5315667428215954
4.44  -1.051799007390133  0.5881343421908766
4.45  -1.0331537875667332  0.645084847542259
4.46  -1.0120547530366197  0.7023327041688999
4.47  -0.988536751700628  0.7597906567006683
4.48  -0.9626411454867166  0.8173700388637881
4.49  -0.9344157575317537  0.8749810682224536
4.5  -0.9039147996158086  0.9325331448312859
4.51  -0.8711987799187761  0.989935152713917
4.5200000000000005  -0.8363343912346017  1.0470957630737967
4.53  -0.7993943798441767  1.1039237381377685
4.54  -0.76045739531295  1.1603282345316535
4.55  -0.7196078215441483  1.2162191050895153
4.5600000000000005  -0.6769355894822298  1.271507198005076
4.57  -0.6325359719239724  1.3261046522441267
4.58  -0.5865093609562351  1.3799251881514452
4.59  -0.5389610285994435  1.432884392203919
4.6000000000000005  -0.49000087129424497  1.4848999948839003
4.61  -0.43974313892534594  1.5358921406725894
4.62  -0.3883061491307358  1.585783649192901
4.63  -0.33581198769689435  1.6345002665641444
4.64  -0.2823861958898712  1.6819709060673886
4.65  -0.22815744561931228  1.728127877260075
4.66  -0.17325720337646094  1.7729071027211427
4.67  -0.11781938392827218  1.816248321653849
4.68  -0.061979994787895454  1.858095279621843
4.69  -0.00587677251613597  1.898395903745329
4.7  0.05035118805989275  1.93710246273766
4.71  0.10656381059743364  1.9741717112185773
4.72  0.16262041882005873  2.0095650177980158
4.73  0.21838012177306265  2.0432484764841212
4.74  0.2737022015775741  2.0751930010302932
4.75  0.32844650249627905  2.1053744018986835
4.76  0.38247382011483766  2.133773445581208
4.7700000000000005  0.4356462894384522  2.1603758960838877
4.78  0.4878277707023293  2.185172538445464
4.79  0.5388842316981621  2.2081591842271093
4.8  0.5886841254259092  2.229336658975789
4.8100000000000005  0.6370987618917445  2.2487107717298342
4.82  0.6840026728880497  2.2662922667007237
4.83  0.7292739686108503  2.282096757330183
4.84  0.7727946849928211  2.296144642985906
4.8500000000000005  0.8144511206571838  2.308461008622508
4.86  0.8541341624280998  2.319075507796273
4.87  0.8917395983675909  2.328022229482928
4.88  0.9271684173464545  2.335339549206437
4.89  0.9603270941978367  2.3410699650438582
4.9  0.9911278595463459  2.3452599191262276
4.91  1.0194889534529163  2.347959605307932
4.92  1.0453348620660168  2.349222763727207
4.93  1.0685965365227346  2.3491064630277694
4.94  1.0892115933989912  2.347670871056198
4.95  1.1071244960661577  2.3449790148912273
4.96  1.122286716371566  2.3410965310995278
4.97  1.1346568761226417  2.3360914071477
4.98  1.1442008679184257  2.330033714931821
4.99  1.1508919549378318  2.322995337414143
5.0  1.154710849360924  2.3150496893809422
5.01  1.1556457691675563  2.3062714333564083
5.0200000000000005  1.1536924731266738  2.296736191724369
5.03  1.1488542738591603  2.2865202561228304
5.04  1.1411420289271454  2.275700295185458
5.05  1.1305741099728701  2.2643530617094876
5.0600000000000005  1.11717635000036  2.252555100330789
5.07  1.10098196896296  2.240382456784199
5.08  1.0820314778891178  2.227910389820643
5.09  1.0603725618472806  2.2152130868420405
5.1000000000000005  1.0360599421183299  2.202363384300564
5.11  1.0091552180102241  2.1894324938906347
5.12  0.9797266888143024  2.1764897355399695
5.13  0.9478491564659417  2.1636022781803876
5.14  0.9136037095333245  2.150834889249769
5.15  0.8770774892173675  2.1382496938438362
5.16  0.8383634381025418  2.12590594440034
5.17  0.7975600324527129  2.1138598017588928
5.18  0.7547709988977465  2.102164128397311
5.19  0.7101050164053846  2.090868294600023
5.2  0.6636754044787179  2.0800179982659754
5.21  0.6155997985620245  2.069655099012898
5.22  0.5659998136772371  2.0598174671816767
5.23  0.5150006973488878  2.050538848289389
5.24  0.46273097290784293  2.0418487434223223
5.25  0.409322074292533  2.0337723060012527
5.26  0.354907973491393  2.0263302552907345
5.2700000000000005  0.29962480179111767  2.0195388069621845
5.28  0.24361046601236208  2.0134096209575145
5.29  0.18700426092774422  2.0079497668361572
5.3  0.1299464790660377  2.0031617067237466
5.3100000000000005  0.07257801911152797  1.9990432959157036
5.32  0.015039994108654225  1.995587801123853
5.33  -0.042526659321127425  1.9927839362890416
5.34  -0.09998156955002727  1.990615915817977
5.3500000000000005  -0.1571853151131991  1.9890635250382016
5.36  -0.21399980530229448  1.9881022076016626
5.37  -0.2702886550280179  1.987703169504814
5.38  -0.32591755281878476  1.9878334993319813
5.39  -0.38075462084899536  1.9884563042689147
5.4  -0.43467076592042037  1.9895308613753344
5.41  -0.4875400203534407  1.9910127835490714
5.42  -0.5392398717819817  1.9928541995603029
5.43  -0.589651580885722  1.9950039474824997
5.44  -0.6386604861366245  1.9974077807974249
5.45  -0.6861562946827566  2.0000085864048365
5.46  -0.7320333585413352  2.002746613723642
5.47  -0.7761909353244328  2.005559714030514
5.48  -0.8185334327746262  2.0083835891442163
5.49  -0.8589706364440899  2.0111520485294667
5.5  -0.8974179199087624  2.0137972738631964
5.51  -0.9337964369690929  2.0162500900785814
5.5200000000000005  -0.9680332953506319  2.01844024187833
5.53  -1.00006171148048  2.0202966746885824
5.54  -1.0298211459799442  2.0217478190084543
5.55  -1.0572574195785607  2.0227218770976547
5.5600000000000005  -1.0823228092206472  2.0231471109360295
5.57  -1.1049761242015634  2.022952130384207
5.58  -1.125182762237527  2.0220661804736464
5.59  -1.1429147454391617  2.0204194267576483
5.6000000000000005  -1.1581507362253  2.017943237661967
5.61  -1.1708760332794066  2.0145704627846253
5.62  -1.1810825477160316  2.0102357061093943
5.63  -1.1887687596890342  2.004875593116167
5.64  -1.1939396557363682  1.9984290307937054
5.65  -1.1966066472180126  1.9908374595864111
5.66  -1.1967874702638563  1.982045096336405
5.67  -1.1945060677067822  1.9719991673151753
5.68  -1.189792453532743  1.9606501304755628
5.69  -1.1826825604339661  1.9479518860944458
5.7  -1.1732180711034614  1.9338619750190738
5.71  -1.1614462339585654  1.9183417637756164
5.72  -1.147419664028119  1.9013566158468151
5.73  -1.13119612978198  1.8828760484763376
5.74  -1.112838326722627  1.862873874410767
5.75  -1.092413638596654  1.8413283280454584
5.76  -1.0699938871187884  1.8182221754978738
5.7700000000000005  -1.0456550711325423  1.793542808191054
5.78  -1.019477096159655  1.767282319590655
5.79  -0.9915434953151034  1.7394375648007347
5.8  -0.9619411425854667  1.710010202786741
5.8100000000000005  -0.9307599594858353  1.6790067210579565
5.82  -0.8980926161241275  1.6464384427062049
5.83  -0.8640342277117307  1.6123215157625392
5.84  -0.8286820475657414  1.5766768848988575
5.8500000000000005  -0.7921351576505842  1.5395302455661697
5.86  -0.7544941577057365  1.5009119807261047
5.87  -0.7158608540013846  1.4608570803962664
5.88  -0.6763379487555816  1.4194050442933965
5.89  -0.636028731234172  1.376599767920564
5.9  -0.5950367715393335  1.3324894125057023
5.91  -0.5534656180735255  1.2871262592582708
5.92  -0.5114184996430755  1.2405665484686965
5.93  -0.4689980331401494  1.1928703040313047
5.94  -0.42630593771277836  1.1441011440250606
5.95  -0.3834427563009061  1.094326078038137
5.96  -0.34050758538144976  1.0436152919712014
5.97  -0.2975978137279197  0.9920419211007276
5.98  -0.2548088709499418  0.9396818122269899
5.99  -0.2122339865353144  0.8866132757720118
6.0  -0.16996396007243686  0.8329168287297625
6.01  -0.1280869432838626  0.7786749294051766
6.0200000000000005  -0.08668823445284446  0.7239717049089396
6.03  -0.04585008577406263  0.6688926724020032
6.04  -0.00565152410750272  0.6135244551072659
6.05  0.03383181443889505  0.5579544941254304
6.0600000000000005  0.07252783572708821  0.5022707571079279
6.07  0.11036812429180559  0.44656144485180893
6.08  0.14728806526951221  0.3909146968895384
6.09  0.18322695135100642  0.3354182971508873
6.1000000000000005  0.21812807461235126  0.28015938077419733
6.11  0.2519388031359122  0.22522414314073974
6.12  0.28461064239011735  0.17069755219789062
6.13  0.3160992813932004  0.11666306512569605
6.140000000000001  0.34636462374206256  0.06320235038548763
6.15  0.3753708036427195  0.01039501617025193
6.16  0.403086187132941  -0.0416816537467605
6.17  0.429483358740673  -0.09295295579526722
6.18  0.45453909387365965  -0.1433470130834523
6.19  0.4782343172855811  -0.19279501165984786
6.2  0.5005540480125583  -0.24123142569267397
6.21  0.521487331220214  -0.2885942307381969
6.22  0.541027157445818  -0.3348251043126249
6.23  0.5591703697623158  -0.37986961302861466
6.24  0.5759175594305844  -0.4236773856061267
6.25  0.5912729506436665  -0.46620227111901236
6.26  0.6052442750011346  -0.5074024818924587
6.2700000000000005  0.6178426363836875  -0.5472407205224947
6.28  0.6290823669269109  -0.5856842905467057
6.29  0.6389808748191442  -0.622705190355037
6.3  0.6475584846713189  -0.6582801899908484
6.3100000000000005  0.6548382712263552  -0.6923908905548901
6.32  0.6608458871924773  -0.7250237659886145
6.33  0.6656093859979755  -0.7561701870777232
6.34  0.6691590402752949  -0.7858264275818422
6.3500000000000005  0.6715271568890248  -0.8139936524619331
6.36  0.672747889326013  -0.8406778882424965
6.37  0.6728570482660678  -0.8658899756112373
6.38  0.6718919111487313  -0.8896455044240417
6.390000000000001  0.6698910315454012  -0.9119647313477255
6.4  0.6668940491366475  -0.9328724804367363
6.41  0.6629415010819867  -0.9523980270028911
6.42  0.6580746355537916  -0.9705749651985038
6.43  0.6523352281883292  -0.9874410597933099
6.44  0.6457654021854411  -1.0030380826838443
6.45  0.6384074527639703  -1.017411634730158
6.46  0.6303036766530307  -1.0306109535689096
6.47  0.6214962072696296  -1.042688708103716
6.48  0.6120268562010124  -1.0537007804228693
6.49  0.601936961575815  -1.0637060359410337
6.5  0.5912672438715227  -1.0727660826053453
6.51  0.5800576696672668  -1.0809450200467605
6.5200000000000005  0.5683473238105858  -1.0883091795950262
6.53  0.5561742904247825  -1.09492685610973
6.54  0.543575543139965  -1.1008680326104607
6.55  0.5305868448861006  -1.1062040987161237
6.5600000000000005  0.5172426575403697  -1.1110075639269203
6.57  0.5035760616743454  -1.1153517668020112
6.58  0.4896186865988017  -1.1193105811016462
6.59  0.4754006508559157  -1.1229581199744842
6.6000000000000005  0.4609505132600276  -1.1263684392786957
6.61  0.446295234539549  -1.1296152411293359
6.62  0.43146014958401435  -1.1327715787646142
6.63  0.41646895025187874  -1.1359095638194519
6.640000000000001  0.40134367864687825  -1.1391000770868223
6.65  0.38610473072340556  -1.1424124838354266
6.66  0.3707708700350145  -1.1459143547363162
6.67  0.3553592513947765  -1.1496711934313728
6.68  0.3398854541719449  -1.153746171753085
6.69  0.32436352490669323  -1.1581998735778078
6.7  0.30880602888331354  -1.1630900482638564
6.71  0.29322411026283435  -1.1684713745915574
6.72  0.2776275603382722  -1.174395236084619
6.73  0.2620248934402078  -1.1809095085512862
6.74  0.24642342998681535  -1.18805836063979
6.75  0.23082938614136903  -1.1958820681556133
6.76  0.21524796951161812  -1.204416842838407
6.7700000000000005  0.1996834802990714  -1.2136946762441687
6.78  0.18413941728291888  -1.223743199323564
6.79  0.1686185880023342  -1.2345855582304663
6.8  0.15312322248311208  -1.2462403068359023
6.8100000000000005  0.13765508983949024  -1.2587213163620155
6.82  0.12221561706981685  -1.272037702488415
6.83  0.10680600935578194  -1.2861937702198625
6.84  0.09142737116874178  -1.3011889767395601
6.8500000000000005  0.0760808274837789  -1.317017912406869
6.86  0.06076764440213914  -1.3336702999921928
6.87  0.04548934848585223  -1.3511310121752844
6.88  0.03024784411468373  -1.3693801072665588
6.890000000000001  0.015045528184579327  -1.3883928830445167
6.9  -0.00011459852071160626  -1.4081399485361659
6.91  -0.015228823938229274  -1.4285873135017098
6.92  -0.03029262194969612  -1.4496964953199893
6.93  -0.04530055483502915  -1.471424642907428
6.94  -0.0602461815461775  -1.4937246772407664
6.95  -0.07512197236565676  -1.5165454479929434
6.96  -0.089919230485488  -1.5398319057323278
6.97  -0.10462802101092789  -1.5635252890781568
6.98  -0.11923710786007613  -1.587563326150094
6.99  -0.13373389899465105  -1.6118804495969916
7.0  -0.14810440037976502  -1.6364080244398813
7.01  -0.1623331790309388  -1.66107458791672
7.0200000000000005  -0.17640333546547782  -1.685806100471995
7.03  -0.19029648583267889  -1.71052620699282
7.04  -0.20399275395320404  -1.7351565073550312
7.05  -0.21747077345282406  -1.7596168353079027
7.0600000000000005  -0.23070770012950703  -1.7838255446948506
7.07  -0.2436792346457496  -1.8076998019797923
7.08  -0.25635965559057183  -1.8311558840248239
7.09  -0.26872186290740097  -1.8541094800447442
7.1000000000000005  -0.28073743163593434  -1.8764759966476632
7.11  -0.2923766758677281  -1.8981708648585722
7.12  -0.3036087227671793  -1.9191098480144921
7.13  -0.31440159646184485  -1.9392093494153793
7.140000000000001  -0.3247223115588337  -1.958386718614802
7.15  -0.33453697599769483  -1.976560555238124
7.16  -0.3438109029047052  -1.9936510092237778
7.17  -0.3525087310692162  -2.009580076394978
7.18  -0.36059455361972204  -2.024271888285081
7.19  -0.36803205443591214  -2.0376529951594735
7.2  -0.37478465179313303  -2.0496526412004177
7.21  -0.3808156486978599  -2.0602030308486348
7.22  -0.3860883893367818  -2.0692395853263497
7.23  -0.39056642102848393  -2.076701188401084
7.24  -0.3942136610352188  -2.0825304204874726
7.25  -0.3969945675633486  -2.086673780225608
7.26  -0.3988743142546445  -2.0890818927188692
7.2700000000000005  -0.3998189674469581  -2.0897097036616157
7.28  -0.3997956654619472  -2.0885166586373085
7.29  -0.39877279915949126  -2.085466866920571
7.3  -0.3967201929835865  -2.0805292491719487
7.3100000000000005  -0.3936092857124851  -2.073677668471772
7.32  -0.3894133101171732  -2.064891044199104
7.33  -0.38410747072663043  -2.0541534483232367
7.34  -0.3776691188959556  -2.041454183738247
7.3500000000000005  -0.37007792437438364  -2.0267878443355585
7.36  -0.36131604257425703  -2.010154356575108
7.37  -0.35136827674948823  -1.9915590023821008
7.38  -0.340222234302742  -1.9710124232636739
7.390000000000001  -0.32786847645433215  -1.9485306056072573
7.4  -0.3143006605230597  -1.9241348471903055
7.41  -0.2995156740892817  -1.89785170499875
7.42  -0.28351376033393316  -1.8697129245190074
7.43  -0.26629863387351205  -1.8397553507352087
7.44  -0.24787758644017274  -1.8080208211294162
7.45  -0.22826158178827494  -1.774556041047735
7.46  -0.20746533924343918  -1.7394124418588186
7.47  -0.18550740534754567  -1.7026460223938504
7.48  -0.1624102130929925  -1.6643171742173979
7.49  -0.13820012828167577  -1.6244904913373053
7.5  -0.11290748258856098  -1.5832345650182482
7.51  -0.086566592956062  -1.5406217644176512
7.5200000000000005  -0.05921576699368358  -1.4967280038142563
7.53  -0.030897294107464945  -1.4516324972484398
7.54  -0.0016574221348174545  -1.40541750143922
7.55  0.028453680686338356  -1.3581680478857578
7.5600000000000005  0.05938197853193669  -1.3099716651006708
7.57  0.09106963565222992  -1.2609180919586334
7.58  0.12345509888563022  -1.2110989831763175
7.59  0.15647319497712542  -1.1606076079689072
7.6000000000000005  0.1900552425961395  -1.1095385429533982
7.61  0.22412917889227915  -1.057987360390521
7.62  0.2586197003711044  -1.0060503128744374
7.63  0.2934484178160775  -0.9538240155929891
7.640000000000001  0.3285340249274632  -0.9014051272905994
7.65  0.3637924802940997  -0.8488900310714513
7.66  0.3991372022606299  -0.7963745161816618
7.67  0.4344792761997146  -0.7439534619065594
7.68  0.46972767364810797  -0.6917205247121427
7.69  0.5047894827155225  -0.6397678297487992
7.7  0.5395701491275874  -0.5881856678204569
7.71  0.5739737272182626  -0.537062198903223
7.72  0.6079031401433813  -0.48648316327478347
7.73  0.6412604485455987  -0.43653160128896673
7.74  0.6739471268619938  -0.3872875827995733
7.75  0.7058643464295213  -0.33882794720320714
7.76  0.7369132645097309  -0.29122605503352933
7.7700000000000005  0.7669953183237379  -0.24455155199817136
7.78  0.7960125231609879  -0.19887014630536953
7.79  0.8238677736008646  -0.15424340008008786
7.8  0.8504651468652259  -0.1107285356193326
7.8100000000000005  0.8757102073022421  -0.06837825718323853
7.82  0.8995103109877205  -0.027240588963271417
7.83  0.9217749094194067  0.012641270189009679
7.84  0.9424158512726333  0.051229074748992964
7.8500000000000005  0.9613476811822717  0.08848964276011478
7.86  0.978487934516123  0.12439494793062728
7.87  0.9937574271088756  0.15892219325282433
7.88  1.007080538933184  0.19205386587743445
7.890000000000001  1.018385490695917  0.22377777304321303
7.9  1.0276046123624223  0.2540870589296754
7.91  1.0346746026303326  0.28298020236931276
7.92  1.039536778396539  0.3104609954242017
7.930000000000001  1.0421373132867209  0.336538502900817
7.94  1.0424274643459053  0.361227002945097
7.95  1.0403637860210821  0.38454590892789015
7.96  1.035908330602607  0.40651967289808577
7.97  1.029028834330108  0.42717767094704384
7.98  1.0196988884105391  0.44655407089289245
7.99  1.0078980942408151  0.4646876827569781
8.0  0.993612202175121  0.4816217925666378
8.01  0.9768332332271321  0.4974039800783828
8.02  0.9575595831499775  0.5120859210737162
8.03  0.9357961083916595  0.5257231749352096
8.040000000000001  0.9115541934805398  0.5383749582635732
8.05  0.8848517994543555  0.5501039053468832
8.06  0.85571349300657  0.5609758163404813
8.07  0.8241704560860035  0.5710593940604789
8.08  0.790260475748696  0.5804259703349518
8.09  0.7540279141253079  0.589149222894704
8.1  0.7155236584324355  0.5973048838196371
8.11  0.6748050510217611  0.604970440587514
8.120000000000001  0.6319357995270938  0.6122248307986703
8.13  0.5869858672355178  0.619148131673212
8.14  0.5400313438747285  0.6258212454364724
8.15  0.49115429707475966  0.6323255817233482
8.16  0.4404426048270502  0.6387427381433872
8.17  0.38798976932850665  0.6451541801552338
8.18  0.3338947126614403  0.6516409214019767
8.19  0.27826155482251613  0.6582832056574613
8.2  0.22119937467438897  0.6651601915283298
8.21  0.16282195445282407  0.6723496410468375
8.22  0.10324750851925923  0.6799276132758336
8.23  0.04259839710353419  0.6879681640297933
8.24  -0.018999174165264282  0.6965430527938056
8.25  -0.08141546809214822  0.70572145789721
8.26  -0.14451754221809773  0.7155697009690056
8.27  -0.20816958665019505  0.7261509816692321
8.28  -0.27223327243781625  0.737525123653803
8.290000000000001  -0.3365681094743118  0.749748332690374
8.3  -0.4010318128679119  0.7628729677993008
8.31  -0.46548067669406895  0.7769473262473223
8.32  -0.5297699540126742  0.7920154431721536
8.33  -0.5937542420091165  0.8081169065637595
8.34  -0.6572878710971454  0.8252866882733472
8.35  -0.7202252968041997  0.8435549916636678
8.36  -0.7824214932466891  0.8629471164547615
8.370000000000001  -0.8437323469934274  0.8834833412577112
8.38  -0.904015050109856  0.9051788242257293
8.39  -0.9631284911748057  0.9280435221870112
8.4  -1.020933643063671  0.9520821285576123
8.41  -1.0772939462991031  0.9772940302654332
8.42  -1.132075686780795  1.0036732838482134
8.43  -1.1851483667206832  1.0312086108198906
8.44  -1.2363850676286277  1.059883412330558
8.45  -1.2856628042161014  1.089675803076217
8.46  -1.3328628681117891  1.120558664345496
8.47  -1.3778711603129798  1.1524997160220105
8.48  -1.4205785113305929  1.1854616072931243
8.49  -1.4608809880225078  1.2194020257487477
8.5  -1.4986801861508356  1.2542738244880651
8.51  -1.5338835077424309  1.2900251667874212
8.52  -1.5664044223789935  1.3265996878197912
8.53  -1.5961627115930876  1.3639366728550506
8.540000000000001  -1.623084695599084  1.4019712513113034
8.55  -1.6471034416433836  1.440634605970599
8.56  -1.668158953316146  1.4798541966182825
8.57  -1.6861983402265819  1.5195539973131766
8.58  -1.7011759675060856  1.5596547464473296
8.59  -1.7130535846672088  1.6000742087080106
8.6  -1.7218004334119867  1.6407274480120657
8.61  -1.7273933340499423  1.6815271104434992
8.620000000000001  -1.7298167502540815  1.72238371618925
8.63  -1.7290628319521013  1.7632059594359344
8.64  -1.725131436219622  1.8039010151619261
8.65  -1.7180301261122852  1.8443748517342953
8.66  -1.7077741474438253  1.8845325481995214
8.67  -1.6943863835874335  1.9242786151400864
8.68  -1.677897288447693  1.9635173179562826
8.69  -1.6583447978198107  2.0021530014239546
8.700000000000001  -1.6357742194215616  2.0400904143744376
8.71  -1.6102381019511565  2.0772350333424465
8.72  -1.5817960835906315  2.1134933840316483
8.73  -1.5505147204396186  2.14877335945525
8.74  -1.5164672954276746  2.182984533621198
8.75  -1.479733608314926  2.2160384696474282
8.76  -1.440399747450369  2.247849021212734
8.77  -1.3985578440142388  2.2783326262727437
8.78  -1.3543058095257319  2.3074085919982523
8.790000000000001  -1.3077470574493568  2.3349993699247458
8.8  -1.2589902097825916  2.3610308203370116
8.81  -1.2081487895534782  2.385432464951461
8.82  -1.155340900200354  2.408137727000663
8.83  -1.1006888928453167  2.429084157869895
8.84  -1.0443190225096315  2.4482136494836633
8.85  -0.9863610943521595  2.465472631691289
8.86  -0.9269481010409188  2.480812253954424
8.870000000000001  -0.8662158523935451  2.4941885506956027
8.88  -0.8043025984439598  2.5055625897255127
8.89  -0.7413486471101196  2.5149006032273227
8.9  -0.6774959776519973  2.5221741008387735
8.91  -0.6128878511181266  2.5273599644369806
8.92  -0.5476684189853156  2.5304405242963344
8.93  -0.48198233119767975  2.531403616356546
8.94  -0.4159743448088994  2.5302426204055273
8.950000000000001  -0.34978893442549347  2.526956479050038
8.96  -0.2835699056384582  2.5215496974157547
8.97  -0.21746001261651537  2.5140323235872906
8.98  -0.15160058101637958  2.504419909867584
8.99  -0.08613113734325231  2.492733455004536
9.0  -0.021189045869545148  2.4789993276007944
9.01  0.04309084580965228  2.463249170989744
9.02  0.10657655153826365  2.4455197899268915
9.03  0.1691392806682853  2.4258530195106967
9.040000000000001  0.23065376046552766  2.40429557681022
9.05  0.2909985459239869  2.380898895738645
9.06  0.35005631610615334  2.355718945771212
9.07  0.40771415617454093  2.3288160351637934
9.08  0.4638638243308289  2.3002545993832504
9.09  0.5184020029319385  2.270102975513322
9.1  0.571230533108058  2.2384331634495016
9.11  0.6222566322649526  2.2053205747432187
9.120000000000001  0.6713930939123092  2.170843769999269
9.13  0.7185584693207818  2.1350841857709466
9.14  0.7636772305727983  2.0981258519342423
9.15  0.8066799146356194  2.060055100556087
9.16  0.8475032481497489  2.0209602673013043
9.17  0.8860902526909047  1.9809313864490645
9.18  0.9223903303295649  1.9400598806117582
9.19  0.9563593293779504  1.8984382462675002
9.200000000000001  0.9879595902805001  1.856159736231695
9.21  1.0171599716695203  1.8133180402032907
9.22  1.0439358566733081  1.7700069645273842
9.23  1.0682691396284927  1.7263201123179925
9.24  1.0901481934125656  1.682350565082501
9.25  1.1095678176750436  1.638190566983176
9.26  1.1265291683073633  1.593931212860828
9.27  1.141039668551452  1.5496621411313027
9.28  1.1531129022051698  1.5054712326471933
9.290000000000001  1.162768489439138  1.4614443165949078
9.3  1.1700319457936  1.4176648844711324
9.31  1.1749345249759235  1.374213813152806
9.32  1.1775130461286776  1.3311690980414599
9.33  1.1778097062851338  1.2886055972255788
9.34  1.1758718787729427  1.246594787564398
9.35  1.1717518983679065  1.2052045335529762
9.36  1.1655068340377415  1.1644988697816627
9.370000000000001  1.157198250150604  1.1245377977535695
9.38  1.1468919570547462  1.0853770977714539
9.39  1.1346577519637555  1.047068156550358
9.4  1.1205691511066906  1.0096578111556251
9.41  1.1047031141234935  0.9731882098062494
9.42  1.0871397617037235  0.9376966900225963
9.43  1.0679620874805504  0.9032156745345701
9.44  1.0472556652022957  0.8697725853020661
9.450000000000001  1.0251083522103486  0.8373897759338736
9.46  1.0016099902552527  0.8060844827248258
9.47  0.9768521046819045  0.7758687944635413
9.48  0.9509276030104608  0.746749641095459
9.49  0.9239304739314679  0.7187288012577432
9.5  0.895955487722064  0.6918029286345437
9.51  0.8670978990749969  0.6659635970133441
9.52  0.837453153313694  0.6411973638556829
9.53  0.8071165969445266  0.6174858521289909
9.540000000000001  0.776183193472444  0.5948058500804781
9.55  0.7447472453776796  0.5731294285696529
9.56  0.7129021231199153  0.5524240755128682
9.57  0.6807400020022408  0.5326528469319933
9.58  0.6483516076899714  0.5137745340397335
9.59  0.6158259711401188  0.49574384573663693
9.6  0.5832501936550889  0.47851160583978314
9.61  0.5507092227301494  0.46202496431039625
9.620000000000001  0.5182856393175663  0.4462276216977752
9.63  0.4860594570823676  0.4310600659696892
9.64  0.45410793417445133  0.4164598208554511
9.65  0.42250539799045894  0.40236170478691147
9.66  0.3913230833459818  0.38869809948508477
9.67  0.3606289844246077  0.37539922720612073
9.68  0.3304877208157072  0.3623934356296161
9.69  0.3009604178971197  0.3496074893458522
9.700000000000001  0.27210460176309226  0.33696686687510197
9.71  0.24397410884131615  0.324396062133407
9.72  0.2166190102866881  0.3118188892437561
9.73  0.19008555118326853  0.2991587895806498
9.74  0.16441610452989164  0.2863391399286299
9.75  0.1396491399298692  0.27328356063253534
9.76  0.11581920685046598  0.25991622261788083
9.77  0.09295693226452925  0.2461621521650745
9.78  0.07108903243424108  0.23194753233006232
9.790000000000001  0.05023833854592391  0.21719999991712363
9.8  0.03042383585561592  0.2018489369265273
9.81  0.011660715957116041  0.18582575542070065
9.82  -0.0060395582612176035  0.1690641747772138
9.83  -0.022669175448607526  0.1515004903253792
9.84  -0.038223886932033824  0.1330738323952819
9.85  -0.052702906722614795  0.11372641484361126
9.86  -0.06610880098310534  0.093403772159531
9.870000000000001  -0.07844736758528592  0.0720549842960917
9.88  -0.08972750641730876  0.04963288841767932
9.89  -0.09996108112951918  0.02609427680224785
9.9  -0.10916277303250488  0.001400080187908992
9.91  -0.11734992788380327  -0.02448446409327132
9.92  -0.12454239631880548  -0.051589659795674814
9.93  -0.13076236869763003  -0.07994121579816466
9.94  -0.13603420515264286  -0.10956012698365791
9.950000000000001  -0.14038426163111795  -0.14046257238238563
9.96  -0.14384071273385535  -0.1726598309381152
9.97  -0.14643337215388985  -0.20615821519251387
9.98  -0.14819351151928417  -0.24095902311716466
9.99  -0.14915367844070537  -0.2770585082572
10.0  -0.14934751455806328  -0.3144478682835125
