0.0  0.0  0.0
0.01  0.9328564031979033  -2.03235199816883
0.02  1.5492514823978705  -3.194458038014583
0.03  1.9332653896726872  -3.7740817783993803
0.04  2.2006591671395292  -4.068371165286094
0.05  2.407704882643486  -4.215747418223484
0.06  2.5806338736454832  -4.279674121059055
0.07  2.7326524008423396  -4.291864524898696
0.08  2.8709775730341467  -4.269612544091377
0.09  2.9998374476805947  -4.223073170766747
0.1  3.121852634897026  -4.158584771136223
0.11  3.238722738972578  -4.080309392181554
0.12  3.351590869603772  -3.9910997022988246
0.13  3.461248509930612  -3.8929844118980745
0.14  3.568256364304979  -3.7874536926238314
0.15  3.6730186594815257  -3.6756341418723375
0.16  3.7758304926019464  -3.55839994770557
0.17  3.8769089607755514  -3.4364457425425257
0.18  3.9764141988499433  -3.3103356581246666
0.19  4.074463949691043  -3.180537150029407
0.2  4.1711438800677145  -3.0474448150817044
0.21  4.266515032111001  -2.9113974777554694
0.22  4.360619305583757  -2.7726906532186226
0.23  4.453483560724832  -2.6315857742843707
0.24  4.545122738186256  -2.4883171143926206
0.25  4.635542267615213  -2.343097044760208
0.26  4.724739953988558  -2.196120070088787
0.27  4.812707475415212  -2.0475659571625258
0.28  4.899431588276998  -1.897602181884113
0.29  4.984895109322184  -1.746385858743177
0.3  5.069077725849453  -1.5940652734208416
0.31  5.151956671947073  -1.4407811083827708
0.32  5.233507299245641  -1.2866674290545648
0.33  5.313703563705137  -1.131852481929194
0.34  5.3925184448411585  -0.9764593439737312
0.35000000000000003  5.46992430998602  -0.8206064537746106
0.36  5.545893233319192  -0.6644080481454467
0.37  5.620397277234397  -0.5079745228254939
0.38  5.693408741957072  -0.35141273199707934
0.39  5.7649003880555325  -0.1948262383420543
0.4  5.834845635507179  -0.0383155230192369
0.41000000000000003  5.903218742218038  0.118021836885763
0.42  5.969994964298299  0.27409101732986896
0.43  6.035150699929754  0.4297998177376248
0.44  6.098663618294425  0.5850585488330609
0.45  6.16051277474509  0.7397799345641766
0.46  6.220678713171309  0.8938790253996511
0.47000000000000003  6.279143556335875  1.0472731207602588
0.48  6.335891084816622  1.1998816987420147
0.49  6.390906805079213  1.3516263516124336
0.5  6.444178007122092  1.5024307258291256
0.51  6.4956938120701375  1.65222046555245
0.52  6.54544521004514  1.8009231588094092
0.53  6.5934250886058186  1.9484682856215425
0.54  6.639628252025241  2.0947871675404075
0.55  6.684051431657501  2.239812918144929
0.56  6.7266932876361905  2.383480394148701
0.5700000000000001  6.767554402143866  2.5257261468452805
0.58  6.80663726449276  2.6664883736877467
0.59  6.843946248261803  2.805706869857181
0.6  6.8794875807426985  2.9433229797248965
0.61  6.9132693049577805  3.0792795481562703
0.62  6.945301234524032  3.21352087164105
0.63  6.975594901650582  3.345992649266788
0.64  7.004163498570769  3.4766419335793937
0.65  7.031021812724161  3.6054170813980946
0.66  7.056186156018391  3.7322677046720742
0.67  7.07967428851508  3.857144621482851
0.68  7.101505336898293  3.9799998073106733
0.6900000000000001  7.1216997080976245  4.100786346694923
0.7000000000000001  7.140278998450939  4.21945838542808
0.71  7.157265898804032  4.335971083430406
0.72  7.172684095955632  4.450280568458342
0.73  7.186558170866317  4.562343890803712
0.74  7.198913494058824  4.672118979143631
0.75  7.209776118644947  4.779564597702196
0.76  7.219172671420514  4.88464030488516
0.77  7.227130242474793  4.98730641354759
0.78  7.233676273764184  5.0875239530522665
0.79  7.238838447101851  5.185254633273369
0.8  7.242644572015408  5.280460810695722
0.81  7.245122473923481  5.373105456754815
0.8200000000000001  7.246299883079138  5.4631521285569375
0.8300000000000001  7.246204324723852  5.550564942112028
0.84  7.244863010889523  5.635308548204532
0.85  7.242302734278591  5.717348111019526
0.86  7.238549764643042  5.796649289632714
0.87  7.233629748072382  5.873178222463784
0.88  7.227567609588462  5.946901514782912
0.89  7.220387459431319  6.017786229350094
0.9  7.212112503405024  6.085799880256462
0.91  7.202764957636097  6.150910430025891
0.92  7.192365968079145  6.2130862900239805
0.93  7.180935535085371  6.272296324210068
0.9400000000000001  7.16849244332929  6.328509856256289
0.9500000000000001  7.1550541973676465  6.381696680045816
0.96  7.140636963082159  6.431827073550472
0.97  7.1252555152343025  6.478871816075894
0.98  7.10892319133623  6.522802208850263
0.99  7.09165185201691  6.563590098920621
1.0  7.073451848036952  6.601207906308698
1.01  7.054331994079389  6.63562865436625
1.02  7.034299549416991  6.666826003258099
1.03  7.013360205529651  6.694774286489419
1.04  6.991518080718044  6.719448550382366
1.05  6.9687757217323165  6.740824596395979
1.06  6.945134112406984  6.758879026172364
1.07  6.920592689265743  6.773589289181654
1.08  6.895149364032582  6.784933732827937
1.09  6.868800552958468  6.792891654868571
1.1  6.841541212846196  6.7974433579899785
1.11  6.813364883629731  6.798570206373888
1.12  6.784263737338689  6.796254684079779
1.1300000000000001  6.754228633253599  6.7904804550611235
1.1400000000000001  6.723249179033333  6.7812324246258155
1.1500000000000001  6.691313797572696  6.768496802144202
1.16  6.65840979932572  6.752261164801987
1.17  6.6245234598088105  6.732514522189624
1.18  6.5896401019775395  6.7092473815147855
1.19  6.553744183151886  6.682451813220189
1.2  6.516819386146759  6.652121516785356
1.21  6.478848714248232  6.618251886487833
1.22  6.439814589660826  6.580840076897147
1.23  6.3996989550374455  6.539885067873025
1.24  6.358483377691586  6.4953877288385975
1.25  6.316149156080739  6.447350882098973
1.26  6.272677428141045  6.395779364976107
1.27  6.228049281045871  6.34068009053206
1.28  6.182245861955303  6.282062106654643
1.29  6.135248489319626  6.219936653282018
1.3  6.087038764297488  6.1543172175461445
1.31  6.03759868184895  6.085219586618938
1.32  5.986910741064697  6.012661898049614
1.33  5.9349580542955565  5.936664687387087
1.34  5.881724454650997  5.857250932887189
1.35  5.8271946014414535  5.774446097111128
1.36  5.771354083147268  5.688278165228754
1.37  5.714189517506433  5.598777679848091
1.3800000000000001  5.65568864832443  5.505977772200889
1.3900000000000001  5.595840438622094  5.409914189522931
1.4000000000000001  5.5346351597514705  5.3106253184772125
1.41  5.472064476125258  5.208152204478132
1.42  5.4081215252222545  5.102538566785146
1.43  5.342800992549555  4.9938308092452335
1.44  5.2760991812616345  4.882078026574714
1.45  5.208014076157149  4.7673320060826105
1.46  5.138545401795963  4.649647224749649
1.47  5.067694674501707  4.5290808415892485
1.48  4.995465248038692  4.405692685229372
1.49  4.921862352776587  4.279545236666796
1.5  4.846893128181388  4.1507036071583565
1.51  4.770566648496991  4.01923551122671
1.52  4.6928939415081015  3.8852112347714076
1.53  4.613888000301928  3.748703598289317
1.54  4.53356378797314  3.6097879152217103
1.55  4.451938235244057  3.468541945458627
1.56  4.369030230999203  3.3250458440443844
1.57  4.284860605761004  3.179382105141281
1.58  4.199452108160589  3.0316355013215044
1.59  4.11282937448478  2.8818930182702442
1.6  4.025018891407241  2.7302437849955785
1.61  3.9360489520380146  2.5767789996532358
1.62  3.8459496054516165  2.4215918511064234
1.6300000000000001  3.7547525998790676  2.264777436352836
1.6400000000000001  3.6624913197737694  2.1064326739624106
1.6500000000000001  3.5692007169848248  1.9466562136805516
1.6600000000000001  3.4749172362942513  1.785548342362293
1.67  3.379678735596276  1.6232108864130517
1.68  3.2835244010176994  1.4597471109215234
1.69  3.186494657297843  1.2952616156794983
1.7  3.0886310737649554  1.1298602282921304
1.71  2.9899762662629836  0.9636498945904274
1.72  2.8905737953982467  0.7967385665653185
1.73  2.7904680614898614  0.6292350880496769
1.74  2.6897041966203514  0.4612490783810336
1.75  2.588327954194286  0.2928908142835152
1.76  2.4863855964222092  0.12427111021251917
1.77  2.3839237801552895  -0.0444988025898849
1.78  2.2809894415023404  -0.21330739807716204
1.79  2.1776296796656816  -0.38204297816347227
1.8  2.0738916404351313  -0.5505937960148317
1.81  1.9698223997809101  -0.7188481796077336
1.82  1.8654688479856072  -0.8866946552958671
1.83  1.7608775747533938  -1.0540220711254218
1.84  1.6560947557307524  -1.220719719640092
1.85  1.5511660408674754  -1.3866774599181928
1.86  1.446136445039598  -1.5517858385863734
1.87  1.3410502413470087  -1.7159362095571553
1.8800000000000001  1.235950857488151  -1.8790208522409904
1.8900000000000001  1.1308807756022499  -2.040933087987704
1.9000000000000001  1.0258814359559436  -2.2015673945170193
1.9100000000000001  0.9209931448363983  -2.360819518103369
1.92  0.8162549869964904  -2.518586583286388
1.93  0.7117047429800442  -2.674767199885275
1.94  0.6073788116361285  -2.8292615671025283
1.95  0.5033121381112585  -2.9819715745107644
1.96  0.3995381475870845  -3.1328008997246766
1.97  0.2960886850088286  -3.281655102569459
1.98  0.19299396102647426  -3.4284417155665574
1.99  0.09028250434660882  -3.57307033056777
2.0  -0.012018879332132377  -3.7154526813792765
2.0100000000000002  -0.11388514165252538  -3.855502722228143
2.02  -0.2152930190798177  -3.993136701935252
2.0300000000000002  -0.3162210534357619  -4.128273233670427
2.04  -0.41664960541770363  -4.260833360177341
2.05  -0.5165608610623925  -4.390740614368512
2.06  -0.6159388311412395  -4.517921075202981
2.07  -0.7147693435013206  -4.642303418772172
2.08  -0.8130400283938785  -4.763818964532613
2.09  -0.9107402968590759  -4.882401716636921
2.1  -1.0078613122628959  -4.997988400328172
2.11  -1.1043959551085147  -5.110518493375556
2.12  -1.2003387812707034  -5.219934252542998
2.13  -1.2956859738271198  -5.326180735095243
2.14  -1.3904352886854667  -5.429205815359573
2.15  -1.4845859942292872  -5.528960196373997
2.16  -1.5781388052286027  -5.625397416666179
2.17  -1.6710958112835959  -5.718473852219759
2.18  -1.7634604000910608  -5.808148713697642
2.19  -1.8552371758430357  -5.89438403900399
2.2  -1.9464318730862935  -5.977144681278744
2.21  -2.037051266388637  -6.056398292430247
2.22  -2.127103076174457  -6.132115302322931
2.23  -2.2165958711066245  -6.20426889374793
2.24  -2.3055389674054108  -6.27283497331515
2.25  -2.3939423255067833  -6.337792138415357
2.2600000000000002  -2.4818164444728588  -6.399121640410443
2.27  -2.569172254575926  -6.456807344219274
2.2800000000000002  -2.6560210084846005  -6.510835684474905
2.29  -2.742374171485901  -6.561195618437127
2.3000000000000003  -2.8282433111809953  -6.607878575851622
2.31  -2.913639987094145  -6.650878405953883
2.32  -2.9985756406348343  -6.690191321822251
2.33  -3.0830614858516197  -6.725815842289883
2.34  -3.1671084014130892  -6.757752731630489
2.35  -3.250726824246668  -6.78600493723678
2.36  -3.333926645259319  -6.810577525514176
2.37  -3.4167171075563156  -6.83147761621509
2.38  -3.4991067075643096  -6.848714315441341
2.39  -3.5811030994538093  -6.862298647543584
2.4  -3.6627130032431845  -6.8722434861474415
2.41  -3.7439421169520766  -6.878563484535978
2.42  -3.824795033156292  -6.8812750056175425
2.43  -3.9052751602792117  -6.880396051706502
2.44  -3.985384648936158  -6.875946194342409
2.45  -4.065124323628743  -6.867946504370248
2.46  -4.144493620065183  -6.856419482501015
2.47  -4.22349052836087  -6.841388990567712
2.48  -4.302111542350435  -6.822880183687037
2.49  -4.380351615219028  -6.800919443531622
2.5  -4.458204121635626  -6.775534312911636
2.5100000000000002  -4.53566082654626  -6.74675343185786
2.52  -4.612711860758817  -6.7146064753911565
2.5300000000000002  -4.689345703424942  -6.679124093155411
2.54  -4.765549171497472  -6.640337851082731
2.5500000000000003  -4.841307416215017  -6.598280175250823
2.56  -4.916603926637576  -6.55298429808318
2.57  -4.991420540230095  -6.5044842070329105
2.58  -5.065737460463047  -6.452814595880927
2.59  -5.139533281372075  -6.398010818768603
2.6  -5.21278501899159  -6.3401088470740525
2.61  -5.285468149550408  -6.279145229230094
2.62  -5.357556654291302  -6.215157053570263
2.63  -5.429023070750428  -6.148181914277685
2.64  -5.499838550307611  -6.078257880499397
2.65  -5.5699729217938385  -6.005423468676923
2.66  -5.639394760918965  -5.9297176181311855
2.67  -5.708071465259704  -5.8511796699279905
2.68  -5.775969334526578  -5.76984934903738
2.69  -5.843053655807646  -5.6857667497882
2.7  -5.909288793467676  -5.59897232460637
2.71  -5.974638283363091  -5.509506876013429
2.72  -6.039064931016242  -5.417411551849245
2.73  -6.102530913377072  -5.322727843671091
2.74  -6.164997883786265  -5.225497588268939
2.75  -6.226427079741313  -5.125762972225502
2.7600000000000002  -6.286779433056137  -5.023566539437755
2.77  -6.346015681995292  -4.918951201505691
2.7800000000000002  -6.404096484956198  -4.811960250883111
2.79  -6.460982535266527  -4.702637376674771
2.8000000000000003  -6.516634676659657  -4.591026682954096
2.81  -6.571014018988066  -4.477172709465972
2.82  -6.624082053733792  -4.361120454569857
2.83  -6.675800768875489  -4.242915400269721
2.84  -6.726132762674127  -4.122603539169124
2.85  -6.775041355943429  -4.000231403181784
2.86  -6.822490702376799  -3.875846093821242
2.87  -6.868445896510009  -3.749495313886126
2.88  -6.912873078907867  -3.6212274003520806
2.89  -6.9557395381737805  -3.4910913582755896
2.9  -6.99701380939321  -3.3591368955105314
2.91  -7.0366657686358876  -3.2254144580340918
2.92  -7.074666723156547  -3.0899752656752817
2.93  -7.110989496950772  -2.9528713480366244
2.94  -7.145608511340118  -2.8141555803974843
2.95  -7.178499860280073  -2.6738817193862388
2.96  -7.209641380104534  -2.532104438207804
2.97  -7.239012713442049  -2.388879361213122
2.98  -7.266595367061416  -2.244263097597947
2.99  -7.292372763427724  -2.0983132740197923
3.0  -7.316330285774076  -1.951088565924007
3.0100000000000002  -7.338455316519278  -1.802648727372848
3.02  -7.358737268887403  -1.6530546191749353
3.0300000000000002  -7.377167611611357  -1.5023682351166634
3.04  -7.39373988662925  -1.3506527261021786
3.0500000000000003  -7.408449719709356  -1.1979724220136803
3.06  -7.421294823966716  -1.0443928511105363
3.0700000000000003  -7.432274996261905  -0.8899807567917793
3.08  -7.441392106499791  -0.7348041115546352
3.09  -7.448650079873647  -0.5789321279889387
3.1  -7.454054872127005  -0.4224352666564602
3.11  -7.457614437932692  -0.2653852407126038
3.12  -7.459338692514889  -0.10785501713779193
3.13  -7.45923946666619  0.05008118554434626
3.14  -7.457330455336978  0.20834790317442
3.15  -7.453627159999293  0.36686843559198673
3.16  -7.44814682501121  0.5255648600880277
3.17  -7.440908368230964  0.6843580487539919
3.18  -7.431932306152062  0.8431676897947911
3.19  -7.42124067385176  1.0019123128604046
3.2  -7.408856940065174  1.160509318439195
3.21  -7.394805917716059  1.3188750113427081
3.22  -7.379113670252634  1.476924638299856
3.23  -7.36180741415301  1.634572429664792
3.24  -7.342915417979389  1.7917316452307008
3.25  -7.32246689837337  1.9483146241280147
3.2600000000000002  -7.300491913396419  2.104232838773438
3.27  -7.2770212536296555  2.259396952822513
3.2800000000000002  -7.25208633145552  2.4137168830663933
3.29  -7.22571906895087  2.5671018652000774
3.3000000000000003  -7.197951784826098  2.7194605233775535
3.31  -7.168817080848492  2.8707009434562285
3.3200000000000003  -7.138347728189737  3.020730749821628
3.33  -7.10657655413764  3.169457185670831
3.34  -7.073536329610472  3.31678719662214
3.35  -7.039259657909061  3.4626275175069243
3.36  -7.003778865136694  3.6068847621888085
3.37  -6.9671258927102855  3.7494655162452384
3.38  -6.929332192377866  3.8902764323359498
3.39  -6.8904286241475745  4.029224328073995
3.4  -6.85044535752182  4.166216286205352
3.41  -6.809411776417199  4.301159756895258
3.42  -6.7673563881363625  4.433962661910873
3.43  -6.724306736741898  4.564533500483218
3.44  -6.680289321165277  4.692781456623844
3.45  -6.635329518365041  4.818616507666317
3.46  -6.589451511828846  4.941949533796483
3.47  -6.542678225692929  5.062692428331153
3.48  -6.495031264730502  5.180758208500346
3.49  -6.446530860437793  5.296061126485146
3.5  -6.397195823422339  5.408516780460021
3.5100000000000002  -6.34704350227372  5.518042225386987
3.52  -6.29608974907138  5.624556083307072
3.5300000000000002  -6.244348891658289  5.727978652874534
3.54  -6.191833712782877  5.828232017878902
3.5500000000000003  -6.138555436184486  5.9252401545012034
3.56  -6.084523719670898  6.01892903705196
3.5700000000000003  -6.029746655208723  6.109226741941203
3.58  -5.974230776020345  6.196063549633403
3.59  -5.9179810706536085  6.279372044344355
3.6  -5.861001003963139  6.359087211241115
3.61  -5.803292544915324  6.435146530911456
3.62  -5.744856201102141  6.507490070875077
3.63  -5.685691059822954  6.576060573915097
3.64  -5.625794835567626  6.640803543015693
3.65  -5.565163923709318  6.701667322699199
3.66  -5.503793460191072  6.758603176564586
3.67  -5.441677386966843  6.811565360837776
3.68  -5.378808522935067  6.860511193754066
3.69  -5.315178640081574  6.905401120602502
3.7  -5.250778544527963  6.946198774272844
3.71  -5.185598162162671  6.982871031156368
3.72  -5.119626628513837  7.015388062263385
3.73  -5.052852382506481  7.043723379431793
3.74  -4.985263263731364  7.0678538765134
3.75  -4.9168466128390405  7.087759865436914
3.7600000000000002  -4.847589374660407  7.103425107059474
3.77  -4.777478203644316  7.114836836731379
3.7800000000000002  -4.706499571193661  7.121985784512055
3.79  -4.634639874474027  7.124866189988591
3.8000000000000003  -4.561885546262839  7.123475811661792
3.81  -4.4882231654032445  7.117815930878251
3.8200000000000003  -4.413639567424055  7.107891350300798
3.83  -4.338121954886727  7.093710386923271
3.84  -4.261658007021073  7.075284859649385
3.85  -4.18423598821426  7.052630071469152
3.86  -4.1058448549219  7.025764786279814
3.87  -4.026474360576228  6.994711200411773
3.88  -3.9461151580740124  6.9594949089333085
3.89  -3.8647588994362647  6.9201448668208485
3.9  -3.7823983322427233  6.876693345094539
3.91  -3.6990273924566637  6.8291758820312705
3.92  -3.6146412932695897  6.777631229579724
3.93  -3.529236609610717  6.722101295113667
3.94  -3.442811357983385  6.6626310786715335
3.95  -3.3553650713081566  6.5992686058410905
3.96  -3.266898868472554  6.532064856458946
3.97  -3.1774155183072916  6.46107368930455
3.98  -3.0869194977312375  6.386351762978266
3.99  -2.9954170438297676  6.307958453161989
4.0  -2.902916199655014  6.225955766469603
4.01  -2.8094268535611144  6.140408251102348
4.0200000000000005  -2.714960771912851  6.051382904531799
4.03  -2.6195316250321485  5.958949078439885
4.04  -2.5231550062733117  5.863178381151355
4.05  -2.4258484441451054  5.764144577800024
4.0600000000000005  -2.3276314074250615  5.661923488474636
4.07  -2.228525303239018  5.5565928845945844
4.08  -2.12855346810675  5.448232383769153
4.09  -2.0277411519824957  5.336923343396891
4.1  -1.9261154953468058  5.222748753263887
4.11  -1.823705499434059  5.105793127401136
4.12  -1.7205419897071546  4.986142395462169
4.13  -1.616657572718116  4.863883793881959
4.14  -1.512086586519989  4.73910575707813
4.15  -1.4068650448213762  4.611897808953812
4.16  -1.3010305751005564  4.482350454960113
4.17  -1.194622350920664  4.350555074973367
4.18  -1.0876810187117296  4.216603817239933
4.19  -0.9802486193079784  4.080589493637145
4.2  -0.8723685045513492  3.9426054764954137
4.21  -0.7640852492929522  3.8027455972215347
4.22  -0.6554445591445557  3.661104046958536
4.23  -0.5464931743508091  3.5177752795117505
4.24  -0.4372787701709844  3.372853916765005
4.25  -0.32784985417515794  3.2264346568046065
4.26  -0.21825566087556564  3.07861218496249
4.2700000000000005  -0.10854604412754428  2.9294810879832283
4.28  0.0012286322524301862  2.7791357715128666
4.29  0.11101760519273036  2.6276703811006126
4.3  0.22076982392707475  2.4751787268979015
4.3100000000000005  0.3304340619310053  2.3217542122325967
4.32  0.4399590287477036  2.167489766229764
4.33  0.5492934812095339  2.0124777806442813
4.34  0.6583863335554587  1.856810051065572
4.3500000000000005  0.7671867659395895  1.7005777226492147
4.36  0.8756443308212283  1.5438712405270183
4.37  0.983709056723415  1.386780305043499
4.38  1.0913315488425273  1.2293938319658115
4.39  1.1984630859887657  1.0717999178134288
4.4  1.3050557133330434  0.9140858104563307
4.41  1.411062330431692  0.7563378851341185
4.42  1.5164367739952282  0.5986416260552514
4.43  1.6211338948603167  0.4410816137456074
4.44  1.7251096286157857  0.2837415183291595
4.45  1.8283210593216201  0.1267040989415713
4.46  1.9307264757451645  -0.02994879049924516
4.47  2.0322854195188924  -0.1861361889115253
4.48  2.1329587245991397  -0.34177800876649234
4.49  2.232708547372488  -0.4967950095664118
4.5  2.3314983867156718  -0.6511087636907291
4.51  2.429293093262291  -0.8046416141469673
4.5200000000000005  2.526058867064348  -0.957316623678992
4.53  2.6217632427542448  -1.1090575145809958
4.54  2.7163750612105058  -1.2597885984403119
4.55  2.8098644266023363  -1.4094346948778194
4.5600000000000005  2.9022026475297817  -1.557921038168279
4.57  2.9933621607785126  -1.7051731703936166
4.58  3.0833164359635625  -1.851116819503302
4.59  3.17203985903148  -1.9956777603124394
4.6000000000000005  3.2595075922117203  -2.138781656046687
4.61  3.3456954075353456  -2.280353877522288
4.62  3.430579490449016  -2.420319296403891
4.63  3.51413620931164  -2.5586020481793383
4.64  3.596341845630008  -2.6951252594857102
4.65  3.6771722787129457  -2.8298107331574545
4.66  3.7566026169297984  -2.962578582769788
4.67  3.834606765853633  -3.093346806419777
4.68  3.9111569211233292  -3.222030786887108
4.69  3.986222970701299  -3.34854270196745
4.7  4.059771787097554  -3.472790824423173
4.71  4.131766384754558  -3.5946786853111887
4.72  4.202164910690455  -3.714104066950241
4.73  4.270919427051638  -3.830957781819165
4.74  4.337974431535907  -3.945122180290487
4.75  4.403265044433591  -4.056469311953615
4.76  4.466714767436792  -4.164858640408067
4.7700000000000005  4.528232686651569  -4.270134176931176
4.78  4.587709946334701  -4.3721208500487005
4.79  4.645015254589346  -4.470619859255446
4.8  4.699989088086242  -4.565402661934558
4.8100000000000005  4.752436124942256  -4.656203097227977
4.82  4.802115229421861  -4.74270693418779
4.83  4.84872600040663  -4.824537803202648
4.84  4.891890413061398  -4.901237961467044
4.8500000000000005  4.931127319550054  -4.972241539008324
4.86  4.965816336452196  -5.036836607632608
4.87  4.995145583545592  -5.094110242292644
4.88  5.018034195967693  -5.142867013070084
4.89  5.0330142383751335  -5.181504717454993
4.9  5.03804503391363  -5.207818928336382
4.91  5.030210531175064  -5.2186843515386085
4.92  5.005204990457615  -5.2095132314404875
4.93  4.956415119998026  -5.173288722647674
4.94  4.873184850256474  -5.098737396175102
4.95  4.73730440045708  -4.966631561235618
4.96  4.515327517520275  -4.741697928680065
4.97  4.140324449651596  -4.353400912246027
4.98  3.4665965301113926  -3.6482557285351827
4.99  2.1832535728253952  -2.2988675680485664
5.0  4.807417545827625e-14  -5.062807204085364e-14
5.01  -2.220774708009483  2.3382849896102447
5.0200000000000005  -3.586805310330233  3.7744981252547833
5.03  -4.3576344519138335  4.581492985712858
5.04  -4.834251270390858  5.076188265599889
5.05  -5.159532553746295  5.4090315934378665
5.0600000000000005  -5.399463313545587  5.649494509431875
5.07  -5.587115006159268  5.832385931742006
5.08  -5.740526647359254  5.976684507003175
5.09  -5.870267176521952  6.0935035842058305
5.1000000000000005  -5.982900801586338  6.189741136547371
5.11  -6.082702875733031  6.269887068004961
5.12  -6.172568749289427  6.336980512699793
5.13  -6.254523549736711  6.3931468013699755
5.14  -6.330022379364568  6.4399136758416855
5.15  -6.400134601159545  6.47840541120355
5.16  -6.465661095716237  6.50946633233401
5.17  -6.527211229682795  6.533741889802295
5.18  -6.585254777721388  6.551733349152585
5.19  -6.640157805130235  6.563835580630685
5.2  -6.692208006210971  6.57036373726934
5.21  -6.741632947100232  6.571572453881176
5.22  -6.788613432933569  6.567669905206712
5.23  -6.833293461059351  6.558828262939165
5.24  -6.875787742737674  6.545191586546745
5.25  -6.916187466013188  6.526881856580257
5.26  -6.954564768215598  6.504003644052689
5.2700000000000005  -6.990976249387731  6.4766477650309255
5.28  -7.02546576427662  6.444894170938636
5.29  -7.058066665563474  6.408814256661762
5.3  -7.0888036253101365  6.368472720427215
5.3100000000000005  -7.117694129025849  6.323929075126723
5.32  -7.144749713253339  6.27523888601097
5.33  -7.169977000419558  6.22245479161995
5.34  -7.193378572043988  6.165627351497112
5.3500000000000005  -7.214953711973289  6.104805754314776
5.36  -7.23469904422617  6.040038412581523
5.37  -7.2526090846605324  5.9713734644482575
5.38  -7.268676721568907  5.898859198807933
5.39  -7.2828936371465876  5.822544416555553
5.4  -7.295250679325266  5.742478738293362
5.41  -7.305738191551768  5.658712866750501
5.42  -7.314346306589956  5.571298810602644
5.43  -7.321065209238502  5.4802900751261925
5.44  -7.325885371917666  5.385741824127188
5.45  -7.328797766329716  5.287711016791894
5.46  -7.329794053799509  5.186256522469185
5.47  -7.328866756422275  5.081439215882944
5.48  -7.326009410760384  4.973322054857863
5.49  -7.321216705520877  4.861970142306487
5.5  -7.3144846043960365  4.747450773951896
5.51  -7.305810455048345  4.629833473037753
5.5200000000000005  -7.295193085060014  4.509190013095516
5.53  -7.282632885537979  4.38559442968967
5.54  -7.268131882962376  4.259123021939915
5.55  -7.2516937997852695  4.12985434451953
5.5600000000000005  -7.233324104222555  3.9978691907473065
5.57  -7.213030049633093  3.863250567323589
5.58  -7.1908207038419665  3.7260836612062476
5.59  -7.1667069687377785  3.586455799078085
5.6000000000000005  -7.140701590455065  3.444456399821016
5.61  -7.112819160440795  3.3001769203832034
5.62  -7.0830761076974875  3.153710795401778
5.63  -7.051490682493611  3.0051533709255445
5.64  -7.018082931833646  2.8546018325667655
5.65  -6.982874666985077  2.702155128400224
5.66  -6.945889423366687  2.5479138869185882
5.67  -6.907152413111503  2.391980330346526
5.68  -6.866690470628151  2.2344581836112214
5.69  -6.824531991495624  2.0754525792634686
5.7  -6.7807068650384785  1.9150699586410391
5.71  -6.735246400941611  1.753417969564504
5.72  -6.688183250276194  1.5906053608548516
5.73  -6.639551321320308  1.4267418739618163
5.74  -6.589385690569584  1.2619381319915406
5.75  -6.53772250934418  1.0963055264220154
5.76  -6.484598906408912  0.9299561017952289
5.7700000000000005  -6.430052887032628  0.7630024386740345
5.78  -6.374123228921554  0.5955575351523245
5.79  -6.316849375468436  0.4277346872056917
5.8  -6.258271326765603  0.25964736816970607
5.8100000000000005  -6.198429528834723  0.09140910763090902
5.82  -6.1373647615295335  -0.0768666299852673
5.83  -6.075118025569695  -0.24506656684835676
5.84  -6.011730429164512  -0.4130777328989873
5.8500000000000005  -5.947243074684359  -0.580787586491746
5.86  -5.881696945834847  -0.7480841342320839
5.87  -5.815132795784908  -0.9148560497395922
5.88  -5.7475910366943035  -1.0809927910740578
5.89  -5.679111631078738  -1.2463847165664952
5.9  -5.6097339854420465  -1.4109231988032906
5.91  -5.539496846594809  -1.5745007365176231
5.92  -5.468438201066671  -1.737011064150113
5.93  -5.396595178006614  -1.8983492588474435
5.94  -5.32400395595073  -2.058411844676659
5.95  -5.250699673820858  -2.217096893840748
5.96  -5.176716346500138  -2.374304124691055
5.97  -5.102086785312877  -2.5299349963410034
5.98  -5.026842523716313  -2.6838927996965065
5.99  -4.951013748490784  -2.8360827447282895
6.0  -4.874629236692641  -2.9864120438230977
6.01  -4.7977162986116655  -3.1347899910614325
6.0200000000000005  -4.72030072695033  -3.281128037281947
6.03  -4.642406752417809  -3.4253398608039944
6.04  -4.56405700590616  -3.5673414336929543
6.05  -4.485272487390119  -3.707051083464932
6.0600000000000005  -4.40607254166531  -3.84438955014076
6.07  -4.326474841012747  -3.9792800385722007
6.08  -4.246495374850209  -4.111648265976394
6.09  -4.166148446403775  -4.241422504627965
6.1000000000000005  -4.085446676404744  -4.368533619671726
6.11  -4.004401013790279  -4.492915102032372
6.12  -3.9230207533578354  -4.614503096410987
6.13  -3.8413135602969697  -4.733236424371614
6.140000000000001  -3.7592855014943747  -4.849056602534626
6.15  -3.67694108348226  -4.961907855906892
6.16  -3.59428329687345  -5.071737126391755
6.17  -3.5113136671016596  -5.178494076534823
6.18  -3.428032311260615  -5.282131088574371
6.19  -3.3444380008117838  -5.382603258877463
6.2  -3.260528229907453  -5.479868387855218
6.21  -3.1762992890541266  -5.573886965462355
6.22  -3.0917463438203185  -5.664622152397598
6.23  -3.006863518272746  -5.752039757132724
6.24  -2.9216439828070815  -5.836108208908567
6.25  -2.8360800460214826  -5.916798526846498
6.26  -2.750163250266097  -5.9940842853335345
6.2700000000000005  -2.6638844704865714  -6.067941575848498
6.28  -2.57723401596749  -6.138348965405213
6.29  -2.490201734569625  -6.205287451796795
6.3  -2.402777119045555  -6.2687404158325055
6.3100000000000005  -2.314949415009973  -6.328693570765622
6.32  -2.2267077301343874  -6.385134909116826
6.33  -2.1380411441311504  -6.438054647103422
6.34  -2.0489388190886633  -6.487445166889294
6.3500000000000005  -1.9593901097181974  -6.533300956875075
6.36  -1.8693846730730594  -6.57561855025123
6.37  -1.7789125773024776  -6.614396462039958
6.38  -1.6879644090070405  -6.649635124853554
6.390000000000001  -1.5965313787671496  -6.681336823598635
6.4  -1.5046054244233378  -6.709505629356166
6.41  -1.4121793116959884  -6.734147332667347
6.42  -1.3192467317422918  -6.755269376454541
6.43  -1.2258023952600583  -6.7728807888052165
6.44  -1.1318421227612552  -6.786992115844575
6.45  -1.0373629306534564  -6.797615354919846
6.46  -0.9423631127829907  -6.80476388831563
6.47  -0.8468423171116436  -6.808452417715577
6.48  -0.7508016172175189  -6.8086968996207675
6.49  -0.65424357833066  -6.8055144819297775
6.5  -0.557172317635227  -6.798923441879231
6.51  -0.4595935585923488  -6.788943125536946
6.5200000000000005  -0.3615146790610733  -6.775593889032515
6.53  -0.26294475301852716  -6.758897041702302
6.54  -0.163894585705602  -6.738874791317373
6.55  -0.06437674204991568  -6.715550191554125
6.5600000000000005  0.03559443175621818  -6.688947091857811
6.57  0.13600279361850712  -6.659090089839555
6.58  0.23683039791272972  -6.626004486336925
6.59  0.33805749490747317  -6.589716243257787
6.6000000000000005  0.4396625372520057  -6.550251944315935
6.61  0.5416221935155613  -6.507638758755857
6.62  0.6439113687377707  -6.461904408152231
6.63  0.74650323192191  -6.413077136358104
6.640000000000001  0.8493692503765117  -6.3611856826634945
6.65  0.9524792307834682  -6.306259258214011
6.66  1.0558013668453763  -6.248327525726726
6.67  1.1593022933388173  -6.187420582528025
6.68  1.2629471463755355  -6.123568946925781
6.69  1.3666996296494096  -6.056803547915511
6.7  1.4705220864238793  -5.987155718207849
6.71  1.5743755769920877  -5.914657190551963
6.72  1.678219961320703  -5.839340097317587
6.73  1.782013986568381  -5.761236973285742
6.74  1.885715379150839  -5.680380761586504
6.75  1.9892809410067764  -5.596804822710052
6.76  2.09266664970242  -5.5105429465060585
6.7700000000000005  2.1958277619979962  -5.421629367074834
6.78  2.2987189204852623  -5.330098780442937
6.79  2.401294262894059  -5.235986364905214
6.8  2.503507533654626  -5.139327803905088
6.8100000000000005  2.605312197294469  -5.040159311315208
6.82  2.7066615532405476  -4.938517658971101
6.83  2.8075088515928424  -4.83444020630164
6.84  2.9078074094310034  -4.7279649318919015
6.8500000000000005  3.007510727213808  -4.619130466806109
6.86  3.106572604830851  -4.5079761294911345
6.87  3.204947256867129  -4.3945419620742925
6.88  3.3025894266441362  -4.2788687678632025
6.890000000000001  3.399454498605707  -4.160998149850104
6.9  3.4954986086234787  -4.040972550018054
6.91  3.5906787518046084  -3.9188352892423635
6.92  3.684952887394031  -3.794630607577299
6.93  3.7782800403748684  -3.6684037047150837
6.94  3.870620399383393  -3.5402007804023756
6.95  3.9619354105688513  -3.4100690745975513
6.96  4.052187867044588  -3.2780569071521706
6.97  4.141341993593641  -3.144213716799247
6.98  4.229363526310315  -3.0085900992322423
6.99  4.31621978687899  -2.871237844059551
7.0  4.401879751212125  -2.7322099704221516
7.01  4.486314112191075  -2.5915607610641147
7.0200000000000005  4.569495336276297  -2.4493457946496426
7.03  4.6513977137771025  -2.3056219761245007
7.04  4.731997402596013  -2.1604475649240813
7.05  4.811272465287317  -2.0138822008366435
7.0600000000000005  4.889202899295958  -1.8659869273356013
7.07  4.965770660268985  -1.716824212202116
7.08  5.0409596783585755  -1.566457965265958
7.09  5.114755867462723  -1.414953553101374
7.1000000000000005  5.187147127377152  -1.2623778105223191
7.11  5.2581233388593525  -1.1087990487311097
7.12  5.327676351633016  -0.954287059983354
7.13  5.395799965388407  -0.7989131186428968
7.140000000000001  5.462489903861546  -0.6427499785100443
7.15  5.527743782101448  -0.4858718663178498
7.16  5.591561067061435  -0.3283544713017913
7.17  5.653943031675891  -0.17027493076055195
7.18  5.714892702609506  -0.01171181153669463
7.19  5.77441480188998  0.14725491264141358
7.2  5.832515682659308  0.30654388800266574
7.21  5.889203259301104  0.4660724117954134
7.22  5.944486932223307  0.6257564675893714
7.23  5.998377507596229  0.7855107648258113
7.24  6.050887112365409  0.9452487826109796
7.25  6.102029104876922  1.104882817735392
7.26  6.151817981469602  1.264324036887759
7.2700000000000005  6.200269279404526  1.4234825330202145
7.28  6.247399476515735  1.5822673858079455
7.29  6.293225887979252  1.7405867261342176
7.3  6.337766560608085  1.8983478045182731
7.3100000000000005  6.381040165090847  2.0554570633920224
7.32  6.423065886599035  2.211820213118544
7.33  6.463863314194602  2.367342311634134
7.34  6.5034523294737925  2.521927847583101
7.3500000000000005  6.5418529948860975  2.6754808268040944
7.36  6.579085442168326  2.82790486201509
7.37  6.615169761333323  2.979103265534281
7.38  6.650125890650431  3.1289791448631887
7.390000000000001  6.683973508050922  3.277435500949482
7.4  6.716731924385975  3.4243753289372045
7.41  6.748419978957485  3.569701721204124
7.42  6.779055937732903  3.7133179724770313
7.43  6.808657394644961  3.8551276868091073
7.44  6.837241176364985  3.995034886196128
7.45  6.8648232509247435  4.132944120602016
7.46  6.891418640546947  4.26876057915902
7.47  6.917041339027923  4.402390202302092
7.48  6.94170423399817  4.533739794593491
7.49  6.965419034367539  4.662717137989428
7.5  6.988196203241488  4.789231105298242
7.51  7.0100448965734845  4.913191773576613
7.5200000000000005  7.030972907796218  5.034510537209619
7.53  7.050986618651008  5.153100220419061
7.54  7.0700909564106205  5.268875188944968
7.55  7.088289357665631  5.381751460645246
7.5600000000000005  7.105583738818988  5.4916468147604505
7.57  7.121974473407256  5.598480899592317
7.58  7.137460376340307  5.702175338347977
7.59  7.152038695124317  5.802653832904757
7.6000000000000005  7.165705108105611  5.899842265255287
7.61  7.1784537297456215  5.993668796397114
7.62  7.19027712290966  6.0840639624370905
7.63  7.201166318124947  6.170960767686469
7.640000000000001  7.211110839736099  6.254294774530125
7.65  7.22009873885936  6.334004189860442
7.66  7.228116633010353  6.410029947874826
7.67  7.235149752254059  6.482315789044128
7.68  7.2411819917002855  6.550808335068876
7.69  7.24619597014308  6.615457159649771
7.7  7.250173094618561  6.676214854909134
7.71  7.253093630632547  6.733037093310925
7.72  7.254936777787135  6.785882684937817
7.73  7.255680750514329  6.8347136299955915
7.74  7.255302863604805  6.879495166426923
7.75  7.253779622201145  6.920195812529005
7.76  7.251086815907373  6.9567874044817755
7.7700000000000005  7.247199616650489  6.98924512870663
7.78  7.242092679914981  7.017547548988226
7.79  7.235740248957991  7.041676628305494
7.8  7.228116261601177  7.061617745331084
7.8100000000000005  7.219194459184984  7.077359705572087
7.82  7.2089484972626465  7.088894747138405
7.83  7.1973520576041725  7.096218541138623
7.84  7.184378961075397  7.099330186716887
7.8500000000000005  7.170003280953574  7.098232200757719
7.86  7.154199456239105  7.092930502299169
7.87  7.136942404522878  7.083434391707938
7.88  7.118207633970128  7.069756524683246
7.890000000000001  7.097971353985148  7.051912881169137
7.9  7.07621058412598  7.0299227292675255
7.91  7.052903260844778  7.003808584256712
7.92  7.028028341638009  6.973596162832181
7.930000000000001  7.001565906200304  6.939314332698126
7.94  6.973497254187272  6.900995057649564
7.95  6.943804999205616  6.858673338295705
7.96  6.912473158663311  6.812387148585848
7.97  6.879487239128465  6.762177368308891
7.98  6.844834316862648  6.708087711747101
7.99  6.808503113213268  6.65016465267375
8.0  6.770484064568971  6.58845734589243
8.01  6.730769386603224  6.5230175455239126
8.02  6.68935313255311  6.453899520253316
8.03  6.646231245303354  6.381159965757089
8.040000000000001  6.601401603069282  6.304857914535099
8.05  6.554864058497449  6.225054643378535
8.06  6.506620471027449  6.141813578708464
8.07  6.456674732385029  6.055200200024473
8.08  6.4050327851024695  5.965281941705248
8.09  6.351702633989555  5.87212809340592
8.1  6.296694350505329  5.775809699298519
8.11  6.24002007000821  5.676399456403001
8.120000000000001  6.18169398188967  5.573971612256574
8.13  6.121732312623937  5.468601862168798
8.14  6.060153301793409  5.360367246308468
8.15  5.996977171176803  5.249346046866855
8.16  5.932226087013556  5.1356176855391755
8.17  5.865924115584415  5.019262621562799
8.18  5.798097172273703  4.900362250547002
8.19  5.728772964304224  4.778998804324349
8.2  5.657980927359776  4.65525525204859
8.21  5.585752156333849  4.529215202758029
8.22  5.512119330466032  4.400962809617066
8.23  5.437116633148536  4.270582676040735
8.24  5.36077966670669  4.138159763900685
8.25  5.283145362475602  4.003779304001496
8.26  5.204251886514068  3.867526709008274
8.27  5.124138541313085  3.7294874889969125
8.28  5.042845663871732  3.589747169788732
8.290000000000001  4.960414520527441  3.4483912142210316
8.3  4.87688719893962  3.3055049464946293
8.31  4.79230649763684  3.161173479728177
8.32  4.706715813546882  3.015481646838143
8.33  4.620159027936723  2.868513934851635
8.34  4.532680391195466  2.7203544227471914
8.35  4.44432440689745  2.5710867229067573
8.36  4.355135715585761  2.420793926249735
8.370000000000001  4.265158978716735  2.269558551107507
8.38  4.174438763205971  2.1174624958843826
8.39  4.083019427012971  1.9645869955378579
8.4  3.9909450061983773  1.8110125818992666
8.41  3.898259103881093  1.65681904784196
8.42  3.8050047815152985  1.5020854152928034
8.43  3.711224452898559  1.3468899070691964
8.44  3.6169597813108383  1.1913099225118877
8.45  3.522251580172591  1.0354220168713983
8.46  3.4271397175958818  0.879301884393708
8.47  3.3316630251873387  0.7230243450391672
8.48  3.235859211445242  0.5666633347565819
8.49  3.1397647800748945  0.4102918992234674
8.5  3.043414953527485  0.25398219095245683
8.51  2.946843602046818  0.09780546965289671
8.52  2.8500831784873006  -0.05816789427320814
8.53  2.753164659143747  -0.2138684132317226
8.540000000000001  2.6561174908100207  -0.36922747307344833
8.55  2.558969544259807  -0.5241773210165658
8.56  2.461747074316831  -0.6786510510120294
8.57  2.36447468665736  -0.8325825867163764
8.58  2.2671753114603863  -0.9859066622448645
8.59  2.1698701839951977  -1.1385588008831942
8.6  2.0725788322084515  -1.2904752919430857
8.61  1.9753190713457354  -1.4415931659518335
8.620000000000001  1.8781070056154054  -1.5918501683708965
8.63  1.7809570368749748  -1.7411847320425085
8.64  1.683881880292684  -1.8895359485671872
8.65  1.5868925869103598  -2.0368435388169694
8.66  1.4899985730063465  -2.1830478227919285
8.67  1.393207656131035  -2.3280896890288822
8.68  1.2965260976613557  -2.4719105637712104
8.69  1.1999586516956686  -2.6144523801094697
8.700000000000001  1.1035086200854167  -2.7556575473012965
8.71  1.007177913376273  -2.895468920477687
8.72  0.9109671174083305  -3.0338297709410256
8.73  0.8148755653033701  -3.1706837572567523
8.74  0.7189014145457691  -3.3059748973376455
8.75  0.6230417288440078  -3.4396475417155994
8.76  0.5272925644414397  -3.571646348190341
8.77  0.4316490605274107  -3.701916258039914
8.78  0.3361055333838695  -3.8304024739711835
8.790000000000001  0.24065557388860573  -3.957050439982222
8.8  0.14529214798256548  -4.081805823301022
8.81  0.05000769969785359  -4.204614498557627
8.82  -0.04520574366732103  -4.325422534337854
8.83  -0.14035646464841883  -4.444176182258423
8.84  -0.23545294741757355  -4.560821868694151
8.85  -0.330503768723392  -4.675306189277513
8.86  -0.42551748840386233  -4.787575906281396
8.870000000000001  -0.5205025399110303  -4.8975779489849804
8.88  -0.6154671212849809  -5.005259417111808
8.89  -0.7104190870139011  -5.110567587418198
8.9  -0.8053658412122225  -5.213449923498149
8.91  -0.900314232544482  -5.313854088859701
8.92  -0.9952704513152726  -5.411727963315353
8.93  -1.0902399291367233  -5.507019662717437
8.94  -1.1852272415753866  -5.599677562056572
8.950000000000001  -1.280236014167915  -5.689650321929531
8.96  -1.3752688321819417  -5.776886918370005
8.97  -1.4703271544839729  -5.8613366760237815
8.98  -1.5654112318589846  -5.942949304636916
8.99  -1.6605200301099314  -6.021674938813675
9.0  -1.7556511582453482  -6.097464180988417
9.01  -1.8508008020439777  -6.170268147543816
9.02  -1.9459636632632873  -6.240038517995535
9.03  -2.0411329047367808  -6.30672758715213
9.040000000000001  -2.1363001015816225  -6.3702883201473535
9.05  -2.2314551987132663  -6.4306744102308135
9.06  -2.3265864748395875  -6.487840339192411
9.07  -2.4216805130800676  -6.541741440285104
9.08  -2.5167221783299727  -6.592333963500945
9.09  -2.611694601462146  -6.63957514304531
9.1  -2.7065791704313296  -6.683423266845503
9.11  -2.8013555283187226  -6.723837747920826
9.120000000000001  -2.8960015783258637  -6.760779197433417
9.13  -2.990493495699081  -6.794209499231387
9.14  -3.0848057465378367  -6.824091885688977
9.15  -3.1789111134112855  -6.850391014641804
9.16  -3.2727807276805225  -6.873073047209802
9.17  -3.3663841083952297  -6.892105726295204
9.18  -3.4596892076069037  -6.907458455538544
9.19  -3.5526624619132146  -6.9191023785119725
9.200000000000001  -3.64526885002201  -6.927010457926118
9.21  -3.737471956097571  -6.931157554624575
9.22  -3.8292340386263706  -6.931520506138493
9.23  -3.92051610451535  -6.928078204573058
9.24  -4.011277988111794  -6.92081167359772
9.25  -4.1014784348115  -6.909704144312806
9.26  -4.1910751888994815  -6.894741129766873
9.27  -4.280025085246792  -6.875910497901556
9.28  -4.368284144467013  -6.853202542704053
9.290000000000001  -4.45580767111647  -6.826610053351444
9.3  -4.542550354504409  -6.796128381136114
9.31  -4.628466371662147  -6.761755503967376
9.32  -4.713509492003497  -6.723492088251171
9.33  -4.797633183193529  -6.681341547957355
9.34  -4.880790717727875  -6.63531010069271
9.35  -4.962935279710705  -6.585406820607297
9.36  -5.044020071305614  -6.531643687972216
9.370000000000001  -5.1239984183206415  -6.47403563527853
9.38  -5.202823874375264  -6.412600589719537
9.39  -5.280450323084075  -6.34735951193219
9.4  -5.35683207767771  -6.278336430888603
9.41  -5.431923977467385  -6.205558474844421
9.42  -5.505681480543407  -6.129055898268474
9.43  -5.578060752080172  -6.048862104697222
9.44  -5.649018747600139  -5.965013665477778
9.450000000000001  -5.718513290526053  -5.877550334386401
9.46  -5.786503143322584  -5.786515058133422
9.47  -5.852948071496479  -5.69195398279268
9.48  -5.917808899683853  -5.593916456223536
9.49  -5.981047559006277  -5.492455026586173
9.5  -6.042627124818574  -5.387625437087706
9.51  -6.102511843900632  -5.279486617137827
9.52  -6.160667150059014  -5.168100670139213
9.53  -6.2170596669979075  -5.0535328581904855
9.540000000000001  -6.271657197189514  -4.935851584040561
9.55  -6.324428695314225  -4.8151283707028
9.56  -6.375344224645688  -4.691437839218567
9.57  -6.424374894514318  -4.564857685155947
9.58  -6.471492776686237  -4.43546865454146
9.59  -6.516670798127257  -4.303354520057632
9.6  -6.559882607166612  -4.16860205850053
9.61  -6.601102409510375  -4.031301030687096
9.620000000000001  -6.640304769849749  -3.891544165239963
9.63  -6.677464373928403  -3.7494271479710286
9.64  -6.71255574482593  -3.605048618946315
9.65  -6.745552905816993  -3.458510179767452
9.66  -6.776428980394245  -3.309916414171604
9.67  -6.805155717782947  -3.159374925770004
9.68  -6.831702929377325  -3.0069963976604313
9.69  -6.856037817786797  -2.8528946798252353
9.700000000000001  -6.878124175317639  -2.6971869117496183
9.71  -6.897921422348139  -2.5399936896855304
9.72  -6.915383447652066  -2.3814392906069712
9.73  -6.930457201540466  -2.2216519683892235
9.74  -6.943080977668256  -2.060764342422416
9.75  -6.953182298974618  -1.8989139052151445
9.76  -6.960675295293993  -1.736243684241311
9.77  -6.965457421452687  -1.5729031053447247
9.78  -6.967405310329043  -1.4090491219503196
9.790000000000001  -6.966369478097224  -1.2448476984246533
9.8  -6.962167487456008  -1.0804757707070936
9.81  -6.954575011462373  -0.9161238583172632
9.82  -6.943313997555779  -0.7519995778670125
9.83  -6.928036762709442  -0.588332423666399
9.84  -6.908304280123383  -0.4253803599606007
9.85  -6.88355601523986  -0.26343905291039993
9.86  -6.853067205549058  -0.10285503099478904
9.870000000000001  -6.815887041337131  0.055955168755115456
9.88  -6.770747020512184  0.21247648846863448
9.89  -6.715921320891732  0.36605173532478097
9.9  -6.649007326699663  0.5158127699345241
9.91  -6.566568041514944  0.6605679693294935
9.92  -6.463524685446424  0.7986102895437217
9.93  -6.332073387682737  0.9273733202195649
9.94  -6.1596388798726425  1.0427777681152481
9.950000000000001  -5.92473879988679  1.1379003612387748
9.96  -5.5879486367271385  1.200033323658935
9.97  -5.070500254275314  1.2035936588547331
9.98  -4.20145365431915  1.0919941813854896
9.99  -2.61881906744302  0.7394496970235214
10.0  -1.141490029161119e-13  3.4783617660064093e-14
