0.0  0.0  0.0
0.01  0.9497716318734599  -2.0207263211403457
0.02  1.5766985304142915  -3.1776932956063533
0.03  1.966638744193874  -3.7561777443222524
0.04  2.2375752291705115  -4.051255935089347
0.05  2.4468452516128507  -4.200419870864221
0.06  2.6211742039798405  -4.266709715796829
0.07  2.7740170697294126  -4.281624266535551
0.08  2.9127277352063037  -4.262336558752422
0.09  3.041615683967641  -4.2189265997060215
0.1  3.163353579400086  -4.157682141283639
0.11  3.2796765799666914  -4.082728450877897
0.12  3.3917536681845406  -3.9968897280305504
0.13  3.5003963370909843  -3.90217145895831
0.14  3.6061816787325665  -3.8000440522792913
0.15  3.7095280518119353  -3.6916167256712265
0.16  3.8107432892767794  -3.5777479991277583
0.17  3.910056381807069  -3.459118120103378
0.18  4.00763887855601  -3.3362778403990863
0.19  4.103619697359959  -3.209682058454485
0.2  4.198095599000755  -3.0797135171379475
0.21  4.291138741588841  -2.946699812270504
0.22  4.382802227159323  -2.810925806109817
0.23  4.473124241400304  -2.6726428242027565
0.24  4.562131190584034  -2.5320755617626816
0.25  4.649840112477572  -2.389427333605334
0.26  4.736260554032093  -2.2448841091550054
0.27  4.821396052228832  -2.098617644800398
0.28  4.905245315913075  -1.9507879376595085
0.29  4.987803179705058  -1.8015451636502522
0.3  5.069061382258461  -1.6510312197497483
0.31  5.149009207720684  -1.4993809596722587
0.32  5.227634019566978  -1.346723190081656
0.33  5.304921708914212  -1.193181478316846
0.34  5.380857074208831  -1.0388748107061787
0.35000000000000003  5.455424145302687  -0.8839181316798247
0.36  5.528606462014434  -0.7284227872210759
0.37  5.600387315064448  -0.5724968911387075
0.38  5.670749955584049  -0.41624562877248145
0.39  5.739677778102084  -0.2597715097597737
0.4  5.8071544809075455  -0.10317457917326704
0.41000000000000003  5.87316420690467  0.05344740547403539
0.42  5.937691667464744  0.2099988252886496
0.43  6.000722251297259  0.3663860741859255
0.44  6.062242119982886  0.5225174521766833
0.45  6.122238291509479  0.6783030744438071
0.46  6.180698712913134  0.833654793486096
0.47000000000000003  6.237612322936046  0.9884861320811881
0.48  6.292969105461387  1.1427122252061876
0.49  6.346760134364935  1.2962497693717858
0.5  6.398977610327442  1.4490169780867672
0.51  6.449614890075892  1.600933542385951
0.52  6.498666508462069  1.7519205955341157
0.53  6.546128193740256  1.901900681168394
0.54  6.591996876369571  2.050797724267149
0.55  6.636270691639085  2.198537004439024
0.56  6.678948976393191  2.345045131114943
0.5700000000000001  6.720032260119807  2.490250020301409
0.58  6.75952225065371  2.634080872617484
0.59  6.797421814740708  2.7764681523924524
0.6  6.833734953704724  2.9173435676477277
0.61  6.868466774458635  3.0566400508263523
0.62  6.9016234561002765  3.19429174016749
0.63  6.9332122123371285  3.330233961652412
0.64  6.963241249986184  3.464403211473451
0.65  6.991719723799409  3.59673713899863
0.66  7.018657687869506  3.7271745302228854
0.67  7.044066043875229  3.855655291712144
0.68  7.067956486430175  3.982120435059605
0.6900000000000001  7.090341445803518  4.106512061884416
0.7000000000000001  7.111234028285374  4.2287733494120445
0.71  7.130647954473448  4.348848536682964
0.72  7.148597495761067  4.466682911442302
0.73  7.165097409309468  4.582222797767545
0.74  7.180162871789527  4.695415544494952
0.75  7.193809412179559  4.8062095145075645
0.76  7.206052843906541  4.914554074949106
0.77  7.216909196618061  5.020399588428534
0.78  7.226394647871319  5.123697405279665
0.79  7.234525455023704  5.224399856939314
0.8  7.241317887606765  5.322460250505546
0.81  7.246788160461765  5.41783286453542
0.8200000000000001  7.2509523679103935  5.510472946138652
0.8300000000000001  7.2538264192288855  5.600336709420234
0.84  7.25542597568723  5.687381335321219
0.85  7.255766389408031  5.771564972902559
0.86  7.254862644291272  5.852846742112261
0.87  7.252729299242312  5.931186738071116
0.88  7.249380433930443  6.0065460369069665
0.89  7.244829597294753  6.078886703161878
0.9  7.239089759002479  6.148171798790823
0.91  7.232173264052893  6.214365393764447
0.92  7.224091790706806  6.277432578282312
0.93  7.214856311908274  6.337339476596719
0.9400000000000001  7.204477060350855  6.3940532624407656
0.9500000000000001  7.192963497326138  6.447542176047797
0.96  7.180324285476993  6.497775542742837
0.97  7.166567265562331  6.544723793080062
0.98  7.15169943732419  6.588358484493709
0.99  7.13572694453151  6.628652324423352
1.0  7.118655064258386  6.665579194867954
1.01  7.100488200437738  6.699114178316664
1.02  7.081229881714373  6.729233584998098
1.03  7.06088276360435  6.75591498138359
1.04  7.039448634950518  6.779137219873966
1.05  7.016928428647127  6.798880469593452
1.06  6.993322236589458  6.815126248208759
1.07  6.968629328787799  6.8278574546859465
1.08  6.942848176568623  6.837058402892439
1.09  6.915976479769669  6.842714855946641
1.1  6.888011197819872  6.844814061213021
1.11  6.858948584579821  6.843344785836006
1.12  6.8287842268034655  6.838297352702147
1.1300000000000001  6.797513086067641  6.829663676716114
1.1400000000000001  6.765129544002192  6.817437301272811
1.1500000000000001  6.731627450640506  6.801613434804745
1.16  6.6970001756979665  6.7821889872811605
1.17  6.6612406625741825  6.759162606533083
1.18  6.624341484864186  6.73253471427649
1.19  6.586294905153826  6.702307541704268
1.2  6.54709293586549  6.668485164516464
1.21  6.506727401912242  6.631073537257536
1.22  6.465190004911206  6.590080526829032
1.23  6.422472388700825  6.545515945046049
1.24  6.378566205901411  6.497391580106423
1.25  6.333463185254183  6.445721226842342
1.26  6.287155199470833  6.39052071562544
1.27  6.2396343333235045  6.331807939798017
1.28  6.190892951703991  6.2696028815052145
1.29  6.140923767380991  6.203927635805347
1.3  6.089719908185186  6.134806432938531
1.31  6.0372749833541155  6.06226565863698
1.32  5.983583148771846  5.9863338723639385
1.33  5.928639170842662  5.907041823372257
1.34  5.872438488743148  5.824422464477929
1.35  5.814977274803196  5.738510963448625
1.36  5.7562524927736565  5.6493447119122315
1.37  5.6962619537463715  5.5569633316958225
1.3800000000000001  5.635004369501384  5.461408678511024
1.3900000000000001  5.5724794030659375  5.362724842907762
1.4000000000000001  5.508687716280637  5.260958148424478
1.41  5.443631014179619  5.1561571468694245
1.42  5.3773120860038395  5.048372610674272
1.43  5.309734842679551  4.937657522268184
1.44  5.2409043506076864  4.8240670604275655
1.45  5.1708268616240325  4.707658583564001
1.46  5.099509839004861  4.588491609920255
1.47  5.026961979407987  4.4666277946517905
1.48  4.953193230654782  4.3421309037788935
1.49  4.878214805274857  4.215066785002225
1.5  4.802039189751407  4.085503335382473
1.51  4.724680149421769  3.9535104658925495
1.52  4.646152729004651  3.819160062858698
1.53  4.566473248742232  3.682525946314753
1.54  4.485659296162329  3.5436838253015592
1.55  4.403729713482806  3.4027112501514187
1.56  4.320704580697082  3.259687561805105
1.57  4.236605194396437  3.114693838216637
1.58  4.151454042401174  2.9678128379084634
1.59  4.065274774288922  2.8191289407471243
1.6  3.9780921679242116  2.668728086016616
1.61  3.8899320921089253  2.5166977078737434
1.62  3.8008214654881534  2.363126668276527
1.6300000000000001  3.710788211860495  2.2081051874833757
1.6400000000000001  3.6198612120557145  2.051724772227036
1.6500000000000001  3.5280702525559144  1.8940781416734642
1.6600000000000001  3.4354459710489746  1.735259151281591
1.67  3.342019799114828  1.5753627146854075
1.68  3.247823902256232  1.4144847237250984
1.69  3.15289111749592  1.252721966758768
1.7  3.0572548887714186  1.0901720453908539
1.71  2.9609492003673035  0.9269332897575331
1.72  2.8640085086322076  0.7631046725132289
1.73  2.7664676722345667  0.5987857216657696
1.74  2.6683618812165637  0.43407643241078786
1.75  2.56972658511055  0.2690771781186619
1.76  2.4705974203856162  0.10388862062945106
1.77  2.3710101374946686  -0.06138837998679101
1.78  2.271000527793794  -0.2266528560455598
1.79  2.1706043506062254  -0.39180382307954154
1.8  2.0698572607024968  -0.55674037072601
1.81  1.9687947364668865  -0.7213617535094726
1.82  1.8674520090173679  -0.8855674813593648
1.83  1.7658639925426947  -1.049257409703263
1.84  1.6640652161154015  -1.2123318289772405
1.85  1.5620897572337464  -1.374691553396506
1.86  1.4599711773389434  -1.5362380088314578
1.87  1.3577424595462508  -1.6968733196366168
1.8800000000000001  1.2554359488199105  -1.8565003942827207
1.8900000000000001  1.1530832948124285  -2.015023009645381
1.9000000000000001  1.0507153975782466  -2.172345893807289
1.9100000000000001  0.9483623563608025  -2.328374807234861
1.92  0.8460534216398985  -2.483016622194516
1.93  0.7438169506136952  -2.636179400278436
1.94  0.6416803662762804  -2.7877724679145186
1.95  0.5396701202377844  -2.9377064897407377
1.96  0.43781165941947997  -3.085893539729508
1.97  0.3361293967412449  -3.232247169953693
1.98  0.2346466859032546  -3.3766824768919648
1.99  0.133385800347896  -3.519116165177704
2.0  0.032367916471585864  -3.659466608702239
2.0100000000000002  -0.06838689886021539  -3.797653908990096
2.02  -0.16885969645828208  -3.9335999507709807
2.0300000000000002  -0.26903264859560483  -4.067228454680547
2.04  -0.36888904843115794  -4.198465027029137
2.05  -0.4684133050858297  -4.3272372065855516
2.06  -0.5675909344014443  -4.453474508330242
2.07  -0.6664085454307058  -4.5771084641401085
2.08  -0.7648538227225403  -4.698072660375056
2.09  -0.8629155044834211  -4.816302772343849
2.1  -0.9605833567114648  -4.931736595635218
2.11  -1.0578481434155718  -5.044314074307378
2.12  -1.1547015930472135  -5.153977325937511
2.13  -1.2511363612869504  -5.260670663540004
2.14  -1.3471459903421785  -5.364340614370359
2.15  -1.4427248649258673  -5.464935935638868
2.16  -1.5378681650991497  -5.562407627165997
2.17  -1.6325718161725487  -5.656708941018399
2.18  -1.726832435872335  -5.747795388171933
2.19  -1.820647278988743  -5.835624742254849
2.2  -1.9140141797328971  -5.92015704043121
2.21  -2.006931492037869  -6.001354581491094
2.22  -2.0993980280474966  -6.079181921220532
2.23  -2.1914129950433816  -6.153605865130125
2.24  -2.282975931066753  -6.224595458627118
2.25  -2.3740866394967473  -6.292121974721233
2.2600000000000002  -2.464745122850775  -6.35615889935965
2.27  -2.5549515160756164  -6.416681914491581
2.2800000000000002  -2.644706019599877  -6.473668878967202
2.29  -2.7340088324192315  -6.527099807380087
2.3000000000000003  -2.822860085485896  -6.576956846965995
2.31  -2.9112597756723924  -6.623224252674374
2.32  -2.9992077005775286  -6.665888360532065
2.33  -3.086703394439179  -6.704937559421249
2.34  -3.1737460654140714  -6.740362261396182
2.35  -3.260334534479612  -6.772154870664977
2.36  -3.3464671762061995  -6.800309751364327
2.37  -3.43214186164147  -6.824823194256065
2.38  -3.5173559035393973  -6.845693382475209
2.39  -3.6021060041583124  -6.862920356459364
2.4  -3.686388205841662  -6.876505978189254
2.41  -3.7701978445846356  -6.886453894869569
2.42  -3.8535295067780875  -6.892769502178424
2.43  -3.936376989308874  -6.895459907212343
2.44  -4.018733263182521  -6.89453389125192
2.45  -4.100590440820634  -6.890001872471244
2.46  -4.181939747170904  -6.881875868711585
2.47  -4.262771494752971  -6.870169460437028
2.48  -4.3430750627478  -6.854897753986446
2.49  -4.422838880222817  -6.836077345232649
2.5  -4.50205041356856  -6.813726283755583
2.5100000000000002  -4.580696158206598  -6.787864037632224
2.52  -4.658761634611461  -6.75851145894124
2.5300000000000002  -4.736231388672865  -6.725690750075621
2.54  -4.8130889964072665  -6.689425430951384
2.5500000000000003  -4.889317073011217  -6.649740307194976
2.56  -4.964897286231657  -6.606661439386473
2.57  -5.039810374011872  -6.5602161134296635
2.58  -5.114036166354854  -6.5104328121141934
2.59  -5.187553611329516  -6.457341187928545
2.6  -5.260340805129107  -6.400972037176238
2.61  -5.332375026075183  -6.34135727544117
2.62  -5.403632772445343  -6.278529914441106
2.63  -5.474089803987766  -6.212524040301814
2.64  -5.54372118697144  -6.14337479327712
2.65  -5.612501342606915  -6.071118348933625
2.66  -5.680404098659537  -5.995791900811396
2.67  -5.747402744064285  -5.917433644565459
2.68  -5.813470086339982  -5.83608276358545
2.69  -5.878578511589325  -5.751779416084293
2.7  -5.942700046861329  -5.664564723639464
2.71  -6.005806424643352  -5.574480761164015
2.72  -6.067869149241561  -5.481570548277369
2.73  -6.12885956480123  -5.385878042039772
2.74  -6.188748924711868  -5.287448131007364
2.75  -6.247508462136571  -5.186326630558986
2.7600000000000002  -6.30510946140063  -5.082560279439371
2.77  -6.3615233299709155  -4.976196737457711
2.7800000000000002  -6.416721670755166  -4.867284584274754
2.79  -6.470676354448924  -4.7558733192062395
2.8000000000000003  -6.523359591657641  -4.642013361965236
2.81  -6.574744004522075  -4.52575605426106
2.82  -6.624802697577069  -4.407153662167848
2.83  -6.6735093275764985  -4.286259379171441
2.84  -6.720838172021161  -4.163127329799491
2.85  -6.766764196131253  -4.037812573735615
2.86  -6.8112631180109116  -3.91037111031565
2.87  -6.854311471759311  -3.780859883300522
2.88  -6.895886668290472  -3.6493367858182038
2.89  -6.93596705363287  -3.5158606653645257
2.9  -6.974531964489335  -3.3804913287511265
2.91  -7.0115617808485124  -3.2432895468871994
2.92  -7.04703797545011  -3.1043170592806817
2.93  -7.0809431599185535  -2.9636365781439054
2.94  -7.11326112739215  -2.821311791988432
2.95  -7.14397689148852  -2.67740736859399
2.96  -7.173076721460981  -2.531988957236958
2.97  -7.2005481734152825  -2.3851231900648098
2.98  -7.2263801174711135  -2.236877682504288
2.99  -7.250562760768509  -2.087321032592845
3.0  -7.27308766623511  -1.9365228191250234
3.0100000000000002  -7.2939477670465935  -1.7845535985079974
3.02  -7.313137376729105  -1.631484900223404
3.0300000000000002  -7.330652194869275  -1.4773892207958563
3.04  -7.346489308414264  -1.322340016172341
3.0500000000000003  -7.360647188561227  -1.1664116924203183
3.06  -7.373125683252502  -1.0096795946572925
3.0700000000000003  -7.3839260053097595  -0.8522199941285759
3.08  -7.393050716257007  -0.6941100733556905
3.09  -7.400503705898985  -0.535427909282413
3.1  -7.40629016773769  -0.3762524543517209
3.11  -7.410416570325809  -0.2166635154521738
3.12  -7.412890624671339  -0.05674173067870922
3.13  -7.413721247822908  0.10343145614101106
3.14  -7.41291852277984  0.2637738231969915
3.15  -7.410493654885177  0.4242024007595878
3.16  -7.406458924873213  0.5846335035832032
3.17  -7.40082763875603  0.74498276567247
3.18  -7.393614074745451  0.9051651774256232
3.19  -7.3848334274182506  1.065095125161839
3.2  -7.374501749342876  1.224686433032706
3.21  -7.362635890395675  1.383852407309741
3.22  -7.349253435003299  1.5425058830331737
3.23  -7.334372637555888  1.700559272998933
3.24  -7.318012356242471  1.8579246190540373
3.25  -7.300191985565991  2.014513645662334
3.2600000000000002  -7.280931387800248  2.1702378156958804
3.27  -7.260250823654994  2.325008388399139
3.2800000000000002  -7.238170882418233  2.4787364794666233
3.29  -7.21471241184668  2.631333123166766
3.3000000000000003  -7.189896448076011  2.782709336438495
3.31  -7.163744145822359  2.9327761848794127
3.3200000000000003  -7.13627670914509  3.0814448505385315
3.33  -7.107515323038554  3.228626701419367
3.34  -7.077481086117079  3.37423336259351
3.35  -7.046194944653029  3.518176788818444
3.36  -7.013677628222256  3.660369338547658
3.37  -6.979949587204911  3.800723849215946
3.38  -6.945030932382087  3.9391537136770496
3.39  -6.908941376860466  4.075572957666594
3.4  -6.871700180547938  4.209896318158097
3.41  -6.8333260973929635  4.342039322476228
3.42  -6.793837325589647  4.471918368027069
3.43  -6.753251460938597  4.599450802502283
3.44  -6.711585453541468  4.724555004410321
3.45  -6.668855567993565  4.847150463785798
3.46  -6.625077347225512  4.967157862925217
3.47  -6.580265580130326  5.084499156995844
3.48  -6.53443427309746  5.19909765436262
3.49  -6.487596625560037  5.310878096477374
3.5  -6.439765009645664  5.419766737173413
3.5100000000000002  -6.390950954005126  5.525691421208971
3.52  -6.341165131876838  5.628581661902558
3.5300000000000002  -6.290417353428248  5.728368717704507
3.54  -6.238716562398775  5.82498566754953
3.5500000000000003  -6.186070837051602  5.918367484837045
3.56  -6.132487395425253  6.0084511098875515
3.5700000000000003  -6.077972604858436  6.095175520726037
3.58  -6.022531995745345  6.1784818020457655
3.59  -5.966170279461697  6.258313212209317
3.6  -5.908891370385514  6.334615248146942
3.61  -5.850698411920626  6.407335708016484
3.62  -5.7915938064150545  6.476424751493356
3.63  -5.731579248851214  6.541834957563634
3.64  -5.670655764170034  6.6035213796985435
3.65  -5.608823748076801  6.66144159829377
3.66  -5.5460830111628665  6.71555577026297
3.67  -5.482432826164338  6.765826675680561
3.68  -5.417871978166412  6.812219761375493
3.69  -5.352398817550681  6.854703181383946
3.7  -5.286011315471563  6.89324783417603
3.71  -5.21870712163838  6.927827396578364
3.72  -5.150483624170327  6.958418354321934
3.73  -5.0813380112833855  6.985000029151876
3.74  -5.011267334561058  7.0075546024437365
3.75  -4.940268573554466  7.026067135278314
3.7600000000000002  -4.868338701452046  7.04052558493543
3.77  -4.7954747515548855  7.0509208177747364
3.7800000000000002  -4.721673884290306  7.057246618480078
3.79  -4.646933454494434  7.0594996956519624
3.8000000000000003  -4.5712510786928675  7.057679683741077
3.81  -4.494624702109001  7.051789141323979
3.8200000000000003  -4.417052665130011  7.041833545730449
3.83  -4.338533768962949  7.027821284040202
3.84  -4.259067340216186  7.0097636404748425
3.85  -4.1786532941456676  6.987674780219174
3.86  -4.097292196310564  6.961571729713908
3.87  -4.01498532238897  6.931474353469819
3.88  -3.931734715911493  6.897405327461163
3.89  -3.847543243678555  6.859390109163783
3.9  -3.7624146486362586  6.817456904310847
3.91  -3.6763535999955135  6.771636630446321
3.92  -3.589365740389892  6.721962877363433
3.93  -3.5014577298790233  6.668471864522029
3.94  -3.412637286617038  6.611202395545475
3.95  -3.3229132240179706  6.5501958099037765
3.96  -3.232295484264456  6.485495931895843
3.97  -3.1407951680196162  6.417149017049228
3.98  -3.048424560217525  6.345203696061304
3.99  -2.955197151822629  6.2697109164106335
4.0  -2.861127657464498  6.190723881772177
4.01  -2.76623202887047  6.108297989374134
4.0200000000000005  -2.6705274640353127  6.022490765438372
4.03  -2.5740324120838958  5.933361798849929
4.04  -2.476766573799772  5.840972673204123
4.05  -2.3787508978099483  5.7453868973830735
4.0600000000000005  -2.280007572433258  5.646669834815455
4.07  -2.1805600132170513  5.544888631575682
4.08  -2.0804328462041424  5.440112143480241
4.09  -1.979651886989243  5.332410862340281
4.1  -1.8782441156408287  5.221856841530498
4.11  -1.7762376475814183  5.1085236210347995
4.12  -1.673661700535457  4.992486152129566
4.13  -1.570546557670255  4.873820721864798
4.14  -1.4669235270712075  4.7526048775034395
4.15  -1.3628248977076778  4.628917351077711
4.16  -1.2582838920608612  4.502837984220487
4.17  -1.1533346155989996  4.374447653427843
4.18  -1.0480120032993656  4.243828195907607
4.19  -0.9423517634290277  4.111062336166145
4.2  -0.8363903188092566  3.9762336134836533
4.21  -0.7301647457998158  3.8394263104254702
4.22  -0.6237127112507388  3.700725382534385
4.23  -0.5170724076792191  3.5602163893459946
4.24  -0.4102824869391486  3.417985426866195
4.25  -0.3033819926593018  3.2741190616468008
4.26  -0.19641029173477229  3.128704266592393
4.2700000000000005  -0.08940700516331328  2.9818283586284404
4.28  0.01758806147478475  2.8335789383578507
4.29  0.12453498758878351  2.6840438318302606
4.3  0.23139380689134426  2.5333110345461556
4.3100000000000005  0.33812457613919733  2.381468657815616
4.32  0.44468744298124485  2.2286048775898175
4.33  0.5510427125907255  2.0748078858821146
4.34  0.6571509127541805  1.920165844895481
4.3500000000000005  0.7629728570867104  1.7647668439727429
4.36  0.8684697060390933  1.6086988594880995
4.37  0.9736030253592638  1.4520497178001524
4.38  1.078334841665787  1.2949070613912674
4.39  1.1826276947871301  1.1373583183228941
4.4  1.286444686514444  0.9794906751445597
4.41  1.3897495254089691  0.8213910534036227
4.42  1.492506567296857  0.6631460899153854
4.43  1.5946808510732775  0.5048421209689451
4.44  1.696238129424896  0.34656517066356396
4.45  1.797144894062753  0.18840094359415907
4.46  1.897368395037115  0.03043482213357182
4.47  1.996876653679618  -0.12724813140485836
4.48  2.095638468686062  -0.2845631673986645
4.49  2.1936234148129587  -0.4414258359632843
4.5  2.29080183361197  -0.597751967974784
4.51  2.387144815565108  -0.753457649552316
4.5200000000000005  2.482624172909082  -0.9084591893944808
4.53  2.5772124023450638  -1.0626730782536937
4.54  2.670882636717486  -1.2160159397015213
4.55  2.763608584606625  -1.368404471177659
4.5600000000000005  2.8553644566100607  -1.519755374122693
4.57  2.946124876878616  -1.66998527175917
4.58  3.035864778215338  -1.8190106128000714
4.59  3.124559278728327  -1.9667475590132528
4.6000000000000005  3.2121835376360663  -2.1131118541414406
4.61  3.2987125873368686  -2.258018671148271
4.62  3.3841211382489353  -2.4013824341060563
4.63  3.4683833521707585  -2.5431166102269436
4.64  3.551472578963269  -2.6831334665219897
4.65  3.6333610501594245  -2.821343784294705
4.66  3.714019521592335  -2.957656523060379
4.67  3.7934168552041196  -3.0919784234301537
4.68  3.871519527724592  -3.2242135358714332
4.69  3.948291050720067  -3.354262658872974
4.7  4.023691282369096  -3.482022665651079
4.71  4.097675605900098  -3.6073856927915315
4.72  4.170193942472197  -3.730238156649848
4.73  4.241189556761954  -3.8504595532627572
4.74  4.310597600735574  -3.9679209840039484
4.75  4.3783433237491955  -4.082483330887223
4.76  4.444339853357264  -4.193994980299822
4.7700000000000005  4.508485418267701  -4.302288959130822
4.78  4.5706598386556285  -4.407179298403501
4.79  4.630720043317012  -4.508456370056305
4.8  4.688494278339707  -4.605880842333298
4.8100000000000005  4.74377453310542  -4.699175752505056
4.82  4.796306502587892  -4.788015977067337
4.83  4.84577609109715  -4.872014047966157
4.84  4.891790976860735  -4.950700750120978
4.8500000000000005  4.933854988124688  -5.023498123274708
4.86  4.971331794927768  -5.0896811740938
4.87  5.003392343830748  -5.14832241001598
4.88  5.028936896362573  -5.198209538019864
4.89  5.046476196099454  -5.237719977282525
4.9  5.053944595022329  -5.2646234792805044
4.91  5.04839542866444  -5.275760334090897
4.92  5.0254832802566085  -5.266494414762872
4.93  4.978539962960831  -5.229736982577215
4.94  4.896827592616504  -5.154101128525674
4.95  4.762003856869698  -5.020167621522718
4.96  4.540386884258037  -4.792314031228183
4.97  4.1645828366222934  -4.399310207497552
4.98  3.4878846115978694  -3.686170799149162
4.99  2.1972154434159448  -2.3223539299214484
5.0  4.839246937466405e-14  -5.1135254314701454e-14
5.01  -2.2359167639742803  2.361193840299719
5.0200000000000005  -3.6118671062075114  3.8105657783697415
5.03  -4.3886928376209235  4.624070969904814
5.04  -4.869245180664626  5.121932562656774
5.05  -5.19730795111632  5.45614703023056
5.0600000000000005  -5.439288164192454  5.696899768956963
5.07  -5.628469012468266  5.879359272015354
5.08  -5.783004884102222  6.022702925125297
5.09  -5.91353235207243  6.138163361445847
5.1000000000000005  -6.0266579270139715  6.232715544935377
5.11  -6.126685070999941  6.310902425575305
5.12  -6.216528962963828  6.3758019302133375
5.13  -6.298229599547566  6.429569346801658
5.14  -6.373253947366406  6.473756714787843
5.15  -6.442681425212212  6.5095088842216144
5.16  -6.50732191694049  6.537688252956906
5.17  -6.567793229812373  6.558956632665792
5.18  -6.6245733397722315  6.5738304604191615
5.19  -6.67803648971095  6.582718939035612
5.2  -6.728478671808074  6.585950952770676
5.21  -6.776135965330227  6.583794427725311
5.22  -6.821197964390883  6.576470498952983
5.23  -6.863817767076104  6.5641640396427805
5.24  -6.904119514929576  6.547031597852211
5.25  -6.942204160023478  6.52520745673434
5.26  -6.978153931275696  6.498808316930375
5.2700000000000005  -7.012035833627937  6.467936953893807
5.28  -7.043904419427062  6.432685103275504
5.29  -7.073804005972171  6.393135758400705
5.3  -7.101770467197275  6.349365015262184
5.3100000000000005  -7.12783269467663  6.3014435658082535
5.32  -7.152013799484944  6.249437915306868
5.33  -7.174332109181962  6.193411381324335
5.34  -7.194802001458436  6.133424918402879
5.3500000000000005  -7.213434606496763  6.069537802499143
5.36  -7.230238402969826  6.001808201711628
5.37  -7.245219727195401  5.93029365411141
5.38  -7.258383210830882  5.855051469122501
5.39  -7.269732159310194  5.776139065533164
5.4  -7.279268880756092  5.693614256608422
5.41  -7.286994973173466  5.60753549073452
5.42  -7.292911576215451  5.517962054422498
5.43  -7.297019592617937  5.424954243230455
5.44  -7.299319883448506  5.3285735051554095
5.45  -7.299813440558089  5.228882560239951
5.46  -7.2985015390165024  5.125945499491026
5.47  -7.295385871824801  5.019827865686253
5.48  -7.290468668803354  4.9105967182192405
5.49  -7.283752801235741  4.798320683791249
5.5  -7.275241873590095  4.683069994475149
5.51  -7.264940303429463  4.564916514447313
5.5200000000000005  -7.252853390452174  4.443933756493867
5.53  -7.238987375464397  4.320196889241728
5.54  -7.223349489974273  4.1937827359361615
5.55  -7.2059479970057145  4.064769765480111
5.5600000000000005  -7.186792223655846  3.933238076362387
5.57  -7.165892585860638  3.7992693740284165
5.58  -7.143260605785445  3.662946942186457
5.59  -7.118908922219393  3.5243556084916534
5.6000000000000005  -7.092851294322649  3.383581705008245
5.61  -7.065102599052532  3.2407130238151662
5.62  -7.0356788225767835  3.09583876809107
5.63  -7.004597045969373  2.949049498990948
5.64  -6.97187542547471  2.800437078605822
5.65  -6.937533167620043  2.650094609280783
5.66  -6.901590499451848  2.4981163695523985
5.67  -6.86406863417019  2.344597746954989
5.68  -6.8249897324347355  2.189635167935707
5.69  -6.784376859616896  2.033326025110394
5.7  -6.742253939274312  1.8757686020852977
5.71  -6.698645703126133  1.7170619960641431
5.72  -6.653577637810343  1.55730603845531
5.73  -6.60707592870706  1.3966012136897723
5.74  -6.559167401114695  1.235048576456777
5.75  -6.509879459068368  1.0727496675609045
5.76  -6.4592400220925725  0.9098064286017462
5.7700000000000005  -6.407277460181778  0.7463211156739209
5.78  -6.354020527304423  0.5823962122833777
5.79  -6.299498293726337  0.4181343416724986
5.8  -6.243740077450135  0.2536381787446904
5.8100000000000005  -6.186775375066493  0.08901036177568176
5.82  -6.128633792312056  -0.07564659590331446
5.83  -6.069344974626603  -0.24023039406917562
5.84  -6.008938537999312  -0.40463903343813573
5.8500000000000005  -5.947444000390288  -0.5687709029898962
5.86  -5.884890714008747  -0.7325248666125254
5.87  -5.821307798723956  -0.8958003489007337
5.88  -5.756724076878664  -1.058497419943523
5.89  -5.691168009767469  -1.2205168789420213
5.9  -5.624667636034451  -1.3817603365029545
5.91  -5.5572505122357185  -1.5421302954576968
5.92  -5.488943655802391  -1.7015302300627286
5.93  -5.419773490629271  -1.859864663441996
5.94  -5.349765795503036  -2.0170392431381954
5.95  -5.278945655571683  -2.1729608146451977
5.96  -5.20733741704417  -2.3275374928008215
5.97  -5.134964645295843  -2.4806787309248697
5.98  -5.061850086541205  -2.632295387594796
5.99  -4.988015633220957  -2.7822997909575005
6.0  -4.913482293234882  -2.930605800483622
6.01  -4.838270163137151  -3.0771288660771927
6.0200000000000005  -4.7623984053940305  -3.221786084461739
6.03  -4.685885229787981  -3.3644962527707363
6.04  -4.608747879035435  -3.5051799192787656
6.05  -4.531002618668769  -3.6437594312169104
6.0600000000000005  -4.452664731215891  -3.780158979624226
6.07  -4.37374851469381  -3.914304641195025
6.08  -4.294267285415388  -4.046124417089636
6.09  -4.214233385091561  -4.175548268684352
6.1000000000000005  -4.133658192193881  -4.30250815024441
6.11  -4.052552137525965  -4.42693803851189
6.12  -3.970924723935162  -4.548773959208276
6.13  -3.8887845500800515  -4.667954010459389
6.140000000000001  -3.806139338152718  -4.784418383158316
6.15  -3.722995965439868  -4.8981093782896625
6.16  -3.6393604995910525  -5.008971421245994
6.17  -3.5552382374481013  -5.116951073174802
6.18  -3.4706337472757522  -5.221997039401711
6.19  -3.385550914220014  -5.324060174982609
6.2  -3.2999929888080333  -5.423093487444377
6.21  -3.2139626382914495  -5.519052136780509
6.22  -3.1274620006240315  -5.611893432774236
6.23  -3.0404927408536504  -5.701576829728078
6.24  -2.9530561096997996  -5.788063918684527
6.25  -2.865153004078481  -5.871318417228116
6.26  -2.776784029329415  -5.9513061569643675
6.2700000000000005  -2.687949562892998  -6.027995068776114
6.28  -2.5986498191794927  -6.101355165962229
6.29  -2.50888491536752  -6.171358525368016
6.3  -2.418654937865668  -6.237979266620373
6.3100000000000005  -2.327960009168282  -6.301193529584404
6.32  -2.236800354834781  -6.360979450161121
6.33  -2.145176370321329  -6.417317134548834
6.34  -2.0530886873942746  -6.470188632092819
6.3500000000000005  -1.9605382398563007  -6.519577906850072
6.36  -1.867526328318879  -6.565470807997222
6.37  -1.7740546837578868  -6.6078550392110245
6.38  -1.6801255295947084  -6.646720127151228
6.390000000000001  -1.5857416420500385  -6.682057389176122
6.4  -1.4909064085246189  -6.713859900420807
6.41  -1.395623883768752  -6.742122460367747
6.42  -1.2998988436109864  -6.766841559038041
6.43  -1.2037368360257459  -6.788015342930685
6.44  -1.107144229329832  -6.805643580835142
6.45  -1.0101282573093384  -6.819727629640504
6.46  -0.9126970610897537  -6.830270400261904
6.47  -0.8148597275751098  -6.83727632380194
6.48  -0.7166263242952349  -6.840751318061581
6.49  -0.618007930513995  -6.840702754511387
6.5  -0.5190166644659112  -6.837139425829935
6.51  -0.4196657066036383  -6.830071514111914
6.5200000000000005  -0.3199693187543659  -6.819510559843881
6.53  -0.2199428590987005  -6.805469431740657
6.54  -0.11960279290216078  -6.787962297530135
6.55  -0.01896669894582293  -6.767004595768902
6.5600000000000005  0.08194672838076672  -6.742613008765201
6.57  0.18311768134445064  -6.714805436680049
6.58  0.28452524549410874  -6.683600972870895
6.59  0.3861474106330961  -6.649019880536164
6.6000000000000005  0.4879610861080612  -6.61108357071227
6.61  0.5899421203662316  -6.5698145816682505
6.62  0.6920653247175093  -6.525236559736157
6.63  0.794304501220549  -6.477374241608733
6.640000000000001  0.896632474596802  -6.426253438128715
6.65  0.9990211280600424  -6.371901019587184
6.66  1.1014414429344164  -6.314344902541353
6.67  1.2038635419188335  -6.253614038154975
6.68  1.3062567358414932  -6.189738402057708
6.69  1.4085895737348235  -6.1227489857125095
6.7  1.5108298960482136  -6.052677789273373
6.71  1.6129448908036241  -5.979557815908537
6.72  1.714901152487677  -5.903423067557885
6.73  1.816664743463327  -5.824308542086154
6.74  1.9182012576743526  -5.742250231787399
6.75  2.0194758864069287  -5.657285123189375
6.76  2.1204534858643975  -5.569451198100794
6.7700000000000005  2.221098646304739  -5.478787435837966
6.78  2.321375762483443  -5.38533381656185
6.79  2.421249105140161  -5.289131325650856
6.8  2.5206828932626237  -5.190221959029527
6.8100000000000005  2.619641366859059  -5.088648729368283
6.82  2.7180888599675077  -4.9844556730646215
6.83  2.8159898736302282  -4.877687857911727
6.84  2.9133091485609537  -4.76839139135652
6.8500000000000005  3.010011737234039  -4.656613429245326
6.86  3.1060630751268383  -4.542402184951996
6.87  3.2014290508498218  -4.425806938780163
6.88  3.2960760749031697  -4.306878047528803
6.890000000000001  3.389971146803784  -4.185666954107947
6.9  3.4830819203331758  -4.062226197089397
6.91  3.5753767666636933  -3.9366094200757975
6.92  3.6668248351287387  -3.80887138077045
6.93  3.757396111411808  -3.679067959629342
6.94  3.8470614729391954  -3.5472561679767813
6.95  3.9357927412716567  -3.4134941554656804
6.96  4.023562731302364  -3.277841216764768
6.97  4.110345297080512  -3.1403577973551657
6.98  4.196115374092935  -3.001105498320659
6.99  4.280849017849987  -2.8601470800171147
7.0  4.364523438636072  -2.7175464645094243
7.01  4.4471170323000075  -2.573368736666019
7.0200000000000005  4.528609406975725  -2.4276801438044084
7.03  4.608981405639445  -2.2805480937844065
7.04  4.688215124425943  -2.1320411514489224
7.05  4.766293926642148  -1.9822290333169397
7.0600000000000005  4.843202452433652  -1.831182600436856
7.07  4.918926624076174  -1.6789738493136377
7.08  4.993453646880935  -1.525675900827579
7.09  5.066772005719799  -1.3713629870685977
7.1000000000000005  5.138871457193074  -1.2161104360147004
7.11  5.209743017479638  -1.059994653989803
7.12  5.279378945925684  -0.903093105841476
7.13  5.347772724444755  -0.7454842927864223
7.140000000000001  5.414919032818201  -0.5872477278771726
7.15  5.480813720000545  -0.4284639090509057
7.16  5.545453771550203  -0.2692142897275806
7.17  5.60883727332032  -0.10958124693248714
7.18  5.670963371559594  0.050351953075245974
7.19  5.73183222958609  0.21050119167886944
7.2  5.791444981210863  0.37078153728818575
7.21  5.849803681100316  0.5311072872278813
7.22  5.906911252278137  0.6913920121178352
7.23  5.962771430978683  0.851548602726522
7.24  6.017388709073842  1.0114893192703471
7.25  6.070768274304688  1.1711258431249076
7.26  6.122915948557583  1.3303693309057545
7.2700000000000005  6.1738381244321365  1.4891304708696815
7.28  6.223541700354547  1.647319541579521
7.29  6.272034014495817  1.8048464727688585
7.3  6.319322777758444  1.961620908335096
7.3100000000000005  6.365416006099116  2.1175522713832122
7.32  6.410321952456981  2.2725498312351062
7.33  6.45404903855885  2.4265227723135068
7.34  6.4966057868728155  2.579380264802188
7.3500000000000005  6.538000752981166  2.731031536978995
7.36  6.578242458641704  2.8813859491116034
7.37  6.617339325803863  3.0303530688010296
7.38  6.655299611842096  3.177842747651748
7.390000000000001  6.692131346264182  3.323765199143104
7.4  6.727842269146317  3.4680310775714025
7.41  6.76243977154003  3.6105515579283356
7.42  6.79593083808803  3.7512384165766246
7.43  6.828321992077621  3.8900041125809115
7.44  6.859619243150639  4.026761869548232
7.45  6.889828037878335  4.161425757829575
7.46  6.918953213398555  4.293910776931938
7.47  6.946998954300458  4.424132937987544
7.48  6.973968752929235  4.552009346125962
7.49  6.9998653732700316  4.677458282593042
7.5  7.0246908185561185  4.800399286460376
7.51  7.048446302731861  4.920753235767791
7.5200000000000005  7.071132225885853  5.038442427942267
7.53  7.092748153754117  5.15339065933646
7.54  7.113292801377372  5.265523303731472
7.55  7.1327640209799466  5.374767389649182
7.5600000000000005  7.1511587941215495  5.481051676321784
7.57  7.168473228156376  5.584306728167903
7.58  7.1847025570170695  5.6844649876275755
7.59  7.199841146324227  5.781460846210911
7.6000000000000005  7.213882502805133  5.875230713619027
7.61  7.226819287988647  5.965713084799292
7.62  7.23864333612627  6.0528486048013646
7.63  7.249345676273015  6.136580131304539
7.640000000000001  7.258916558445331  6.216852794692204
7.65  7.267345483757337  6.293614055554115
7.66  7.2746212384211395  6.366813759502917
7.67  7.280731931481714  6.436404189196843
7.68  7.2856650361423085  6.5023401134669845
7.69  7.289407434522139  6.564578833453702
7.7  7.291945465674727  6.623080225663356
7.71  7.293264976682409  6.677806781863685
7.72  7.293351376630404  6.728723645742862
7.73  7.292189693252552  6.7757986462649225
7.74  7.289764632030253  6.81900232766149
7.75  7.2860606375164725  6.858307976007569
7.76  7.281061956647866  6.893691642336696
7.7700000000000005  7.274752703800212  6.925132162258874
7.78  7.26711692733538  6.952611172052484
7.79  7.258138677382104  6.976113121209614
7.8  7.2478020745879235  6.9956252814220985
7.8100000000000005  7.236091379575596  7.011137752003867
7.82  7.222991062834521  7.022643461753228
7.83  7.208485874775723  7.030138167266769
7.84  7.192560915678207  7.0336204477246635
7.8500000000000005  7.175201705254722  7.033091696175055
7.86  7.156394251566233  7.028556107353162
7.87  7.136125119016824  7.0200206620783865
7.88  7.114381495164014  7.007495108280443
7.890000000000001  7.091151256084051  6.990991938712913
7.9  7.06642303003705  6.970526365419912
7.91  7.040186259183199  6.946116291028691
7.92  7.01243125910887  6.917782276947795
7.930000000000001  6.983149275929532  6.885547508557057
7.94  6.952332540745701  6.849437757482056
7.95  6.919974321238217  6.809481341051722
7.96  6.886068970200106  6.76570907904366
7.97  6.85061197081389  6.718154247827126
7.98  6.813599978495663  6.666852532018823
7.99  6.775030859140534  6.611841973771532
8.0  6.734903723617544  6.553162919819917
8.01  6.693218958376762  6.490857966412188
8.02  6.649978252046069  6.424971902259812
8.03  6.605184617910503  6.355551649640938
8.040000000000001  6.558842412182766  6.282646203796106
8.05  6.510957347989886  6.206306570757498
8.06  6.461536505016994  6.126585703754728
8.07  6.410588334766444  6.043538438342617
8.08  6.358122661406701  5.95722142639698
8.09  6.3041506782028565  5.867693069125838
8.1  6.2486849395372985  5.775013449243769
8.11  6.191739348545985  5.679244262457188
8.120000000000001  6.133329140412799  5.580448748408048
8.13  6.0734708613809545  5.478691621222687
8.14  6.012182343556753  5.374038999811211
8.15  5.949482675597472  5.266558338061451
8.16  5.885392169390585  5.156318355069445
8.17  5.819932322847154  5.043388965545912
8.18  5.7531257789468535  4.9278412105355915
8.19  5.684996281186777  4.809747188583042
8.2  5.615568625599682  4.689179987475092
8.21  5.544868609520469  4.566213616686145
8.22  5.472922977292457  4.440922940648705
8.23  5.399759363116052  4.313383612966054
8.24  5.3254062312541945  4.183672011680617
8.25  5.249892813818123  4.051865175705011
8.26  5.17324904636698  3.918040742518193
8.27  5.095505501562629  3.782276887223192
8.28  5.01669332112846  3.644652263057006
8.290000000000001  4.936844146367718  3.5052459434371044
8.3  4.855990047501784  3.364137365622778
8.31  4.774163452093698  3.221406276062694
8.32  4.691397072825301  3.0771326774937005
8.33  4.607723834898901  2.9313967778490153
8.34  4.523176803335584  2.784278941026751
8.35  4.437789110442355  2.635859639562901
8.36  4.351593883719974  2.4862194092457255
8.370000000000001  4.264624174480745  2.335438805701251
8.38  4.176912887443488  2.1835983629725204
8.39  4.0884927115679615  2.0307785541075773
8.4  3.9993960523870733  1.8770597537648366
8.41  3.909654966088516  1.7225222028360747
8.42  3.819301095590691  1.5672459750814565
8.43  3.7283656088502712  1.4113109457629744
8.44  3.6368791396293054  1.25479676225627
8.45  3.5448717309407325  1.0977828166138475
8.46  3.4523727813801957  0.9403482200459882
8.47  3.3594109945408377  0.7825717792793665
8.48  3.2660143316957684  0.6245319747466681
8.49  3.172209967919892  0.46630694055477995
8.5  3.0780242518096044  0.3079744461732142
8.51  2.9834826689443057  0.14961187977845652
8.52  2.8886098092195853  -0.008703766815101188
8.53  2.7934293381664395  -0.1668959117122818
8.540000000000001  2.6979639723552458  -0.32488839506166944
8.55  2.6022354589677597  -0.4826054898313859
8.56  2.50626455960323  -0.6399719113245255
8.57  2.4100710383693267  -0.7969128255256063
8.58  2.313673654290708  -0.9533538563741782
8.59  2.2170901580521027  -1.1092210920635754
8.6  2.1203372930753672  -1.264441090466595
8.61  2.0234308009131325  -1.4189408837917572
8.620000000000001  1.9263854309250554  -1.572647982576027
8.63  1.829214954185851  -1.7254903791213547
8.64  1.731932181557493  -1.8773965504841201
8.65  1.6345489858423468  -2.028295461126629
8.66  1.5370763279176218  -2.1781165653409467
8.67  1.4395242867362212  -2.326789809555405
8.68  1.3419020930637935  -2.4742456346331214
8.69  1.2442181668076597  -2.6204149782719495
8.700000000000001  1.1464801577788961  -2.7652292776136718
8.71  1.048694989715711  -2.908620472168749
8.72  0.9508689073833454  -3.0505210071614703
8.73  0.8530075265542546  -3.1908638373973153
8.74  0.7551158866605706  -3.3295824317523097
8.75  0.6571985059006523  -3.4666107783811464
8.76  0.5592594385722669  -3.6018833907368313
8.77  0.4613023343959955  -3.7353353144916874
8.78  0.36333049958470826  -3.866902135445014
8.790000000000001  0.2653469594086687  -3.996519988498528
8.8  0.1673545219993803  -4.124125567775898
8.81  0.06935584313112526  -4.2496561379581195
8.82  -0.028646508285030646  -4.37304954690063
8.83  -0.12664998426236068  -4.49424423959307
8.84  -0.2246519916241907  -4.613179273516951
8.85  -0.3226498259843546  -4.729794335449972
8.86  -0.4206406060915798  -4.844029759760224
8.870000000000001  -0.5186212088062543  -4.955826548226877
8.88  -0.6165882049744883  -5.065126391417438
8.89  -0.714537796461894  -5.1718716916453875
8.9  -0.8124657546036357  -5.276005587524713
8.91  -0.9103673603225767  -5.377471980131574
8.92  -1.0082373461603718  -5.476215560776021
8.93  -1.1060698404583922  -5.57218184038014
8.94  -1.2038583139174712  -5.665317180451449
8.950000000000001  -1.3015955287552847  -5.755568825633971
8.96  -1.399273490670192  -5.842884937811942
8.97  -1.4968834038094125  -5.927214631734661
8.98  -1.5944156289265488  -6.008508012123514
8.99  -1.691859644901893  -6.086716212215978
9.0  -1.7892040137844143  -6.161791433694369
9.01  -1.88643634950115  -6.233686987940765
9.02  -1.9835432903642851  -6.302357338552884
9.03  -2.0805104754914097  -6.367758145049733
9.040000000000001  -2.1773225252387087  -6.429846307689635
9.05  -2.273963025730166  -6.488580013317433
9.06  -2.370414517550227  -6.543918782152263
9.07  -2.466658488649411  -6.595823515421616
9.08  -2.5626753714961144  -6.6442565437427525
9.09  -2.658444544490217  -6.689181676147399
9.1  -2.7539443376363795  -6.730564249641585
9.11  -2.8491520424579937  -6.76837117918795
9.120000000000001  -2.9440439261145714  -6.802571007994415
9.13  -3.0385952496681807  -6.833133957989473
9.14  -3.132780290427422  -6.860031980361473
9.15  -3.2265723682793  -6.883238806036438
9.16  -3.3199438759034527  -6.902729995966871
9.17  -3.4128663127454004  -6.918482991102058
9.18  -3.505310322609852  -6.930477161909018
9.19  -3.5972457347183315  -6.938693857312265
9.200000000000001  -3.6886416080601068  -6.94311645291997
9.21  -3.7794662788500233  -6.943730398404171
9.22  -3.8696874108919315  -6.940523263902905
9.23  -3.95927204863225  -6.9334847853131905
9.24  -4.04818667267415  -6.922606908345017
9.25  -4.136397257510015  -6.90788383120843
9.26  -4.2238693312165525  -6.889312045808167
9.27  -4.310568036845086  -6.866890377323107
9.28  -4.396458195227885  -6.840620022051305
9.290000000000001  -4.481504368909836  -6.810504583405218
9.3  -4.565670926904341  -6.776550105946299
9.31  -4.648922109962048  -6.73876510735309
9.32  -4.731222096030641  -6.697160608222671
9.33  -4.812535065574519  -6.651750159611445
9.34  -4.8928252664134675  -6.602549868228183
9.35  -4.972057077730044  -6.549578419199673
9.36  -5.05019507288536  -6.4928570963374534
9.370000000000001  -5.127204080673284  -6.4324097998431995
9.38  -5.203049244632371  -6.368263061399855
9.39  -5.277696080023617  -6.300446056606051
9.4  -5.35111052806927  -6.228990614723088
9.41  -5.423259007034411  -6.153931225715878
9.42  -5.4941084597167595  -6.075305044582951
9.43  -5.56362639689166  -5.993151892985528
9.44  -5.631780936237591  -5.907514258201537
9.450000000000001  -5.698540836242145  -5.818437289448845
9.46  -5.763875524557447  -5.725968791641213
9.47  -5.827755120238323  -5.6301592166625
9.48  -5.890150449251791  -5.531061652269251
9.49  -5.951033052594597  -5.428731808758989
9.5  -6.0103751862911245  -5.323228003572572
9.51  -6.068149812467206  -5.214611144034199
9.52  -6.1243305806019475  -5.102944708473023
9.53  -6.178891797945913  -4.9882947260164165
9.540000000000001  -6.2318083879564625  -4.870729755399385
9.55  -6.283055835432472  -4.750320863197183
9.56  -6.3326101168261095  -4.627141601962209
9.57  -6.38044761395772  -4.501267988834667
9.58  -6.4265450090527025  -4.372778485300657
9.59  -6.470879158640534  -4.241753978897642
9.6  -6.513426943389229  -4.108277767819409
9.61  -6.554165090370902  -3.97243554955823
9.620000000000001  -6.593069963535751  -3.8343154149488297
9.63  -6.630117317276117  -3.694007849259982
9.64  -6.665282006839418  -3.5516057423268665
9.65  -6.698537647934032  -3.407204410154013
9.66  -6.7298562160818065  -3.260901630966265
9.67  -6.75920757398964  -3.1127976993810007
9.68  -6.786558912290676  -2.962995503262709
9.69  -6.8118740852362  -2.8116006289635527
9.700000000000001  -6.835112818024185  -2.65872150213441
9.71  -6.856229756043891  -2.504469573227768
9.72  -6.875173317864748  -2.3489595593648573
9.73  -6.891884302552784  -2.192309757635245
9.74  -6.906294186797476  -2.034642449454458
9.75  -6.918323026853763  -1.8760844217883528
9.76  -6.927876852237979  -1.71676763952962
9.77  -6.9348443992128805  -1.556830115068318
9.78  -6.939092977508747  -1.3964170376060825
9.790000000000001  -6.940463186116381  -1.235682248251978
9.8  -6.9387620820632945  -1.0747901808442502
9.81  -6.933754242165209  -0.9139184381491137
9.82  -6.9251499136154395  -0.753261247207984
9.83  -6.912589078964941  -0.5930341501790597
9.84  -6.895619687955347  -0.43348046149673664
9.85  -6.873667401965802  -0.2748802986710013
9.86  -6.845992726919702  -0.11756344313188144
9.870000000000001  -6.811628962165749  0.03807196289124398
9.88  -6.769290189879079  0.19153158755864663
9.89  -6.7172310660312124  0.3421823557472614
9.9  -6.653026404887392  0.48918532579752744
9.91  -6.57321202370071  0.6313859284639154
9.92  -6.472674634200002  0.767126776102137
9.93  -6.343563651877136  0.8939122266627395
9.94  -6.1732355717196175  1.0077710142344496
9.950000000000001  -5.940099249731217  1.1019579428812232
9.96  -5.604538779110188  1.1640854262965927
9.97  -5.087410536907969  1.169205035499024
9.98  -4.21695560340433  1.0621113543431515
9.99  -2.6293769694466587  0.7200091742082606
10.0  -1.146466322832642e-13  3.3903083247708723e-14
