0.0  4.49532572422327  10.0
0.005  4.299009758292612  10.0
0.01  4.099601298533823  10.0
0.015  3.897254497684128  10.0
0.02  3.6921256611662012  10.0
0.025  3.484373127244914  10.0
0.03  3.2741571456835263  10.0
0.035  3.061639754992236  10.0
0.04  2.8469846583629814  10.0
0.045  2.6303570983853732  10.0
0.05  2.4119237306395656  10.0
0.055  2.1918524962626518  10.0
0.06  1.9703124935859624  10.0
0.065  1.7474738489413002  10.0
0.07  1.523507586734763  10.0
0.075  1.2985854988873125  10.0
0.08  1.0728800137417234  10.0
0.085  0.8465640645359109  10.0
0.09  0.6198109575429327  10.0
0.095  0.3927942399781732  10.0
0.1  0.16568756777440918  10.0
0.105  -0.061335426674533844  10.0
0.11  -0.2881012667008036  10.0
0.115  -0.51443676337955  10.0
0.12  -0.7401691472755133  10.0
0.125  -0.9651261998188946  10.0
0.13  -1.1891363842105844  10.0
0.135  -1.412028975757213  10.0
0.14  -1.6336341915369388  10.0
0.145  -1.853783319297423  10.0
0.15  -2.072308845488103  10.0
0.155  -2.289044582329498  10.0
0.16  -2.5038257938230934  10.0
0.165  -2.716489320606199  10.0
0.17  -2.9268737035570123  10.0
0.17500000000000002  -3.134819306056199  10.0
0.18  -3.3401684348122824  10.0
0.185  -3.5427654591592894  10.0
0.19  -3.742456928736285  10.0
0.195  -3.939091689459704  10.0
0.2  -4.132520997700681  10.0
0.20500000000000002  -4.322598632581037  10.0
0.21  -4.509181006302976  10.0
0.215  -4.692127272429108  10.0
0.22  -4.871299432031021  10.0
0.225  -5.046562437626211  10.0
0.23  -5.217784294824977  10.0
0.23500000000000001  -5.3848361616105755  10.0
0.24  -5.547592445177825  10.0
0.245  -5.705930896257191  10.0
0.25  -5.859732700853342  10.0
0.255  -6.008882569329176  10.0
0.26  -6.153268822768323  10.0
0.265  -6.2927834765512545  10.0
0.27  -6.427322321082295  10.0
0.275  -6.556784999606966  10.0
0.28  -6.681075083061392  10.0
0.28500000000000003  -6.800100141897736  10.0
0.29  -6.9137718148319935  10.0
0.295  -7.022005874462793  10.0
0.3  -7.1247222897123175  10.0
0.305  -7.221845285042824  10.0
0.31  -7.313303396404781  10.0
0.315  -7.399029523875126  10.0
0.32  -7.478960980946653  10.0
0.325  -7.5530395404321675  10.0
0.33  -7.621211476949586  10.0
0.335  -7.683427605956813  10.0
0.34  -7.739643319307857  10.0
0.34500000000000003  -7.789818617304286  9.983915570090952
0.35000000000000003  -7.833918137218878  9.926415515055155
0.355  -7.871911178270917  9.867885109921383
0.36  -7.903771723035407  9.80832837833986
0.365  -7.929478455271114  9.74774978141987
0.37  -7.949014774155135  9.686154216330673
0.375  -7.962368804914433  9.623547014635642
0.38  -7.969533405847522  9.559933940360589
0.385  -7.9705061717322065  9.495321187797368
0.39  -7.965289433618156  9.429715379044005
0.395  -7.953890255005672  9.36312356128287
0.4  -7.93632042441496  9.29555320379841
0.405  -7.912596444352815  9.22701219473628
0.41000000000000003  -7.8827395166864695  9.157508837605775
0.41500000000000004  -7.846775524437046  9.087051847527647
0.42  -7.8047350100078186  9.01565034722962
0.425  -7.756653149865165  8.943313862791925
0.43  -7.702569725692839  8.870052319145564
0.435  -7.6425290920428255  8.795876035325858
0.44  -7.576580140508764  8.720795719484347
0.445  -7.504776260450512  8.644822463661926
0.45  -7.4271752963011295  8.567967738326539
0.455  -7.343839501490026  8.490243386678623
0.46  -7.254835489018765  8.411661618727948
0.465  -7.160234178728384  8.33223500514535
0.47000000000000003  -7.0601107412997495  8.251976470893187
0.47500000000000003  -6.954544539030839  8.170899288638449
0.48  -6.843619063437347  8.08901707195251
0.485  -6.727421869725424  8.006343768301774
0.49  -6.606044508187696  7.922893651833487
0.495  -6.479582452576058  7.8386813159611854
0.5  -6.348135025507046  7.753721665754341
0.505  -6.211805320957815  7.668029910136916
0.51  -6.070700123912963  7.581621553899635
0.515  -5.924929827224609  7.494512389530918
0.52  -5.774608345750188  7.40671848887155
0.525  -5.619853027834593  7.31825619459819
0.53  -5.460784564205149  7.2291421115410746
0.535  -5.297526894349999  7.139393097841248
0.54  -5.130207110452316  7.049026255952793
0.545  -4.958955358954553  6.958058923495692
0.55  -4.78390473982885  6.8665086639649315
0.555  -4.605191203631318  6.774393257301684
0.56  -4.422953446419654  6.681730690332355
0.5650000000000001  -4.237332802615157  6.588539147081506
0.5700000000000001  -4.048473135891706  6.494836998964598
0.5750000000000001  -3.856520728175791  6.400642794866748
0.58  -3.6616241668430654  6.305975251113552
0.585  -3.4639342301982614  6.210853241340322
0.59  -3.2636037713266037  6.115295786265997
0.595  -3.0607876004060284  6.01932204337806
0.6  -2.855642365570672  5.922951296534961
0.605  -2.6483264324172384  5.8262029454924535
0.61  -2.4389997622467607  5.729096495360412
0.615  -2.227823789135261  5.631651545996677
0.62  -2.014961295927679  5.533887781344557
0.625  -1.8005762892502264  5.435824958720637
0.63  -1.5848338736369931  5.3374828980595455
0.635  -1.3679001248673865  5.238881471122427
0.64  -1.1499419626114298  5.140040590675828
0.645  -0.9311270224805329  5.040980199647767
0.65  -0.7116235275817208  4.941720260267738
0.655  -0.49160015967369275  4.842280743197444
0.66  -0.2712259300232811  4.742681616659043
0.665  -0.050670050061191185  4.6429428355677
0.67  0.1698981980640898  4.5430843306752005
0.675  0.3903095909352138  4.443125997731488
0.68  0.6103950932187914  4.343087686670793
0.685  0.8299859868232314  4.242989190829203
0.6900000000000001  1.0489139997630064  4.142850236200352
0.6950000000000001  1.267011434630867  4.042690470735979
0.7000000000000001  1.48411129657999  3.9425294536980444
0.705  1.700047420718378  3.8423866450690225
0.71  1.9146545988183528  3.7422813950270593
0.715  2.127768705244479  3.6422329334925165
0.72  2.339226822003981  3.54226035975248
0.725  2.5488673628243212  3.442382632169703
0.73  2.7565301961634843  3.342618557982426
0.735  2.9620567670592117  3.2429867832014736
0.74  3.1652902177245457  3.1435057826109123
0.745  3.3660755067978982  3.044193849878574
0.75  3.564259527156877  2.945069087782598
0.755  3.7596912222064565  2.846149398560112
0.76  3.952221700552959  2.747452474384135
0.765  4.141704348976913  2.6489957879745942
0.77  4.327994943618856  2.5507965833493937
0.775  4.51095175929384  2.4528718667213005
0.78  4.690435676851691  2.355238397546338
0.785  4.866310288501535  2.2579126797293156
0.79  5.038442001020982  2.160910952991981
0.795  5.206700136771586  2.064249184409207
0.8  5.370957032444327  1.9679430601185153
0.805  5.531088135460272  1.8720079772081153
0.81  5.686972097953622  1.7764590357885743
0.8150000000000001  5.838490868266166  1.6813110312530126
0.8200000000000001  5.985529779883967  1.5865784467307469
0.8250000000000001  6.127977637749342  1.4922754457390723
0.8300000000000001  6.265726801882931  1.3984158650377503
0.835  6.398673268252988  1.3050132076907477
0.84  6.526716746831034  1.2120806363395107
0.845  6.649760736775074  1.119630966692001
0.85  6.767712598684132  1.0276766612315966
0.855  6.880483623869725  0.9362298231497292
0.86  6.987989100592475  0.8453021905061272
0.865  7.090148377214303  0.7549051306202859
0.87  7.186884922218974  0.6650496346976353
0.875  7.278126381056307  0.5757463126938387
0.88  7.36380462976768  0.48700538842038543
0.885  7.443855825353  0.3988366948945249
0.89  7.518220452841856  0.3112496699364874
0.895  7.5868433690339705  0.2242533520167278
0.9  7.64967384287683  0.1378563763557401
0.905  7.7066655924507375  0.05206697127894411
0.91  7.7577768185343405  -0.03310704517112317
0.915  7.802970234726169  -0.11765826836321824
0.92  7.842213094100414  -0.20157970994440522
0.925  7.875477212377886  -0.28486480044393414
0.93  7.9027389875956775  -0.3675073916123722
0.935  7.923979416261805  -0.449501758494498
0.9400000000000001  7.939184105983777  -0.5308426012347169
0.9450000000000001  7.948343284562755  -0.6115250466138606
0.9500000000000001  7.951451805547647  -0.6915446493164634
0.9550000000000001  7.9485091502462435  -0.7708973929276903
0.96  7.939519426193151  -0.8495796906593536
0.965  7.9244913620770765  -0.9275883858045985
0.97  7.903438299132617  -1.0049207519209267
0.975  7.876378179004547  -1.0815744927415747
0.98  7.843333528095147  -1.1575477418152427
0.985  7.8043314384079565  -1.2328390618744587
0.99  7.759403544903894  -1.3074474439330357
0.995  7.708585999388415  -1.381372306113164
1.0  7.6519194409510085  -1.4546134922029335
1.0050000000000001  7.589448962980995  -1.527171269945254
1.01  7.5212240767861385  -1.5990463290592176
1.0150000000000001  7.447298671843244  -1.6702397789952508
1.02  7.36773097271248  -1.7407531464254282
1.025  7.282583492649634  -1.8105883724706588
1.03  7.1919229839531225  -1.879747809666409
1.035  7.095820385085036  -1.9482342186689987
1.04  6.994350764607864  -2.016050764704555
1.045  6.8875932619812  -2.083201013762864
1.05  6.775631025264774  -2.1496889285386183
1.055  6.6585511457769195  -2.2155188641225636
1.06  6.536444589759501  -2.28069556344541
1.065  6.409406127102946  -2.345224152477307
1.07  6.27753425718697  -2.4091101351860305
1.075  6.140931131895039  -2.4723593882570496
1.08  5.999702475862499  -2.5349781555788566
1.085  5.853957504020663  -2.5969730424970714
1.09  5.703808836500941  -2.65835100984101
1.095  5.5493724109653515  -2.719119367726467
1.1  5.390767392431422  -2.7792857691387516
1.105  5.228116080661749  -2.838858203299936
1.11  5.0615438151898395  -2.8978449888247027
1.115  4.891178878056222  -2.95625476666899
1.12  4.717152394329986  -3.0140964928760665
1.125  4.539598230493036  -3.0713794311245444
1.1300000000000001  4.358652890765587  -3.128113145083166
1.135  4.174455411453338  -3.1843074905771473
1.1400000000000001  3.9871472533978602  -3.2399726075711577
1.145  3.7968721926135705  -3.295118911973956
1.1500000000000001  3.6037762091956242  -3.34975708726998
1.155  3.408007374584731  -3.403898075983138
1.16  3.209715737275778  -3.4575530709783258
1.165  3.0090532070586073  -3.5107335066061176
1.17  2.8061734378802523  -3.563451049696341
1.175  2.6012317094187534  -3.6157175904062493
1.18  2.3943848074602943  -3.6675452329290907
1.185  2.1857909031712857  -3.7189462860690528
1.19  1.975609431358886  -3.769933253688503
1.195  1.764000967813344  -3.8205188250336954
1.2  1.5511271058268175  -3.870715864945041
1.205  1.3371503319834726  -3.9205374039582113
1.21  1.1222339013166034  -3.9699966283023587
1.215  0.9065417119285518  -4.019106869801864
1.22  0.6902381791699941  -4.067881595687976
1.225  0.47348810947506714  -4.116334398326913
1.23  0.25645657394947285  -4.1644789848709065
1.235  0.039308781808261695  -4.212329166838848
1.24  -0.1777900462390587  -4.259898849633079
1.245  -0.39467480455952597  -4.307202021999138
1.25  -0.611180629026247  -4.354252745435044
1.2550000000000001  -0.8271430232098811  -4.401065143556998
1.26  -1.0423979842350892  -4.447653391428169
1.2650000000000001  -1.2567821282057672  -4.4940317048574565
1.27  -1.470132815102759  -4.540214329674993
1.2750000000000001  -1.682288273058655  -4.586215530991262
1.28  -1.8930877219143425  -4.632049582446662
1.285  -2.1023714959629842  -4.677730755458403
1.29  -2.309981165787395  -4.723273308471554
1.295  -2.5157596590977134  -4.768691476221119
1.3  -2.7195513804771325  -4.813999459012034
1.305  -2.921202329943972  -4.859211412023849
1.31  -3.1205602202399216  -4.904341434647004
1.315  -3.3174745927544396  -4.9494035598574335
1.32  -3.5117969319974254  -4.994411743636358
1.325  -3.7033807785323347  -5.039379854441953
1.33  -3.892081840284053  -5.084321662739679
1.335  -4.077758102136428  -5.129250830597917
1.34  -4.260269933736211  -5.174180901355592
1.345  -4.439480195421146  -5.219125289368362
1.35  -4.6152543421917995  -5.264097269839975
1.355  -4.787460525647893  -5.30910996874521
1.36  -4.955969693811806  -5.354176352850971
1.365  -5.120655688763282  -5.39930921984179
1.37  -5.2813953420114235  -5.4445211885561715
1.375  -5.4380685675313085  -5.489824689339936
1.3800000000000001  -5.59055845239507  -5.535231954522819
1.385  -5.738751344928409  -5.580755009024357
1.3900000000000001  -5.882536940326089  -5.626405661095147
1.395  -6.021808363661417  -5.672195493199346
1.4000000000000001  -6.156462250227178  -5.718135853044318
1.405  -6.28639882314713  -5.76423784476313
1.41  -6.411521968199724  -5.810512320255603
1.415  -6.5317393057974735  -5.856969870693439
1.42  -6.646962260067876  -5.9036208181948915
1.425  -6.757106124983965  -5.950475207674353
1.43  -6.86209012749473  -5.9975427988720345
1.435  -6.9618374876081885  -6.044833058568948
1.44  -7.056275475382012  -6.092355152992129
1.445  -7.145335464779245  -6.140117940415028
1.45  -7.228952984348785  -6.188129963957815
1.455  -7.30706776469312  -6.236399444592278
1.46  -7.379623782687848  -6.284934274355754
1.465  -7.446569302420505  -6.3337420097785575
1.47  -7.507856912818285  -6.38282986552908
1.475  -7.5634435619372  -6.432204708280741
1.48  -7.6132905878874695  -6.4818730508046665
1.485  -7.657363746372777  -6.531841046292038
1.49  -7.695633234823466  -6.582114482909655
1.495  -7.728073713106503  -6.632698778592399
1.5  -7.754664320797523  -6.683598976075834
1.5050000000000001  -7.7753886910031085  -6.734819738172324
1.51  -7.790234960723926  -6.786365343293582
1.5150000000000001  -7.799195777752131  -6.838239681222756
1.52  -7.802268304099043  -6.890446249138659
1.5250000000000001  -7.799454215951841  -6.9429881478948685
1.53  -7.790759700160588  -6.995868078556038
1.5350000000000001  -7.776195447259651  -7.0490883391938395
1.54  -7.7557766410302476  -7.102650821944475
1.545  -7.729522944613398  -7.156557010329916
1.55  -7.6974584831853585  -7.210807976844481
1.555  -7.659611823210152  -7.265404380808485
1.56  -7.616015948286454  -7.320346466490367
1.565  -7.566708231608742  -7.3756340614985785
1.57  -7.51173040506517  -7.431266575444358
1.575  -7.451128524997209  -7.487242998876317
1.58  -7.384952934648728  -7.543561902487629
1.585  -7.31325822333462  -7.600221436596364
1.59  -7.236103182361606  -7.657219330899469
1.595  -7.153550757736459  -7.714552894500573
1.6  -7.065667999699192  -7.772219016211731
1.605  -6.972526009121267  -7.830214165128994
1.61  -6.874199880811222  -7.888534391481554
1.615  -6.770768643772635  -7.947175327753959
1.62  -6.662315198461376  -8.006132190080901
1.625  -6.5489262510917206  -8.065399779913651
1.6300000000000001  -6.4306922450429465  -8.124972485957255
1.635  -6.307707289420297  -8.184844286377357
1.6400000000000001  -6.180069084826308  -8.24500875127531
1.645  -6.047878846400838  -8.305459045430128
1.6500000000000001  -5.911241224189915  -8.366187931305639
1.655  -5.770264220905808  -8.427187772320986
1.6600000000000001  -5.6250591071424845  -8.488450536382556
1.665  -5.475740334112883  -8.549967799675128
1.67  -5.322425443975864  -8.611730750709993
1.675  -5.165234977822923  -8.673730194627527
1.68  -5.004292381396493  -8.735956557751573
1.685  -4.839723908612905  -8.798399892392961
1.69  -4.6716585229655765  -8.861049881898952
1.695  -4.500227796884723  -8.923895845945827
1.7  -4.3255658091321445  -8.986926746071083
1.705  -4.147809040310655  -9.050131191441974
1.71  -3.9670962665694565  -9.11349744485676
1.715  -3.783568451587775  -9.177013428975027
1.72  -3.5973686369208417  -9.24066673277308
1.725  -3.4086418307930875  -9.304444618220597
1.73  -3.2175348954248957  -9.368334027174205
1.735  -3.0241964329800552  -9.432321588483852
1.74  -2.828776670222576  -9.49639362530747
1.745  -2.6314273419718277  -9.560536162629392
1.75  -2.4323015734465088  -9.624734934977873
1.7550000000000001  -2.2315537615883336  -9.688975394336907
1.76  -2.029339455457327  -9.753242718247337
1.7650000000000001  -1.8258152357910227  -9.817521818092334
1.77  -1.6211385938209366  -9.881797347561946
1.7750000000000001  -1.4154678094397162  -9.946053711291523
1.78  -1.2089618288132307  -10.0
1.7850000000000001  -1.0017801415318888  -10.0
1.79  -0.7940826573963566  -10.0
1.795  -0.586029582932267  -10.0
1.8  -0.37778129772971203  -10.0
1.805  -0.1694982307024686  -10.0
1.81  0.03865926363760008  -10.0
1.815  0.24653102879535005  -10.0
1.82  0.4539572297015668  -10.0
1.825  0.6607784758211617  -10.0
1.83  0.8668359438658397  -10.0
1.835  1.071971500016625  -10.0
1.84  1.276027821562439  -10.0
1.845  1.47884851786092  -10.0
1.85  1.6802782505286933  -10.0
1.855  1.8801628527685792  -10.0
1.86  2.0783494477422813  -10.0
1.865  2.2746865658972863  -10.0
1.87  2.4690242611583972  -10.0
1.875  2.661214225894113  -10.0
1.8800000000000001  2.851109904570335  -10.0
1.885  3.038566606003651  -10.0
1.8900000000000001  3.2234416141285798  -10.0
1.895  3.4055942971936304  -10.0
1.9000000000000001  3.5848862153026797  -10.0
1.905  3.7611812262192466  -10.0
1.9100000000000001  3.934345589352846  -10.0
1.915  4.104248067847664  -10.0
1.92  4.270760028695678  -10.0
1.925  4.433755540797655  -10.0
1.93  4.593111470897075  -10.0
1.935  4.7487075773139145  -10.0
1.94  4.900426601406528  -10.0
1.945  5.048154356692146  -10.0
1.95  5.191779815557874  -10.0
1.955  5.331195193496274  -10.0
1.96  5.466296030801365  -10.0
1.965  5.596981271663007  -10.0
1.97  5.723153340599447  -10.0
1.975  5.844718216170092  -10.0
1.98  5.961585501912538  -10.0
1.985  6.073668494450198  -10.0
1.99  6.180884248718842  -10.0
1.995  6.283153640262849  -10.0
2.0  6.38040142455404  -10.0
2.005  6.472556293288474  -10.0
2.0100000000000002  6.559550927618708  -10.0
2.015  6.641322048281559  -10.0
2.02  6.717810462583834  -10.0
2.025  6.788961108210768  -10.0
2.0300000000000002  6.854723093824494  -10.0
2.035  6.9150497364223735  -10.0
2.04  6.969898595427466  -10.0
2.045  7.019231503485917  -10.0
2.05  7.063014593948688  -10.0
2.055  7.10121832501755  -10.0
2.06  7.133817500537857  -10.0
2.065  7.160791287423227  -10.0
2.07  7.182123229699823  -10.0
2.075  7.197801259160555  -10.0
2.08  7.207817702622199  -10.0
2.085  7.212169285780951  -10.0
2.09  7.210857133664626  -10.0
2.095  7.203886767682366  -10.0
2.1  7.191268099275233  -10.0
2.105  7.17301542017384  -10.0
2.11  7.149147389271638  -10.0
2.115  7.119687016125223  -10.0
2.12  7.084661641095525  -10.0
2.125  7.044102912146355  -10.0
2.13  6.998046758319436  -10.0
2.1350000000000002  6.946533359907467  -10.0
2.14  6.889607115349451  -10.0
2.145  6.827316604874925  -10.0
2.15  6.759714550926335  -10.0
2.1550000000000002  6.686857775391192  -10.0
2.16  6.608807153678158  -10.0
2.165  6.525627565673589  -10.0
2.17  6.437387843617513  -10.0
2.1750000000000003  6.344160716940332  -10.0
2.18  6.2460227541040085  -10.0
2.185  6.143054301493417  -10.0
2.19  6.035339419406468  -10.0
2.195  5.922965815193136  -10.0
2.2  5.806024773596124  -10.0
2.205  5.684611084348077  -10.0
2.21  5.558822967081905  -10.0
2.215  5.428761993613546  -10.0
2.22  5.294533007657784  -10.0
2.225  5.15624404204039  -10.0
2.23  5.014006233470946  -10.0
2.235  4.867933734943552  -10.0
2.24  4.718143625833615  -10.0
2.245  4.564755819761124  -10.0
2.25  4.40789297029229  -10.0
2.255  4.247680374553321  -10.0
2.2600000000000002  4.0842458748314305  -10.0
2.265  3.9177197582399432  -10.0
2.27  3.748234654525571  -10.0
2.275  3.575925432097712  -10.0
2.2800000000000002  3.400929092360585  -10.0
2.285  3.22338466243064  -10.0
2.29  3.043433086322563  -10.0
2.295  2.8612171146887633  -10.0
2.3000000000000003  2.6768811931979353  -10.0
2.305  2.490571349639637  -10.0
2.31  2.3024350798424313  -10.0
2.315  2.1126212324944773  -10.0
2.32  1.9212798929558823  -10.0
2.325  1.7285622661530557  -10.0
2.33  1.534620558646151  -10.0
2.335  1.3396078599607166  -10.0
2.34  1.1436780232760833  -10.0
2.345  0.9469855455628136  -10.0
2.35  0.7496854472621737  -10.0
2.355  0.5519331516007323  -10.0
2.36  0.35388436363400094  -10.0
2.365  0.1556949491124905  -10.0
2.37  -0.04247918673580886  -10.0
2.375  -0.24048222041282885  -10.0
2.38  -0.43815853125364723  -10.0
2.3850000000000002  -0.6353528223320053  -10.0
2.39  -0.83191024107442  -10.0
2.395  -1.0276764994897762  -10.0
2.4  -1.2224979939211877  -10.0
2.4050000000000002  -1.4162219242277376  -10.0
2.41  -1.6086964123038352  -10.0
2.415  -1.7997706198447792  -10.0
2.42  -1.9892948652673428  -10.0
2.4250000000000003  -2.1771207396952477  -10.0
2.43  -2.3631012219198384  -10.0
2.435  -2.547090792247409  -10.0
2.44  -2.7289455451451  -10.0
2.445  -2.9085233005986226  -10.0
2.45  -3.0856837140958957  -10.0
2.455  -3.2602883851516453  -10.0
2.46  -3.4322009642897546  -10.0
2.465  -3.601287258400256  -10.0
2.47  -3.767415334390445  -10.0
2.475  -3.9304556210498505  -10.0
2.48  -4.090281009051026  -10.0
2.485  -4.24676694900883  -10.0
2.49  -4.3997915475230265  -10.0
2.495  -4.549235661130219  -10.0
2.5  -4.694982988093036  -10.0
2.505  -4.836920157955856  -10.0
2.5100000000000002  -4.974936818798444  -10.0
2.515  -5.108925722120411  -10.0
2.52  -5.238782805291488  -10.0
2.525  -5.3644072715042315  -10.0
2.5300000000000002  -5.485701667167967  -10.0
2.535  -5.602571956684635  -10.0
2.54  -5.714927594549367  -10.0
2.545  -5.822681594720498  -10.0
2.5500000000000003  -5.9257505972060684  -10.0
2.555  -6.024054931815887  -10.0
2.56  -6.117518679030568  -10.0
2.565  -6.2060697279409816  -10.0
2.57  -6.289639831214101  -10.0
2.575  -6.368164657043323  -10.0
2.58  -6.441583838043798  -10.0
2.585  -6.509841017055688  -10.0
2.59  -6.57288388982056  -10.0
2.595  -6.630664244498679  -10.0
2.6  -6.683137997997336  -10.0
2.605  -6.730265229082922  -10.0
2.61  -6.772010208251753  -10.0
2.615  -6.808341424337427  -10.0
2.62  -6.839231607834784  -10.0
2.625  -6.86465775092333  -10.0
2.63  -6.884601124175255  -10.0
2.6350000000000002  -6.899047289936036  -10.0
2.64  -6.9079861123679756  -9.998303658511126
2.645  -6.911411764149743  -9.934590741123612
2.65  -6.909322729827529  -9.870859510309112
2.6550000000000002  -6.901721805815984  -9.807125686078209
2.66  -6.888616097049784  -9.743404739631153
2.665  -6.870017010289206  -9.679711884567247
2.67  -6.845940244085661  -9.616062068266556
2.6750000000000003  -6.816405775415832  -9.552469963449258
2.68  -6.781437842995471  -9.48894995991802
2.685  -6.741064927286661  -9.425516156488497
2.69  -6.695319727214731  -9.362182353113123
2.695  -6.64423913361373  -9.298962043203122
2.7  -6.587864199421716  -9.235868406153516
2.705  -6.526240106649836  -9.172914300075888
2.71  -6.459416130151406  -9.110112254743418
2.715  -6.387445598219944  -9.047474464752685
2.72  -6.310385850047391  -8.985012782906452
2.725  -6.228298190076217  -8.92273871382167
2.73  -6.141247839281472  -8.860663407766637
2.735  -6.049303883421329  -8.798797654731237
2.74  -5.9525392182969314  -8.737151878733965
2.745  -5.851030492064615  -8.675736132369295
2.75  -5.74485804464585  -8.61456009159879
2.755  -5.6341058442827165  -8.553633050789294
2.7600000000000002  -5.518861421288561  -8.492963918001214
2.765  -5.399215799045972  -8.432561210529938
2.77  -5.275263422306064  -8.372433050703075
2.775  -5.147102082845414  -8.312587161936236
2.7800000000000002  -5.014832842538757  -8.25303086504977
2.785  -4.8785599539077955  -8.19377107484879
2.79  -4.738390778208133  -8.134814296968518
2.795  -4.59443570111858  -8.076166624987067
2.8000000000000003  -4.446808046098587  -8.017833737807347
2.805  -4.295623985481653  -7.9598208973097355
2.81  -4.141002449373986  -7.90213294627697
2.815  -3.9830650324297263  -7.84477430659256
2.82  -3.8219358985753846  -7.787748977713809
2.825  -3.6577416837578545  -7.731060535420347
2.83  -3.4906113967919468  -7.674712130839028
2.835  -3.3206763183845647  -7.61870648974561
2.84  -3.1480698984144744  -7.563045912143824
2.845  -2.972927651547546  -7.507732272121876
2.85  -2.795387051268973  -7.452767017986599
2.855  -2.6155874224146287  -7.398151172674977
2.86  -2.433669832285847  -7.343885334442894
2.865  -2.249776980431827  -7.28996967783051
2.87  -2.064053087185877  -7.2364039549037305
2.875  -1.8766437810417966  -7.183187496770811
2.88  -1.6876959849585322  -7.130319215373252
2.8850000000000002  -1.4973578016811258  -7.07779760554968
2.89  -1.3057783981673974  -7.025620747371471
2.895  -1.1131078892100017  -6.97378630874852
2.9  -0.9194972203445848  -6.922291548303503
2.9050000000000002  -0.7250980501347413  -6.871133318512819
2.91  -0.5300626319257853  -6.8203080691121
2.915  -0.3345436951582566  -6.769811850764133
2.92  -0.13869432633445294  -6.719640318986847
2.9250000000000003  0.05733215027022481  -6.669788738338828
2.93  0.2533822920584449  -6.620251986859652
2.935  0.4493026576316227  -6.571024560762216
2.94  0.6449399262876734  -6.522100579374012
2.945  0.8401410174025614  -6.473473790324256
2.95  1.034753209603775  -6.425137574973406
2.955  1.2286242596423977  -6.377084954081805
2.96  1.4216025208722591  -6.329308593713519
2.965  1.6135370612440014  -6.281800811371924
2.97  1.8042777807222836  -6.2345535823628335
2.975  1.9936755280356135  -6.187558546381277
2.98  2.1815822166679744  -6.14080701431761
2.985  2.3678509400021652  -6.094289975278648
2.99  2.552336085526181  -6.047998103819355
2.995  2.7348934480134197  -6.001921767380391
3.0  2.9153803415896378  -5.95605103392684
3.005  3.0936557105995797  -5.910375679783175
3.0100000000000002  3.2695802391872086  -5.864885197659517
3.015  3.4430164595051225  -5.819568804864012
3.02  3.6138288584691187  -5.774415451696048
3.025  3.781883982975063  -5.729413830015066
3.0300000000000002  3.947050543497201  -5.684552381979358
3.035  4.109199515987038  -5.639819308949366
3.04  4.268204241994518  -5.595202580549744
3.045  4.423940526933821  -5.550689943884415
3.0500000000000003  4.576286736417602  -5.506268932898734
3.055  4.725123890585557  -5.461926877882794
3.06  4.870335756354053  -5.417650915109781
3.065  5.011808937515772  -5.373427996603204
3.0700000000000003  5.149432962619519  -5.3292449000268824
3.075  5.283100370562301  -5.285088238691206
3.08  5.412706793828018  -5.240944471669389
3.085  5.538151039307679  -5.196799914017243
3.09  5.65933516663956  -5.1526407470899285
3.095  5.776164564008206  -5.108453028949102
3.1  5.888548021344232  -5.06422270485382
3.105  5.996397800868273  -5.019935617828483
3.11  6.099629704924572  -4.975577519301116
3.115  6.198163141052261  -4.9311340798051155
3.12  6.291921184243789  -4.886590899737768
3.125  6.380830636342892  -4.841933520168444
3.13  6.46482208253622  -4.79714743368985
3.1350000000000002  6.5438299448951005  -4.75221809530516
3.14  6.617792532926417  -4.707130933344227
3.145  6.68665209109372  -4.661871360401813
3.15  6.750354843271912  -4.616424784290946
3.1550000000000002  6.808851034101696  -4.570776619004283
3.16  6.862094967211789  -4.524912295676619
3.165  6.910045040279835  -4.478817273541432
3.17  6.952663776905176  -4.432477050874463
3.1750000000000003  6.989917855268999  -4.385877175917471
3.18  7.021778133560247  -4.339003257774993
3.185  7.048219672147794  -4.291840977277279
3.19  7.069221752482127  -4.244376097802465
3.1950000000000003  7.084767892712321  -4.196594476050924
3.2  7.094845860006512  -4.14848207276512
3.205  7.099447679566784  -4.1000249633878925
3.21  7.09856964033182  -4.051209348652585
3.215  7.09221229736333  -4.002021565097962
3.22  7.080380470914809  -3.9524480955015475
3.225  7.063083242183733  -3.9024755792243395
3.23  7.040333945750875  -3.8520908224605437
3.235  7.012150158713085  -3.8012808083857195
3.24  6.978553686518227  -3.7500327071966755
3.245  6.939570545513843  -3.6983338860369765
3.25  6.895230942223298  -3.646171918801461
3.255  6.845569249365993  -3.593534595813548
3.2600000000000002  6.79062397864064  -3.540409933369256
3.265  6.730437750293039  -3.4867861831416946
3.27  6.665057259492383  -3.4326518414400287
3.275  6.594533239542668  -3.3779956583169417
3.2800000000000002  6.518920421957887  -3.3228066465189503
3.285  6.438277493432679  -3.26707409027354
3.29  6.352667049741926  -3.2107875539076765
3.295  6.2621555466055225  -3.1539368902922034
3.3000000000000003  6.166813247556931  -3.096512249106448
3.305  6.06671416885615  -3.038504084918107
3.31  5.961936021490219  -2.979903165072792
3.315  5.852560150306863  -2.9207005773886086
3.3200000000000003  5.738671470328373  -2.8608877376503874
3.325  5.62035840029612  -2.8004563968991287
3.33  5.497712793496822  -2.739398648511706
3.335  5.370829865925433  -2.677706935066331
3.34  5.239808121839931  -2.615374054989509
3.345  5.104749276766636  -2.5523931689799157
3.35  4.965758178016019  -2.488757806205351
3.355  4.8229427227705175  -2.4244618702685443
3.36  4.676413773809084  -2.3594996449380212
3.365  4.52628507293324  -2.293865799640393
3.37  4.372673152162901  -2.227555394710467
3.375  4.2156972427705846  -2.16056388639571
3.38  4.055479182225066  -2.0928871316118665
3.3850000000000002  3.892143319117217  -2.024521392446743
3.39  3.725816416141614  -1.9554633404090342
3.395  3.5566275512097105  -1.8857100604195183
3.4  3.384708016771737  -1.8152590545421092
3.4050000000000002  3.2101912174251837  -1.7441082454520798
3.41  3.0332125658901976  -1.6722559796394685
3.415  2.853909377432335  -1.5997010303453192
3.42  2.6724207628149843  -1.526442600228922
3.4250000000000003  2.4888875198650124  -1.4524803237642936
3.43  2.3034520237355833  -1.3778142693643098
3.435  2.1162581159516325  -1.3024449412309598
3.44  1.927450992324691  -1.2263732809305345
3.4450000000000003  1.737177089823448  -1.149600668692778
3.45  1.5455839724890557  -1.0721289244328807
3.455  1.3528202164826801  -0.9939603084957057
3.46  1.1590352943558417  -0.9150975221217855
3.465  0.9643794586328698  -0.8355437076344594
3.47  0.7690036247958738  -0.755302448348207
3.475  0.5730592537639436  -0.6743777681980335
3.48  0.37669823395674573  -0.5927741310900272
3.485  0.18007276303554984  -0.5104964399734393
3.49  -0.016664770587667688  -0.42755003563492644
3.495  -0.21336190637993085  -0.34394069521539594
3.5  -0.4098662303643169  -0.25967463045044525
3.505  -0.6060254937518901  -0.17475848563552265
3.5100000000000002  -0.8016877314360296  -0.08919933531672664
3.515  -0.996701380257647  -0.0030046817089792732
3.52  -1.1909153969490878  0.08381754815718889
3.525  -1.3841793756648988  0.17125900555835216
3.5300000000000002  -1.576343665008755  0.25931092346853046
3.535  -1.767259484464897  0.3479641202150746
3.54  -1.9567790401442542  0.4372090033979781
3.545  -2.1447556397551244  0.5270355740701298
3.5500000000000003  -2.3310438067088555  0.6174334311758597
3.555  -2.5154993932723637  0.7083917762452583
3.56  -2.697979692679425  0.7998994183412547
3.565  -2.8783435501133505  0.8919447792563285
3.5700000000000003  -3.0564514724755805  0.984515898955896
3.575  -3.2321657368540135  1.0776004412646767
3.58  -3.4053504976079516  1.1711856997928964
3.585  -3.5758718919854457  1.2652586040982716
3.59  -3.7435981441916586  1.359805726080324
3.595  -3.9083996678274837  1.4548132866027514
3.6  -4.0701491666182905  1.5502671623399487
3.605  -4.2287217333555756  1.6461528928434033
3.61  -4.38399494697355  1.7424556878233988
3.615  -4.535848967686387  1.8391604346418011
3.62  -4.6841666301114  1.9362517060109379
3.625  -4.828833534306485  2.033713767894065
3.63  -4.969738134650916  2.131530587602347
3.6350000000000002  -5.106771826500328  2.2296858420833052
3.64  -5.239829030549011  2.328162926395599
3.645  -5.368807274833812  2.4269449623649257
3.65  -5.493607274315868  2.5260148074155513
3.6550000000000002  -5.614133007978825  2.625355063571937
3.66  -5.730291793383219  2.7249480866249463
3.665  -5.841994358619525  2.8247759954569203
3.67  -5.949154911603959  2.9248206815195807
3.6750000000000003  -6.0516912066630475  3.025063818459189
3.68  -6.149524608355605  3.125486871882621
3.685  -6.242580152482471  3.2260711092584637
3.69  -6.330786604236515  3.3267976099469156
3.6950000000000003  -6.414076513448136  3.4276472753521188
3.7  -6.49238626688303  3.5286008391906454
3.705  -6.565656137551933  3.6296388778697852
3.71  -6.633830330993985  3.7307418209690733
3.715  -6.696857028497712  3.8318899618183817
3.72  -6.75468842722637  3.9330634681662966
3.725  -6.807280777216169  4.034242392931675
3.73  -6.854594415219098  4.1354066850320255
3.735  -6.896593795363744  4.2365362002817575
3.74  -6.933247516610538  4.337610712353451
3.745  -6.964528346980118  4.438609923795364
3.75  -6.990413244535983  4.539513477098303
3.755  -7.010883375105242  4.640300965804878
3.7600000000000002  -7.0259241267236625  4.740951945654111
3.765  -7.035525120793906  4.841445945754596
3.77  -7.039680219948293  4.9417624797791335
3.775  -7.038387532610007  5.0418810571737
3.7800000000000002  -7.031649414249262  5.141781194374032
3.785  -7.0194724653334655  5.241442426022436
3.79  -7.0018675259730285  5.340844316178131
3.795  -6.978849667266963  5.439966469513916
3.8000000000000003  -6.950438179355086  5.538788542492156
3.805  -6.91665655618608  5.637290254513164
3.81  -6.877532477013268  5.735451399028929
3.815  -6.8330977846325744  5.833251854615354
3.8200000000000003  -6.783388460379472  5.930671595995819
3.825  -6.728444595904498  6.027690705009435
3.83  -6.668310361749171  6.1242893815170145
3.835  -6.603033972746764  6.22044795423783
3.84  -6.532667650274908  6.316146891510558
3.845  -6.457267581389187  6.411366811971552
3.85  -6.376893874869766  6.506088495143721
3.855  -6.291610514214779  6.60029289192955
3.86  -6.201485307617475  6.693961135001559
3.865  -6.106589834965712  6.787074549083641
3.87  -6.006999391904959  6.879614661117043
3.875  -5.902792931008446  6.971563210304489
3.88  -5.794053000099946  7.062902158026092
3.8850000000000002  -5.680865677777398  7.153613697621089
3.89  -5.563320506187135  7.2436802640289635
3.895  -5.441510421101124  7.333084543284219
3.9  -5.315531679351637  7.421809481858686
3.9050000000000002  -5.185483783679409  7.509838295845562
3.91  -5.051469405054062  7.597154479979405
3.915  -4.913594302526818  7.683741816486563
3.92  -4.771967240677851  7.769584383760394
3.9250000000000003  -4.6266999047226225  7.854666564855807
3.93  -4.47790681334284  7.938973055798002
3.935  -4.325705229309844  8.022488873700059
3.94  -4.170215067970164  8.105199364684314
3.9450000000000003  -4.011558803663746  8.187090211602708
3.95  -3.8498613741482224  8.268147441551083
3.955  -3.685250083102966  8.348357433172936
3.96  -3.51785450078883  8.427706923747976
3.9650000000000003  -3.3478063629410046  8.506183016061037
3.97  -3.175239467973139  8.583773185047102
3.975  -3.0002895725727834  8.660465284208337
3.98  -2.823094285769522  8.73624755179911
3.985  -2.6437929615574953  8.811108616775034
3.99  -2.4625265901564912  8.885037504502579
3.995  -2.279437687995464  8.958023642225413
4.0  -2.094670186504384  9.03005686428432
4.005  -1.908369319800551  9.101127417087342
4.01  -1.7206815113569256  9.171225963827029
4.015  -1.5317542597404583  9.24034358894192
4.0200000000000005  -1.3417360235088625  9.308471802319602
4.025  -1.15077610535614  9.375602543238427
4.03  -0.9590245355958297  9.441728184045958
4.035  -0.7666319550733239  9.506841533571272
4.04  -0.5737494975982136  9.570935840269598
4.045  -0.380528671987437  9.634004795096926
4.05  -0.18712124381180723  9.696042534113081
4.055  0.006320883063032107  9.757043640811583
4.0600000000000005  0.19964578504829533  9.817003148174848
4.065  0.3927016374249357  9.87591654045354
4.07  0.5853368328649485  9.93377975466909
4.075  0.7774000997893965  9.990589181838248
4.08  0.9687406204705591  10.0
4.085  1.159208148787109  10.0
4.09  1.3486531275399025  10.0
4.095  1.5369268052379572  10.0
4.1  1.7238813522629828  10.0
4.105  1.9093699763229561  10.0
4.11  2.093247037103914  10.0
4.115  2.2753681600318627  10.0
4.12  2.455590349055475  10.0
4.125  2.6337720983620843  10.0
4.13  2.809773502940023  10.0
4.135  2.983456367901513  10.0
4.14  3.154684316480408  10.0
4.1450000000000005  3.32332289662153  10.0
4.15  3.489239686077659  10.0
4.155  3.652304395933379  10.0
4.16  3.812388972474419  10.0
4.165  3.969367697323233  10.0
4.17  4.123117285763356  10.0
4.175  4.273516983175169  10.0
4.18  4.4204486595086845  10.0
4.1850000000000005  4.5637969017190665  10.0
4.19  4.7034491040934086  10.0
4.195  4.839295556397918  10.0
4.2  4.971229529777166  10.0
4.205  5.099147360337952  10.0
4.21  5.222948530353158  10.0
4.215  5.342535747021648  10.0
4.22  5.457815018723302  10.0
4.225  5.56869572870914  10.0
4.23  5.67509070616954  10.0
4.235  5.776916294624427  10.0
4.24  5.874092417582648  10.0
4.245  5.966542641418739  10.0
4.25  6.05419423541807  10.0
4.255  6.136978228943399  10.0
4.26  6.214829465678231  10.0
4.265  6.287686654904161  10.0
4.2700000000000005  6.355492419772474  10.0
4.275  6.41819334253165  10.0
4.28  6.475740006675784  10.0
4.285  6.528087035980472  10.0
4.29  6.57519313039551  10.0
4.295  6.617021098766364  10.0
4.3  6.653537888358331  10.0
4.305  6.684714611160295  10.0
4.3100000000000005  6.710526566947105  10.0
4.315  6.730953263082377  10.0
4.32  6.74597843104584  10.0
4.325  6.755590039672082  10.0
4.33  6.759780305089912  10.0
4.335  6.758545697354275  10.0
4.34  6.751886943765143  10.0
4.345  6.739809028870338  10.0
4.3500000000000005  6.722321191151942  10.0
4.355  6.699436916398392  10.0
4.36  6.671173927766985  10.0
4.365  6.637554172544107  10.0
4.37  6.598603805613077  10.0
4.375  6.554353169641885  10.0
4.38  6.504836772005983  10.0
4.385  6.450093258463414  10.0
4.39  6.390165383602491  10.0
4.3950000000000005  6.325099978084352  10.0
4.4  6.254947912705642  10.0
4.405  6.1797640593085434  10.0
4.41  6.099607248568261  10.0
4.415  6.01454022469035  10.0
4.42  5.924629597052448  10.0
4.425  5.829945788827832  10.0
4.43  5.730562982629975  10.0
4.4350000000000005  5.626559063220161  10.0
4.44  5.518015557322206  10.0
4.445  5.40501757059037  10.0
4.45  5.287653721779324  10.0
4.455  5.166016074166854  10.0
4.46  5.040200064281873  10.0
4.465  4.9103044279931956  10.0
4.47  4.776431124015547  10.0
4.4750000000000005  4.638685254892371  10.0
4.48  4.497174985516084  10.0
4.485  4.3520114592486365  10.0
4.49  4.203308711707579  10.0
4.495  4.051183582283906  10.0
4.5  3.895755623459984  10.0
4.505  3.737147007998087  10.0
4.51  3.5754824340707008  10.0
4.515  3.4108890284066304  10.0
4.5200000000000005  3.243496247527081  10.0
4.525  3.0734357771489904  10.0
4.53  2.9008414298325156  10.0
4.535  2.725849040952559  10.0
4.54  2.5485963630748136  10.0
4.545  2.3692229588175824  10.0
4.55  2.1878700922830943  10.0
4.555  2.004680619141657  10.0
4.5600000000000005  1.8197988754543586  10.0
4.565  1.6333705653203303  10.0
4.57  1.4455426474352455  10.0
4.575  1.256463220649446  10.0
4.58  1.0662814086144223  10.0
4.585  0.8751472436065119  10.0
4.59  0.6832115496187192  10.0
4.595  0.4906258248104951  10.0
4.6000000000000005  0.2975421234074518  10.0
4.605  0.10411293714194159  10.0
4.61  -0.08950892367297403  10.0
4.615  -0.2831704493443078  10.0
4.62  -0.4767185501816094  10.0
4.625  -0.6700001759691488  10.0
4.63  -0.8628624354342285  10.0
4.635  -1.055152715619701  10.0
4.64  -1.2467188010670835  10.0
4.6450000000000005  -1.4374089927186133  10.0
4.65  -1.62707222644479  10.0
4.655  -1.815558191106398  10.0
4.66  -2.0027174460584725  10.0
4.665  -2.1884015380048645  10.0
4.67  -2.372463117113151  10.0
4.675  -2.5547560522988784  10.0
4.68  -2.735135545589715  10.0
4.6850000000000005  -2.9134582454808693  10.0
4.69  -3.0895823591927245  10.0
4.695  -3.263367763744274  10.0
4.7  -3.4346761157551815  10.0
4.705  -3.6033709598910084  10.0
4.71  -3.76931783586761  10.0
4.715  -3.932384383930608  10.0
4.72  -4.092440448728439  10.0
4.7250000000000005  -4.249358181497297  10.0
4.73  -4.4030121404789035  10.0
4.735  -4.553279389492256  10.0
4.74  -4.700039594582857  10.0
4.745  -4.843175118673475  10.0
4.75  -4.982571114143129  10.0
4.755  -5.118115613261301  10.0
4.76  -5.249699616407388  10.0
4.765  -5.377217178005696  10.0
4.7700000000000005  -5.500565490109514  10.0
4.775  -5.619644963568018  10.0
4.78  -5.734359306713301  10.0
4.785  -5.844615601505311  10.0
4.79  -5.95032437707502  10.0
4.795  -6.051399680608601  10.0
4.8  -6.147759145516436  10.0
4.805  -6.239324056833682  10.0
4.8100000000000005  -6.326019413801086  10.0
4.815  -6.407773989576444  10.0
4.82  -6.484520388030112  10.0
4.825  -6.556195097579524  10.0
4.83  -6.622738542020195  10.0
4.835  -6.68409512831331  10.0
4.84  -6.740213291291727  10.0
4.845  -6.791045535249267  10.0
4.8500000000000005  -6.836548472379971  10.0
4.855  -6.876682858036986  10.0
4.86  -6.911413622782685  10.0
4.865  -6.94070990120456  10.0
4.87  -6.964545057473552  10.0
4.875  -6.982896707624291  10.0
4.88  -6.995746738539026  10.0
4.885  -7.003081323619796  10.0
4.89  -7.00489093513569  10.0
4.8950000000000005  -7.001170353234907  10.0
4.9  -6.9919186716136315  10.0
4.905  -6.977139299836561  10.0
4.91  -6.956839962306356  10.0
4.915  -6.931032693881919  10.0
4.92  -6.899733832148087  10.0
4.925  -6.862964006341751  10.0
4.93  -6.8207481229421845  10.0
4.9350000000000005  -6.773115347935786  10.0
4.94  -6.720099085768216  10.0
4.945  -6.661736954999165  10.0
4.95  -6.5980707606779285  10.0
4.955  -6.529146463460233  10.0
4.96  -6.455014145489311  10.0
4.965  -6.375727973066949  10.0
4.97  -6.29134615614235  10.0
4.9750000000000005  -6.20193090464956  10.0
4.98  -6.107548381726278  10.0
4.985  -6.008268653849479  10.0
4.99  -5.904165637925659  10.0
4.995  -5.795317045375939  10.0
5.0  -5.681804323258277  10.0
