0.0  0.0  0.0
0.01  -0.0058066059386913645  0.0007332230526992784
0.02  -0.009217870982599977  0.0012057227719438786
0.03  -0.011000326052279923  0.0014896882558569874
0.04  -0.011979379317993448  0.001678814119862301
0.05  -0.012542237219321021  0.0018182801191753055
0.06  -0.012866908108787633  0.0019290719787981808
0.07  -0.013042444734160575  0.002021730827726525
0.08  -0.013117419165110474  0.002102007016356867
0.09  -0.01312033756616934  0.002173264399889111
0.1  -0.013068970666816383  0.0022375857402220666
0.11  -0.012974965461269649  0.0022963212942750983
0.12  -0.012846284596685143  0.0023503798705168995
0.13  -0.01268857314923377  0.0024003922934272503
0.14  -0.012505962725211374  0.0024468077614963075
0.15  -0.012301564641685771  0.0024899530474665746
0.16  -0.012077783433732501  0.0025300701899101338
0.17  -0.011836522425688369  0.002567341245668818
0.18  -0.01157932222864249  0.0026019049920107395
0.19  -0.011307456297687755  0.002633868469684511
0.2  -0.011021998265308437  0.002663315131865618
0.21  -0.01072387028326048  0.0026903107073463586
0.22  -0.01041387831372386  0.0027149074917702126
0.23  -0.010092738280610204  0.002737147537164269
0.24  -0.009761095709157556  0.0027570650559898533
0.25  -0.00941954065322966  0.00277468825634467
0.26  -0.00906861916348864  0.002790040759263038
0.27  -0.008708842182886353  0.002803142704935395
0.28  -0.008340692505548364  0.0028140116245262427
0.29  -0.007964630261527503  0.0028226631333601385
0.3  -0.0075810972678112066  0.0028291114865327087
0.31  -0.007190520498956716  0.002833370027514316
0.32  -0.006793314867956483  0.0028354515527438165
0.33  -0.006389885462131245  0.0028353686096839826
0.34  -0.005980629345067823  0.002833133741733624
0.35000000000000003  -0.005565937010456572  0.0028287596903541572
0.36  -0.005146193554766297  0.002822259562484328
0.37  -0.0047217796213469155  0.0028136469695841434
0.38  -0.004293072157579171  0.0028029361433239645
0.39  -0.0038604450182357433  0.002790142031913367
0.4  -0.0034242694416549793  0.002775280380271513
0.41000000000000003  -0.0029849144201980525  0.0027583677966209596
0.42  -0.0025427469824237793  0.0027394218075992576
0.43  -0.0020981324012194855  0.0027184609035965806
0.44  -0.0016514343395813025  0.002695504575720395
0.45  -0.0012030149436987776  0.0026705733455419925
0.46  -0.0007532348913576714  0.0026436887885817532
0.47000000000000003  -0.0003024534023464346  0.0026148735523297707
0.48  0.00014897178352816774  0.0025841513694683333
0.49  0.0006006844560935015  0.0025515470668565064
0.5  0.0010523300081329654  0.0025170865707499542
0.51  0.0015035555289760062  0.002480796908657453
0.52  0.0019540099154488283  0.0024427062081763574
0.53  0.00240334399768923  0.0024028436931001346
0.54  0.00285121067767145  0.002361239677050251
0.55  0.0032972650785738824  0.0023179255548505914
0.56  0.003741164703363483  0.0022729337918340185
0.5700000000000001  0.0041825696011741995  0.002226297911246733
0.58  0.004621142540228727  0.002178052479895873
0.59  0.005056549186199179  0.0021282330921687837
0.6  0.005488458285026751  0.0020768763525379386
0.61  0.005916541849327069  0.002024019856653288
0.62  0.006340475347599266  0.001969702171113402
0.63  0.00675993789553555  0.0019139628119979413
0.64  0.007174612448795943  0.0018568422222364277
0.65  0.007584185996671896  0.001798381747881847
0.66  0.00798834975611368  0.001738623613352094
0.67  0.008386799365641214  0.0016776108956975443
0.68  0.008779235078697266  0.0016153874979489811
0.6900000000000001  0.00916536195603638  0.0015519981215966169
0.7000000000000001  0.009544890056773494  0.0014874882382479554
0.71  0.009917534627743061  0.0014219040605096688
0.72  0.010283016290843753  0.0013552925121364254
0.73  0.010641061228065166  0.0012877011974877111
0.74  0.01099140136391245  0.001219178370332014
0.75  0.011333774544962143  0.0011497729020363205
0.76  0.011667924716298461  0.0010795342491776488
0.77  0.011993602094593523  0.0010085124206122616
0.78  0.01231056333760857  0.0009367579440372705
0.79  0.012618571709904996  0.0008643218320785617
0.8  0.01291739724456576  0.0007912555479382581
0.81  0.013206816900737843  0.0007176109706343107
0.8200000000000001  0.013486614716816519  0.0006434403598643168
0.8300000000000001  0.013756581959101262  0.0005687963205251448
0.84  0.014016517265761988  0.0004937317669195668
0.85  0.014266226785962453  0.00041829988668072387
0.86  0.01450552431399562  0.0003425541044449146
0.87  0.01473423141829332  0.0002665480453028954
0.88  0.014952177565179846  0.00019033549805962084
0.89  0.01515920023724605  0.00011397037833211201
0.9  0.015355145046227349  3.7506691514878437e-05
0.91  0.015539865840275701  -3.900150435788209e-05
0.92  0.015713224805521887  -0.0001155001358242743
0.93  0.015875092561830933  -0.00019193515125209948
0.9400000000000001  0.016025348252659465  -0.0002682525581130423
0.9500000000000001  0.016163879628930004  -0.00034439846024521514
0.96  0.016290583126843016  -0.0004203190950758902
0.97  0.016405363939553535  -0.0004959608707763705
0.98  0.01650813608264489  -0.0005712704033212188
0.99  0.016598822453337787  -0.0006461945534242491
1.0  0.016677354883378733  -0.0007206804633239029
1.01  0.01674367418555731  -0.000794675593390854
1.02  0.01679773019380747  -0.00086812775853094
1.03  0.016839481796853434  -0.0009409851643567451
1.04  0.0168688969653664  -0.001013196443101401
1.05  0.01688595277260357  -0.001084710689248478
1.06  0.016890635408506424  -0.0011554774948520697
1.07  0.01688294018724072  -0.001225446984521486
1.08  0.016862871548165737  -0.0012945698500452713
1.09  0.01683044305022582  -0.0013627973846295576
1.1  0.01678567735976251  -0.0014300815167261137
1.11  0.016728606231750577  -0.0014963748434257684
1.12  0.01665927048446685  -0.0015616306633932388
1.1300000000000001  0.01657771996760544  -0.0016258030093197764
1.1400000000000001  0.016484013523858466  -0.0016888466798703988
1.1500000000000001  0.016378218943986327  -0.0017507172711028742
1.16  0.01626041291540644  -0.0018113712073360394
1.17  0.016130680964334742  -0.001870765771445434
1.18  0.015989117391518815  -0.0019288591345646533
1.19  0.015835825201606684  -0.0019856103851713207
1.2  0.01567091602620009  -0.0020409795575369455
1.21  0.015494510040645776  -0.0020949276595204893
1.22  0.015306735874623324  -0.0021474166996858944
1.23  0.015107730516592423  -0.0021984097137243155
1.24  0.014897639212167512  -0.002247870790162349
1.25  0.014676615356491932  -0.002295765095338009
1.26  0.014444820380688542  -0.002342058897626776
1.27  0.014202423632468025  -0.002386719590900567
1.28  0.013949602250980572  -0.0024297157172030086
1.29  0.013686541036001023  -0.0024710169886249856
1.3  0.01341343231154154  -0.002510594308364999
1.31  0.01313047578399043  -0.0025484197909594265
1.32  0.012837878394879449  -0.00258446678166841
1.33  0.01253585416838621  -0.0026187098750036614
1.34  0.012224624053682076  -0.002651124932385097
1.35  0.01190441576223984  -0.0026816890989138425
1.36  0.011575463600219294  -0.002710380819249757
1.37  0.011238008296052197  -0.002737179852582262
1.3800000000000001  0.010892296823352177  -0.0027620672866839205
1.3900000000000001  0.010538582219278019  -0.0027850255510368316
1.4000000000000001  0.010177123398482727  -0.002806038429022583
1.41  0.009808184962783548  -0.0028250910691671556
1.42  0.0094320370066916  -0.00284216999543283
1.43  0.009048954918942828  -0.0028572631165498536
1.44  0.008659219180174689  -0.0028703597343812336
1.45  0.008263115156896221  -0.0028814505513147974
1.46  0.007860932891901623  -0.0028905276766772485
1.47  0.0074529668912800915  -0.002897584632165706
1.48  0.007039515908177463  -0.0029026163562928713
1.49  0.006620882723467221  -0.002905619207842661
1.5  0.00619737392349106  -0.0029065909683338607
1.51  0.0057692996750311355  -0.0029055308434900243
1.52  0.0053369734976783665  -0.0029024394637145547
1.53  0.004900712033762753  -0.002897318883570607
1.54  0.004460834816014017  -0.0028901725802661367
1.55  0.0040176640331219746  -0.0028810054511451276
1.56  0.0035715242933680607  -0.002869823810186718
1.57  0.0031227423865004132  -0.0028566353835146616
1.58  0.0026716470440267845  -0.0028414493039202204
1.59  0.002218568698100149  -0.002824276104402317
1.6  0.0017638392391732926  -0.002805127710729424
1.61  0.001307791772599496  -0.002784017433028385
1.62  0.0008507603743570048  -0.0027609599564060307
1.6300000000000001  0.0003930798460760417  -0.002735971330610124
1.6400000000000001  -6.49145304527849e-05  -0.0027090689587368523
1.6500000000000001  -0.0005228872391091061  -0.002680271584992755
1.6600000000000001  -0.0009805027754329985  -0.0026495992815196243
1.67  -0.0014374258925946449  -0.002617073434291578
1.68  -0.0018933218471639006  -0.0025827167280941692
1.69  -0.0023478566444999917  -0.002546553130596003
1.7  -0.0028006972835819817  -0.0025086078755240195
1.71  -0.0032515120011010028  -0.0024689074449541623
1.72  -0.003699970514635823  -0.0024274795507298456
1.73  -0.004145744264733878  -0.002384353115021184
1.74  -0.00458850665572096  -0.0023395582500385687
1.75  -0.005027933295063253  -0.00229312623691479
1.76  -0.005463702231106866  -0.002245089503770453
1.77  -0.005895494189021  -0.0021954816029780143
1.78  -0.006322992804772128  -0.002144337187640353
1.79  -0.006745884856958348  -0.0020916919873003024
1.8  -0.007163860496334056  -0.0020375827828981205
1.81  -0.007576613472857387  -0.0019820473809944337
1.82  -0.007983841360094184  -0.0019251245872766453
1.83  -0.008385245776814638  -0.0018668541793673422
1.84  -0.008780532605620294  -0.0018072768789537165
1.85  -0.009169412208441719  -0.00174643432325749
1.86  -0.009551599638749238  -0.0016843690358652689
1.87  -0.00992681485032142  -0.0016211243969397493
1.8800000000000001  -0.010294782902418883  -0.0015567446128325851
1.8900000000000001  -0.010655234161213153  -0.0014912746851201803
1.9000000000000001  -0.011007904497323386  -0.0014247603790840252
1.9100000000000001  -0.011352535479316458  -0.0013572481916576532
1.92  -0.011688874563029042  -0.0012887853188626162
1.93  -0.012016675276573071  -0.0012194196227562103
1.94  -0.012335697400889314  -0.0011491995979141549
1.95  -0.012645707145717158  -0.0010781743374715413
1.96  -0.01294647732085182  -0.0010063934987458924
1.97  -0.01323778750256378  -0.000933907268466337
1.98  -0.013519424195058728  -0.0008607663276331818
1.99  -0.01379118098685994  -0.0007870218160325051
2.0  -0.01405285870199887  -0.0007127252964305575
2.0100000000000002  -0.014304265545903194  -0.0006379287184729814
2.02  -0.014545217245875751  -0.0005626843823141581
2.0300000000000002  -0.014775537186061765  -0.00048704490200202776
2.04  -0.01499505653680538  -0.00041106316864407964
2.05  -0.015203614378301243  -0.00033479231338016144
2.06  -0.015401057818450553  -0.00025828567018810865
2.07  -0.015587242104835365  -0.00018159673854812165
2.08  -0.01576203073072952  -0.00010477914599201003
2.09  -0.01592529553506839  -2.7886610563539052e-05
2.1  -0.016076916796304692  4.902709678396046e-05
2.11  -0.016216783320081408  0.00012590818982630993
2.12  -0.016344792520658083  0.0002027029047173407
2.13  -0.01646085049603071  0.0002793575376214502
2.14  -0.016564872096690494  0.0003558184823036334
2.15  -0.01665678098797109  0.00043203226765063744
2.16  -0.01673650970593895  0.000507945595097052
2.17  -0.016803999706785755  0.0005835053759301272
2.18  -0.01685920140968702  0.000658658768447285
2.19  -0.01690207423309547  0.0007333532149402708
2.2  -0.016932586624442764  0.0008075364784801786
2.21  -0.01695071608322785  0.0008811566794775114
2.22  -0.016956449177475203  0.0009541623319918428
2.23  -0.016949781553550848  0.001026502379765573
2.24  -0.016930717939329154  0.0010981262319566796
2.25  -0.016899272140708143  0.001168983798545393
2.2600000000000002  -0.01685546703147584  0.0012390255253901283
2.27  -0.01679933453653526  0.0013082024289080595
2.2800000000000002  -0.016730915608500273  0.0013764661303561903
2.29  -0.016650260197679637  0.0014437688896888647
2.3000000000000003  -0.016557427215471102  0.001510063638968108
2.31  -0.016452484491192586  0.0015753040153033773
2.32  -0.01633550872238191  0.0016394443932977595
2.33  -0.016206585418601687  0.0017024399169778461
2.34  -0.016065808838790413  0.0017642465311850212
2.35  -0.015913281922205754  0.0018248210124062062
2.36  -0.015749116213010613  0.0018841209990224535
2.37  -0.015573431778557098  0.0019421050209543177
2.38  -0.01538635712142851  0.0019987325286831767
2.39  -0.015188029085303478  0.0020539639216283117
2.4  -0.014978592754711431  0.002107760575859819
2.41  -0.014758201348752607  0.0021600848711280326
2.42  -0.014527016108860681  0.0022109002171905056
2.43  -0.014285206180689918  0.0022601710794182108
2.44  -0.014032948490213597  0.0023078630036629535
2.45  -0.013770427614124212  0.0023539426403687237
2.46  -0.01349783564463058  0.0023983777679100196
2.47  -0.013215372048750581  0.0024411373151409085
2.48  -0.012923243522202817  0.002482191383138979
2.49  -0.012621663838003888  0.002521511266129053
2.5  -0.012310853689882498  0.00255906947157196
2.5100000000000002  -0.01199104053062458  0.0025948397394043696
2.52  -0.011662458405468212  0.0026287970604161968
2.5300000000000002  -0.011325347780669992  0.002660917693752756
2.54  -0.010979955367368621  0.002691179183529385
2.5500000000000003  -0.010626533940874323  0.0027195603745469588
2.56  -0.010265342155516844  0.00274604142709727
2.57  -0.009896644355187105  0.0027706038308479394
2.58  -0.009520710379711469  0.002793230417797133
2.59  -0.00913781536720048  0.0028139053742890236
2.6  -0.008748239552516334  0.0028326142520816036
2.61  -0.008352268062007132  0.002849343978459086
2.62  -0.00795019070465767  0.0028640828653818404
2.63  -0.00754230175981023  0.002876820617667438
2.64  -0.007128899761610104  0.002887548340197104
2.65  -0.006710287280334284  0.0028962585441425124
2.66  -0.006286770700762783  0.0029029451522085744
2.67  -0.005858659997755497  0.002907603502888552
2.68  -0.005426268509198161  0.0029102303537285085
2.69  -0.004989912706484235  0.0029108238835988108
2.7  -0.0045499119627003095  0.0029093836939710874
2.71  -0.00410658831868503  0.002905910809199742
2.72  -0.0036602662471323863  0.0029004076758078288
2.73  -0.0032112724149126553  0.002892878160777765
2.74  -0.0027599354437842605  0.0028833275488480813
2.75  -0.002306585669672382  0.002871762538818095
2.7600000000000002  -0.001851554900689911  0.0028581912388630703
2.77  -0.0013951761740785612  0.002842623160863144
2.7800000000000002  -0.0009377835122473094  0.002825069213749968
2.79  -0.00047971167808745285  0.0028055416958757246
2.8000000000000003  -2.129592974274941e-05  0.002784054286409814
2.81  0.0004371282249851484  0.002760622035769265
2.82  0.0008952252744169077  0.002735261355089506
2.83  0.0013526599487809698  0.0027079900047428784
2.84  0.0018090974658243472  0.002678827081912906
2.85  0.0022642037760693566  0.0026477930072329858
2.86  0.0027176458075362834  0.002614909510498859
2.87  0.0031690917097531328  0.0025801996154648102
2.88  0.0036182110968736515  0.0025436876237342485
2.89  0.004064675289725985  0.002505399097755894
2.9  0.004508157556614164  0.0024653608429374774
2.91  0.004948333352696928  0.0024236008888894127
2.92  0.005384880557767887  0.0023801484698116005
2.93  0.005817479712263671  0.0023350340040369957
2.94  0.0062458142513265105  0.0022882890727463
2.95  0.006669570736750746  0.0022399463978685923
2.96  0.007088439086642687  0.0021900398191833904
2.97  0.007502112802626394  0.0021386042706400855
2.98  0.007910289194428299  0.0020856757559113647
2.99  0.008312669601677102  0.002031291323197622
3.0  0.008708959612755683  0.0019754890393000445
3.0100000000000002  0.009098869280545659  0.0019183079629804
3.02  0.009482113334905843  0.001859788117626253
3.0300000000000002  0.009858411391729709  0.001799970463240576
3.04  0.010227488158428371  0.0017388968677754532
3.0500000000000003  0.01058907363568892  0.0016766100778298069
3.06  0.010942903315360047  0.0016131536887316886
3.0700000000000003  0.011288718374320616  0.001548572114026004
3.08  0.011626265864188568  0.0014829105543890146
3.09  0.011955298896731985  0.0014162149659912966
3.1  0.01227557682484582  0.001348532028331295
3.11  0.012586865418962439  0.0012799091115619974
3.12  0.01288893703876643  0.0012103942433334084
3.13  0.013181570800087904  0.0011400360751741595
3.14  0.013464552736852459  0.0010688838484356417
3.15  0.013737675957968721  0.0009969873598224914
3.16  0.01400074079903908  0.0009243969265334984
3.17  0.014253554968782027  0.0008511633510373308
3.18  0.014495933690059332  0.0007773378855076077
3.19  0.014727699835404508  0.0007029721959422625
3.2  0.014948684056953284  0.0006281183259922048
3.21  0.015158724910681142  0.0005528286605245716
3.22  0.015357668974856806  0.00047715588894601575
3.23  0.015545370962624813  0.0004011529683116905
3.24  0.015721693828634985  0.00032487308624562457
3.25  0.015886508869640395  0.0002483696236984948
3.2600000000000002  0.016039695818990386  0.0001716961175687345
3.27  0.016181142934949284  9.490622321312659e-05
3.2800000000000002  0.016310747082776113  1.805367687305553e-05
3.29  0.01642841381050527  -5.8807741957302185e-05
3.3000000000000003  0.016534057418372536  -0.00013562424819463736
3.31  0.01662760102183557  -0.0002123420888356114
3.3200000000000003  0.016708976608142797  -0.00028890758060516044
3.33  0.016778125086409065  -0.00036526714755768033
3.34  0.016834996331161565  -0.0004413673586048365
3.35  0.016879549219323848  -0.0005171549649437853
3.36  0.01691175166061112  -0.0005925769373596421
3.37  0.016931580621314186  -0.0006675805033762558
3.38  0.016939022141454877  -0.0007421131842291318
3.39  0.016934071345300155  -0.0008161228316349521
3.4  0.01691673244522726  -0.0008895576643318019
3.41  0.016887018738937012  -0.0009623663043647139
3.42  0.016844952600017234  -0.0010344978130911251
3.43  0.0167905654618632  -0.0011059017268812276
3.44  0.016723897794966844  -0.0011765280924880923
3.45  0.016644999077591288  -0.0012463275020631267
3.46  0.01655392775985218  -0.0013152511277922262
3.47  0.016450751221232063  -0.0013832507561285616
3.48  0.01633554572155889  -0.0014502788215980853
3.49  0.01620839634548451  -0.0015162884401541791
3.5  0.016069396940503827  -0.0015812334420581538
3.5100000000000002  0.01591865004855991  -0.00164506840426274
3.52  0.015756266831285202  -0.001707748682275898
3.5300000000000002  0.015582366988933454  -0.0017692304414827966
3.54  0.0153970786730619  -0.001829470687904116
3.5500000000000003  0.015200538393027426  -0.0018884272983692343
3.56  0.014992890916365338  -0.0019460590500832652
3.5700000000000003  0.01477428916312361  -0.0020023256495674117
3.58  0.014544894094230126  -0.0020571877609524007
3.59  0.014304874593974455  -0.00211060703360538
3.6  0.014054407346690502  -0.002162546129071013
3.61  0.013793676707730315  -0.0022129687473080627
3.62  0.013522874568823378  -0.0022618396522032062
3.63  0.01324220021792038  -0.002309124696344352
3.64  0.012951860193623847  -0.0023547908450363138
3.65  0.012652068134312697  -0.002398806199542054
3.66  0.012343044622070812  -0.002441140019533537
3.67  0.012025017021534634  -0.002481762744736506
3.68  0.011698219313777269  -0.0025206460157542764
3.69  0.011362891925351603  -0.0025577626940561002
3.7  0.011019281552617046  -0.002593086881116363
3.71  0.010667640981479522  -0.0026265939366913035
3.72  0.010308228902676207  -0.00265826049622079
3.73  0.009941309722741059  -0.002688064487343106
3.74  0.009567153370789411  -0.0027159851455114425
3.75  0.009186035101263946  -0.002742003028701422
3.7600000000000002  0.008798235292786102  -0.0027661000311995972
3.77  0.008404039243261375  -0.0027882593964635516
3.7800000000000002  0.008003736961388152  -0.0028084657290449013
3.79  0.007597622954723947  -0.0028267050055671462
3.8000000000000003  0.007185996014464076  -0.0028429645847510114
3.81  0.006769158997091288  -0.0028572332164806236
3.8200000000000003  0.006347418603056528  -0.002869501049904532
3.83  0.005921085152653966  -0.0028797596405663005
3.84  0.005490472359254372  -0.0028880019565601005
3.85  0.005055897100064333  -0.0028942223837074474
3.86  0.004617679184579644  -0.0028984167297519165
3.87  0.004176141120903041  -0.0029005822275694356
3.88  0.003731607880098966  -0.0029007175373924336
3.89  0.0032844066587582907  -0.0028988227480468815
3.9  0.0028348666399483457  -0.0028948993772019756
3.91  0.0023833187527242472  -0.0028889503706329613
3.92  0.0019300954303793367  -0.0028809801004983345
3.93  0.0014755303676124187  -0.0028709943626333773
3.94  0.001019958276792038  -0.002859000372862774
3.95  0.0005637146434969483  -0.00284500676233574
3.96  0.00010713548151448232  -0.0028290235718879254
3.97  -0.0003494429125226165  -0.0028110622454350165
3.98  -0.000805684204678688  -0.0027911356224038096
3.99  -0.0012612522692552245  -0.002769257929207201
4.0  -0.0017158114341458371  -0.00274544476977038
4.01  -0.0021690267258244987  -0.0027197131151162125
4.0200000000000005  -0.002620564113784175  -0.002692081292018617
4.03  -0.0030700907542438303  -0.0026625689707334846
4.04  -0.0035172752329427266  -0.0026311971518174614
4.05  -0.0039617878068394135  -0.0025979881520457482
4.0600000000000005  -0.004403300644535242  -0.0025629655894407683
4.07  -0.004841488065241935  -0.0025261543674244863
4.08  -0.00527602677611333  -0.0024875806581077537
4.09  -0.005706596107762646  -0.002447271884731142
4.1  -0.00613287824778701  -0.002405256703272282
4.11  -0.006554558472122521  -0.002361564983235739
4.12  -0.006971325374053374  -0.0023162277876422324
4.13  -0.007382871090701088  -0.002269277352234847
4.14  -0.0077888915268188655  -0.0022207470639208507
4.15  -0.008189086575719916  -0.002170671438468544
4.16  -0.008583160337167607  -0.002119086097479571
4.17  -0.00897082133205834  -0.002066027744657999
4.18  -0.009351782713728433  -0.0020115341413985623
4.19  -0.009725762475717938  -0.001955644081717437
4.2  -0.010092483655825633  -0.001898397366549987
4.21  -0.010451674536291618  -0.0018398347774410413
4.22  -0.010803068839943558  -0.0017799980496545332
4.23  -0.011146405922145684  -0.001718929844730463
4.24  -0.011481430958389997  -0.0016566737225185918
4.25  -0.011807895127370306  -0.0015932741127195828
4.26  -0.012125555789380961  -0.0015287762859659889
4.2700000000000005  -0.012434176659882737  -0.0014632263244769856
4.28  -0.012733527978079003  -0.0013966710923226638
4.29  -0.01302338667034627  -0.001329158205335495
4.3  -0.013303536508362076  -0.0012607360007089738
4.3100000000000005  -0.013573768261774095  -0.0011914535063254847
4.32  -0.0138338798452532  -0.001121360409858307
4.33  -0.014083676459771932  -0.0010505070276953664
4.34  -0.014322970727948017  -0.0009789442737357323
4.3500000000000005  -0.014551582823290634  -0.0009067236281133224
4.36  -0.014769340593182849  -0.0008338971059064535
4.37  -0.014976079675430614  -0.0007605172258963216
4.38  -0.015171643608201987  -0.0006866369794428796
4.39  -0.015355883933174571  -0.000612309799552273
4.4  -0.015528660291700152  -0.0005375895302169226
4.41  -0.015689840513785767  -0.0004625303961169115
4.42  -0.01583930069967772  -0.0003871869727802422
4.43  -0.015976925293820263  -0.0003116141573098337
4.44  -0.016102607150942725  -0.00023586713979679486
4.45  -0.016216247594006892  -0.00016000137555333396
4.46  -0.016317756463721057  -8.40725583144782e-05
4.47  -0.01640705215929542  -8.136594576560344e-06
4.48  -0.016484061670076718  6.775042073796783e-05
4.49  -0.016548720597655494  0.00014353222707409445
4.5  -0.016600973167985745  0.00021915241925086096
4.51  -0.016640772232993123  0.00029455446639989975
4.5200000000000005  -0.016668079261070962  0.0003696817285125373
4.53  -0.016682864315771213  0.00044447747022177637
4.54  -0.016685106021886453  0.0005188848713852626
4.55  -0.016674791517984667  0.0005928470339631058
4.5600000000000005  -0.016651916394296452  0.0006663069845977303
4.57  -0.016616484614656868  0.0007392076721978254
4.58  -0.016568508420964002  0.0008114919597012572
4.59  -0.0165080082183226  0.0008831026090364157
4.6000000000000005  -0.0164350124386806  0.000953982258111716
4.61  -0.01634955738032233  0.0010240733884290905
4.62  -0.016251687020031987  0.00109331828162905
4.63  -0.01614145279405769  0.0011616589629157386
4.64  -0.0160189133431514  0.0012290371288633014
4.65  -0.01588413421588618  0.0012953940565422805
4.66  -0.015737187523095574  0.001360670490194821
4.67  -0.015578151534554335  0.0014248065007849834
4.68  -0.015407110206813273  0.0014877413125957454
4.69  -0.01522415262825741  0.00154941308955712
4.7  -0.015029372363769484  0.001609758672059744
4.71  -0.014822866676558208  0.001668713252484589
4.72  -0.01460473559835761  0.0017262099743516964
4.73  -0.014375080810755376  0.0017821794355649071
4.74  -0.014134004289075098  0.0018365490702877225
4.75  -0.013881606644879547  0.0018892423759287941
4.76  -0.01361798508213455  0.0019401779406748425
4.7700000000000005  -0.01334323085294875  0.001989268211705712
4.78  -0.01305742605798075  0.0020364179227533685
4.79  -0.012760639578618818  0.0020815220691370933
4.8  -0.012452921844510323  0.0021244632743773395
4.8100000000000005  -0.01213429801782882  0.002165108328002828
4.82  -0.011804758993927664  0.0022033035781132857
4.83  -0.011464249342751526  0.002238868716548027
4.84  -0.01111265089004664  0.0022715882689800537
4.8500000000000005  -0.010749759965693436  0.002301199745389806
4.86  -0.010375255259742276  0.0023273768277452785
4.87  -0.00998865142083732  0.002349705007768494
4.88  -0.009589230439920006  0.00236764543256008
4.89  -0.009175937389036963  0.0023804797760767294
4.9  -0.00874721702567354  0.0023872235294847472
4.91  -0.00830074848158414  0.002386484649067579
4.92  -0.007832996432463905  0.002376223334911982
4.93  -0.007338414629202622  0.0023533233801409474
4.94  -0.006807951179438289  0.0023127820144703604
4.95  -0.006226054367783752  0.0022460713610662577
4.96  -0.0055642164412747115  0.002137555186901728
4.97  -0.00476600954805231  0.001955987518542237
4.98  -0.0037117926422496716  0.0016334599798184732
4.99  -0.0021638815803343707  0.0010255444233108746
5.0  -4.3858418899557274e-17  2.2499882460761774e-17
5.01  0.0018527320852447023  -0.0010350590606549364
5.0200000000000005  0.002715305400326153  -0.0016639320508430682
5.03  0.002965677183413337  -0.002011042261517239
5.04  0.0029242869094397955  -0.0022182881596546035
5.05  0.0027348093051468864  -0.002352844067611174
5.0600000000000005  0.0024621311073233943  -0.0024456981559828014
5.07  0.0021384860858674015  -0.0025123735734577496
5.08  0.0017814532941707463  -0.002561337048549246
5.09  0.0014014109529226864  -0.002597551630702651
5.1000000000000005  0.0010049077804991174  -0.0026241036994992272
5.11  0.0005963172254843692  -0.0026430082421888836
5.12  0.000178707725878814  -0.0026556352468651485
5.13  -0.0002456717900305647  -0.0026629488012742293
5.14  -0.0006751072989722088  -0.00266564785378143
5.15  -0.001108245674175879  -0.002664252597349858
5.16  -0.0015439843918097914  -0.0026591594124764353
5.17  -0.001981399414566953  -0.0026506769134314275
5.18  -0.0024196967469417006  -0.0026390502469273154
5.19  -0.002858179115700563  -0.0026244778674237605
5.2  -0.003296222574716801  -0.0026071233659303067
5.21  -0.003733259777253248  -0.002587123969442046
5.22  -0.004168767823234711  -0.0025645967518925024
5.23  -0.004602259305918508  -0.002539643242022998
5.24  -0.005033275634682965  -0.0025123528888622514
5.25  -0.005461382002465669  -0.0024828057003033373
5.26  -0.005886163558491158  -0.002451074274530029
5.2700000000000005  -0.006307222475758295  -0.0024172253797596676
5.28  -0.006724175690622156  -0.002381321193872516
5.29  -0.007136653152671271  -0.002343420285055996
5.3  -0.007544296465873514  -0.0023035783931789626
5.3100000000000005  -0.007946757832421885  -0.0022618490563487063
5.32  -0.008343699232670105  -0.0022182841160911693
5.33  -0.008734791790561738  -0.0021729341265582488
5.34  -0.00911971528575791  -0.00212584868723859
5.3500000000000005  -0.009498157782457575  -0.002077076714232531
5.36  -0.009869815351507206  -0.0020266666618319255
5.37  -0.010234391867403478  -0.0019746667036272753
5.38  -0.010591598865619735  -0.001921124880438972
5.39  -0.010941155448636936  -0.0018660892208853324
5.4  -0.011282788231347849  -0.0018096078392479107
5.41  -0.0116162313182932  -0.0017517290143941495
5.42  -0.011941226306597335  -0.0016925012528086936
5.43  -0.012257522309584627  -0.0016319733382238772
5.44  -0.012564875996948142  -0.0015701943698930756
5.45  -0.012863051648053618  -0.0015072137911929582
5.46  -0.013151821215535783  -0.0014430814099526245
5.47  -0.013430964396809736  -0.0013778474116746884
5.48  -0.013700268711498606  -0.001311562366623883
5.49  -0.01395952958308932  -0.0012442772316039873
5.5  -0.014208550423383957  -0.0011760433471169724
5.51  -0.01444714271852438  -0.0011069124304937557
5.5200000000000005  -0.014675126115544269  -0.0010369365654993353
5.53  -0.014892328508548668  -0.0009661681888433644
5.54  -0.015098586123744052  -0.0008946600739672588
5.55  -0.015293743602645264  -0.0008224653124290207
5.5600000000000005  -0.015477654082873937  -0.000749637293164797
5.57  -0.015650179276036666  -0.0006762296798709261
5.58  -0.01581118954223598  -0.0006022963867202336
5.59  -0.01596056396082094  -0.0005278915526011365
5.6000000000000005  -0.016098190397032242  -0.0004530695140465418
5.61  -0.016223965564237164  -0.0003778847770011274
5.62  -0.016337795081486126  -0.00030239198755995563
5.63  -0.016439593526153116  -0.00022664590179799778
5.64  -0.016529284481450794  -0.00015070135479844612
5.65  -0.016606800578634992  -7.461322897782669e-05
5.66  -0.016672083533735428  1.5635782026946787e-06
5.67  -0.016725084178669095  7.777418705798402e-05
5.68  -0.016765762486610124  0.00015396376895607315
5.69  -0.016794087591506326  0.00023007757998212732
5.7  -0.016810037801646888  0.0003060609949242664
5.71  -0.01681360060719912  0.00038185954152108624
5.72  -0.016804772681644663  0.00045741893491387724
5.73  -0.016783559877056573  0.0005326851122505782
5.74  -0.016749977213169728  0.0006076042673910163
5.75  -0.01670404886020652  0.0006821228856659378
5.76  -0.016645808115429563  0.0007561877786444825
5.7700000000000005  -0.016575297373401437  0.0008297461188670663
5.78  -0.016492568089940252  0.0009027454745024195
5.79  -0.016397680739767398  0.0009751338438893748
5.8  -0.016290704767851733  0.0010468596899254558
5.8100000000000005  -0.016171718534461303  0.0011178719742657981
5.82  -0.016040809253941055  0.0011881201912973098
5.83  -0.01589807292724124  0.0012575544018541536
5.84  -0.015743614268227984  0.0013261252666416788
5.8500000000000005  -0.015577546623813568  0.0013937840793371405
5.86  -0.015399991887950088  0.0014604827993363917
5.87  -0.015211080409535643  0.0015261740841167996
5.88  -0.0150109508942885  0.0015908113211873546
5.89  -0.014799750300649644  0.0016543486595979422
5.9  -0.014577633729779526  0.0017167410409804971
5.91  -0.014344764309720577  0.0017779442300954185
5.92  -0.014101313073801053  0.0018379148448577213
5.93  -0.01384745883336209  0.0018966103858176228
5.94  -0.013583388044893452  0.0019539892650714866
5.95  -0.013309294671668744  0.0020100108345793865
5.96  -0.013025380039975425  0.0020646354138664715
5.97  -0.012731852690038969  0.0021178243170858224
5.98  -0.012428928221745787  0.002169539879421302
5.99  -0.012116829135272353  0.0022197454828094773
6.0  -0.01179578466673339  0.0022684055809604428
6.01  -0.011466030618964996  0.002315485723657941
6.0200000000000005  -0.011127809187563493  0.002360952580319893
6.03  -0.010781368782303043  0.00240477396280114
6.04  -0.010426963844060255  0.0024469188474208143
6.05  -0.010064854657376603  0.0024873573961974116
6.0600000000000005  -0.009695307158792847  0.00252606097727535
6.07  -0.00931859274109428  0.0025630021845274307
6.08  -0.008934988053605781  0.0025981548563183228
6.09  -0.00854477479868304  0.0026314940934148013
6.1000000000000005  -0.008148239524544954  0.0026629962760292255
6.11  -0.00774567341459797  0.002692639079983362
6.12  -0.0073373720734045585  0.0027204014919803717
6.13  -0.006923635309450542  0.002746263823973451
6.140000000000001  -0.006504766914869554  0.0027702077266203115
6.15  -0.006081074442283405  0.0027922162018133695
6.16  -0.005652868978921125  0.0028122736142762463
6.17  -0.0052204649181801874  0.0028303657022177974
6.18  -0.004784179728796802  0.0028464795870356916
6.19  -0.0043443337217919835  0.002860603782062177
6.2  -0.0039012498153638414  0.002872728200345434
6.21  -0.00345525329789687  0.0028828441614606156
6.22  -0.003006671589260517  0.002890944397345331
6.23  -0.0025558340005717613  0.002897023057155118
6.24  -0.0021030714925955396  0.0029010757111351117
6.25  -0.0016487164329600378  0.0029030993535048358
6.26  -0.0011931023523631202  0.002903092404353774
6.2700000000000005  -0.0007365636999485793  0.002901054710546074
6.28  -0.000279435598029447  0.0028969875456334566
6.29  0.00017794640366186487  0.002890893608776114
6.3  0.0006352465740175779  0.002882777022672093
6.3100000000000005  0.0010921292467135667  0.0028726433304963697
6.32  0.001548259066302401  0.002860499491851528
6.33  0.002003301234063277  0.0028463538777326464
6.34  0.002456921753426352  0.0028302162645097314
6.3500000000000005  0.002908787674794782  0.0028120978269317106
6.36  0.0033585673395843305  0.0027920111301566893
6.37  0.0038059306233031226  0.0027699701208138885
6.38  0.0042505491774930786  0.0027459901171033576
6.390000000000001  0.00469209667035753  0.002720087797940221
6.4  0.005130249025898361  0.002692281191150952
6.41  0.005564684661388325  0.002662589660729708
6.42  0.0059950847230053235  0.0026310338931636503
6.43  0.006421133319455688  0.002597635882836565
6.44  0.006842517753416903  0.002562418916520948
6.45  0.007258928750629861  0.0025254075569693135
6.46  0.007670060686473517  0.002486627625616014
6.47  0.008075611809856715  0.0024461061844016875
6.48  0.008475284464262739  0.0024038715167328797
6.49  0.008868785305786182  0.002359953107590094
6.5  0.009255825518001966  0.0023143816227981086
6.51  0.009636121023510082  0.002267188887472974
6.5200000000000005  0.01000939269200071  0.0022184078636606967
6.53  0.010375366544688673  0.002168072627183182
6.54  0.010733773954967026  0.0021162183437075568
6.55  0.011084351845133499  0.0020628812440555574
6.5600000000000005  0.011426842879046235  0.0020080985987701774
6.57  0.011760995650567048  0.0019519086919573547
6.58  0.012086564867656368  0.0018943507944208266
6.59  0.012403311531983053  0.0018354651361090458
6.6000000000000005  0.012711003113919902  0.0017752928778932177
6.61  0.013009413722795161  0.0017138760826963543
6.62  0.013298324272277562  0.0016512576859932142
6.63  0.013577522640771982  0.0015874814657019839
6.640000000000001  0.013846803826710174  0.0015225920114885691
6.65  0.014105970098622191  0.001456634693504956
6.66  0.014354831139879166  0.0013896556305834872
6.67  0.014593204188001759  0.0013217016579092342
6.68  0.014820914168432049  0.0012528202941930627
6.69  0.015037793822671787  0.0011830597083682913
6.7  0.015243683830692889  0.001112468685834268
6.71  0.015438432927531066  0.001041096594270306
6.72  0.015621898013977018  0.0009689933490439888
6.73  0.015793944261284876  0.0008962093782380019
6.74  0.015954445209820995  0.0008227955873198447
6.75  0.01610328286158125  0.0007488033234790932
6.76  0.016240347766509265  0.0006742843396572636
6.7700000000000005  0.01636553910255237  0.0005992907582952775
6.78  0.016478764749397183  0.0005238750348239044
6.79  0.0165799413558307  0.0004480899209226956
6.8  0.016668994400677848  0.0003719884275730669
6.8100000000000005  0.016745858247271147  0.0002956237879313528
6.82  0.01681047619141247  0.0002190494200478165
6.83  0.016862800502792312  0.00014231888945754478
6.84  0.016902792459836103  6.548587166949529e-05
6.8500000000000005  0.016930422377952305  -1.1395885420091514e-05
6.86  0.016945669631161765  -8.827259916373233e-05
6.87  0.016948522667092618  -0.00016509048982190567
6.88  0.016938979015329824  -0.0002417958182189554
6.890000000000001  0.016917045289113513  -0.000318334923369524
6.9  0.016882737180384803  -0.00039465426004915423
6.91  0.016836079448183067  -0.00047070043628281825
6.92  0.01677710590040306  -0.0005464202507251655
6.93  0.016705859368925595  -0.0006217607299063748
6.94  0.016622391678139812  -0.0006966691653175704
6.95  0.01652676360688054  -0.0007710931503098891
6.96  0.016419044843808284  -0.0008449806167814071
6.97  0.01629931393626515  -0.000918279871626286
6.98  0.016167658232643697  -0.000990939632920669
6.99  0.016024173818311407  -0.0010629090658199863
7.0  0.01586896544513763  -0.0011341378181427186
7.01  0.015702146454674555  -0.001204576055615554
7.0200000000000005  0.01552383869504889  -0.0012741744967554559
7.03  0.015334172431624781  -0.0013428844473641957
7.04  0.015133286251503715  -0.0014106578346112565
7.05  0.01492132696193119  -0.0014774472406812848
7.0600000000000005  0.014698449482684983  -0.0015432059359625665
7.07  0.014464816732523368  -0.0016078879117533394
7.08  0.014220599509776841  -0.0016714479124630784
7.09  0.013965976367170774  -0.0017338414672862415
7.1000000000000005  0.013701133480970403  -0.0017950249213263567
7.11  0.013426264514544864  -0.0018549554661486372
7.12  0.01314157047644872  -0.0019135911697398965
7.13  0.012847259573126732  -0.0019708910058546633
7.140000000000001  0.01254354705634827  -0.0020268148827270985
7.15  0.012230655065483974  -0.002081323671128607
7.16  0.011908812464739647  -0.002134379231751532
7.17  0.011578254675467274  -0.0021859444418998036
7.18  0.011239223503675152  -0.0022359832214678722
7.19  0.010891966962863785  -0.002284460558189781
7.2  0.010536739092318045  -0.0023313425321407266
7.21  0.010173799770986766  -0.0023765963394739758
7.22  0.009803414527088451  -0.0024201903153765587
7.23  0.00942585434358053  -0.0024620939562276906
7.24  0.00904139545963569  -0.0025022779409444077
7.25  0.008650319168270349  -0.0025407141514995693
7.26  0.008252911610273186  -0.0025773756925978135
7.2700000000000005  0.007849463564585386  -0.0026122369104957183
7.28  0.007440270235285078  -0.002645273410953061
7.29  0.007025631035332716  -0.0026764620763026254
7.3  0.006605849367235144  -0.0027057810816265605
7.3100000000000005  0.0061812324007897755  -0.0027332099100280567
7.32  0.005752090848070551  -0.0027587293669876405
7.33  0.0053187387358212155  -0.00278232159379404
7.34  0.00488149317542227  -0.00280397008004026
7.3500000000000005  0.004440674130599734  -0.002823659675176119
7.36  0.0039966041830469656  -0.0028413765991091695
7.37  0.0035496082961288342  -0.002857108451846615
7.38  0.0031000135768441614  -0.0028708442221714653
7.390000000000001  0.0026481490362179226  -0.002882574295346863
7.4  0.002194345348301211  -0.0028922904598432226
7.41  0.0017389346079525606  -0.002899985913083467
7.42  0.0012822500875809763  -0.0029056552662023384
7.43  0.0008246259930264102  -0.0029092945478164755
7.44  0.0003663972187572676  -0.0029109012068026124
7.45  -9.21008974349241e-05  -0.0029104741140819684
7.46  -0.0005505328200664975  -0.002908013563409568
7.47  -0.0010085630617354406  -0.0029035212711679644
7.48  -0.001465856428860562  -0.002897000375165487
7.49  -0.0019220782672047126  -0.00288845543243988
7.5  -0.002376894707003112  -0.0028778924160688443
7.51  -0.0028299729075163603  -0.002865318710989739
7.5200000000000005  -0.003280981300830297  -0.0028507431088313434
7.53  -0.003729589834723324  -0.0028341758017613235
7.54  -0.0041754702144236756  -0.002815628375353663
7.55  -0.004618296143079972  -0.002795113800481093
7.5600000000000005  -0.005057743560768085  -0.0027726464242381604
7.57  -0.0054934908818605336  -0.00274824195990129
7.58  -0.005925219230583756  -0.002721917475932865
7.59  -0.006352612674591079  -0.0026936913840370042
7.6000000000000005  -0.006775358456380724  -0.002663583426275403
7.61  -0.007193147222388208  -0.0026316146612522283
7.62  -0.007605673249587668  -0.002597807449377741
7.63  -0.008012634669433416  -0.002562185437220942
7.640000000000001  -0.008413733688980383  -0.0025247735409621845
7.65  -0.008808676809019185  -0.0024855979289573364
7.66  -0.009197175039068651  -0.002444686003425629
7.67  -0.009578944109065748  -0.0024020663812740722
7.68  -0.009953704677599966  -0.0023577688740718007
7.69  -0.010321182536538924  -0.0023118244671883116
7.7  -0.010681108811894654  -0.002264265298110317
7.71  -0.011033220160785428  -0.002215124633952159
7.72  -0.011377258964346467  -0.0021644368481757194
7.73  -0.011712973516450531  -0.002112237396535963
7.74  -0.012040118208098206  -0.0020585627922689973
7.75  -0.012358453707344993  -0.002003450580539963
7.76  -0.012667747134631212  -0.0019469393121686334
7.7700000000000005  -0.012967772233388129  -0.0018890685166510909
7.78  -0.013258309535794384  -0.001829878674496365
7.79  -0.013539146523561639  -0.0017694111888972872
7.8  -0.013810077783631868  -0.00170770835675546
7.8100000000000005  -0.014070905158671675  -0.0016448133390805993
7.82  -0.014321437892254207  -0.0015807701307848797
7.83  -0.014561492768621714  -0.0015156235298933798
7.84  -0.014790894246926803  -0.001449419106192289
7.8500000000000005  -0.015009474589853557  -0.001382203169336652
7.86  -0.015217073986524918  -0.0013140227364400188
7.87  -0.015413540669605853  -0.001244925499168641
7.88  -0.015598731026516637  -0.0011749597903632173
7.890000000000001  -0.015772509704674954  -0.0011041745502115166
7.9  -0.015934749710689124  -0.0010326192919955825
7.91  -0.016085332503430815  -0.0009603440674373366
7.92  -0.01622414808091778  -0.0008873994316669308
7.930000000000001  -0.016351095060943954  -0.0008138364078383421
7.94  -0.01646608075539726  -0.0007397064514168626
7.95  -0.01656902123821079  -0.000665061414163438
7.96  -0.016659841406897608  -0.0005899535078411817
7.97  -0.01673847503762383  -0.0005144352676692828
7.98  -0.016804864833779853  -0.0004385595155499323
7.99  -0.016858962468013772  -0.0003623793230939535
8.0  -0.016900728617696467  -0.00028594797447099
8.01  -0.01693013299379193  -0.00020931892911022276
8.02  -0.016947154363111904  -0.00013254578427768774
8.03  -0.016951780563938233  -5.568223755635742e-05
8.040000000000001  -0.01694400851500149  2.1217950744793874e-05
8.05  -0.01692384421780915  9.810099522640086e-05
8.06  -0.01689130275232149  0.00017491312305284177
8.07  -0.0168464082659783  0.0002516006115983635
8.08  -0.01678919395608425  0.00032810982605903697
8.09  -0.016719702045565773  0.0004043872570041906
8.1  -0.01663798375211698  0.0004803795578410646
8.11  -0.016544099250757203  0.0005560335821665659
8.120000000000001  -0.01643811762982719  0.0006312964209798752
8.13  -0.01632011684045649  0.0007061154397299786
8.14  -0.016190183639538225  0.0007804383151723611
8.15  -0.016048413526253524  0.0008542130720088272
8.16  -0.015894910672191377  0.0009273881192849652
8.17  -0.015729787845115424  0.0009999122865199015
8.18  -0.01555316632643288  0.0010717348595429598
8.19  -0.01536517582242603  0.0011428056160122288
8.2  -0.01516595436931141  0.0012130748605902147
8.21  -0.014955648232195293  0.0012824934597519832
8.22  -0.014734411798000306  0.001351012876201425
8.23  -0.014502407462440216  0.001418585202871716
8.24  -0.014259805511126511  0.001485163196486029
8.25  -0.014006783994892826  0.0015507003106551775
8.26  -0.013743528599429001  0.0016151507284890064
8.27  -0.013470232509319422  0.0016784693946987476
8.28  -0.013187096266585156  0.0017406120471679073
8.290000000000001  -0.012894327623833633  0.0018015352479696242
8.3  -0.012592141392122752  0.0018611964138087877
8.31  -0.01228075928365025  0.0019195538458677516
8.32  -0.011960409749384506  0.001976566759034644
8.33  -0.011631327811754093  0.0020321953104939458
8.34  -0.01129375489251895  0.0020864006276593806
8.35  -0.010947938635949271  0.0021391448354294816
8.36  -0.010594132727440619  0.0021903910827469554
8.370000000000001  -0.01023259670769809  0.0022401035684431803
8.38  -0.009863595782626092  0.0022882475663498015
8.39  -0.009487400629061006  0.002334789449659966
8.4  -0.009104287196490441  0.002379696714522066
8.41  -0.00871453650490268  0.00242293800284961
8.42  -0.00831843443891518  0.0024644831243312644
8.43  -0.007916271538331195  0.002504303077625703
8.44  -0.007508342785279117  0.002542370070726475
8.45  -0.0070949473880888205  0.0025786575404826953
8.46  -0.00667638856206331  0.002613140171261922
8.47  -0.006252973307306805  0.0026457939127422034
8.48  -0.00582501218376964  0.0026765959968209382
8.49  -0.0053928190836764036  0.002705524953628696
8.5  -0.00495671100150204  0.0027325606266368854
8.51  -0.004517007801665228  0.0027576841868487507
8.52  -0.00407403198410766  0.0027808781460638026
8.53  -0.00362810844793092  0.0028021263692064686
8.540000000000001  -0.0031795642532641555  0.002821414085710421
8.55  -0.0027287283815357758  0.0028387278999505916
8.56  -0.002275931494323925  0.002854055800715787
8.57  -0.0018215056909635739  0.0028673871697152036
8.58  -0.0013657842650853281  0.002878712789113024
8.59  -0.000909101460264612  0.00288802484808592
8.6  -0.0004517922249601444  0.00289531694839891
8.61  5.8080330804100375e-06  0.0029005841089957862
8.620000000000001  0.0004633636927678708  0.0029038227696009723
8.63  0.000920539165791579  0.002905030793330402
8.64  0.001376999142734384  0.0029042074683096743
8.65  0.0018324088390012229  0.0029013535082984838
8.66  0.00228643424038217  0.00289647105232098
8.67  0.002738742348071541  0.0028895636633024494
8.68  0.0031890014229637954  0.002880636325713405
8.69  0.0036368812290475476  0.0028696954422228506
8.700000000000001  0.004082053275721361  0.0028567488293632258
8.71  0.004524191058853384  0.0028418057122102194
8.72  0.004962970300410679  0.0028248767180813067
8.73  0.005398069186481526  0.002805973869257648
8.74  0.005829168603519287  0.0027851105747345754
8.75  0.006255952372634881  0.002762301621006678
8.76  0.006678107481766801  0.002737563161894119
8.77  0.007095324315561094  0.002710912707417537
8.78  0.0075072968827924  0.0026823691117295848
8.790000000000001  0.00791372304116215  0.002651952560111742
8.8  0.008314304719309305  0.0026196845550458896
8.81  0.008708748135873747  0.0025855879013704994
8.82  0.009096764015451418  0.002549686690532385
8.83  0.009478067801286282  0.0025120062839451627
8.84  0.009852379864544085  0.002472573295466533
8.85  0.010219425710015948  0.002431415573007002
8.86  0.010578936178103761  0.002388562179283337
8.870000000000001  0.010930647642940878  0.002344043371730647
8.88  0.011274302206504362  0.0022978905815876716
8.89  0.011609647888580226  0.002250136392170325
8.9  0.01193643881244341  0.0022008145163493714
8.91  0.012254435386119282  0.002149959773248489
8.92  0.012563404479096933  0.0020976080641796993
8.93  0.01286311959436723  0.0020437963478336777
8.94  0.013153361035662219  0.001988562614743028
8.950000000000001  0.013433916069777342  0.0019319458610371873
8.96  0.013704579083860078  0.0018739860615082083
8.97  0.013965151737554459  0.001814724142007076
8.98  0.014215443109892511  0.001754201951191002
8.99  0.014455269840830742  0.0016924622316424407
9.0  0.014684456267331229  0.0016295485903811695
9.01  0.014902834553893312  0.0015655054687914237
9.02  0.01511024481744525  0.0015003781119863242
9.03  0.015306535246509646  0.0014342125376325837
9.040000000000001  0.015491562214562105  0.001367055504258841
9.05  0.015665190387506002  0.001298954479071553
9.06  0.015827292825192456  0.0012299576053026735
9.07  0.015977751076918005  0.0011601136691141514
9.08  0.016116455270839162  0.0010894720660844454
9.09  0.01624330419724704  0.001018082767302913
9.1  0.01635820538565083  0.0009459962850983614
9.11  0.016461075175624677  0.0008732636384285319
9.120000000000001  0.016551838781377337  0.0007999363179577666
9.13  0.01663043035001029  0.0007260662508506733
9.14  0.016696793013435355  0.0006517057653098853
9.15  0.01675087893392888  0.0005769075548868866
9.16  0.01679264934330554  0.0005017246425950479
9.17  0.016822074575701316  0.0004262103448547631
9.18  0.01683913409396123  0.0003504182353011062
9.19  0.01684381650963419  0.0002744021084849422
9.200000000000001  0.016836119596584185  0.00019821594349926595
9.21  0.016816050298233885  0.00012191386756298784
9.22  0.016783624728464112  4.555011959504557e-05
9.23  0.01673886816620028  -3.08209861870707e-05
9.24  0.016681815043724554  -0.0001071450966099041
9.25  0.01661250892876103  -0.0001833678557922467
9.26  0.016531002500389594  -0.00025943494126231067
9.27  0.01643735751885331  -0.00033529209990625596
9.28  0.016331644789334025  -0.00041088518370917525
9.290000000000001  0.016213944119780572  -0.0004861601852482911
9.3  0.01608434427288541  -0.0005610632728965172
9.31  0.015942942912316557  -0.0006355408256930254
9.32  0.015789846543324926  -0.0007095394678351651
9.33  0.015625170447859753  -0.0007830061027442383
9.34  0.015449038614340585  -0.0008558879466549309
9.35  0.015261583662249216  -0.0009281325616754246
9.36  0.015062946761723338  -0.0009996878882619702
9.370000000000001  0.01485327754835301  -0.0010705022770479964
9.38  0.014632734033402034  -0.0011405245199635127
9.39  0.01440148250970066  -0.00120970388057585
9.4  0.014159697453483005  -0.001277990123576823
9.41  0.01390756142247268  -0.0013453335433351982
9.42  0.013645264950553779  -0.001411684991425572
9.43  0.013373006439403742  -0.0014769959030361392
9.44  0.01309099204750903  -0.0015412183221474014
9.450000000000001  0.012799435577034102  -0.0016043049253622879
9.46  0.012498558359074688  -0.0016662090442538418
9.47  0.012188589137891248  -0.0017268846860806787
9.48  0.011869763954799904  -0.001786286552700845
9.49  0.011542326032487237  -0.0018443700574924025
9.5  0.011206525660624614  -0.0019010913400621511
9.51  0.010862620083782139  -0.0019564072784922473
9.52  0.01051087339279249  -0.0020102754988368305
9.53  0.010151556420891753  -0.0020626543815358066
9.540000000000001  0.009784946646173385  -0.002113503064359194
9.55  0.009411328102145119  -0.002162781441430856
9.56  0.009030991298478354  -0.0022104501578027935
9.57  0.008644233154407328  -0.002256470598956853
9.58  0.008251356947673082  -0.002300804874496745
9.59  0.007852672282448354  -0.002343415795153795
9.6  0.0074484950803338085  -0.0023842668420593393
9.61  0.00703914759932498  -0.0024233221270268486
9.620000000000001  0.006624958486646609  -0.002460546342327467
9.63  0.006206262872587588  -0.0024959046981203117
9.64  0.005783402514015667  -0.0025293628452967946
9.65  0.005356725998191027  -0.0025608867809923407
9.66  0.004926589019947084  -0.0025904427333809797
9.67  0.004493354748418737  -0.002617997021556589
9.68  0.004057394303483402  -0.002643515885266785
9.69  0.003619087367207494  -0.002666965277928251
9.700000000000001  0.0031788229622507105  -0.002688310614617482
9.71  0.0027370004378884046  -0.0027075164644623263
9.72  0.0022940307157925436  -0.002724546173868999
9.73  0.001850337862991973  -0.0027393614030416717
9.74  0.0014063610799425125  -0.002751921552912859
9.75  0.0009625572194619636  -0.002762183052364664
9.76  0.0005194039904208473  -0.002770098465703757
9.77  7.740405296190863e-05  -0.0027756153666094146
9.78  -0.0003629097137513901  -0.0027786749054936333
9.790000000000001  -0.0008009673846809945  -0.0027792099698061143
9.8  -0.0012361530640421971  -0.0027771427973016477
9.81  -0.0016677931002807673  -0.002772381844427316
9.82  -0.002095140346097324  -0.0027648176258328098
9.83  -0.002517352863758696  -0.0027543171103540805
9.84  -0.002933464693836874  -0.0027407160566738815
9.85  -0.003342345067042911  -0.0027238083521321523
9.86  -0.0037426404290279215  -0.0027033308999885055
9.870000000000001  -0.004132690296623232  -0.0026789417376735345
9.88  -0.0045104022031856456  -0.002650187588106819
9.89  -0.004873060745188816  -0.0026164544184947734
9.9  -0.005217026806483684  -0.002576889736164862
9.91  -0.005537246478854393  -0.002530276024210071
9.92  -0.005826415016387853  -0.002474815861129015
9.93  -0.006073481819328636  -0.0024077489416131884
9.94  -0.006260817216447465  -0.002324629329421547
9.950000000000001  -0.006358461576275983  -0.002217866665786927
9.96  -0.006311483358397432  -0.00207354541769157
9.97  -0.006009732500881949  -0.0018639147451342292
9.98  -0.00521167566086252  -0.0015289716979212536
9.99  -0.003391618832942447  -0.0009428253371956897
10.0  -1.5400536649140207e-16  -4.0627020275242833e-17
