0.0  0.0  0.0
0.01  0.1055613765114304  -0.07393145189924666
0.02  0.13920854596597523  -0.1514504298021964
0.03  0.13329709801847633  -0.2212470326741495
0.04  0.11068279331858645  -0.2847102018406265
0.05  0.08128061832271996  -0.3433849526824633
0.06  0.04957968075632205  -0.3980266265586117
0.07  0.017861179394464168  -0.44893381357641404
0.08  -0.012586812747316285  -0.49617733413283893
0.09  -0.04097534114783441  -0.5397173040711575
0.1  -0.06679389647522843  -0.5794630195213171
0.11  -0.08970312581024938  -0.6153051438858863
0.12  -0.10947872626826725  -0.6471340305809268
0.13  -0.12598016828522093  -0.6748507346107806
0.14  -0.13913219993273732  -0.6983739424046304
0.15  -0.14891325001662428  -0.7176444841605097
0.16  -0.1553476928504266  -0.7326283240800097
0.17  -0.1585003302903664  -0.7433185297836589
0.18  -0.15847216445712753  -0.7497365121071133
0.19  -0.1553969217576478  -0.7519327105223087
0.2  -0.14943800626131454  -0.7499868335074604
0.21  -0.1407856871056466  -0.7440077248108734
0.22  -0.12965440080627655  -0.7341329038201958
0.23  -0.11628009660292155  -0.7205278146572909
0.24  -0.10091758309940245  -0.7033848105027599
0.25  -0.08383785414875096  -0.6829218948866198
0.26  -0.06532538509689205  -0.6593812389960445
0.27  -0.04567539946205981  -0.6330274926737627
0.28  -0.025191112317279624  -0.6041459062277367
0.29  -0.004180960949619068  -0.573040280134316
0.3  0.01704416364111727  -0.5400307599902392
0.31  0.038173668802473866  -0.5054514945178175
0.32  0.05889997891425842  -0.4696481749593631
0.33  0.07892120297524226  -0.4329754747464942
0.34  0.09794373300983197  -0.3957944088510489
0.35000000000000003  0.11568475520485205  -0.3584696326834917
0.36  0.1318746559715303  -0.3213667007773141
0.37  0.14625930566241602  -0.2848493057659137
0.38  0.15860220342358294  -0.24927651830846315
0.39  0.1686864676017069  -0.2150000486437181
0.4  0.17631665723030426  -0.1823615503389101
0.41000000000000003  0.18132041136918195  -0.15168998655053212
0.42  0.18354989444737302  -0.12329907872281917
0.43  0.18288303724505933  -0.09748485711764478
0.44  0.17922456472746753  -0.07452333189765951
0.45  0.17250680359718634  -0.05466830267551731
0.46  0.16269026414480248  -0.03814932350003817
0.47000000000000003  0.14976399273539628  -0.025169839180485334
0.48  0.1337456930546781  -0.015905507659293407
0.49  0.11468161603795995  -0.010502721839156806
0.5  0.09264622020256569  -0.009077342860976244
0.51  0.0677416058847567  -0.011713655324264249
0.52  0.04009672863124788  -0.018463553351594525
0.53  0.009866398698773853  -0.029345964734630678
0.54  -0.02276992474068125  -0.044346518672966594
0.55  -0.05760953451949268  -0.06341746084078749
0.56  -0.09442805986204289  -0.0864778177030089
0.5700000000000001  -0.1329812211925041  -0.11341381016529219
0.58  -0.1730067410306733  -0.14407951479460052
0.59  -0.21422639547633915  -0.1782977690024111
0.6  -0.25634818974081425  -0.21586131475501752
0.61  -0.299068640275837  -0.25653417357825803
0.62  -0.3420751452816582  -0.3000532438709592
0.63  -0.38504842475342904  -0.34613010984574455
0.64  -0.42766501075228935  -0.3944530497905204
0.65  -0.469599768268026  -0.44468922980142866
0.66  -0.5105284268757526  -0.49648706769030343
0.67  -0.5501301033804362  -0.549478750427985
0.68  -0.5880897957897413  -0.6032828872598255
0.6900000000000001  -0.6241008292557937  -0.657507279531128
0.7000000000000001  -0.657867235077104  -0.711751787296984
0.71  -0.689106044448877  -0.7656112719709153
0.72  -0.7175494793880024  -0.8186785935967895
0.73  -0.7429470241316818  -0.8705476408144277
0.74  -0.7650673613086169  -0.9208163712358798
0.75  -0.7837001583003909  -0.9690898397598989
0.76  -0.7986576904389331  -1.014983192329064
0.77  -0.809776289013543  -1.0581246027782174
0.78  -0.8169176034770353  -1.0981581307342716
0.79  -0.8199696687335649  -1.1347464790044266
0.8  -0.8188477699485428  -1.167573629529768
0.81  -0.8134950989311747  -1.1963473377800762
0.8200000000000001  -0.8038831977896421  -1.2208014664182911
0.8300000000000001  -0.7900121872346179  -1.2406981401630766
0.84  -0.7719107785953362  -1.2558297050178175
0.85  -0.7496360703004844  -1.266020476405528
0.86  -0.7232731312503999  -1.2711282622419453
0.87  -0.6929343751543541  -1.271045648582949
0.88  -0.6587587315141892  -1.2657010371858513
0.89  -0.6209106204907814  -1.2550594261147985
0.9  -0.579578740380703  -1.2391229263855168
0.91  -0.5349746778455777  -1.2179310095702314
0.92  -0.4873313523652442  -1.191560483255752
0.93  -0.43690130761776225  -1.160125193251741
0.9400000000000001  -0.38395486361543835  -1.1237754534673416
0.9500000000000001  -0.3287781444378791  -1.0826972063974587
0.96  -0.2716709972933016  -1.0371109191699426
0.97  -0.212944819401461  -0.9872702220866175
0.98  -0.1529203098202387  -0.9334602985295177
0.99  -0.0919251638288685  -0.8759960369841185
1.0  -0.030291727830825944  -0.8152199577394774
1.01  0.03164536705353167  -0.7514999285471018
1.02  0.0935515744712349  -0.6852266851428174
1.03  0.1550947872449193  -0.6168111740463055
1.04  0.21594765877458708  -0.546681736439536
1.05  0.2757898738647473  -0.4752811531771513
1.06  0.3343103519071128  -0.4030635720889723
1.07  0.39120936597873557  -0.33049133968840405
1.08  0.4462005621708844  -0.2580317601927488
1.09  0.49901286433842035  -0.1861538053858194
1.1  0.5493922504453149  -0.1153247993043586
1.11  0.5971033877708765  -0.046007102003642775
1.12  0.6419311154239618  0.021345183248505515
1.1300000000000001  0.6836817638791061  0.08628945508758436
1.1400000000000001  0.7221843025884965  0.1483977874853587
1.1500000000000001  0.7572913081260907  0.2072600079560194
1.16  0.7888797467733798  0.2624866576179369
1.17  0.8168515669485186  0.31371181099287243
1.18  0.841134098399696  0.3605957343918136
1.19  0.8616802566175141  0.4028273628651137
1.2  0.8784685524574193  0.4401265769762846
1.21  0.8915029084897483  0.4722462620846528
1.22  0.9008122850995713  0.49897413438180566
1.23  0.9064501208294004  0.5201343196090927
1.24  0.9084935928834974  0.5355886721761587
1.25  0.9070427050818707  0.5452378242904505
1.26  0.9022192118544902  0.5490219566809487
1.27  0.8941653880919026  0.5469212845414811
1.28  0.8830426558078526  0.5389562544147048
1.29  0.869030079614288  0.5251874498716318
1.3  0.8523227439514179  0.5057152059974638
1.31  0.8331300258484485  0.48067893485636976
1.32  0.8116737777082532  0.45025616625940934
1.33  0.788186435206607  0.4146613102848996
1.34  0.7629090658696007  0.3741441500830419
1.35  0.7360893742385697  0.3289880755208109
1.36  0.707979679748342  0.27950807017352763
1.37  0.678834883530874  0.2260484660313704
1.3800000000000001  0.6489104403126605  0.16898048204798954
1.3900000000000001  0.6184603514017945  0.10869956430095776
1.4000000000000001  0.5877351944614586  0.04562254704726187
1.41  0.5569802053442178  -0.019815344670249663
1.42  0.5264334267199082  -0.08716362898834423
1.43  0.49632393757438925  -0.15595981482349183
1.44  0.4668701768928738  -0.22573273927856435
1.45  0.43827837397696356  -0.29600597031393416
1.46  0.4107410968864115  -0.36630124960895794
1.47  0.3844359294534288  -0.4361419501948059
1.48  0.35952428619800675  -0.5050565232843651
1.49  0.33615037328674624  -0.5725819087611701
1.5  0.3144403024351612  -0.6382668840170694
1.51  0.2945013633646735  -0.7016753262463976
1.52  0.276421459101337  -0.7623893639099734
1.53  0.2602687070546283  -0.8200123938712114
1.54  0.24609120745246915  -0.8741719416733292
1.55  0.23391697934415867  -0.924522343564234
1.56  0.22375406302707743  -0.9707472301758862
1.57  0.2155907864168898  -1.0125617932182795
1.58  0.20939619157507086  -1.0497148181440084
1.59  0.20512061634242554  -1.0819904674659024
1.6  0.20269642481272984  -1.1092098012546416
1.61  0.20203887922621674  -1.1312320232919153
1.62  0.2030471447773522  -1.1479554433930113
1.6300000000000001  0.20560541782344718  -1.1593181485255288
1.6400000000000001  0.20958416705782854  -1.1652983775223358
1.6500000000000001  0.21484147638041112  -1.1659145964006727
1.6600000000000001  0.22122447746570723  -1.1612252735388033
1.67  0.22857085939879643  -1.1513283562099101
1.68  0.23671044222799603  -1.136360452213126
1.69  0.24546680087236883  -1.1164957225567071
1.7  0.25465892552533437  -1.0919444933216405
1.71  0.26410290451410856  -1.0629515969489338
1.72  0.27361361550914814  -1.0297944552344358
1.73  0.28300641102791646  -0.9927809182657173
1.74  0.2920987843418289  -0.9522468753814636
1.75  0.30071200217206456  -0.9085536559608873
1.76  0.3086726909459271  -0.8620852394456625
1.77  0.31581436387662565  -0.8132452954475782
1.78  0.32197887672100534  -0.762454076090352
1.79  0.32701780075622283  -0.710145183863872
1.8  0.3307937022913699  -0.6567622392247798
1.81  0.33318131888657065  -0.6027554729513599
1.82  0.3340686233824717  -0.5485782688470952
1.83  0.3333577678391631  -0.494683682781319
1.84  0.33096590053669195  -0.4415209642540049
1.85  0.32682585029044287  -0.38953210667309196
1.86  0.3208866734742737  -0.3391484523367518
1.87  0.3131140603128303  -0.29078737772079505
1.8800000000000001  0.3034905981920088  -0.2448490840859362
1.8900000000000001  0.29201589093322694  -0.2017135176449746
1.9000000000000001  0.27870653417300867  -0.1617374425719076
1.9100000000000001  0.2635959481746126  -0.12525168900058972
1.92  0.24673407056324723  -0.0925585968582482
1.93  0.22818691261141463  -0.06392967491863974
1.94  0.2080359837969551  -0.03960349285188693
1.95  0.18637759040462637  -0.019783822304967703
1.96  0.16332201493428508  -0.004638041181715787
1.97  0.13899258400709233  0.005704186682109606
1.98  0.11352463331855624  0.011151946319671388
1.99  0.08706437896689198  0.011653812925042625
2.0  0.05976770518154286  0.007198293857331445
2.0100000000000002  0.031798879084274194  -0.002186032171423401
2.02  0.003329203630024381  -0.016430679974436087
2.0300000000000002  -0.025464379707223622  -0.0354277257951282
2.04  -0.05440072661929288  -0.05903057491700714
2.05  -0.08329595191749078  -0.08705502339809601
2.06  -0.11196490553755645  -0.11928060613191696
2.07  -0.14022265036512835  -0.1554522212773291
2.08  -0.16788592973946365  -0.19528201901397563
2.09  -0.19477461268162966  -0.23845154058440657
2.1  -0.22071310517983111  -0.2846140916935993
2.11  -0.24553171624545353  -0.3333973325653626
2.12  -0.26906796792514487  -0.3844060653170984
2.13  -0.2911678390119375  -0.43722519782127517
2.14  -0.31168693283692617  -0.49142286188585815
2.15  -0.330491560236135  -0.5465536624161509
2.16  -0.3474597295685999  -0.6021620332267573
2.17  -0.36248203650408917  -0.6577856743613202
2.18  -0.37546244719487804  -0.712959045156417
2.19  -0.3863189693875015  -0.7672168868582332
2.2  -0.39498420700933545  -0.820097748370623
2.21  -0.40140579477245025  -0.8711474886816528
2.22  -0.4055467103650161  -0.919922729683928
2.23  -0.4073854628394879  -0.9659942334696672
2.24  -0.4069161568483601  -1.0089501787428072
2.25  -0.40414843341331547  -1.0483993117421362
2.2600000000000002  -0.3991072889337216  -1.083973948006894
2.27  -0.3918327751369567  -1.115332802431272
2.2800000000000002  -0.3823795836378337  -1.1421636263393369
2.29  -0.3708165196995334  -1.1641856317564594
2.3000000000000003  -0.3572258706664225  -1.1811516846471446
2.31  -0.3417026753629231  -1.192850250619503
2.32  -0.32435390151554866  -1.199107078450954
2.33  -0.3052975389516007  -1.19978660875349
2.34  -0.2846616169521275  -1.1947930971556266
2.35  -0.26258315468420823  -1.1840714435159672
2.36  -0.23920705410419674  -1.1676077208842734
2.37  -0.21468494510597855  -1.1454294001732344
2.38  -0.18917399298412163  -1.117605268780853
2.39  -0.16283567848904865  -1.084245043692253
2.4  -0.13583456086912934  -1.0454986818736143
2.41  -0.1083370343225919  -1.0015553930323962
2.42  -0.08051008822087656  -0.9526423620402773
2.43  -0.05252008131575857  -0.8990231904812527
2.44  -0.024531539907367877  -0.8409960688810889
2.45  0.0032940103682678164  -0.7788916931798865
2.46  0.030799169871753334  -0.7130709409119294
2.47  0.05783173862652338  -0.6439223243419452
2.48  0.08424573007710677  -0.5718592394611401
2.49  0.10990231730855063  -0.497317031257356
2.5  0.1346707047663527  -0.42074989703044857
2.5100000000000002  0.15842891924029195  -0.34262765071611434
2.52  0.18106451464615153  -0.26343237220039495
2.5300000000000002  0.2024751859498567  -0.18365496644520973
2.54  0.2225692884212297  -0.10379165789661404
2.5500000000000003  0.24126625927216674  -0.02434044610714383
2.56  0.2584969396184203  0.05420245123138858
2.57  0.2742037955978744  0.13134614158001603
2.58  0.2883410383729098  0.2066085610333987
2.59  0.3008746436327454  0.2795199121770843
2.6  0.3117822720855032  0.34962601102613206
2.61  0.3210530932816723  0.41649151845543686
2.62  0.3286875159335254  0.4797030324212393
2.63  0.3346968286815684  0.5388720183380228
2.64  0.33910275600290546  0.5936375562082468
2.65  0.3419369346510938  0.6436688844933987
2.66  0.3432403166570247  0.6886677222540679
2.67  0.3430625055002185  0.7283703527612909
2.68  0.34146103257518406  0.762549453579434
2.69  0.33850058152396345  0.7910156600277055
2.7  0.33425216838027283  0.8136188509293669
2.71  0.3287922857700136  0.8302491476387837
2.72  0.3222020196352711  0.8408376194815802
2.73  0.3145661470927487  0.8453566909354256
2.74  0.30597222410238933  0.8438202481023284
2.75  0.2965096716075576  0.8362834442605976
2.7600000000000002  0.28626886871536084  0.8228422065192245
2.77  0.2753402613159663  0.8036324478124243
2.7800000000000002  0.2638134942950571  0.7788289906508741
2.79  0.25177657517672225  0.7486442111725591
2.8000000000000003  0.23931507664838794  0.7133264140940125
2.81  0.2265113849688999  0.6731579511371403
2.82  0.21344400074994022  0.6284530973826221
2.83  0.2001868980348398  0.5795557017647677
2.84  0.1868089469828155  0.526836629561093
2.85  0.1733734048067768  0.4706910162312697
2.86  0.15993747891535778  0.4115353533131635
2.87  0.14655196548123534  0.34980442827880187
2.88  0.13326096590507777  0.28594814128164775
2.89  0.12010168287445241  0.220428222581177
2.9  0.10710429693702564  0.1537148751055339
2.91  0.0942919237244331  0.08628336710330754
2.92  0.08168065118459762  0.018610600138081333
2.93  0.06927965541303718  -0.048828322207446845
2.94  0.05709139292489294  -0.11556349962761293
2.95  0.04511186648568199  -0.1811335893653963
2.96  0.033330960926845093  -0.24508908488618675
2.97  0.02173284471799575  -0.3069954950142237
2.98  0.010296432457406416  -0.3664364004029686
2.99  -0.0010040971189413858  -0.4230163651918802
3.0  -0.0121987335165729  -0.47636368284573144
3.0100000000000002  -0.02332102360541216  -0.5261329364697963
3.02  -0.03440742422786171  -0.5720073553345865
3.0300000000000002  -0.045496625353978006  -0.6137009509163897
3.04  -0.05662885109752592  -0.6509604174519001
3.0500000000000003  -0.06784514608803613  -0.6835667838044263
3.06  -0.07918665480331996  -0.7113368053308222
3.0700000000000003  -0.0906939015035667  -0.7341240864087445
3.08  -0.10240607837179012  -0.7518199263173283
3.09  -0.11436034935696801  -0.7643538832460336
3.1  -0.12659117703648776  -0.7716940533200093
3.11  -0.139129679565744  -0.7738470636602126
3.12  -0.15200302446714073  -0.7708577806264759
3.13  -0.16523386563159373  -0.7628087365058591
3.14  -0.1788398294664492  -0.7498192799911272
3.15  -0.19283305562888403  -0.7320444578295422
3.16  -0.20721979723792341  -0.7096736369952836
3.17  -0.22200008486640477  -0.68292887863509
3.18  -0.23716745798221955  -0.6520630768422957
3.19  -0.2527087668417056  -0.6173578770159792
3.2  -0.2686040471436738  -0.5791213901472323
3.21  -0.2848264690364274  -0.5376857208320104
3.22  -0.3013423613392914  -0.4934043281292604
3.23  -0.31811131110109064  -0.44664923955468094
3.24  -0.33508633787794784  -0.3978081395162939
3.25  -0.3522141413782558  -0.34728135435102153
3.2600000000000002  -0.36943542040092403  -0.29547875680588415
3.27  -0.3866852602903556  -0.24281661331880763
3.2800000000000002  -0.40389358545501336  -0.18971439778919763
3.29  -0.4209856728518037  -0.13659159568561466
3.3000000000000003  -0.4378827217322627  -0.08386452231653632
3.31  -0.4545024743839181  -0.0319431788913158
3.3200000000000003  -0.47075988208693753  0.018771830375868315
3.33  -0.4865678100466442  0.06789229741243281
3.34  -0.5018377746614  0.11504530369075744
3.35  -0.5164807061462383  0.15987598676936504
3.36  -0.5304077292588575  0.20205015988078612
3.37  -0.5435309546688504  0.2412567656486687
3.38  -0.5557642733751161  0.27721014632614865
3.39  -0.5670241465120418  0.30965211438305584
3.4  -0.5772303828926211  0.3383538088190898
3.41  -0.5863068967165501  0.3631173242324548
3.42  -0.5941824380226964  0.38377710141492954
3.43  -0.6007912886871997  0.4002010700623738
3.44  -0.6060739170586459  0.4122915360696004
3.45  -0.6099775846780209  0.41998580780667794
3.46  -0.6124568989501967  0.42325655773491333
3.47  -0.6134743061119331  0.42211191770070156
3.48  -0.6130005193744771  0.4165953082288231
3.49  -0.6110148777021174  0.40678500410918744
3.5  -0.6075056313162192  0.3927934405174945
3.5100000000000002  -0.6024701506817037  0.37476626581664624
3.52  -0.5959150564336454  0.3528811490378487
3.5300000000000002  -0.5878562684292208  0.3273463518246859
3.54  -0.5783189728581749  0.2983990763270958
3.5500000000000003  -0.567337507106319  0.2663036021427334
3.56  -0.5549551628345112  0.23134922690931256
3.5700000000000003  -0.541223908502975  0.1938480265421978
3.58  -0.5262040333306953  0.15413245237737783
3.59  -0.509963715424905  0.11255278361172134
3.6  -0.4925785175395343  0.06947445442289821
3.61  -0.4741308146171162  0.025275275993330227
3.62  -0.4547091579295757  -0.019657425648984626
3.63  -0.43440758125334955  -0.06492973452964804
3.64  -0.41332485508754124  -0.11014411055470219
3.65  -0.3915636954447619  -0.1549023742467584
3.66  -0.3692299342080721  -0.19880868832963486
3.67  -0.3464316584493799  -0.241472514221628
3.68  -0.32327832644076115  -0.2825115217797879
3.69  -0.29987986835726677  -0.3215544310783501
3.7  -0.2763457798646932  -0.3582437655995571
3.71  -0.2527842169068004  -0.3922384969593507
3.72  -0.22930110005162382  -0.42321656217735004
3.73  -0.20599923672541498  -0.45087723552297265
3.74  -0.18297746955486474  -0.47494333811903144
3.75  -0.16032985885443146  -0.49516326975153363
3.7600000000000002  -0.13814490703690194  -0.5113128487096329
3.77  -0.1165048323936239  -0.5231969469519973
3.7800000000000002  -0.0954848992888954  -0.530650909453764
3.79  -0.0751528113438973  -0.5335417482198475
3.8000000000000003  -0.055568173653003754  -0.5317691031430721
3.81  -0.03678202948414929  -0.5252659636266517
3.8200000000000003  -0.0188364762695055  -0.5139991466667385
3.83  -0.0017643649992456225  -0.4979695288889042
3.84  0.01441091360515157  -0.47721203183892674
3.85  0.029675553533738297  -0.45179536163007616
3.86  0.044025366744554706  -0.42182150583261685
3.87  0.05746572425522455  -0.38742499224379556
3.88  0.07001140493041821  -0.3487719158852227
3.89  0.08168635267290356  -0.3060587422270907
3.9  0.09252334357290203  -0.25951089622332824
3.91  0.10256356541021891  -0.20938114824723414
3.92  0.11185611272813895  -0.15594780943300335
3.93  0.12045740150031321  -0.09951275024475342
3.94  0.12843050818408946  -0.04039925730257496
3.95  0.13584443868915086  0.021050255413996966
3.96  0.14277333348181329  0.08447666389725407
3.97  0.14929561568674282  0.1495066620528331
3.98  0.15549308963264083  0.21575538162513325
3.99  0.16144999781152608  0.28282908491878644
4.0  0.1672520446769765  0.35032791070906966
4.01  0.17298539609091648  0.4178486534604227
4.0200000000000005  0.17873566353704134  0.484987555843982
4.03  0.18458688244858198  0.5513430945630448
4.04  0.19062049414609217  0.6165187396581441
4.05  0.19691434094539598  0.6801256677683777
4.0600000000000005  0.2035416839755215  0.7417854102705637
4.07  0.21057025314081013  0.8011324177972804
4.08  0.21806133847086345  0.8578165233448365
4.09  0.22606893182730692  0.9115052870154011
4.1  0.23463892757943144  0.961886206388357
4.11  0.24380839042415023  1.0086687775753285
4.12  0.2536048980122873  1.0515863931736298
4.13  0.26404596545718845  1.090398064584764
4.14  0.275138558147354  1.124889957497765
4.15  0.2868786985674934  1.154876730742377
4.16  0.299251172057736  1.1802026701824277
4.17  0.31222933561529115  1.2007426108351829
4.18  0.3257750329728557  1.2164026419557405
4.19  0.3398386182814288  1.227120591406013
4.2  0.35435908978894703  1.232866287223037
4.21  0.3692643339484695  1.2336415959002622
4.22  0.38447147941857746  1.2294802384860757
4.23  0.39988735944262815  1.2204473871750157
4.24  0.4154090801207918  1.2066390466075163
4.25  0.43092469112803533  1.1881812255928166
4.26  0.44631395449067346  1.1652289064164472
4.2700000000000005  0.4614492061222353  1.1379648202783423
4.28  0.4761963039442299  1.1065980387208092
4.29  0.49041565558687944  1.0713623921382385
4.3  0.503963317886501  1.0325147276047204
4.3100000000000005  0.5166921596772923  0.990333019303594
4.32  0.5284530787222842  0.9451143457883201
4.33  0.5390962630476247  0.8971727491403416
4.34  0.5484724864416175  0.846836991812412
4.3500000000000005  0.5564344274600967  0.7944482275501641
4.36  0.5628380009472279  0.7403576032680014
4.37  0.5675436908392196  0.6849238091144034
4.38  0.5704178728705828  0.6285105941959341
4.39  0.5713341157507772  0.5714842655368324
4.4  0.570174449424536  0.5142111878334534
4.41  0.5668305891723224  0.4570553014204175
4.42  0.5612051045482135  0.40037567560060716
4.43  0.5532125224896356  0.3445241141069141
4.44  0.5427803543650053  0.2898428289634466
4.45  0.5298500372487838  0.23666219840257235
4.46  0.5143777803250927  0.18529862377675285
4.47  0.4963353080167808  0.13605249958655072
4.48  0.4757104922115531  0.08920630983506664
4.49  0.45250786680503935  0.045022862921522
4.5  0.4267490186960412  0.003743676210408084
4.51  0.3984728503450537  -0.034412479734389975
4.5200000000000005  0.36773571003604155  -0.06925086847034605
4.53  0.3346113870559073  -0.10060189903461333
4.54  0.2991909701176797  -0.12832205512988729
4.55  0.26158256849452916  -0.1522946372707252
4.5600000000000005  0.22191089649314624  -0.17243031439263926
4.57  0.18031672306915508  -0.1886674828131391
4.58  0.1369561895650893  -0.20097243182948824
4.59  0.09199999972567632  -0.20933931663379104
4.6000000000000005  0.0456324873076319  -0.21378994061418638
4.61  -0.0019494322546297323  -0.21437335048396366
4.62  -0.05053741854624136  -0.21116524903181955
4.63  -0.09991296256023881  -0.20426723161091298
4.64  -0.1498487330469668  -0.19380585377751025
4.65  -0.2001100020694118  -0.17993153874971624
4.66  -0.2504561380157552  -0.16281733458294106
4.67  -0.30064215335317424  -0.14265753215405963
4.68  -0.3504202934548682  -0.11966615621769519
4.69  -0.39954165187933527  -0.09407534295735034
4.7  -0.44775779650006836  -0.06613361862043256
4.71  -0.49482238983739263  -0.03610409502777839
4.72  -0.5404927857752254  -0.0042625990276534366
4.73  -0.5845315834741805  0.02910424561820935
4.74  -0.6267081176012262  0.0637009637838424
4.75  -0.666799861816894  0.09922517983036808
4.76  -0.704593719547068  0.1353695490816834
4.7700000000000005  -0.739887172055204  0.17182364188135685
4.78  -0.7724892481804181  0.20827574758623957
4.79  -0.8022212719984142  0.24441455938823514
4.8  -0.8289173328358089  0.2799306915630065
4.8100000000000005  -0.8524244045544634  0.31451796711363106
4.82  -0.8726020146811719  0.3478743933991657
4.83  -0.8893213236803793  0.37970271229313934
4.84  -0.9024634119503112  0.4097103631763056
4.8500000000000005  -0.9119164724604282  0.43760862049117755
4.86  -0.9175714449137614  0.46311054313393135
4.87  -0.9193153569910919  0.4859271653273557
4.88  -0.9170211738888683  0.5057610018554543
4.89  -0.9105321329568115  0.522295306817024
4.9  -0.8996370206561974  0.5351763561588505
4.91  -0.8840299260114738  0.5439837738811926
4.92  -0.8632421017284627  0.5481793724849854
4.93  -0.8365209634400912  0.5470152541224305
4.94  -0.8026026167497486  0.5393597773603035
4.95  -0.7592545393071916  0.5233459282220249
4.96  -0.7022829261793182  0.495604944089558
4.97  -0.6232036403409463  0.44945970118585654
4.98  -0.5035993959798561  0.37051124582270967
4.99  -0.3052769453148686  0.22870357052702045
5.0  -6.452687756221908e-15  4.913199157187417e-15
5.01  0.28537440353466426  -0.2204066338198893
5.0200000000000005  0.440106478743528  -0.3440616837177381
5.03  0.5092341749814256  -0.40204091010155263
5.04  0.5366805116074382  -0.42682287379413425
5.05  0.5428171219922371  -0.43365358851571484
5.0600000000000005  0.5370698452409565  -0.42963368138148056
5.07  0.5242536528319612  -0.41842024757519486
5.08  0.50709313731013  -0.4021130338458944
5.09  0.48727611033310714  -0.3820459684818484
5.1000000000000005  0.4659322322238944  -0.3591474291425096
5.11  0.443868035899151  -0.33411719320079497
5.12  0.4216902027232053  -0.3075190729513771
5.13  0.3998738383679387  -0.27983194129769146
5.14  0.37880200222991806  -0.25147893857691156
5.15  0.3587894323970193  -0.22284463038475766
5.16  0.34009720808979843  -0.19428521283523137
5.17  0.3229420345373856  -0.16613455526416715
5.18  0.3075022509028987  -0.13870767427073297
5.19  0.29392180389652733  -0.1123025850535458
5.2  0.282312946641529  -0.08720111120846767
5.21  0.2727581407116929  -0.06366902158409687
5.22  0.265311469766841  -0.04195573501064915
5.23  0.2599997681939257  -0.02229375469000593
5.24  0.25682360128470844  -0.004897943845202114
5.25  0.25575818976391657  0.010035278461784682
5.26  0.25675434216506715  0.0223287642577502
5.2700000000000005  0.25973943838705105  0.0318254441776647
5.28  0.2646184935395775  0.03838908390222067
5.29  0.271275320891431  0.041904965392435004
5.3  0.27957380509500335  0.04228047439644806
5.3100000000000005  0.2893592910479828  0.039445579972388706
5.32  0.3004600892269279  0.03335319512585692
5.33  0.31268909472841633  0.02397941037583087
5.34  0.3258455143401605  0.011323594324081691
5.3500000000000005  0.3397166935735537  -0.004591642764367474
5.36  0.35408003360919466  -0.02372062467251279
5.37  0.36870498646146144  -0.04599492503159185
5.38  0.3833551153041908  -0.0713238226456202
5.39  0.3977902057807045  -0.09959489452994176
5.4  0.4117684132217785  -0.1306747437053412
5.41  0.42504842999683917  -0.16440985772607564
5.42  0.43739165671364055  -0.20062759293415858
5.43  0.44856436065020766  -0.23913727851795988
5.44  0.45833980464227964  -0.2797314336083703
5.45  0.46650032965376853  -0.3221870898685133
5.46  0.47283937442095936  -0.36626721132352164
5.47  0.4771634158779045  -0.4117222025347662
5.48  0.47929381453515113  -0.45829149564973504
5.49  0.4790685495904227  -0.5057052063545252
5.5  0.47634382929186975  -0.5536858483222755
5.51  0.47099556294456935  -0.6019500953879158
5.5200000000000005  0.4629206819417637  -0.6502105803890441
5.53  0.4520382983048017  -0.698177719394015
5.54  0.4382906904212395  -0.745561549892663
5.55  0.42164410696883403  -0.7920735714514563
5.5600000000000005  0.4020893813938017  -0.8374285773340605
5.57  0.3796423507636718  -0.8813464656585279
5.58  0.3543440743265884  -0.9235540188035096
5.59  0.3262608486679113  -0.963786639985803
5.6000000000000005  0.2954840179491004  -1.001790036209448
5.61  0.2621295793300932  -1.0373218371295154
5.62  0.22633758530196413  -1.070153139780108
5.63  0.18827134627846995  -1.100069969582431
5.64  0.1481164383998731  -1.126874648573015
5.65  0.10607952307747662  -1.150387062370087
5.66  0.062386986339612094  -1.1704458180247805
5.67  0.01728340751687162  -1.1869092855790728
5.68  -0.02897013178563133  -1.1996565168702504
5.69  -0.07609788615036914  -1.2085880358778893
5.7  -0.12381141872415335  -1.2136264956993041
5.71  -0.17181169284918862  -1.2147171980585036
5.72  -0.2197912672570605  -1.2118284720971164
5.73  -0.26743657822226746  -1.2049519100584805
5.74  -0.31443029128611993  -1.1941024583531559
5.75  -0.3604537045095863  -1.1793183633802806
5.76  -0.4051891847005147  -1.160660972369437
5.7700000000000005  -0.4483226176917166  -1.1382143903966597
5.78  -0.48954585352481783  -1.1120849956107945
5.79  -0.5285591273235761  -1.082400815577482
5.8  -0.5650734367203283  -1.0493107685024123
5.8100000000000005  -0.5988128569307997  -1.0129837739282144
5.82  -0.6295167749544377  -0.9736077383054719
5.83  -0.6569420249074494  -0.9313884216132328
5.84  -0.6808649071701114  -0.8865481919432578
5.8500000000000005  -0.7010830748444853  -0.8393246756608632
5.86  -0.7174172719671367  -0.7899693114092502
5.87  -0.7297129089971401  -0.7387458168298405
5.88  -0.737841462294677  -0.6859285774245854
5.89  -0.7417016856109565  -0.6318009674840369
5.9  -0.7412206230160283  -0.5766536134440776
5.91  -0.7363544141869787  -0.5207826104119937
5.92  -0.7270888845532861  -0.46448770291602454
5.93  -0.713439914436822  -0.4080704411804404
5.94  -0.695453583018459  -0.3518323244076474
5.95  -0.6732060846983708  -0.29607294265975426
5.96  -0.6468034171791671  -0.24108812897217946
5.97  -0.6163808423766314  -0.18716813330181176
5.98  -0.582102123037575  -0.13459582981075746
5.99  -0.5441585397046642  -0.0836449688150108
6.0  -0.5027676943996955  -0.03457848448510405
6.01  -0.4581721090863081  0.012353130924978209
6.0200000000000005  -0.4106376286066303  0.056913375923035414
6.03  -0.3604516393512545  0.09888120174469153
6.04  -0.30792111640507075  0.13805237799450049
6.05  -0.2533705133015219  0.17424075308479775
6.0600000000000005  -0.19713950980277894  0.20727940122111715
6.07  -0.13958063429320447  0.23702164836343625
6.08  -0.08105677841830683  0.2633419703234685
6.09  -0.02193862251273177  0.2861367569356224
6.1000000000000005  0.03739800886936314  0.305324937058811
6.11  0.09657484138599415  0.3208484600230405
6.12  0.15521387489692248  0.33267263002393466
6.13  0.2129401162956814  0.340786290884675
6.140000000000001  0.2693843003181397  0.3452018595429495
6.15  0.3241855774734664  0.34595520757460135
6.16  0.3769941484181616  0.34310539103027304
6.17  0.4274738244303595  0.3367342298301656
6.18  0.47530449413864695  0.326945738929527
6.19  0.5201844773129687  0.3138654144271314
6.2  0.5618327473307372  0.2976393787352962
6.21  0.5999910048831962  0.2784333898562566
6.22  0.6344255865782031  0.25643172071055914
6.23  0.6649291933180427  0.2318359153322101
6.24  0.6913224246754456  0.20486342957722534
6.25  0.7134551069474556  0.17574616478093905
6.26  0.7312074041241267  0.1447289035401334
6.2700000000000005  0.7444907026555411  0.11206765748290537
6.28  0.7532482626234238  0.0780279375180626
6.29  0.7574556297095779  0.04288295762141992
6.3  0.7571208041887159  0.0069117837151796285
6.3100000000000005  0.7522841650437149  -0.029602560375952287
6.32  0.7430181491922957  -0.06637501755476319
6.33  0.7294266877110054  -0.10312044005488477
6.34  0.7116444028301625  -0.139555537208553
6.3500000000000005  0.6898355713374101  -0.17540081545610048
6.36  0.6641928618529958  -0.21038249764385625
6.37  0.6349358552123914  -0.24423440871146404
6.38  0.6023093588975158  -0.27669981500858803
6.390000000000001  0.5665815280828308  -0.3075332047053182
6.4  0.5280418073942216  -0.3365019970689033
6.41  0.48699870890442554  -0.3633881687713491
6.42  0.44377744319752793  -0.3879897858654112
6.43  0.39871742151589246  -0.41012243061903714
6.44  0.3521696480465725  -0.4296205130268603
6.45  0.30449402230192407  -0.44633845751909984
6.46  0.25605657229339274  -0.46015175615891746
6.47  0.20722663978252853  -0.470957880454614
6.48  0.15837403931328894  -0.4786770448082257
6.49  0.10986621298189368  -0.4832528155715992
6.5  0.06206540298164688  -0.4846525606792209
6.51  0.015325863869935617  -0.4828677358676535
6.5200000000000005  -0.030008863757481092  -0.4779140045680563
6.53  -0.07360859693143489  -0.46983118966381887
6.54  -0.11515905065879381  -0.4586830564328843
6.55  -0.15436425506288154  -0.4445569271364034
6.5600000000000005  -0.19094883033973403  -0.4275631288644689
6.57  -0.2246601016236325  -0.40783427739795525
6.58  -0.2552700370663029  -0.38552440098539137
6.59  -0.28257699377796247  -0.36080790905721555
6.6000000000000005  -0.3064072577454649  -0.333878411999208
6.61  -0.3266163654212583  -0.3049473991742817
6.62  -0.3430901963551756  -0.2742427834097816
6.63  -0.35574582800590626  -0.24200732114842172
6.640000000000001  -0.36453214570710113  -0.2084969183879402
6.65  -0.36943020265993565  -0.17397883340020437
6.66  -0.37045332676501397  -0.13872978801871724
6.67  -0.36764697307666205  -0.10303400000769049
6.68  -0.36108832264649304  -0.06718114967066013
6.69  -0.35088563050525307  -0.0314642944162824
6.7  -0.3371773274967356  0.003822254530727444
6.71  -0.3201308826096719  0.038385078709305916
6.72  -0.2999414343377345  0.07193380744893993
6.73  -0.2768302014192979  0.1041832663218475
6.74  -0.2510426850529494  0.13485560392219076
6.75  -0.2228466763382987  0.1636823819023281
6.76  -0.1925300842410091  0.19040661332898545
6.7700000000000005  -0.1603986008140473  0.21478473466069992
6.78  -0.12677322171245325  0.23658849699064058
6.79  -0.09198764120581279  0.2556067626452037
6.8  -0.05638554191198523  0.27164719377591245
6.8100000000000005  -0.020317800338897414  0.28453782022808943
6.82  0.015860369978400627  0.29412847471021775
6.83  0.051792315426830444  0.30029208411913405
6.84  0.08712285667350583  0.3029258067929806
6.8500000000000005  0.12150119757446398  0.30195200646083076
6.86  0.15458380577153616  0.29731905472861325
6.87  0.1860372422899405  0.28900195507874726
6.88  0.2155409178015402  0.27700278255834837
6.890000000000001  0.24278975374635572  0.26135093458012565
6.9  0.26749672720352496  0.24210318955273524
6.91  0.28939527926799535  0.21934357138474606
6.92  0.3082415677137415  0.19318301925953002
6.93  0.32381654590086073  0.16375886344766796
6.94  0.335927851203573  0.13123410929960508
6.95  0.34441148768865515  0.09579653293441555
6.96  0.34913328934832255  0.057657593500868326
6.97  0.349990151875751  0.017051168224778864
6.98  0.3469110227525544  -0.025767882238038352
6.99  0.3398576412815405  -0.0705253093603435
7.0  0.32882502213089965  -0.11692922321881588
7.01  0.3138416779423934  -0.16467197873960307
7.0200000000000005  0.2949695785808374  -0.2134321894855999
7.03  0.27230384664937146  -0.2628768557522554
7.04  0.24597219094883  -0.3126635928201207
7.05  0.216134081603912  -0.362442944386215
7.0600000000000005  0.18297967259777337  -0.4118607654706016
7.07  0.1467284794344921  -0.4605606584742268
7.08  0.10762782156986202  -0.5081864455555914
7.09  0.0659510411004234  -0.5543846601008084
7.1000000000000005  0.021995510963535546  -0.5988070397890912
7.11  -0.023919552435660654  -0.641113003605595
7.12  -0.07145545570511454  -0.680972095128986
7.13  -0.12025655616499888  -0.718066374522486
7.140000000000001  -0.1699529315884224  -0.752092741885802
7.15  -0.22016317166662527  -0.7827651749798656
7.16  -0.27049726989755135  -0.8098168648159264
7.17  -0.3205595937763276  -0.833002233202242
7.18  -0.36995191051681603  -0.8520988170628102
7.19  -0.4182764450596214  -0.8669090051784167
7.2  -0.46513894682806445  -0.8772616139461327
7.21  -0.510151741582238  -0.8830132898031074
7.22  -0.5529367447929218  -0.8840497271074635
7.23  -0.5931284132123222  -0.8802866915057695
7.24  -0.6303766117548656  -0.8716708401347372
7.25  -0.6643493734156585  -0.8581803313954453
7.26  -0.6947355307423717  -0.839825218492256
7.2700000000000005  -0.7212471983320003  -0.8166476224354658
7.28  -0.7436220869399409  -0.7887216817559415
7.29  -0.7616256310569242  -0.7561532777610589
7.3  -0.775052913219479  -0.7190795357623708
7.3100000000000005  -0.7837303698611143  -0.6776681043155781
7.32  -0.7875172651725187  -0.6321162161204327
7.33  -0.7863069212069074  -0.5826495358209329
7.34  -0.7800276943274383  -0.5295208015123913
7.3500000000000005  -0.7686436900333151  -0.4730082682902786
7.36  -0.7521552102044305  -0.4134139636546113
7.37  -0.7305989288559277  -0.3510617660020389
7.38  -0.7040477945778518  -0.2862953187846065
7.390000000000001  -0.6726106599349763  -0.2194757941792902
7.4  -0.6364316402016579  -0.15097952128571643
7.41  -0.5956892058898194  -0.08119549494196368
7.42  -0.5505950155788139  -0.010522782211286047
7.43  -0.501392497557846  0.06063215556206676
7.44  -0.44835519072940966  0.13185820650868246
7.45  -0.39178485708071686  0.20274239859176874
7.46  -0.33200937979468104  0.2728727169029913
7.47  -0.26938046272935956  0.341840927917967
7.48  -0.20427114853122713  0.40924539056258935
7.49  -0.13707317405213543  0.4746938339162169
7.5  -0.06819418300040146  0.5378060815001185
7.51  0.001945183135845961  0.5982167023684091
7.5200000000000005  0.07291429390941519  0.6555775696343705
7.53  0.1442756157190045  0.7095603076241056
7.54  0.21558785123784863  0.7598586095500968
7.55  0.2864091086846544  0.806190408433949
7.5600000000000005  0.3563000769186678  0.8482998849763494
7.57  0.42482718228877825  0.8859592971656736
7.58  0.4915657033009702  0.918970617628518
7.59  0.5561028194871684  0.9471669660465555
7.6000000000000005  0.618040571360231  0.9704138253863804
7.61  0.6769987090196735  0.9886100322018243
7.62  0.7326174078262306  1.0016885328615641
7.63  0.7845598305831162  1.0096168992169472
7.640000000000001  0.8325145168410046  1.012397598944391
7.65  0.8761975812720747  1.0100680175608798
7.66  0.9153547045265756  1.0027002309071695
7.67  0.9497629015810375  0.9904005287084741
7.68  0.9792320542989855  0.973308691642983
7.69  1.0036061967387286  0.9515970261614308
7.7  1.0227645436448063  0.9254691630923711
7.71  1.0366222545352863  0.895158627824452
7.72  1.0451309278306258  0.8609271915658795
7.73  1.0482788215457814  0.8230630148289151
7.74  1.046090799169407  0.7818785958616675
7.75  1.038628001465962  0.7377085382379845
7.76  1.0259872470420315  0.6909071532080101
7.7700000000000005  1.0083001666008118  0.6418459136952347
7.78  0.985732077852278  0.5909107779913839
7.79  0.9584806100352349  0.5384994022380787
7.8  0.9267740889259336  0.48501826168643597
7.8100000000000005  0.890869695041018  0.43087970148399
7.82  0.8510514094765811  0.3764989383473455
7.83  0.8076277634459434  0.32229103493234124
7.84  0.7609294090746502  0.26866786900817247
7.8500000000000005  0.7113065303698717  0.21603511967352906
7.86  0.6591261144928031  0.16478929282087307
7.87  0.6047691045173137  0.115314807857664
7.88  0.5486274557481108  0.06798116733248323
7.890000000000001  0.49110111838962367  0.023140230590121765
7.9  0.43259496989811314  -0.018876388102806937
7.91  0.3735157207092511  -0.05775977735814722
7.92  0.3142688172093953  -0.09322602377570463
7.930000000000001  0.2552553658095734  -0.12501832687563133
7.94  0.1968691017870678  -0.1529089176322373
7.95  0.13949342618199423  -0.1767007657794405
7.96  0.08349853347862968  -0.1962290625657521
7.97  0.02923865206771458  -0.21136246725071522
7.98  -0.022950581417330942  -0.22200410734247117
7.99  -0.07275459386359484  -0.2280923243661381
8.0  -0.1198821747350431  -0.22960115881140766
8.01  -0.16406758498092344  -0.22654056982186024
8.02  -0.20507245985445208  -0.2189563871437493
8.03  -0.24268749132121198  -0.2069299948341124
8.040000000000001  -0.276733877467569  -0.19057774822219917
8.05  -0.3070645281461355  -0.17005012760942542
8.06  -0.3335650180036632  -0.14553063416651338
8.07  -0.3561542800115362  -0.11723443542754822
8.08  -0.3747850346453876  -0.08540676967389565
8.09  -0.3894439519218398  -0.05032112033290292
8.1  -0.4001515455812189  -0.012277173272236581
8.11  -0.40696180078909805  0.028401428462554727
8.120000000000001  -0.4099615388002598  0.07136951635502478
8.13  -0.40926952407026795  0.11626299700671373
8.14  -0.40503532129618686  0.16270160272108
8.15  -0.39743791180379423  0.2102917720064705
8.16  -0.3866840805587433  0.25862963887996143
8.17  -0.3730065868491316  0.30730410896472815
8.18  -0.35666213335341723  0.35589999964628255
8.19  -0.337929149857119  0.40400122099303326
8.2  -0.31710540930310793  0.45119397375900894
8.21  -0.2945054951417798  0.4970699405748971
8.22  -0.270458140080054  0.5412294464001881
8.23  -0.2453034573021823  0.5832845644551522
8.24  -0.219390086045018  0.622862144175415
8.25  -0.19307227404743013  0.6596067382340446
8.26  -0.16670691985550717  0.6931834063510445
8.27  -0.14065059824667445  0.7232803744552802
8.28  -0.11525659213645409  0.7496115287724661
8.290000000000001  -0.09087195424954805  0.7719187255782752
8.3  -0.06783462157411381  0.7899738986695908
8.31  -0.04647060517595937  0.803580948060255
8.32  -0.027091277332351116  0.8125773949894077
8.33  -0.009990777157573082  0.816835790030043
8.34  0.0045564450588909565  0.8162648628895001
8.35  0.01629792568797302  0.8108104043896349
8.36  0.02500530991193876  0.8004558730880501
8.370000000000001  0.03047628172394294  0.7852227210387197
8.38  0.032536286828345556  0.7651704352752373
8.39  0.031040035126406337  0.7403962937171585
8.4  0.02587277120634017  0.7110348363342178
8.41  0.016951303078361946  0.677257054537591
8.42  0.004224781290873749  0.6392693038866953
8.43  -0.012324777482553555  0.5973119472877347
8.44  -0.032682226298593554  0.5516577379005503
8.45  -0.056799285130821615  0.5026099529479108
8.46  -0.08459479924014805  0.4505002915210544
8.47  -0.11595525654955803  0.3956865512823106
8.48  -0.1507355598317275  0.3385501006663967
8.49  -0.1887600475415215  0.2794931647632743
8.5  -0.2298237552002513  0.2189359445145778
8.51  -0.27369390737894345  0.15731359016202492
8.52  -0.3201116285489019  0.09507305103896306
8.53  -0.3687938593826775  0.032669824786475905
8.540000000000001  -0.41943546351069705  -0.02943537010467088
8.55  -0.47171150827964886  -0.09077997388236964
8.56  -0.5252797017305753  -0.15090299224768353
8.57  -0.5797829668259816  -0.20934840491752274
8.58  -0.6348521329170592  -0.2656685506729535
8.59  -0.6901087235603883  -0.3194274636358484
8.6  -0.745167819076093  -0.3702041358118749
8.61  -0.7996409716909644  -0.41759568142126413
8.620000000000001  -0.8531391507347275  -0.46122037920713055
8.63  -0.9052756951581074  -0.5007205697599345
8.64  -0.9556692506186374  -0.5357653859199047
8.65  -1.0039466685341538  -0.566053295509522
8.66  -1.0497458448333183  -0.5913144369973424
8.67  -1.0927184766340432  -0.611312730192111
8.68  -1.1325327157502465  -0.6258477457017402
8.69  -1.1688756987596207  -0.6347563186532923
8.700000000000001  -1.2014559343526594  -0.6379138940443897
8.71  -1.230005529818769  -0.6352355930697214
8.72  -1.254282239799097  -0.6266769918239649
8.73  -1.2740713218378317  -0.6122346059088994
8.74  -1.2891871847829777  -0.5919460766521129
8.75  -1.2994748177118187  -0.5658900568610588
8.76  -1.304810988772418  -0.5341857962725935
8.77  -1.3051052051274126  -0.49699242909783037
8.78  -1.300300427045266  -0.4545079682882757
8.790000000000001  -1.2903735310931264  -0.40696801334470784
8.8  -1.2753355193287719  -0.3546441806390172
8.81  -1.2552314733522618  -0.2978422673042185
8.82  -1.2301402540449509  -0.23690016175409453
8.83  -1.200173949779606  -0.17218551580529043
8.84  -1.1654770778147407  -0.10409319517726977
8.85  -1.1262255454747063  -0.03304252682508158
8.86  -1.082625379549062  0.040525636896019256
8.870000000000001  -1.034911234106968  0.11615201583901665
8.88  -0.9833446886007525  0.19336213881322298
8.89  -0.9282123497145836  0.27166969576901845
8.9  -0.8698237718876192  0.3505799808220444
8.91  -0.8085092127944177  0.42959340080960157
8.92  -0.7446172412888038  0.5082090235501924
8.93  -0.6785122164017254  0.58592813964885
8.94  -0.6105716569205701  0.6622578115582057
8.950000000000001  -0.5411835218602564  0.736714383669932
8.96  -0.47074342275940934  0.8088269274722926
8.97  -0.39965178919351113  0.8781405962665796
8.98  -0.32831100918868544  0.9442198645831436
8.99  -0.2571225663417416  1.0066516282739675
9.0  -0.18648419540495692  1.0650481422754872
9.01  -0.11678707787817244  1.1190497742260557
9.02  -0.04841309876823267  1.1683275534780462
9.03  0.01826781486959331  1.2125854965549987
9.040000000000001  0.0829002536973448  1.2515626917583025
9.05  0.1451457651121466  1.2850351274129403
9.06  0.20468515346236785  1.312817250145368
9.07  0.26122062454571726  1.3347632415929025
9.08  0.3144777587388301  1.3507680040397156
9.09  0.36420729848983885  1.3607678476424923
9.1  0.4101867373943856  1.3647408741334657
9.11  0.45222169965766046  1.362707054152984
9.120000000000001  0.49014710040925624  1.3547279976507909
9.13  0.5238280790692326  1.3409064190876745
9.14  0.5531606997503292  1.3213853014497137
9.15  0.5780724145071745  1.2963467653388376
9.16  0.5985222870957855  1.2660106516086653
9.17  0.6145009767695524  1.230632828157141
9.18  0.6260304834976654  1.190503233550868
9.19  0.6331636578336859  1.1459436721248983
9.200000000000001  0.6359834804710944  1.0973053770608063
9.21  0.634602118285629  1.0449663596817116
9.22  0.6291597653670369  0.9893285648012413
9.23  0.6198232791724229  0.9308148534137084
9.24  0.6067846234774407  0.8698658353022786
9.25  0.5902591312480494  0.8069365752622722
9.26  0.5704836018937222  0.7424931975786795
9.27  0.547714248582542  0.6770094141535578
9.28  0.5222245123907727  0.6109630022443902
9.290000000000001  0.4943027610156878  0.5448322581448178
9.3  0.4642498905943003  0.4790924533108379
9.31  0.43237684983566493  0.4142123194079303
9.32  0.3990021061867171  0.35065058852792913
9.33  0.3644490741070272  0.2888526143995701
9.34  0.3290435257248264  0.22924709979804925
9.35  0.29311100418378994  0.17224295455024774
9.36  0.25697425986824757  0.11822630754015984
9.370000000000001  0.2209507294146164  0.0675576949511535
9.38  0.18535007698270245  0.020569445646246257
9.39  0.15047181667489373  -0.02243671690460959
9.4  0.11660303426112223  -0.06119183837902303
9.41  0.08401622549704059  -0.09546164703866121
9.42  0.05296726732173406  -0.12504820273883457
9.43  0.02369353709612098  -0.1497912693988187
9.44  -0.0035878061952548256  -0.16956940090748712
9.450000000000001  -0.028681366198896392  -0.18430073260009042
9.46  -0.051414867758055774  -0.19394347266168835
9.47  -0.0716403201598768  -0.198496090073608
9.48  -0.08923497701857869  -0.19799719800426915
9.49  -0.10410208638911561  -0.19252513383789488
9.5  -0.11617142638821218  -0.18219723931603446
9.51  -0.12539962331064672  -0.1671688465207662
9.52  -0.13177025095529007  -0.14763197763752273
9.53  -0.13529371160291487  -0.12381376858318471
9.540000000000001  -0.136006900803266  -0.09597462865500754
9.55  -0.13397265981793968  -0.0644061503327948
9.56  -0.12927902121543897  -0.02942878523492903
9.57  -0.1220382547115089  0.0086106960246903
9.58  -0.11238572187964581  0.049341940721355254
9.59  -0.10047854981027703  0.0923739268254037
9.6  -0.08649413516172899  0.13729802960456244
9.61  -0.07062849130990964  0.1836912187622293
9.620000000000001  -0.0530944524567535  0.23111936189299698
9.63  -0.03411974958946725  0.2791406092624284
9.64  -0.013944974085062326  0.3273088343349371
9.65  0.007178554481681177  0.3751771040849586
9.66  0.02899099915150972  0.4223011529369237
9.67  0.051226277376957445  0.46824283418970297
9.68  0.07361437586235553  0.5125735229928055
9.69  0.0958836903772416  0.5548774453531392
9.700000000000001  0.11776337252028114  0.594754908262221
9.71  0.13898566564759296  0.6318254068407869
9.72  0.15928821261872186  0.6657305853989193
9.73  0.17841631867356586  0.6961370305011304
9.74  0.19612515366040995  0.722738875506289
9.75  0.21218187902614002  0.7452601976199843
9.76  0.22636768650980166  0.7634571902556782
9.77  0.2384797374343844  0.777120095458642
9.78  0.24833299399516698  0.7860748833221821
9.790000000000001  0.25576193719357976  0.7901846677531849
9.8  0.2606221703694842  0.7893508506858778
9.81  0.2627919131298848  0.7835139900058133
9.82  0.2621733986436716  0.7726543902157031
9.83  0.25869419906379354  0.7567924195701716
9.84  0.2523085214213906  0.7359885635875452
9.85  0.2429985434511653  0.7103432335117917
9.86  0.23077590206538803  0.6799963612735209
9.870000000000001  0.21568351865099242  0.6451268332296926
9.88  0.19779806775220168  0.6059518501758926
9.89  0.177233613558611  0.5627263645131403
9.9  0.1541473430319133  0.5157428662085478
9.91  0.12874911105601558  0.4653320330152012
9.92  0.10131812551312626  0.41186528463487515
9.93  0.07223361133639916  0.35576149000332097
9.94  0.042034487062308834  0.29750310521423895
9.950000000000001  0.011543794537154862  0.23767536945425866
9.96  -0.017849238347006236  0.1770679918520474
9.97  -0.04348521969198213  0.11696964394132153
9.98  -0.05952479797005632  0.06014730875602437
9.99  -0.05221285099371705  0.014369450010522202
10.0  -2.9510845192733587e-15  -3.8339802734047673e-16
