0.0  4.179589105216571  10.0
0.005  3.9863270118632386  10.0
0.01  3.7900728999231985  10.0
0.015  3.590979092155825  10.0
0.02  3.3892000289727013  10.0
0.025  3.1848921494251137  10.0
0.03  2.978213770703842  10.0
0.035  2.7693249662437753  10.0
0.04  2.558387442526919  10.0
0.045  2.3455644146782926  10.0
0.05  2.131020480950187  10.0
0.055  1.9149214961909824  10.0
0.06  1.6974344443955411  10.0
0.065  1.4787273104348375  10.0
0.07  1.2589689510630908  10.0
0.075  1.038328965301187  10.0
0.08  0.8169775642956214  10.0
0.085  0.5950854407525887  10.0
0.09  0.3728236380471114  10.0
0.095  0.15036341910732265  10.0
0.1  -0.07212386482579625  10.0
0.105  -0.29446690546291765  10.0
0.11  -0.5164945686547797  10.0
0.115  -0.7380360254042496  10.0
0.12  -0.958920882601992  10.0
0.125  -1.178979313385887  10.0
0.13  -1.3980421870246758  10.0
0.135  -1.6159411982267242  10.0
0.14  -1.8325089957752325  10.0
0.145  -2.047579310391753  10.0
0.15  -2.260987081730562  10.0
0.155  -2.472568584407024  10.0
0.16  -2.6821615529639375  10.0
0.165  -2.889605305680652  10.0
0.17  -3.0947408671306462  10.0
0.17500000000000002  -3.2974110893942714  10.0
0.18  -3.497460771834405  10.0
0.185  -3.694736779343854  10.0
0.19  -3.8890881589746105  10.0
0.195  -4.080366254860239  10.0
0.2  -4.26842482134407  10.0
0.20500000000000002  -4.45312013422725  10.0
0.21  -4.634311100052136  10.0
0.215  -4.811859363338083  10.0
0.22  -4.985629411688245  10.0
0.225  -5.1554886786876395  10.0
0.23  -5.3213076445145  10.0
0.23500000000000001  -5.48295993418861  10.0
0.24  -5.640322413382252  10.0
0.245  -5.7932752817211925  10.0
0.25  -5.941702163505122  10.0
0.255  -6.085490195778945  10.0
0.26  -6.2245301136883455  10.0
0.265  -6.358716333055166  10.0
0.27  -6.487947030110276  10.0
0.275  -6.612124218323784  10.0
0.28  -6.731153822274714  10.0
0.28500000000000003  -6.844945748504493  10.0
0.29  -6.953413953300988  10.0
0.295  -7.056476507362114  10.0
0.3  -7.154055657290519  10.0
0.305  -7.246077883873198  10.0
0.31  -7.332473957102432  10.0
0.315  -7.413178987896924  10.0
0.32  -7.488132476484517  10.0
0.325  -7.557278357410492  10.0
0.33  -7.6205650411379615  10.0
0.335  -7.67794545220959  10.0
0.34  -7.729377063942398  10.0
0.34500000000000003  -7.774821929630145  10.0
0.35000000000000003  -7.814246710230441  10.0
0.355  -7.8476226985164175  9.962329587085458
0.36  -7.874925839675508  9.901295058971224
0.365  -7.89613674834062  9.839270712676123
0.37  -7.911240722041685  9.776262529095831
0.375  -7.920227751068347  9.712276885737548
0.38  -7.923092524737269  9.647320554057995
0.385  -7.919834434060303  9.581400696565495
0.39  -7.910457570812527  9.514524863687873
0.395  -7.894970723001869  9.446700990408155
0.4  -7.8733873667448595  9.377937392670031
0.405  -7.8457256545557295  9.308242763555322
0.41000000000000003  -7.812008400058848  9.23762616923577
0.41500000000000004  -7.772263059137219  9.166097044701631
0.42  -7.7265217075324975  9.093665189269673
0.425  -7.674821014914642  9.020340761873328
0.43  -7.617202215442091  8.946134276137935
0.435  -7.553711074835952  8.871056595243967
0.44  -7.484397853994424  8.795118926581575
0.445  -7.409317269176229  8.718332816199533
0.45  -7.328528448784563  8.640710143052168
0.455  -7.242094886785525  8.562263113047674
0.46  -7.1500843927976785  8.483004252901575
0.465  -7.052569038891836  8.402946403799012
0.47000000000000003  -6.94962510314274  8.322102714869853
0.47500000000000003  -6.841333009976731  8.24048663648057
0.48  -6.7277772673619545  8.158111913347023
0.485  -6.609046400890071  8.074992577472425
0.49  -6.485232884800794  7.991142940914809
0.495  -6.356433070002852  7.906577588388432
0.5  -6.22274710914737  7.821311369703717
0.505  -6.084278878811775  7.735359392050366
0.51  -5.941135898854619  7.6487370121283975
0.515  -5.793429249003825  7.561459828131949
0.52  -5.641273482742931  7.473543671590841
0.525  -5.4847865385620524  7.385004599074831
0.53  -5.3240896486421345  7.295858883765775
0.535  -5.159307245043168  7.206123006902837
0.54  -4.990566863468826  7.115813649106013
0.545  -4.817999044681827  7.024947681583369
0.55  -4.6417372336461815  6.933542157227366
0.555  -4.4619176764740835  6.841614301605793
0.56  -4.278679315256953  6.749181503852844
0.5650000000000001  -4.092163680861719  6.656261307465996
0.5700000000000001  -3.902514783774925  6.562871401014296
0.5750000000000001  -3.709879003078762  6.46902960876388
0.58  -3.5144049736445107  6.374753881226412
0.585  -3.316243471630205  6.28006228563635
0.59  -3.1155472983706693  6.184972996362882
0.595  -2.9124711627491924  6.089504285262422
0.6  -2.7071715621412853  5.993674511977677
0.605  -2.4998066620220882  5.897502114189213
0.61  -2.290536174329893  5.801005597825569
0.615  -2.079521234679241  5.70420352723793
0.62  -1.86692427851789  5.607114515345459
0.625  -1.652908916322745  5.509757213757321
0.63  -1.4376398079304948  5.412150302877523
0.635  -1.2212825360994473  5.314312481998662
0.64  -1.0040034793994954  5.216262459390685
0.645  -0.7859696845277204  5.118018942390792
0.65  -0.5673487381475044  5.019600627500567
0.655  -0.3483086383494063  4.921026190496455
0.66  -0.12901766583223973  4.822314276559699
0.665  0.09035574509690292  4.723483490431785
0.67  0.30964313560493595  4.624552386601478
0.675  0.5286761513985286  4.525539459529541
0.68  0.747286671674545  4.426463133917064
0.685  0.9653069378564622  4.327341755023503
0.6900000000000001  1.182569682018356  4.2281935790403145
0.6950000000000001  1.398908254898155  4.129036763526168
0.7000000000000001  1.6141567534023376  4.029889357909595
0.705  1.8281501475045947  3.9307692940649295
0.71  2.040724406441506  3.8316943769673575
0.715  2.251716624108768  3.732682275432801
0.72  2.460965143562275  3.633750512948358
0.725  2.668309680528937  3.5349164585989317
0.73  2.8735914458330183  3.4361973180956156
0.735  3.076653266644479  3.337610124911385
0.74  3.2773397064569316  3.239171731529501
0.745  3.4754971837036877  3.1408988008100507
0.75  3.67097408892137  3.0428077974798926
0.755  3.863620900371972  2.9449149797512435
0.76  4.05329029803509  2.8472363910740794
0.765  4.239837275883663  2.7497878520273646
0.77  4.423119252357623  2.652584952354124
0.775  4.602996178951442  2.5556430431452335
0.78  4.779330646832977  2.4589772291767025
0.785  4.951987991412411  2.362602361405171
0.79  5.120836394781996  2.2665330296262005
0.795  5.285746985948528  2.170783555299852
0.8  5.446593938782632  2.0753679845479542
0.805  5.6032545676103265  1.9803000813273188
0.81  5.755609420374432  1.885593320783126
0.8150000000000001  5.9035423692951525  1.791260882786451
0.8200000000000001  6.046940698961016  1.6973156456599696
0.8250000000000001  6.185695191783591  1.6037701800956181
0.8300000000000001  6.319700210751094  1.5106367432678955
0.835  6.4488537794184255  1.4179272731464472
0.84  6.573057659073079  1.3256533830113377
0.845  6.692217423018557  1.2338263561743639
0.85  6.806242527919345  1.142457140909626
0.855  6.915046382153504  1.051556345596374
0.86  7.018546411121411  0.9611342340771359
0.865  7.116664119461498  0.8712007212338997
0.87  7.209325150126128  0.7817653687849786
0.875  7.296459340273328  0.6928373813051631
0.88  7.378000773932376  0.6044256024715021
0.885  7.453887831403834  0.5165385115369453
0.89  7.5240632353571035  0.4291842200339996
0.895  7.588474093591074  0.34237046871034216
0.9  7.647071938426085  0.256104624698166
0.905  7.6998127626979  0.17039367891899726
0.91  7.746657052327115  0.08524424372546202
0.915  7.787569815439986  0.0006625507813693421
0.92  7.822520608019262  -0.08334555081861872
0.925  7.851483556066436  -0.16677459618869606
0.93  7.874437374259301  -0.24961950605007555
0.935  7.891365381091535  -0.3318755878867976
0.9400000000000001  7.902255510483663  -0.41353853685859476
0.9450000000000001  7.907100319857483  -0.4946044364703224
0.9500000000000001  7.905896994668724  -0.575069758997668
0.9550000000000001  7.898647349395441  -0.6549313656689264
0.96  7.8853578249823615  -0.7341865066028598
0.965  7.866039482744109  -0.8128328205028014
0.97  7.840707994732928  -0.8908683341072154
0.975  7.809383630579278  -0.9682914613972678
0.98  7.772091240816295  -1.0451010025619152
0.985  7.728860236701917  -1.1212961427212866
0.99  7.679724566555004  -1.1968764504092917
0.995  7.624722688624606  -1.2718418758164476
1.0  7.563897540514028  -1.3461927487941494
1.0050000000000001  7.497296505184129  -1.4199297766217627
1.01  7.424971373562745  -1.4930540415379703
1.0150000000000001  7.346978303789852  -1.5655669980380855
1.02  7.2633777771306  -1.6374704699390497
1.025  7.1742345505908425  -1.7087666472141443
1.03  7.079617606272421  -1.7794580825993833
1.035  6.979600097507839  -1.8495476879738961
1.04  6.87425929181643  -1.9190387305166432
1.045  6.7636765107266985  -1.9879348286419254
1.05  6.64793706651158  -2.0562399477164073
1.055  6.5271301958861345  -2.123958395560324
1.06  6.401348990719104  -2.1910948177359115
1.065  6.270690325812344  -2.257654192625984
1.07  6.135254783804142  -2.3236418263059306
1.075  5.995146577254828  -2.3890633472123746
1.08  5.850473467974993  -2.4539247006119593
1.085  5.701346683659026  -2.518232142873793
1.09  5.547880831888351  -2.581992235549278
1.095  5.39019381157116  -2.6452118392630553
1.1  5.228406721886967  -2.7078981074190738
1.105  5.062643768806637  -2.7700584797256926
1.11  4.893032169259855  -2.8317006755441154
1.115  4.719702053024416  -2.892832687064266
1.12  4.542786362412787  -2.9534627723125935
1.125  4.362420749833652  -3.0135994479961674
1.1300000000000001  4.178743473307219  -3.073251482187746
1.135  3.9918952900151403  -3.132427886856365
1.1400000000000001  3.802019347966872  -3.1911379102483384
1.145  3.6092610758661765  -3.2493910291234234
1.1500000000000001  3.4137680712624348  -3.3071969408511914
1.155  3.215689987073067  -3.3645655553725593
1.16  3.0151784165642823  -3.4215069870316905
1.165  2.8123867768787814  -3.478031546283372
1.17  2.607470191200034  -3.5341497312812296
1.175  2.40058536964354  -3.589872219352109
1.18  2.191890488967091  -3.6452098583620147
1.185  1.9815450711919493  -3.7001736579791693
1.19  1.7697098612287099  -3.7547747808396643
1.195  1.5565467036014846  -3.809024533621407
1.2  1.342218418365334  -3.8629343580319713
1.205  1.1268886763120014  -3.916515821716124
1.21  0.910721873559934  -3.969780609088769
1.215  0.6938830056246139  -4.022740512099184
1.22  0.4765375410659969  -4.075407420932348
1.225  0.2588512948097582  -4.127793314653333
1.23  0.040990301239701155  -4.179910251800658
1.235  -0.17687931284175462  -4.231770360934619
1.24  -0.39459145528716166  -4.283385831146521
1.245  -0.6119801956149441  -4.334768902534949
1.25  -0.8288798918598296  -4.385931856655001
1.2550000000000001  -1.0451253171660757  -4.436887006946665
1.26  -1.2605517860263151  -4.487646689148302
1.2650000000000001  -1.474995280069678  -4.538223251701416
1.27  -1.6882925733027223  -4.588629046152728
1.2750000000000001  -1.900281356707639  -4.6388764175596835
1.28  -2.1108003621022418  -4.688977694905471
1.285  -2.3196894851672893  -4.738945181529638
1.29  -2.526789907546987  -4.788791145580363
1.295  -2.7319442179294415  -4.838527810494433
1.3  -2.934996532014721  -4.888167345511028
1.305  -3.135792611278709  -4.93772185622523
1.31  -3.334179980442472  -4.987203375187351
1.315  -3.5300080435570655  -5.036623852553955
1.32  -3.7231281986157825  -5.085995146796589
1.325  -3.9133939506059887  -5.1353290154740385
1.33  -4.100661022914752  -5.184637106074033
1.335  -4.284787467003161  -5.233930946930148
1.34  -4.465633770265997  -5.283221938219729
1.345  -4.643062961994496  -5.332521343048488
1.35  -4.816940717361744  -5.381840278627505
1.355  -4.987135459351462  -5.431189707548128
1.36  -5.153518458552836  -5.4805804291604465
1.365  -5.315963930745408  -5.53002307106066
1.37  -5.474349132200159  -5.579528080692904
1.375  -5.62855445262408  -5.629105717070702
1.3800000000000001  -5.778463505678143  -5.6787660426234545
1.385  -5.923963216999639  -5.728518915173018
1.3900000000000001  -6.064943909662507  -5.778373980045568
1.395  -6.20129938701067  -5.828340662323681
1.4000000000000001  -6.332927012801939  -5.878428159243617
1.405  -6.45972778860162  -5.928645432742586
1.41  -6.581606428367609  -5.979001202160786
1.415  -6.698471430170438  -6.0295039371028105
1.42  -6.810235144994294  -6.080161850462988
1.425  -6.916813842567177  -6.130982891619106
1.43  -7.018127774170546  -6.181974739798781
1.435  -7.114101232381349  -6.233144797622815
1.44  -7.20466260770147  -6.284500184829543
1.445  -7.289744442032264  -6.33604773218422
1.45  -7.369283478953971  -6.387793975577325
1.455  -7.44322071077268  -6.4397451503155665
1.46  -7.511501422299511  -6.491907185609155
1.465  -7.574075231329689  -6.54428569925898
1.47  -7.630896125791315  -6.5968859925469685
1.475  -7.681922497536489  -6.649713045333
1.48  -7.727117172749834  -6.702771511361395
1.485  -7.766447438952206  -6.756065713780131
1.49  -7.799885068579885  -6.809599640875481
1.495  -7.827406339122278  -6.863376942024997
1.5  -7.848992049803678  -6.917400923871271
1.5050000000000001  -7.864627534797426  -6.9716745467190835
1.51  -7.874302672963384  -7.026200421158106
1.5150000000000001  -7.878011894102305  -7.080980804913499
1.52  -7.8757541817234  -7.1360175999263
1.5250000000000001  -7.867533072324082  -7.191312349665605
1.53  -7.8533566511834545  -7.246866236674183
1.5350000000000001  -7.833237544673895  -7.302680080349259
1.54  -7.8071929090977  -7.3587543349597455
1.545  -7.775244416058418  -7.415089087901416
1.55  -7.73741823437914  -7.471684058191012
1.555  -7.693745008582753  -7.528538595200391
1.56  -7.644259833951638  -7.585651677631535
1.565  -7.589002228187068  -7.6430219127331025
1.57  -7.5280160996910555  -7.700647535759128
1.575  -7.461349712496032  -7.7585264096702105
1.58  -7.389055647870328  -7.816656025077495
1.585  -7.311190762629907  -7.8750335004294705
1.59  -7.227816144189307  -7.933655582441617
1.595  -7.13899706238739  -7.992518646768607
1.6  -7.044802918125746  -8.05161869891876
1.605  -6.94530718886022  -8.110951375410204
1.61  -6.840587370988251  -8.170511945168087
1.615  -6.730724919177342  -8.230295311161992
1.62  -6.615805182681955  -8.290296012282697
1.625  -6.495917338698788  -8.350508225456995
1.6300000000000001  -6.3711543228124015  -8.410925767999435
1.635  -6.241612756585497  -8.471542100199521
1.6400000000000001  -6.10739287235018  -8.532350328142806
1.645  -5.968598435258956  -8.593343206764166
1.6500000000000001  -5.825336662655966  -8.654513143131433
1.655  -5.677718140831246  -8.715852199957324
1.6600000000000001  -5.525856739222563  -8.777352099337566
1.665  -5.369869522131699  -8.83900422671293
1.67  -5.209876658023365  -8.900799635052717
1.675  -5.046001326477336  -8.962729049257167
1.68  -4.87836962286595  -9.02478287077603
1.685  -4.707110460830512  -9.086951182440577
1.69  -4.532355472632546  -9.149223753505881
1.695  -4.354238907456647  -9.211590044900483
1.7  -4.172897527743844  -9.274039214680037
1.705  -3.9884705036355284  -9.336560123681677
1.71  -3.80109930560961  -9.399141341375508
1.715  -3.6109275953916846  -9.461771151909774
1.72  -3.4181011152257006  -9.524437560345737
1.725  -3.222767575589413  -9.587128299078655
1.73  -3.025076541441419  -9.649830834440687
1.735  -2.825179317087319  -9.712532373481757
1.74  -2.623228829754116  -9.775219870924131
1.745  -2.419379511962229  -9.837880036286426
1.75  -2.213787182786062  -9.900499341172573
1.7550000000000001  -2.006608928094451  -9.96306402672133
1.76  -1.7980029798633002  -10.0
1.7650000000000001  -1.5881285946531398  -10.0
1.77  -1.3771459313454129  -10.0
1.7750000000000001  -1.1652159282312997  -10.0
1.78  -0.9525001795478052  -10.0
1.7850000000000001  -0.7391608115557976  -10.0
1.79  -0.5253603582556166  -10.0
1.795  -0.31126163683525787  -10.0
1.8  -0.09702762294735778  -10.0
1.805  0.11717867408964888  -10.0
1.81  0.3311943360703363  -10.0
1.815  0.5448566605650168  -10.0
1.82  0.7580032853711736  -10.0
1.825  0.9704723126577599  -10.0
1.83  1.1821024327074388  -10.0
1.835  1.392733047161729  -10.0
1.84  1.602204391674852  -10.0
1.845  1.8103576578820548  -10.0
1.85  2.0170351145892145  -10.0
1.855  2.2220802280908116  -10.0
1.86  2.425337781524419  -10.0
1.865  2.6266539931700335  -10.0
1.87  2.825876633604292  -10.0
1.875  3.02285514161939  -10.0
1.8800000000000001  3.2174407388188  -10.0
1.885  3.409486542801666  -10.0
1.8900000000000001  3.5988476788498676  -10.0
1.895  3.7853813900322573  -10.0
1.9000000000000001  3.9689471456421845  -10.0
1.905  4.149406747885534  -10.0
1.9100000000000001  4.326624436738113  -10.0
1.915  4.500466992892247  -10.0
1.92  4.670803838714394  -10.0
1.925  4.837507137136837  -10.0
1.93  5.000451888408186  -10.0
1.935  5.159516024629281  -10.0
1.94  5.314580502002404  -10.0
1.945  5.465529390724013  -10.0
1.95  5.612249962452543  -10.0
1.955  5.754632775285067  -10.0
1.96  5.892571756178344  -10.0
1.965  6.025964280751914  -10.0
1.97  6.154711250412725  -10.0
1.975  6.278717166743099  -10.0
1.98  6.397890203095745  -10.0
1.985  6.512142273341934  -10.0
1.99  6.621389097720842  -10.0
1.995  6.725550265740644  -10.0
2.0  6.824549296083938  -10.0
2.005  6.918313693472672  -10.0
2.0100000000000002  7.006775002449806  -10.0
2.015  7.089868858037545  -10.0
2.02  7.1675350332343655  -10.0
2.025  7.2397174833153635  -10.0
2.0300000000000002  7.306364386903067  -10.0
2.035  7.367428183778288  -10.0
2.04  7.4228656094031615  -10.0
2.045  7.472637726130912  -10.0
2.05  7.516709951079634  -10.0
2.055  7.5550520806498245  -10.0
2.06  7.587638311668006  -10.0
2.065  7.614447259141445  -10.0
2.07  7.635461970611492  -10.0
2.075  7.650669937095737  -10.0
2.08  7.660063100611843  -10.0
2.085  7.663637858278459  -10.0
2.09  7.661395062991303  -10.0
2.095  7.653340020675188  -10.0
2.1  7.639482484115259  -10.0
2.105  7.619836643373509  -10.0
2.11  7.594421112799133  -10.0
2.115  7.563258914643975  -10.0
2.12  7.526377459296905  -10.0
2.125  7.48380852215354  -10.0
2.13  7.43558821714037  -10.0
2.1350000000000002  7.3817569669148355  -10.0
2.14  7.322359469765536  -10.0
2.145  7.257444663239191  -10.0
2.15  7.1870656845236045  -10.0
2.1550000000000002  7.111279827618243  -10.0
2.16  7.030148497326613  -10.0
2.165  6.943737160106943  -10.0
2.17  6.852115291820209  -10.0
2.1750000000000003  6.755356322416812  -10.0
2.18  6.653537577605698  -10.0
2.185  6.546740217551671  -10.0
2.19  6.435049172649558  -10.0
2.195  6.318553076425423  -10.0
2.2  6.197344195617637  -10.0
2.205  6.0715183574928195  -10.0
2.21  5.941174874453266  -10.0
2.215  5.806416465995352  -10.0
2.22  5.667349178079576  -10.0
2.225  5.524082299975677  -10.0
2.23  5.37672827864729  -10.0
2.235  5.225402630743479  -10.0
2.24  5.070223852265485  -10.0
2.245  4.91131332597927  -10.0
2.25  4.748795226645851  -10.0
2.255  4.582796424143403  -10.0
2.2600000000000002  4.413446384556396  -10.0
2.265  4.24087706930879  -10.0
2.27  4.065222832419584  -10.0
2.275  3.8866203159607524  -10.0
2.2800000000000002  3.705208343798598  -10.0
2.285  3.5211278137011726  -10.0
2.29  3.3345215878953036  -10.0
2.295  3.1455343821583517  -10.0
2.3000000000000003  2.954312653530525  -10.0
2.305  2.761004486734938  -10.0
2.31  2.565759479393207  -10.0
2.315  2.3687286261257414  -10.0
2.32  2.170064201626297  -10.0
2.325  1.9699196428013055  -10.0
2.33  1.768449430065358  -10.0
2.335  1.5658089678842253  -10.0
2.34  1.3621544646582704  -10.0
2.345  1.1576428120388422  -10.0
2.35  0.952431463770951  -10.0
2.355  0.746678314155605  -10.0
2.36  0.5405415762260802  -10.0
2.365  0.3341796597317888  -10.0
2.37  0.12775104902411083  -10.0
2.375  -0.07858581906180495  -10.0
2.38  -0.28467267723485146  -10.0
2.3850000000000002  -0.49035154959151517  -10.0
2.39  -0.6954648731811203  -10.0
2.395  -0.8998556191992936  -10.0
2.4  -1.103367413716073  -10.0
2.4050000000000002  -1.3058446578458995  -10.0
2.41  -1.507132647266868  -10.0
2.415  -1.707077690997438  -10.0
2.42  -1.9055272293390493  -10.0
2.4250000000000003  -2.1023299508941102  -10.0
2.43  -2.297335908569293  -10.0
2.435  -2.4903966344751916  -10.0
2.44  -2.681365253633846  -10.0
2.445  -2.8700965964070173  -10.0
2.45  -3.0564473095588642  -10.0
2.455  -3.240275965867682  -10.0
2.46  -3.421443172203066  -10.0
2.465  -3.5998116759849976  -10.0
2.47  -3.775246469943876  -10.0
2.475  -3.9476148951008505  -10.0
2.48  -4.116786741889969  -10.0
2.485  -4.282634349344397  -10.0
2.49  -4.445032702271095  -10.0
2.495  -4.6038595263395505  -10.0
2.5  -4.758995381012056  -10.0
2.505  -4.910323750244359  -10.0
2.5100000000000002  -5.057731130887655  -10.0
2.515  -5.201107118724362  -10.0
2.52  -5.340344492072266  -10.0
2.525  -5.47533929289318  -10.0
2.5300000000000002  -5.605990905344511  -10.0
2.535  -5.732202131713934  -10.0
2.54  -5.853879265679576  -10.0
2.545  -5.9709321628399685  -10.0
2.5500000000000003  -6.083274308460366  -10.0
2.555  -6.19082288238408  -10.0
2.56  -6.293498821059793  -10.0
2.565  -6.391226876637825  -10.0
2.57  -6.483935673090938  -10.0
2.575  -6.571557759317265  -10.0
2.58  -6.6540296591854995  -10.0
2.585  -6.731291918484797  -10.0
2.59  -6.803289148744173  -10.0
2.595  -6.869970067888711  -10.0
2.6  -6.931287537702291  -10.0
2.605  -6.98719859806911  -10.0
2.61  -7.0376644979685645  -10.0
2.615  -7.082650723200851  -10.0
2.62  -7.1221270208229175  -10.0
2.625  -7.1560674202772105  -10.0
2.63  -7.184450251197932  -10.0
2.6350000000000002  -7.207258157882332  -9.952972883032547
2.64  -7.224478110417028  -9.890575976117326
2.645  -7.236101412451978  -9.828142794831654
2.65  -7.24212370561727  -9.76568768754085
2.6550000000000002  -7.242544970580557  -9.703224777247547
2.66  -7.237369524745521  -9.640767953844202
2.665  -7.226606016594369  -9.578330866519616
2.67  -7.210267416679912  -9.515926916324219
2.6750000000000003  -7.188371005275461  -9.453569248898658
2.68  -7.160938356693233  -9.39127074737025
2.685  -7.127995320284654  -9.329044025421549
2.69  -7.089571998138399  -9.266901420535458
2.695  -7.045702719494664  -9.204854987420969
2.7  -6.996426011896585  -9.142916491623577
2.705  -6.9417845691023725  -9.081097403324346
2.71  -6.8818252157840645  -9.019408891331402
2.715  -6.816598869041433  -8.9578618172676
2.72  -6.746160496761961  -8.896466729957892
2.725  -6.670569072860236  -8.835233860019901
2.73  -6.589887529432473  -8.774173114660966
2.735  -6.5041827058643715  -8.71329407268488
2.74  -6.413525294932805  -8.652605979711424
2.745  -6.317989785944073  -8.592117743611563
2.75  -6.217654404953755  -8.531837930161116
2.755  -6.112601052115646  -8.471774758915597
2.7600000000000002  -6.002915236209157  -8.4119360993087
2.765  -5.888686006396964  -8.352329466976872
2.77  -5.770005881266642  -8.2929620203121
2.775  -5.6469707752123375  -8.233840557245141
2.7800000000000002  -5.519679922214273  -8.174971512261077
2.785  -5.388235797076219  -8.116360953649018
2.79  -5.252744034182628  -8.058014580987564
2.795  -5.113313343839442  -7.999937722867641
2.8000000000000003  -4.970055426264088  -7.942135334854021
2.805  -4.823084883292235  -7.884611997686718
2.81  -4.672519127870375  -7.827371915723331
2.815  -4.518478291405302  -7.770418915623342
2.82  -4.361085129042923  -7.713756445274992
2.825  -4.200464922950532  -7.657387572965442
2.83  -4.036745383678304  -7.601314986794694
2.835  -3.8700565496769137  -7.545540994333453
2.84  -3.7005306850500665  -7.490067522525278
2.845  -3.528302175621592  -7.434896117832826
2.85  -3.353507423398479  -7.3800279466282355
2.855  -3.17628473951181  -7.325463795827146
2.86  -2.996774235719735  -7.271204073766076
2.865  -2.8151177145565383  -7.217248811322441
2.87  -2.6314585582138554  -7.163597663276523
2.875  -2.4459416162402245  -7.110249909914392
2.88  -2.258713092146965  -7.057204458870849
2.8850000000000002  -2.0699204290082913  -7.004459847211062
2.89  -1.8797121941449926  -6.952014243749607
2.895  -1.6882379629812245  -6.899865451605367
2.9  -1.4956482021650332  -6.848010910990646
2.9050000000000002  -1.3020941520432388  -6.796447702232747
2.91  -1.1077277085826154  -6.74517254902597
2.915  -0.9127013048282174  -6.694181821912014
2.92  -0.7171677919920922  -6.6434715419865285
2.9250000000000003  -0.5212803202641112  -6.59303738482944
2.93  -0.32519221943755156  -6.54287468465654
2.935  -0.12905687944240896  -6.492978438689678
2.94  0.06697236912115223  -6.4433433117427645
2.945  0.26274237435594594  -6.393963641020708
2.95  0.4581002822556435  -6.344833441128116
2.955  0.6528936556140507  -6.295946409284766
2.96  0.8469705925642581  -6.247295930744254
2.965  1.0401798446554742  -6.198875084412681
2.97  1.232370934375737  -6.150676648663563
2.975  1.4233942720299546  -6.102693107345416
2.98  1.613101271882397  -6.054916655978138
2.985  1.8013444674734989  -6.00733920813428
2.99  1.9879776260222342  -5.959952402001175
2.995  2.172855861824783  -5.912747607119729
3.0  2.3558357485623227  -5.865715931295637
3.005  2.5367754304307835  -5.818848227678616
3.0100000000000002  2.715534732006395  -5.772135102005246
3.015  2.8919752667624974  -5.725566920000732
3.02  3.0659605441534725  -5.679133814934967
3.025  3.2373560751828174  -5.6328256953281235
3.0300000000000002  3.406029476374375  -5.586632252800863
3.035  3.571850572065686  -5.540542970064237
3.04  3.7346914949450807  -5.4945471290442
3.045  3.894426784754637  -5.448633819135615
3.0500000000000003  4.0509334850826715  -5.402791945580534
3.055  4.204091238171487  -5.35701023796547
3.06  4.3537823776669216  -5.311277258832287
3.065  4.499892019238461  -5.26558141239721
3.0700000000000003  4.642308148999862  -5.2199109533726205
3.075  4.7809217096622  -5.174253995885853
3.08  4.915626684353454  -5.128598522489498
3.085  5.046320178039338  -5.0829323932574955
3.09  5.17290249648354  -5.037243354961273
3.095  5.295277222686078  -4.991519050320124
3.1  5.4133512907414305  -4.945747027320026
3.105  5.527035057059596  -4.899914748594956
3.11  5.636242368895256  -4.854009600864871
3.115  5.740890630132895  -4.808018904424296
3.12  5.840900864276995  -4.76192992267568
3.125  5.936197774599468  -4.715729871701283
3.13  6.026709801398144  -4.669405929867825
3.1350000000000002  6.112369176322468  -4.622945247457618
3.14  6.193111973725161  -4.576334956320233
3.145  6.268878159000564  -4.529562179538537
3.15  6.339611633872777  -4.482614041103096
3.1550000000000002  6.405260278599407  -4.4354776755887215
3.16  6.465775991058634  -4.388140237827191
3.165  6.521114722690196  -4.34058891256995
3.17  6.571236511263103  -4.292810924134674
3.1750000000000003  6.61610551044526  -4.244793546029782
3.18  6.65569001615306  -4.196524110550593
3.185  6.689962489661068  -4.147990018341238
3.19  6.718899577454695  -4.0991787479163015
3.1950000000000003  6.742482127811286  -4.0500778651360285
3.2  6.760695204097448  -4.000675032629343
3.205  6.7735280947731855  -3.9509580191585267
3.21  6.780974320095784  -3.9009147089198484
3.215  6.783031635519103  -3.8505331107740353
3.22  6.779702031786418  -3.799801367401077
3.225  6.770991731717558  -3.7487077643732674
3.23  6.7569111836935996  -3.69724073914096
3.235  6.737475051845073  -3.645388889925378
3.24  6.712702202951987  -3.5931409845126563
3.245  6.6826156900667915  -3.5404859689438863
3.25  6.647242732873693  -3.487412976095402
3.255  6.606614694800413  -3.4339113341439793
3.2600000000000002  6.560767056901045  -3.379970574911704
3.265  6.509739388530975  -3.3255804420851267
3.27  6.4535753148375035  -3.2707308993035333
3.275  6.392322481092295  -3.2154121381111986
3.2800000000000002  6.32603251389394  -3.1596145857687676
3.285  6.254760979271832  -3.1033289129185713
3.29  6.1785673377244565  -3.0465460410991936
3.295  6.097514896227853  -2.9892571501046095
3.3000000000000003  6.011670757252455  -2.9314536851829684
3.305  5.921105764828474  -2.873127364070853
3.31  5.825894447702526  -2.8142701838581483
3.315  5.726114959630664  -2.754874427679604
3.3200000000000003  5.621849016854463  -2.69493267122844
3.325  5.513181832810117  -2.634437789088243
3.33  5.400202050121235  -2.5733829608788907
3.335  5.283001669929737  -2.511761677212666
3.34  5.161675978619705  -2.449567745456945
3.345  5.0363234719923655  -2.386795295299527
3.35  4.907045776951725  -2.3234387841133586
3.355  4.773947570761923  -2.2594930021170554
3.36  4.637136497940583  -2.1949530773279813
3.365  4.4967230848525075  -2.129814480304823
3.37  4.35282065207151  -2.0640730286765963
3.375  4.2055452245785805  -1.997724891455138
3.38  4.055015439866992  -1.9307665931283848
3.3850000000000002  3.9013524540266475  -1.8631950175319418
3.39  3.744679845880808  -1.7950074114962615
3.395  3.5851235192505753  -1.7262013882672194
3.4  3.4228116034238236  -1.6567749306979782
3.4050000000000002  3.2578743519060476  -1.5867263942098657
3.41  3.0904440395329713  -1.516054509520643
3.415  2.920654858024979  -1.444758385138175
3.42  2.748642810065211  -1.3728375096180008
3.4250000000000003  2.574545601984489  -1.300291753583353
3.43  2.398502535136559  -1.2271213715063194
3.435  2.2206543960487513  -1.1533270032488914
3.44  2.0411433454343064  -1.0789096753629426
3.4450000000000003  1.8601128061523475  -1.003870802148388
3.45  1.6777073502041004  -0.928212186468596
3.455  1.4940725848524465  -0.8519360203226186
3.46  1.309355037954952  -0.7750448851739163
3.465  1.1237020425992916  -0.6975417520350777
3.47  0.937261621131086  -0.6194299813086883
3.475  0.7501823686654464  -0.5407133223842732
3.48  0.5626133361720371  -0.46139591299149385
3.485  0.3747039132262795  -0.3814822783099707
3.49  0.1866037105169707  -0.3009773298363775
3.495  -0.001537557796938871  -0.21988636400922335
3.5  -0.18957019178932222  -0.13821506059227517
3.505  -0.3773446234375049  -0.05596948081767428
3.5100000000000002  -0.5647115341684268  0.026843934710430117
3.515  -0.7515219721891777  0.11021836835010679
3.52  -0.9376274695100607  0.19414662799263416
3.525  -1.1228801585687016  0.27862114986853104
3.5300000000000002  -1.3071328883648492  0.3636340015869459
3.535  -1.4902393400145408  0.4491768854065291
3.54  -1.672054141634137  0.5352411417359091
3.545  -1.8524329824644277  0.6218177528615418
3.5500000000000003  -2.031232726145558  0.7088973469005725
3.555  -2.208311523054929  0.7964702019764853
3.56  -2.3835289216203037  0.884526250614863
3.565  -2.556745978521038  0.9730550843564713
3.5700000000000003  -2.727825367692245  1.0620459585850897
3.575  -2.896631488046011  1.151487797566781
3.58  -3.0630305698268057  1.241369199697869
3.585  -3.2268907795171513  1.3316784429580193
3.59  -3.3880823232124233  1.4224034905654102
3.595  -3.546477548384282  1.5135319968302139
3.6  -3.701951043952855  1.6050513132029731
3.605  -3.85437973859068  1.6969484945141218
3.61  -4.003642997180695  1.7892103054006139
3.615  -4.149622715354193  1.8818232269160007
3.62  -4.292203412034276  1.9747734633195468
3.625  -4.431272319913298  2.0680469490404607
3.63  -4.566719473793644  2.1616293558127992
3.6350000000000002  -4.698437796722832  2.2555060999766203
3.64  -4.826323183856278  2.349662349940897
3.645  -4.950274583982186  2.444083033803656
3.65  -5.070194078644959  2.5387528471245266
3.6550000000000002  -5.185986958805965  2.6336562608448664
3.66  -5.29756179898146  2.7287775293506638
3.665  -5.404830528800359  2.82410069867323
3.67  -5.507708501926041  2.9196096148224004
3.6750000000000003  -5.606114562288369  3.015287932247402
3.68  -5.699971107574656  3.1111191224198564
3.685  -5.789204149930075  3.2070864825337697
3.69  -5.873743373820091  3.3031731443171273
3.6950000000000003  -5.9535221910102765  3.3993620829494944
3.7  -6.028477792620343  3.4956361260801994
3.705  -6.098551198212194  3.591977962941548
3.71  -6.163687301873702  3.6883701535513747
3.715  -6.2238349152622945  3.7847951379990867
3.72  -6.2789468075751085  3.881235245809802
3.725  -6.328979742414324  3.9776727053803227
3.73  -6.3738945115193895  4.074089653481489
3.735  -6.413655965339598  4.1704681448208145
3.74  -6.448233040423438  4.266790161659484
3.745  -6.477598783603442  4.363037623477794
3.75  -6.501730372957699  4.459192396683073
3.755  -6.52060913553182  4.555236304354024
3.7600000000000002  -6.534220561807568  4.6511511360153674
3.765  -6.542554316906999  4.746918657436869
3.77  -6.545604248523429  4.842520620450649
3.775  -6.543368391573093  4.937938772780488
3.7800000000000002  -6.535848969563979  5.033154867877407
3.785  -6.523052392680804  5.12815067475498
3.79  -6.504989252587722  5.222907987818674
3.795  -6.481674313952813  5.317408636682897
3.8000000000000003  -6.453126502701115  5.411634495969676
3.805  -6.419368891005339  5.505567495082992
3.81  -6.38042867902602  5.599189627952594
3.815  -6.336337173415484  5.692482962741417
3.8200000000000003  -6.287129762602302  5.785429651510322
3.825  -6.232845888875683  5.878011939834415
3.83  -6.173529017291514  5.970212176364906
3.835  -6.109226601424363  6.062012822330457
3.84  -6.039990045992257  6.1533964609723295
3.845  -5.965874666383237  6.244345806907351
3.85  -5.886939645115583  6.334843715412863
3.855  -5.803247985265243  6.42487319162807
3.86  -5.714866460897292  6.514417399665933
3.865  -5.621865564539797  6.603459671629929
3.87  -5.524319451741111  6.691983516530271
3.875  -5.42230588275395  6.779972629093931
3.88  -5.315906161391578  6.8674108984629445
3.8850000000000002  -5.205205071104085  6.954282416775845
3.89  -5.090290808324255  7.040571487626593
3.895  -4.971254913135255  7.12626263439607
3.9  -4.848192197314266  7.211340608450776
3.9050000000000002  -4.721200669807899  7.295790397203721
3.91  -4.590381459697899  7.379597232032486
3.915  -4.4558387367169034  7.462746596049635
3.92  -4.317679629376338  7.545224231720621
3.9250000000000003  -4.176014140770512  7.62701614832436
3.93  -4.030955062122267  7.708108629252093
3.935  -3.8826178841377006  7.78848823913984
3.94  -3.7311207062394067  7.868141830830039
3.9450000000000003  -3.5765841437484274  7.947056552158229
3.95  -3.4191312330879953  8.025219852560339
3.955  -3.2588873350824574  8.10261948949672
3.96  -3.0959800364270107  8.179243534688869
3.9650000000000003  -2.930539049405311  8.255080380164927
3.97  -2.7626961099327954  8.330118744110306
3.975  -2.5925848740054267  8.404347676519839
3.98  -2.4203408126348895  8.477756564647953
3.985  -2.246101105351589  8.550335138253397
3.99  -2.070004532359281  8.622073474635537
3.995  -1.8921913654248252  8.692962003458826
4.0  -1.7128032575886172  8.762991511362738
4.005  -1.5319831317814419  8.832153146354191
4.01  -1.3498750684349587  8.900438421979759
4.015  -1.1666241921733995  8.967839221275156
4.0200000000000005  -0.9823765576745499  9.034347800489636
4.025  -0.7972790347899466  9.099956792582784
4.03  -0.6114791930128644  9.164659210491974
4.035  -0.4251251853850494  9.228448450167996
4.04  -0.23836563193275523  9.291318293377461
4.045  -0.0513495027224726  9.353262910269958
4.05  0.13577399937148682  9.414276861708581
4.055  0.3228555560969116  9.474355101362368
4.0600000000000005  0.5097458513585763  9.533492977559337
4.065  0.6962956887670846  9.591686234899077
4.07  0.8823561091092843  9.648931015624
4.075  1.067778507648982  9.705223860748218
4.08  1.2524147511657866  9.760561710943584
4.085  1.4361172946413874  9.8149419071824
4.09  1.6187392975013006  9.868362191136233
4.095  1.80013473932205  9.920820705330915
4.1  1.9801585349126083  9.97231599305742
4.105  2.1586666486809927  10.0
4.11  2.3355162081956413  10.0
4.115  2.5105656168538615  10.0
4.12  2.683674665568497  10.0
4.125  2.8547046433857326  10.0
4.13  3.0235184469475054  10.0
4.135  3.1899806887131925  10.0
4.14  3.353957803855279  10.0
4.1450000000000005  3.5153181557462103  10.0
4.15  3.6739321399528944  10.0
4.155  3.829672286658504  10.0
4.16  3.982413361430655  10.0
4.165  4.132032464257132  10.0
4.17  4.27840912677212  10.0
4.175  4.421425407596019  10.0
4.18  4.560965985714891  10.0
4.1850000000000005  4.69691825182564  10.0
4.19  4.829172397575935  10.0
4.195  4.9576215026284025  10.0
4.2  5.082161619481191  10.0
4.205  5.202691855977875  10.0
4.21  5.319114455442496  10.0
4.215  5.431334874376204  10.0
4.22  5.539261857655021  10.0
4.225  5.642807511169072  10.0
4.23  5.741887371846708  10.0
4.235  5.836420475007832  10.0
4.24  5.926329418993967  10.0
4.245  6.011540427023784  10.0
4.25  6.091983406225372  10.0
4.255  6.167592003798737  10.0
4.26  6.238303660264287  10.0
4.265  6.3040596597548815  10.0
4.2700000000000005  6.364805177312094  10.0
4.275  6.420489323148719  10.0
4.28  6.471065183842883  10.0
4.285  6.516489860430729  10.0
4.29  6.556724503367342  10.0
4.295  6.591734344328237  10.0
4.3  6.62148872482572  10.0
4.305  6.6459611216173275  10.0
4.3100000000000005  6.66512916888576  10.0
4.315  6.678974677172413  10.0
4.32  6.687483649048996  10.0
4.325  6.690646291514391  10.0
4.33  6.688457025106313  10.0
4.335  6.680914489720015  10.0
4.34  6.668021547128782  10.0
4.345  6.649785280203458  10.0
4.3500000000000005  6.626216988830976  10.0
4.355  6.597332182534279  10.0
4.36  6.563150569798638  10.0
4.365  6.523696044111963  10.0
4.37  6.478996666729273  10.0
4.375  6.4290846461738695  10.0
4.38  6.373996314490641  10.0
4.385  6.313772100269015  10.0
4.39  6.248456498456037  10.0
4.3950000000000005  6.178098036982133  10.0
4.4  6.102749240225043  10.0
4.405  6.022466589339346  10.0
4.41  5.937310479481952  10.0
4.415  5.847345173966105  10.0
4.42  5.752638755378688  10.0
4.425  5.65326307369844  10.0
4.43  5.549293691454453  10.0
4.4350000000000005  5.440809825967171  10.0
4.44  5.32789428871612  10.0
4.445  5.210633421880624  10.0
4.45  5.0891170321025125  10.0
4.455  4.96343832152165  10.0
4.46  4.833693816137016  10.0
4.465  4.6999832915488975  10.0
4.47  4.562409696138798  10.0
4.4750000000000005  4.421079071746752  10.0
4.48  4.276100471906787  10.0
4.485  4.127585877703487  10.0
4.49  3.9756501113149607  10.0
4.495  3.820410747308572  10.0
4.5  3.6619880217577747  10.0
4.505  3.5005047392506894  10.0
4.51  3.3360861778616138  10.0
4.515  3.1688599921595384  10.0
4.5200000000000005  2.998956114327906  10.0
4.525  2.8265066534729018  10.0
4.53  2.651645793197204  10.0
4.535  2.474509687519098  10.0
4.54  2.295236355217437  10.0
4.545  2.1139655726836994  10.0
4.55  1.9308387653648533  10.0
4.555  1.7459988978803525  10.0
4.5600000000000005  1.559590362898941  10.0
4.565  1.3717588688612459  10.0
4.57  1.1826513266347844  10.0
4.575  0.9924157351897271  10.0
4.58  0.8012010663840743  10.0
4.585  0.6091571489470423  10.0
4.59  0.4164345517514896  10.0
4.595  0.22318446646511958  10.0
4.6000000000000005  0.029558589672352142  10.0
4.605  -0.16429099544231485  10.0
4.61  -0.35821193775704524  10.0
4.615  -0.5520517371297624  10.0
4.62  -0.7456578634766654  10.0
4.625  -0.938877875920336  10.0
4.63  -1.1315595419139963  10.0
4.635  -1.3235509562501404  10.0
4.64  -1.514700659860099  10.0
4.6450000000000005  -1.704857758313035  10.0
4.65  -1.8938720399211142  10.0
4.655  -2.0815940933600086  10.0
4.66  -2.267875424712393  10.0
4.665  -2.452568573843296  10.0
4.67  -2.635527230017249  10.0
4.675  -2.816606346666439  10.0
4.68  -2.99566225522066  10.0
4.6850000000000005  -3.1725527779106497  10.0
4.69  -3.347137339456  10.0
4.695  -3.5192770775514552  10.0
4.7  -3.6888349520646933  10.0
4.705  -3.855675852860358  10.0
4.71  -4.019666706166645  10.0
4.715  -4.180676579400572  10.0
4.72  -4.338576784370753  10.0
4.7250000000000005  -4.493240978776244  10.0
4.73  -4.644545265922705  10.0
4.735  -4.7923682925772955  10.0
4.74  -4.936591344886139  10.0
4.745  -5.077098442278694  10.0
4.75  -5.213776429286029  10.0
4.755  -5.346515065200348  10.0
4.76  -5.475207111506069  10.0
4.765  -5.599748417013128  10.0
4.7700000000000005  -5.720038000626319  10.0
4.775  -5.835978131684841  10.0
4.78  -5.947474407809599  10.0
4.785  -6.054435830196479  10.0
4.79  -6.1567748762962005  10.0
4.795  -6.254407569823915  10.0
4.8  -6.347253548042762  10.0
4.805  -6.435236126268396  10.0
4.8100000000000005  -6.518282359543648  10.0
4.815  -6.596323101433994  10.0
4.82  -6.669293059897698  10.0
4.825  -6.73713085018591  10.0
4.83  -6.7997790447306015  10.0
4.835  -6.857184219980844  10.0
4.84  -6.909297000149632  10.0
4.845  -6.9560720978365085  10.0
4.8500000000000005  -6.997468351493104  10.0
4.855  -7.033448759701629  10.0
4.86  -7.06398051223832  10.0
4.865  -7.089035017896815  10.0
4.87  -7.108587929048491  10.0
4.875  -7.122619162919688  10.0
4.88  -7.131112919567977  10.0
4.885  -7.134057696542454  10.0
4.89  -7.131446300215306  10.0
4.8950000000000005  -7.1232758537748255  10.0
4.9  -7.109547801872229  10.0
4.905  -7.090267911917602  10.0
4.91  -7.065446272022628  10.0
4.915  -7.035097285590445  10.0
4.92  -6.99923966255561  10.0
4.925  -6.95789640727964  10.0
4.93  -6.9110948031103145  10.0
4.9350000000000005  -6.858866393615352  10.0
4.94  -6.801246960503903  10.0
4.945  -6.738276498251478  10.0
4.95  -6.669999185446927  10.0
4.955  -6.596463352882335  10.0
4.96  -6.517721448409246  10.0
4.965  -6.433829998587356  10.0
4.97  -6.344849567153942  10.0
4.9750000000000005  -6.250844710345191  10.0
4.98  -6.151883929102657  10.0
4.985  -6.048039618200692  10.0
4.99  -5.939388012333081  10.0
4.995  -5.826009129199512  10.0
5.0  -5.707986709634541  10.0
