0.0  0.9178694419910267  -1.0996903241218592
0.01  0.8910981475966353  -1.115161203465418
0.02  0.8636956030080942  -1.1304698411589258
0.03  0.8356773062118285  -1.145613470777559
0.04  0.8070591335644561  -1.1605893545756873
0.05  0.7778573303238674  -1.175394783994156
0.06  0.7480885009569394  -1.19002708016224
0.07  0.7177695992297237  -1.2044835943941783
0.08  0.6869179180860685  -1.2187617086801974
0.09  0.6555510793207677  -1.2328588361719313
0.1  0.623687023053452  -1.2467724216621483
0.11  0.5913439970095596  -1.2604999420586953
0.12  0.5585405456148395  -1.2740389068525706
0.13  0.5252954989099489  -1.2873868585800425
0.14  0.4916279612918238  -1.3005413732787214
0.15  0.4575573000886002  -1.3135000609375056
0.16  0.42310313397496013  -1.3262605659403142
0.17  0.3882853212348858  -1.3388205675035283
0.18  0.35312394787888396  -1.3511777801070548
0.19  0.3176393156228376  -1.3633299539189339
0.2  0.2818519297357266  -1.375274875213416
0.21  0.2457824867635322  -1.3870103667824227
0.22  0.20945186213672098  -1.3985342883403198
0.23  0.17288109766877263  -1.4098445369219281
0.24  0.13609138895327738  -1.4209390472736954
0.25  0.0991040726672017  -1.4318157922379566
0.26  0.06194061378795927  -1.4424727831302138
0.27  0.0246225927319981  -1.452908070109363
0.28  -0.012828307577356618  -1.4631197425407985
0.29  -0.050390314705010764  -1.473105929352331
0.3  -0.08804157975433116  -1.4828647993828485
0.31  -0.12576019046463852  -1.4923945617236591
0.32  -0.16352418434806854  -1.5016934660524481
0.33  -0.2013115618578917  -1.5107598029597937
0.34  -0.2391002995803551  -1.5195919042681696
0.35000000000000003  -0.2768683634420996  -1.528188143343389
0.36  -0.31459372192519236  -1.536546935398422
0.37  -0.35225435928181925  -1.5446667377895291
0.38  -0.3898282887406654  -1.5525460503046655
0.39  -0.42729356569703625  -1.5601834154440921
0.4  -0.46462830087876433  -1.5675774186931457
0.41000000000000003  -0.50181067347997  -1.5747266887871163
0.42  -0.5388189442547692  -1.5816298979681855
0.43  -0.5756314685630236  -1.5882857622343707
0.44  -0.6122267093602893  -1.594693041580437
0.45  -0.6485832501241207  -1.600850540230725
0.46  -0.6846798077089522  -1.6067571068638575
0.47000000000000003  -0.7204952451218023  -1.6124116348292747
0.48  -0.7560085842111055  -1.61781306235557
0.49  -0.7911990182610273  -1.6229603727505701
0.5  -0.8260459244836639  -1.6278525945931415
0.51  -0.8605288764016072  -1.6324888019166703
0.52  -0.8946276561134086  -1.6368681143841939
0.53  -0.9283222664345485  -1.6409896974551426
0.54  -0.9615929429065957  -1.6448527625436677
0.55  -0.9944201656673172  -1.6484565671685172
0.56  -1.0267846711745907  -1.6518004150944419
0.5700000000000001  -1.0586674637770397  -1.654883656465095
0.58  -1.0900498271244348  -1.6577056879274092
0.59  -1.1209133354109697  -1.66026595274742
0.6  -1.15123986444464  -1.6625639409175186
0.61  -1.1810116025360584  -1.6645991892551137
0.62  -1.2102110612001309  -1.666371281492681
0.63  -1.2388210856641548  -1.6678798483591852
0.64  -1.2668248651759981  -1.6691245676528603
0.65  -1.2942059431061483  -1.67010516430533
0.66  -1.3209482268375414  -1.6708214104370611
0.67  -1.3470359974372084  -1.6712731254041366
0.68  -1.3724539191039116  -1.6714601758363412
0.6900000000000001  -1.3971870483860716  -1.6713824756665443
0.7000000000000001  -1.4212208431644306  -1.6710399861513907
0.71  -1.444541171394039  -1.670432715883277
0.72  -1.4671343196002886  -1.6695607207936223
0.73  -1.4889870011238762  -1.6684241041474295
0.74  -1.5100863641097257  -1.6670230165291349
0.75  -1.53041999923505  -1.6653576558197545
0.76  -1.549975947171896  -1.6634282671653238
0.77  -1.5687427057796726  -1.6612351429366425
0.78  -1.5867092370233227  -1.6587786226803272
0.79  -1.603864973612973  -1.6560590930611827
0.8  -1.6201998253610532  -1.6530769877959017
0.81  -1.6357041852530525  -1.649832787578108
0.8200000000000001  -1.6503689352282562  -1.6463270199947457
0.8300000000000001  -1.664185451666972  -1.6425602594338478
0.84  -1.677145610580938  -1.6385331269836818
0.85  -1.689241792503784  -1.634246290323307
0.86  -1.7004668870785962  -1.6297004636045482
0.87  -1.710814297339816  -1.624896407325421
0.88  -1.7202779436868936  -1.6198349281950233
0.89  -1.7288522675472957  -1.61451687898992
0.9  -1.7365322347266618  -1.6089431584020473
0.91  -1.7433133384440844  -1.6031147108781647
0.92  -1.749191602050683  -1.5970325264508844
0.93  -1.7541635814298315  -1.5906976405613067
0.9400000000000001  -1.7582263670775884  -1.584111133873296
0.9500000000000001  -1.7613775858620775  -1.5772741320794328
0.96  -1.7636154024607549  -1.570187805698672
0.97  -1.7649385204746877  -1.5628533698657505
0.98  -1.7653461832191826  -1.5552720841123824
0.99  -1.7648381741902768  -1.5474452521402724
1.0  -1.763414817206808  -1.5393742215860062
1.01  -1.7610769762279825  -1.5310603837778427
1.02  -1.7578260548465392  -1.522505173484468
1.03  -1.7536639954578224  -1.5137100686557456
1.04  -1.7485932781052538  -1.5046765901555217
1.05  -1.7426169190029042  -1.4954063014865202
1.06  -1.7357384687360455  -1.4859008085073953
1.07  -1.7279620101407747  -1.4761617591419771
1.08  -1.7192921558639747  -1.4661908430807802
1.09  -1.7097340456050898  -1.4559897914748103
1.1  -1.6992933430413686  -1.4455603766217469
1.11  -1.6879762324384315  -1.4349044116445433
1.12  -1.6757894149481962  -1.4240237501625104
1.1300000000000001  -1.6627401045963968  -1.4129202859549446
1.1400000000000001  -1.648836023962108  -1.4015959526173585
1.1500000000000001  -1.6340853995518765  -1.3900527232103808
1.16  -1.6184969568712493  -1.378292609901393
1.17  -1.6020799151966565  -1.3663176635989558
1.18  -1.5848439820508133  -1.354129973580112
1.19  -1.5667993473849524  -1.341731667110618
1.2  -1.547956677471397  -1.3291249090581825
1.21  -1.528327108510159  -1.3163119014987794
1.22  -1.5079222399534014  -1.3032948833161142
1.23  -1.4867541275517926  -1.2900761297943062
1.24  -1.4648352761269445  -1.2766579522038737
1.25  -1.442178632074274  -1.2630426973810922
1.26  -1.418797575600824  -1.2492327473008014
1.27  -1.3947059127026982  -1.2352305186427457
1.28  -1.369917866886959  -1.2210384623515238
1.29  -1.3444480706429651  -1.2066590631902285
1.3  -1.3183115566682908  -1.1920948392878623
1.31  -1.291523748854507  -1.1773483416806088
1.32  -1.2641004530382653  -1.162422153847047
1.33  -1.236057847523241  -1.1473188912373902
1.34  -1.2074124733786575  -1.1320412007968441
1.35  -1.1781812245202292  -1.1165917604831637
1.36  -1.1483813375794967  -1.1009732787785014
1.37  -1.1180303815676689  -1.0851884941956373
1.3800000000000001  -1.087146247340181  -1.0692401747786833
1.3900000000000001  -1.055747136868327  -1.05313111759835
1.4000000000000001  -1.0238515523244274  -1.0368641482418703
1.41  -0.9914782849871017  -1.0204421202976777
1.42  -0.9586464039733353  -1.003867914834929
1.43  -0.9253752448041301  -0.9871444398779708
1.44  -0.891684397810616  -0.970274629875848
1.45  -0.8575936963876181  -0.953261445166945
1.46  -0.8231232051017507  -0.9361078714388689
1.47  -0.7882932076612039  -0.9188169191836658
1.48  -0.7531241947544675  -0.9013916231484749
1.49  -0.7176368517653167  -0.8838350417817209
1.5  -0.6818520463714643  -0.8661502566749479
1.51  -0.6457908160343482  -0.8483403720003936
1.52  -0.609474355387581  -0.8304085139444144
1.53  -0.5729240035316787  -0.8123578301368606
1.54  -0.5361612312426978  -0.7941914890765084
1.55  -0.49920762810250346  -0.7759126795526584
1.56  -0.4620848895584116  -0.7575246100629993
1.57  -0.42481480392000137  -0.7390305082278515
1.58  -0.3874192393009363  -0.720433620200899
1.59  -0.34992013051364756  -0.7017372100765109
1.6  -0.31233946592478273  -0.6829445592937704
1.61  -0.2746992742793352  -0.6640589660373177
1.62  -0.23702161150138606  -0.6450837446351136
1.6300000000000001  -0.19932854747941087  -0.6260222249532443
1.6400000000000001  -0.1616421528441192  -0.6068777517878703
1.6500000000000001  -0.12398448574676435  -0.5876536842544342
1.6600000000000001  -0.08637757864592488  -0.5683533951742481
1.67  -0.04884342511067856  -0.5489802704585551
1.68  -0.011403966648139946  -0.5295377084901992
1.69  0.02591892043671376  -0.5100291195030098
1.7  0.06310343814101976  -0.4904579249590074
1.71  0.10012787981590265  -0.4708275569235581
1.72  0.13697064316240903  -0.4511414574385857
1.73  0.17361024316365867  -0.4314030778939583
1.74  0.2100253249454307  -0.4116158783971636
1.75  0.24619467655744323  -0.3917833271413964
1.76  0.2820972416676253  -0.37190889977216224
1.77  0.31771213216174293  -0.3519960787525281
1.78  0.3530186406407879  -0.3320483527271283
1.79  0.387996252808608  -0.31206921588504477
1.8  0.42262465974231933  -0.292062167321686
1.81  0.4568837700381162  -0.2720307103997662
1.82  0.4907537218251553  -0.25197835210952424
1.83  0.5242148946403  -0.23190860242828376
1.84  0.5572479211565589  -0.21182497367947897
1.85  0.5898336987581698  -0.19173097989126803
1.86  0.6219534009553565  -0.1716301361548418
1.87  0.653588488631887  -0.15152595798255958
1.8800000000000001  0.6847207211186678  -0.13142196066602063
1.8900000000000001  0.7153321670867054  -0.11132165863419469
1.9000000000000001  0.7454052152528808  -0.09122856481172928
1.9100000000000001  0.7749225848920939  -0.07114618997754985
1.92  0.8038673361494564  -0.05107804212387526
1.93  0.8322228801463156  -0.03102762581576149
1.94  0.8599729888740448  -0.010998441551304278
1.95  0.8871018048696365  0.009006014877403323
1.96  0.9135938506672846  0.02898225302241675
1.97  0.9394340380202568  0.04892678841708653
1.98  0.9646076768875311  0.06883614321208159
1.99  0.9891004841797733  0.08870684681017316
2.0  1.0128985922594034  0.10853543649966482
2.0100000000000002  1.0359885571896397  0.12831845808634673
2.02  1.0583573667275552  0.14805246652385778
2.0300000000000002  1.079992448056355  0.16773402654235037
2.04  1.1008816752522024  0.18735971327531775
2.05  1.121013376481133  0.20692611288449736
2.06  1.140376340921711  0.22642982318271482
2.07  1.1589598254092788  0.24586745425455225
2.08  1.1767535607978064  0.2652356290747477
2.09  1.1937477580355162  0.2845309841241815
2.1  1.2099331139506408  0.3037501700033669
2.11  1.225300816743833  0.3228898520432984
2.12  1.2398425511839397  0.3419467109135808
2.13  1.2535505035040106  0.36091744322769204
2.14  1.2664173659946225  0.37979876214529806
2.15  1.2784363412917426  0.3985873979714839
2.16  1.2896011463565864  0.4172800987528126
2.17  1.2999060161450584  0.4358736308700764
2.18  1.3093457069646097  0.45436477962766036
2.19  1.317915499516474  0.4727503498393819
2.2  1.3256112016214863  0.49102716641071836
2.21  1.3324291506278465  0.5091920749173002
2.22  1.3383662154993954  0.5272419421795802
2.23  1.3434197985831564  0.5451736568335481
2.24  1.3475878370551042  0.5629841298974132
2.25  1.350868804043287  0.5806702953341264
2.2600000000000002  1.353261709427663  0.5982291106096573
2.27  1.3547661003161702  0.6156575572469029
2.2800000000000002  1.3553820611967633  0.6329526413751465
2.29  1.355110213765349  0.6501113942749516
2.3000000000000003  1.3539517164297323  0.6671308729183937
2.31  1.3519082634898925  0.6840081605045297
2.32  1.3489820839951032  0.7007403669900137
2.33  1.3451759402786023  0.7173246296147461
2.34  1.3404931261707063  0.73375811342247
2.35  1.334937464891474  0.7500380117762241
2.36  1.3285133066241996  0.7661615468685352
2.37  1.3212255257712195  0.7821259702262837
2.38  1.313079517893705  0.7979285632101264
2.39  1.3040811963373002  0.8135666375083983
2.4  1.2942369885456682  0.8290375356253921
2.41  1.2835538320641655  0.8443386313639413
2.42  1.2720391702360998  0.8594673303021901
2.43  1.2597009475941556  0.8744210702644979
2.44  1.2465476049498085  0.8891973217863569
2.45  1.2325880741836905  0.903793588573266
2.46  1.2178317727400751  0.9182074079534492
2.47  1.2022885978288118  0.9324363513243659
2.48  1.1859689203382344  0.9464780245928955
2.49  1.1688835784627207  0.9603300686091494
2.5  1.1510438710487758  0.9739901595938032
2.5100000000000002  1.13246155066365  0.9874560095588898
2.52  1.1131488163907206  1.0007253667219589
2.5300000000000002  1.0931183063559584  1.0137960159135437
2.54  1.0723830899900477  1.026665778977843
2.5500000000000003  1.0509566600308005  1.0393325151665633
2.56  1.0288529242707452  1.0517941215258222
2.57  1.0060861970548531  1.0640485332760767
2.58  0.9826711905335606  1.07609372418497
2.59  0.9586230056763894  1.087927706933054
2.6  0.9339571230515701  1.0995485334723123
2.61  0.9086893933772876  1.1109542953774096
2.62  0.88283602785023  1.1221431241896183
2.63  0.8564135882573088  1.1331131917533401
2.64  0.8294389768765194  1.1438627105451853
2.65  0.8019294261730733  1.154389933995517
2.66  0.7739024882969838  1.164693156802437
2.67  0.7453760243885247  1.17477071523812
2.68  0.7163681936979539  1.1846209874474725
2.69  0.6868974425261501  1.1942423937390336
2.7  0.6569824929927861  1.2036333968680863
2.71  0.6266423316388815  1.2127925023119075
2.72  0.5958961978705872  1.2217182585371273
2.73  0.5647635722512088  1.2304092572591248
2.74  0.5332641646485334  1.2388641336934365
2.75  0.5014179022446359  1.2470815667991086
2.7600000000000002  0.46924491741539376  1.255060279513972
2.77  0.4367655354870672  1.2627990389817687
2.7800000000000002  0.40400026237729547  1.2702966567711178
2.79  0.37096977212804083  1.2775519890862561
2.8000000000000003  0.3376948943379447  1.2845639369695319
2.81  0.30419660150176436  1.2913314464956016
2.82  0.2704959962644669  1.2978535089573033
2.83  0.2366142985977433  1.3041291610431722
2.84  0.2025728329066667  1.3101574850065534
2.85  0.1683930150742617  1.315937608826302
2.86  0.134096339451867  1.32146870635902
2.87  0.09970436580310114  1.3267499974828185
2.88  0.06523870620934641  1.331780748232564
2.89  0.03072101194465715  1.3365602709266042
2.9  -0.003827039671980531  1.341087924284923
2.91  -0.03838375843909861  1.3453631135387318
2.92  -0.07292745444192952  1.349385290531454
2.93  -0.10743645122041727  1.3531539538110995
2.94  -0.1418890989280296  1.3566686487140027
2.95  -0.17626378747350424  1.359928967439917
2.96  -0.21053895963750602  1.3629345491184437
2.97  -0.2446931241563525  1.3656850798667919
2.98  -0.2787048687648338  1.3681802928388507
2.99  -0.3125528731902988  1.370419968265573
3.0  -0.3462159220901324  1.3724039334866565
3.0100000000000002  -0.3796729179248172  1.3741320629735216
3.02  -0.4129028937588017  1.3756042783435798
3.0300000000000002  -0.44588502598145097  1.3768205483657925
3.04  -0.4785986469403709  1.3777808889575132
3.0500000000000003  -0.5110232574795237  1.3784853631726233
3.06  -0.5431385393744963  1.3789340811809578
3.0700000000000003  -0.5749243676574817  1.3791272002390267
3.08  -0.6063608228244641  1.3790649246520361
3.09  -0.637428202917283  1.3787475057272212
3.1  -0.6681070354732586  1.378175241718494
3.11  -0.69837808933515  1.3773484777624203
3.12  -0.7282223863143525  1.3762676058055385
3.13  -0.75762121270024  1.3749330645230295
3.14  -0.7865561306087406  1.3733453392287605
3.15  -0.815008989163276  1.3715049617767097
3.16  -0.8429619355013099  1.3694125104538029
3.17  -0.8703974255998664  1.3670686098641691
3.18  -0.8972982349134787  1.3644739308048475
3.19  -0.92364746881813  1.361629190132963
3.2  -0.9494285728549136  1.3585351506243968
3.21  -0.974625342767178  1.3551926208239817
3.22  -0.9992219343251492  1.3516024548872416
3.23  -1.0232028729320428  1.3477655524137182
3.24  -1.0465530630059192  1.3436828582719003
3.25  -1.0692577971315693  1.3393553624158034
3.2600000000000002  -1.0913027649769356  1.3347840996932236
3.27  -1.1126740619686686  1.3299701496457044
3.2800000000000002  -1.1333581977215983  1.3249146363002584
3.29  -1.1533421042169945  1.3196187279528724
3.3000000000000003  -1.1726131437247227  1.314083636943851
3.31  -1.1911591164644804  1.3083106194250256
3.3200000000000003  -1.2089682680015006  1.3023009751188792
3.33  -1.2260292963722517  1.2960560470696398
3.34  -1.242331358935838  1.2895772213863699
3.35  -1.2578640789469593  1.2828659269781164
3.36  -1.2726175518464595  1.2759236352811676
3.37  -1.2865823512656696  1.2687518599784586
3.38  -1.2997495347409223  1.2613521567111865
3.39  -1.3121106491347843  1.253726122782691
3.4  -1.323657735760724  1.2458753968546459
3.41  -1.3343833352081522  1.2378016586356222
3.42  -1.344280491864876  1.2295066285620904
3.43  -1.3533427581342867  1.220992067471901
3.44  -1.3615641983446882  1.2122597762703298
3.45  -1.3689393923484474  1.2033115955887197
3.46  -1.3754634388087628  1.194149405435817
3.47  -1.3811319581720864  1.1847751248418343
3.48  -1.3859410953243991  1.17519071149533
3.49  -1.389887521929733  1.1653981613729592
3.5  -1.3929684384495353  1.1553995083621715
3.5100000000000002  -1.395181575841653  1.1451968238769175
3.52  -1.396525196937913  1.1347922164664501
3.5300000000000002  -1.396998097499468  1.1241878314172749
3.54  -1.3965996069492703  1.1133858503483407
3.5500000000000003  -1.395329588781236  1.1023884907995318
3.56  -1.3931884406458483  1.0911980058135513
3.5700000000000003  -1.3901770941121545  1.0798166835112575
3.58  -1.3862970141063005  1.0682468466605515
3.59  -1.381550198026937  1.0564908522388792
3.6  -1.375939174538044  1.044551090989434
3.61  -1.3694670020398954  1.032429986971155
3.62  -1.3621372668190896  1.0201299971025795
3.63  -1.3539540808787665  1.0076536106996614
3.64  -1.3449220794503212  0.9950033490076197
3.65  -1.3350464181881208  0.9821817647269221
3.66  -1.3243327700489147  0.9691914415334701
3.67  -1.3127873218578279  0.9560349935931025
3.68  -1.3004167705630134  0.9427150650704834
3.69  -1.2872283191812222  0.9292343296324752
3.7  -1.2732296724367451  0.9155954899460894
3.71  -1.2584290320963605  0.9018012771711151
3.72  -1.2428350920031015  0.8878544504474976
3.73  -1.2264570328118538  0.8737577963775937
3.74  -1.209304516429951  0.8595141285033661
3.75  -1.1913876801661405  0.8451262867786473
3.7600000000000002  -1.1727171305914361  0.8305971370365399
3.77  -1.1533039371155982  0.8159295704520777
3.7800000000000002  -1.1331596252830698  0.8011265030002315
3.79  -1.1122961697924894  0.7861908749093667
3.8000000000000003  -1.090725987243916  0.7711256501102494
3.81  -1.0684619286182326  0.7559338156807158
3.8200000000000003  -1.0455172714931864  0.7406183812860855
3.83  -1.0219057120008486  0.7251823786154519
3.84  -0.9976413565312877  0.7096288608139223
3.85  -0.9727387131875066  0.6939609019109401
3.86  -0.9472126829967892  0.6781815962447844
3.87  -0.9210785508837713  0.6622940578833464
3.88  -0.8943519764106869  0.6463014200413058
3.89  -0.8670489842903817  0.6302068344937969
3.9  -0.8391859546778345  0.6140134709866998
3.91  -0.8107796132460252  0.5977245166436297
3.92  -0.7818470210522002  0.5813431753697749
3.93  -0.7524055642005641  0.5648726672526536
3.94  -0.7224729433077643  0.5483162279599415
3.95  -0.6920671627773972  0.5316771081344402
3.96  -0.661206519890152  0.5149585727863406
3.97  -0.6299095937160497  0.49816390068285665
3.98  -0.5981952338555958  0.4812963837353693
3.99  -0.5660825490165587  0.4643593263841769
4.0  -0.5335908954333212  0.44735604498098563
4.01  -0.5007398651357863  0.4302898671692271
4.0200000000000005  -0.4675492740749261  0.4131641312623441
4.03  -0.4340391501121602  0.3959821856201562
4.04  -0.400229720879772  0.37874738802338925
4.05  -0.36614140151978214  0.36146310504653584
4.0600000000000005  -0.33179478230858583  0.3441327114291266
4.07  -0.29721061617493105  0.32675958944553707
4.08  -0.2624098061186777  0.30934712827345356
4.09  -0.22741339253802756  0.29189872336110645
4.1  -0.19224254047281542  0.2744177757933983
4.11  -0.15691852677162244  0.2569076916570345
4.12  -0.12146272719042615  0.23937188140478802
4.13  -0.08589660343057015  0.22181375921898722
4.14  -0.05024169012395599  0.20423674237438272
4.15  -0.014519581773232329  0.1866442506004901
4.16  0.02124808034505485  0.16903970544352193
4.17  0.05703962130651383  0.15142652962804276
4.18  0.09283334568613223  0.1338081464184524
4.19  0.12860755071882551  0.11618797898042485
4.2  0.1643405394653003  0.09856944974242793
4.21  0.20001063397529778  0.08095597975740519
4.22  0.2355961884402552  0.06335098806479461
4.23  0.27107560232745953  0.04575789105295436
4.24  0.30642733348769846  0.02818010182215
4.25  0.34162991122858066  0.010621029548177036
4.26  0.376661949345535  -0.0069159211532048015
4.2700000000000005  0.4115021591026785  -0.024427350860964772
4.28  0.4461293621556449  -0.04190986598245998
4.29  0.48052250340864905  -0.05936007938597135
4.3  0.5146606637979434  -0.0767746110319889
4.3100000000000005  0.5485230729939594  -0.09415008860312524
4.32  0.5820891220144759  -0.11148314813253751
4.33  0.6153383757411879  -0.12877043463076993
4.34  0.6482505853320931  -0.14600860271085847
4.3500000000000005  0.6808057005221935  -0.16319431721160654
4.36  0.7129838818050941  -0.18032425381891903
4.37  0.7447655124881496  -0.19739509968506963
4.38  0.7761312106138087  -0.2144035540457811
4.39  0.8070618407400199  -0.23134632883502668
4.4  0.8375385255725506  -0.24822014929741437
4.41  0.8675426574421516  -0.2650217545980448
4.42  0.8970559096197039  -0.2817478984297573
4.43  0.926060247462442  -0.29839534961760805
4.44  0.9545379393845287  -0.3149608927204961
4.45  0.9824715676453664  -0.3314413286298236
4.46  1.009844038949115  -0.3478334751650757
4.47  1.0366385948489976  -0.36413416766619855
4.48  1.0628388219500937  -0.3803402595826938
4.49  1.0884286619044719  -0.3964486230592793
4.5  1.113392421192624  -0.4124561495180604
4.51  1.137714780685229  -0.42835975023704753
4.5200000000000005  1.1613808049795333  -0.44415635692495775
4.53  1.1843759515046413  -0.4598429222921596
4.54  1.2066860793902627  -0.4754164206176959
4.55  1.2282974580934845  -0.49087384831222786
4.5600000000000005  1.2491967757784075  -0.506212224476845
4.57  1.2693711474435438  -0.5214285914576026
4.58  1.288808122792062  -0.5365200153957024
4.59  1.3074956938401197  -0.5514835867732127
4.6000000000000005  1.3254223022586826  -0.5663164209542185
4.61  1.3425768464443568  -0.5810156587213009
4.62  1.3589486883150013  -0.5955784668072699
4.63  1.3745276598259546  -0.6100020384220164
4.64  1.3893040692029652  -0.6242835937744087
4.65  1.4032687068880227  -0.6384203805891381
4.66  1.4164128511945033  -0.6524096746184
4.67  1.4287282736682048  -0.666248780148336
4.68  1.4402072441509974  -0.6799350305001323
4.69  1.450842535544044  -0.6934657885256819
4.7  1.460627428267685  -0.7068384470977146
4.71  1.4695557144152938  -0.7200504295943265
4.72  1.4776217015985609  -0.7330991903777857
4.73  1.4848202164818916  -0.7459822152675488
4.74  1.4911466080037523  -0.7586970220073941
4.75  1.4965967502830182  -0.7712411607265904
4.76  1.5011670452085422  -0.7836122143949966
4.7700000000000005  1.5048544247103723  -0.7958077992720403
4.78  1.5076563527112297  -0.8078255653494539
4.79  1.509570826757053  -0.819663196787727
4.8  1.5105963793256068  -0.8313184123461564
4.8100000000000005  1.510732078812356  -0.8427889658064419
4.82  1.5099775301929823  -0.8540726463897281
4.83  1.5083328753621403  -0.8651672791670417
4.84  1.5057987931482204  -0.876070725463018
4.8500000000000005  1.5023764990041035  -0.8867808832528591
4.86  1.4980677443740704  -0.8972956875524538
4.87  1.4928748157372314  -0.9076131108015737
4.88  1.4868005333280458  -0.9177311632400851
4.89  1.4798482495346748  -0.9276478932771031
4.9  1.472021846976123  -0.9373613878530185
4.91  1.4633257362593222  -0.9468697727943294
4.92  1.4537648534174685  -0.9561712131612257
4.93  1.4433446570311734  -0.9652639135878379
4.94  1.4320711250341243  -0.9741461186151055
4.95  1.4199507512051839  -0.9828161130161998
4.96  1.4069905413490114  -0.9912722221144377
4.97  1.3931980091675071  -0.9995128120936307
4.98  1.37858117182455  -1.007536290300809
4.99  1.3631485452066945  -1.0153411055412624
5.0  1.346909138882649  -1.022925748365859
5.01  1.329872450764586  -1.0302887513505636
5.0200000000000005  1.3120484614744823  -1.0374286893681237
5.03  1.2934476284188643  -1.044344179851868
5.04  1.2740808795755116  -1.051033883051563
5.05  1.253959606995882  -1.0574965022812868
5.0600000000000005  1.2330956600271248  -1.0637307841592745
5.07  1.2115013382577902  -1.0697355188396798
5.08  1.1891893841914294  -1.0755095402362338
5.09  1.166172975652557  -1.08105172623773
5.1000000000000005  1.142465717929474  -1.086360998915318
5.11  1.1180816356587187  -1.0914363247215573
5.12  1.0930351644560108  -1.0962767146812014
5.13  1.0673411422987291  -1.1008812245736692
5.14  1.0410148006650923  -1.1052489551071703
5.15  1.0140717554354002  -1.109379052084467
5.16  0.9865279975607895  -1.1132707065602174
5.17  0.9583998835051093  -1.116923154989895
5.18  0.9297041254656956  -1.1203356793702408
5.19  0.9004577813789199  -1.1235076073712287
5.2  0.8706782447165222  -1.1264383124595208
5.21  0.840383234078847  -1.1291272140133883
5.22  0.8095907825913126  -1.1315737774290748
5.23  0.7783192271104187  -1.1337775142185853
5.24  0.7465871972458556  -1.135737982098885
5.25  0.7144136042052567  -1.1374547850724825
5.26  0.6818176294683946  -1.1389275734993984
5.2700000000000005  0.648818713297548  -1.140156044160487
5.28  0.6154365430910497  -1.1411399403121152
5.29  0.5816910415869331  -1.1418790517321815
5.3  0.5476023549238676  -1.142373214757469
5.3100000000000005  0.5131908405665028  -1.1426223123123218
5.32  0.47847705510256433  -1.142626273928647
5.33  0.44348174191896406  -1.1423850757572303
5.34  0.4082258187644142  -1.141898740570371
5.3500000000000005  0.37273036520602526  -1.1411673377558316
5.36  0.3370166099874172  -1.1401909833021031
5.37  0.3011059182959674  -1.1389698397749928
5.38  0.26501977894687295  -1.1375041162855348
5.39  0.22877979149176378  -1.1357940684492327
5.4  0.19240765325958095  -1.133839998336639
5.41  0.15592514633757512  -1.1316422544152862
5.42  0.11935412450024309  -1.1292012314829716
5.43  0.08271650009408729  -1.1265173705924187
5.44  0.04603423088607664  -1.1235911589673229
5.45  0.009329306883790758  -1.1204231299097969
5.46  -0.027376262864909337  -1.1170138626992374
5.47  -0.06406046348463211  -1.11336398248263
5.48  -0.10070128748974327  -1.109474160156311
5.49  -0.13727674799815487  -1.1053451122392133
5.5  -0.17376489193374564  -1.1009776007376115
5.51  -0.2101438132093812  -1.0963724330014026
5.5200000000000005  -0.24639166588260997  -1.0915304615719412
5.53  -0.2824866772761285  -1.0864525840214594
5.54  -0.3184071610551073  -1.0811397427841027
5.55  -0.35413153025348093  -1.0755929249786136
5.5600000000000005  -0.38963831024134765  -1.0698131622226927
5.57  -0.42490615162569156  -1.0638015304390809
5.58  -0.4599138430766612  -1.057559149653382
5.59  -0.4946403240716113  -1.0510871837836862
5.6000000000000005  -0.5290646975493117  -1.0443868404220102
5.61  -0.5631662424666287  -1.0374593706076176
5.62  -0.5969244262501834  -1.0303060685922385
5.63  -0.630318917135389  -1.0229282715972552
5.64  -0.6633295963855371  -1.0153273595628778
5.65  -0.6959365703834779  -1.0075047548893759
5.66  -0.7281201825886644  -0.9994619221704001
5.67  -0.759861025352345  -0.9912003679184497
5.68  -0.791139951583769  -0.9827216402825363
5.69  -0.8219380862603702  -0.9740273287580961
5.7  -0.8522368377750144  -0.9651190638892098
5.71  -0.8820179091134802  -0.9559985169631695
5.72  -0.9112633088553792  -0.9466673996974746
5.73  -0.9399553619919566  -0.9371274639192886
5.74  -0.9680767205541968  -0.9273805012374396
5.75  -0.9956103740448845  -0.9174283427070096
5.76  -1.0225396596682608  -0.9072728584865789
5.7700000000000005  -1.0488482723511787  -0.8969159574881954
5.78  -1.0745202745496785  -0.8863595870201333
5.79  -1.0995401058350849  -0.8756057324224897
5.8  -1.123892592253842  -0.8646564166957169
5.8100000000000005  -1.147562955455463  -0.8535137001221372
5.82  -1.1705368215830476  -0.8421796798805189
5.83  -1.1928002299210798  -0.830656489653779
5.84  -1.21433964129522  -0.8189462992299016
5.8500000000000005  -1.2351419462190865  -0.8070513140961211
5.86  -1.2551944727830602  -0.7949737750264754
5.87  -1.2744849942804242  -0.7827159576627728
5.88  -1.2930017365661821  -0.7702801720890845
5.89  -1.310733385144143  -0.7576687623998144
5.9  -1.3276690919780096  -0.7448841062614415
5.91  -1.343798482022345  -0.7319286144680177
5.92  -1.3591116594695052  -0.7188047304904852
5.93  -1.3735992137087345  -0.7055149300199243
5.94  -1.3872522249938748  -0.6920617205047948
5.95  -1.4000622698162384  -0.6784476406822745
5.96  -1.4120214259794228  -0.6646752601037548
5.97  -1.4231222773730026  -0.6507471786546255
5.98  -1.433357918442221  -0.636666026068385
5.99  -1.4427219583509803  -0.6224344614352124
6.0  -1.4512085248356381  -0.6080551727050749
6.01  -1.4588122677472644  -0.593530876185442
6.0200000000000005  -1.4655283622802409  -0.5788643160337416
6.03  -1.4713525118852384  -0.5640582637446281
6.04  -1.47628095086484  -0.5491155176321427
6.05  -1.4803104466502195  -0.5340389023069021
6.0600000000000005  -1.4834383017575155  -0.5188312681483758
6.07  -1.485662355422717  -0.5034954907723809
6.08  -1.4869809849140814  -0.48803447049385384
6.09  -1.4873931065212773  -0.47245113178504633
6.1000000000000005  -1.4868981762206712  -0.4567484227292071
6.11  -1.4854961900163457  -0.4409293144698827
6.12  -1.483187683956646  -0.42499680065590084
6.13  -1.4799737338262464  -0.40895389688218287
6.140000000000001  -1.4758559545139127  -0.3928036401264578
6.15  -1.4708364990563525  -0.37654908818200516
6.16  -1.4649180573587155  -0.3601933190864986
6.17  -1.4581038545925262  -0.34373943054710837
6.18  -1.4503976492720014  -0.3271905393619096
6.19  -1.4418037310099225  -0.31054978083775503
6.2  -1.4323269179544058  -0.29382030820469884
6.21  -1.4219725539081147  -0.2770052920270622
6.22  -1.4107465051316508  -0.2601079196112897
6.23  -1.3986551568330556  -0.24313139441067422
6.24  -1.385705409345528  -0.22607893542708457
6.25  -1.3719046739956529  -0.20895377660977366
6.26  -1.3572608686646583  -0.19175916625142186
6.2700000000000005  -1.3417824130453417  -0.17449836638149452
6.28  -1.3254782235975506  -0.15717465215705034
6.29  -1.308357708205224  -0.1397913112510794
6.3  -1.2904307605382581  -0.1223516432385306
6.3100000000000005  -1.271707754122548  -0.10485895898010389
6.32  -1.2521995361218115  -0.08731658000395198
6.33  -1.2319174208349155  -0.06972783788536785
6.34  -1.2108731829126484  -0.052096073624615824
6.3500000000000005  -1.1890790502979953  -0.034424637023008464
6.36  -1.1665476968942117  -0.01671688605731031
6.37  -1.1432922349650563  0.001023813747356328
6.38  -1.119326207271817  0.01879408994602233
6.390000000000001  -1.0946635789518266  0.03659056380369785
6.4  -1.0693187291434014  0.05440985092634068
6.41  -1.0433064423621954  0.0722485618929195
6.42  -1.0166418996342128  0.0901033028883938
6.43  -0.9893406693908124  0.1079706763375306
6.44  -0.961418698131161  0.12584728153942665
6.45  -0.9328923008578058  0.1437297153026102
6.46  -0.9037781512910724  0.16161457258063355
6.47  -0.8740932718682584  0.1794984471079998
6.48  -0.8438550235335647  0.1973779320363336
6.49  -0.8130810953250005  0.21524962057065714
6.5  -0.7817894937644511  0.23311010660568565
6.51  -0.7499985320573742  0.2509559853619827
6.5200000000000005  -0.7177268191085739  0.268783854021887
6.53  -0.6849932483607476  0.28659031236507093
6.54  -0.6518169864624006  0.30437196340365125
6.55  -0.6182174617721037  0.3221254140166686
6.5600000000000005  -0.5842143527059374  0.33984727558389594
6.57  -0.5498275759351163  0.3575341646187913
6.58  -0.5150772744410118  0.3751827034005068
6.59  -0.4799838054346346  0.39278952060485506
6.6000000000000005  -0.4445677281479695  0.4103512519340731
6.61  -0.4088497915044681  0.4278645407452896
6.62  -0.3728509216761109  0.4453260386775977
6.63  -0.33659220953455543  0.46273240627757417
6.640000000000001  -0.30009489800394795  0.4800803136231656
6.65  -0.26338036932300524  0.49736644094579596
6.66  -0.22647013222400986  0.5145874792506204
6.67  -0.18938580903646823  0.5317401309347614
6.68  -0.15214912272322523  0.5488211104034462
6.69  -0.11478188385681398  0.5658271446839233
6.7  -0.07730597754387614  0.5827549740370271
6.71  -0.039743350305542796  0.5996013525663179
6.72  -0.0021159969217041663  0.6163630488246328
6.73  0.03555405275292528  0.6330368464179632
6.74  0.0732447469930592  0.6496195446065626
6.75  0.11093402541932933  0.6661079589031311
6.76  0.1485998322192036  0.6824989216679909
6.7700000000000005  0.18622012936424315  0.698789282701159
6.78  0.2237729098157884  0.7149759098311559
6.79  0.2612362107111442  0.7310556895005039
6.8  0.29858812652229255  0.7470255273477511
6.8100000000000005  0.3358068221791912  0.7628823487859484
6.82  0.3728705461497759  0.7786230995774499
6.83  0.4097576434688038  0.7942447464049572
6.84  0.4464465687076775  0.8097442774386672
6.8500000000000005  0.48291589887741293  0.8251187028994438
6.86  0.5191443462569969  0.8403650556178915
6.87  0.5551107711394689  0.8554803915892535
6.88  0.5907941944879189  0.8704617905239941
6.890000000000001  0.6261738104939384  0.885306356393994
6.9  0.6612289990308041  0.900011217974235
6.91  0.6959393379940534  0.9145735293799002
6.92  0.7302846155218603  0.9289904705987577
6.93  0.764244842088013  0.9432592480187538
6.94  0.7978002624600782  0.9573770949506986
6.95  0.8309313675156214  0.9713412721459764
6.96  0.8636189059093706  0.9851490683091382
6.97  0.8958438955842865  0.9987978006053342
6.98  0.9275876351195883  1.0122848151624506
6.99  0.9588317149089267  1.0256074875678676
7.0  0.9895580281619913  1.0387632233597737
7.01  1.0197487817229083  1.0517494585128988
7.0200000000000005  1.049386506698906  1.0645636599186146
7.03  1.0784540688928634  1.0772033258592848
7.04  1.106934679033505  1.08966598647681
7.05  1.1348119027969878  1.1019492042352415
7.0600000000000005  1.1620696706139733  1.1140505743774076
7.07  1.1886922872561547  1.1259677253754488
7.08  1.2146644411966019  1.1376983193751995
7.09  1.2399712137381633  1.149240052634307
7.1000000000000005  1.2645980879045606  1.1605906559540295
7.11  1.2885309570887045  1.1717478951046112
7.12  1.3117561334531516  1.182709571244186
7.13  1.3342603560775317  1.1934735213310987
7.140000000000001  1.35603079884816  1.204037618529581
7.15  1.3770550780849846  1.214399772608723
7.16  1.3973212599013833  1.2245579303346303
7.17  1.4168178672922926  1.234510075855734
7.18  1.4355338869464949  1.2442542310811477
7.19  1.4534587757789037  1.253788456052023
7.2  1.4705824671789505  1.2631108493058216
7.21  1.4868953769713398  1.2722195482334537
7.22  1.5023884090855408  1.2811127294291897
7.23  1.5170529609306729  1.289788609033308
7.24  1.5308809284724998  1.2982454430673884
7.25  1.543864711009544  1.3064815277622206
7.26  1.5559972156454  1.314495199878232
7.2700000000000005  1.5672718614546184  1.3222848370184042
7.28  1.5776825833396138  1.329848857933597
7.29  1.5872238355763366  1.3371857228202464
7.3  1.5958905950465374  1.3442939336103603
7.3100000000000005  1.6036783641547345  1.3511720342537707
7.32  1.6105831734281053  1.3578186109925805
7.33  1.61660158379778  1.3642322926277703
7.34  1.6217306885601541  1.3704117507778897
7.3500000000000005  1.6259681150170668  1.3763557001298157
7.36  1.6293120257938722  1.3820628986815047
7.37  1.6317611198346191  1.3875321479767044
7.38  1.6333146330737611  1.3927622933315926
7.390000000000001  1.6339723387840008  1.3977522240532758
7.4  1.6337345476000897  1.4025008736501283
7.41  1.63260210721857  1.407007220033927
7.42  1.6305764017736664  1.4112702857137387
7.43  1.627659350889718  1.4152891379815282
7.44  1.6238534084107397  1.4190628890894554
7.45  1.6191615608078955  1.4225906964188202
7.46  1.613587325265859  1.4258717626406352
7.47  1.6071347474492426  1.428905335867786
7.48  1.5998083989504375  1.431690709798754
7.49  1.591613374420454  1.4342272238528777
7.5  1.5825552883844725  1.4365142632971273
7.51  1.5726402717440726  1.4385512593643628
7.5200000000000005  1.561874967968257  1.4403376893630582
7.53  1.5502665289755773  1.4418730767784769
7.54  1.5378226107098651  1.443156991365266
7.55  1.524551368412269  1.4441890492314642
7.5600000000000005  1.510461451592453  1.4449689129139025
7.57  1.4955619987020001  1.4454962914449838
7.58  1.4798626315132615  1.4457709404108294
7.59  1.4633734492070603  1.4457926620007828
7.6000000000000005  1.446105022172836  1.4455613050482607
7.61  1.428068385524965  1.445076765062939
7.62  1.4092750323392  1.4443389842542795
7.63  1.3897369066133383  1.4433479515463785
7.640000000000001  1.36946639595635  1.4421037025841446
7.65  1.348476324010431  1.440606319730802
7.66  1.3267799426105271  1.4388559320567174
7.67  1.3043909236860962  1.4368527153195527
7.68  1.2813233509100215  1.4345968919357535
7.69  1.2575917110997206  1.432088730943367
7.7  1.2332108853756318  1.4293285479562097
7.71  1.2081961400824477  1.4263167051093806
7.72  1.1825631174786015  1.4230536109961378
7.73  1.1563278261996204  1.4195397205961515
7.74  1.1295066315011066  1.4157755351951369
7.75  1.1021162452872528  1.4117616022958939
7.76  1.0741737159309497  1.4074985155207602
7.7700000000000005  1.0456964178916197  1.402986914505504
7.78  1.0167020411370191  1.3982274847846692
7.79  0.9872085803755022  1.3932209576683983
7.8  0.9572343241051344  1.3879681101107515
7.8100000000000005  0.9267978434863859  1.3824697645695563
7.82  0.8959179810450748  1.3767267888578016
7.83  0.8646138392123928  1.3707400959866078
7.84  0.832904768708943  1.3645106439998078
7.8500000000000005  0.800810356779839  1.3580394358001613
7.86  0.7683504152879574  1.3513275189672416
7.87  0.735544968672521  1.3443759855670203
7.88  0.702414241780309  1.3371859719531953
7.890000000000001  0.6689786475768709  1.3297586585602894
7.9  0.6352587747451498  1.322095269688569
7.91  0.6012753751789923  1.314197073280805
7.92  0.5670493513791215  1.3060653806909386
7.930000000000001  0.5326017437592101  1.2977015464446828
7.94  0.497953717869713  1.289106967992097
7.95  0.46312655154711907  1.280283085452204
7.96  0.4281416219965203  1.2712313813496676
7.97  0.39302039281514534  1.2619533803436034
7.98  0.3577844009648318  1.25245064894856
7.99  0.32245524370124823  1.242724795247731
8.0  0.2870545654677516  1.2327774685984367
8.01  0.2516040447618171  1.2226103593299473
8.02  0.2161253809819963  1.212225198433695
8.03  0.1806402812633401  1.2016237572459307
8.040000000000001  0.145170447309169  1.1908078471228858
8.05  0.10973756222731537  1.1797793191085129
8.06  0.07436327737855383  1.168540063594829
8.07  0.039069199245403044  1.1570920099749749
8.08  0.0038768763290676633  1.1454371262890168
8.09  -0.03119221391747115  1.133577418862571
8.1  -0.06611667811241015  1.1215149319383233
8.11  -0.10087521991616  1.109251747300491
8.120000000000001  -0.1354466529426751  1.0967899838923216
8.13  -0.16980991360330294  1.0841317974266917
8.14  -0.20394407387533744  1.0712793799898588
8.15  -0.23782835398761915  1.058234959638477
8.16  -0.27144213501546627  1.0450007999899105
8.17  -0.30476497137734937  1.0315791998059547
8.18  -0.33777660322581193  1.0179724925700215
8.19  -0.37045696872505807  1.004183046057875
8.2  -0.4027862162078454  0.9902132619019958
8.21  -0.4347447162043775  0.9760655751496524
8.22  -0.46631307333582384  0.9617424538147803
8.23  -0.49747213806539137  0.9472463984237015
8.24  -0.5282030182998022  0.9325799415548386
8.25  -0.5584870908341526  0.9177456473724526
8.26  -0.5883060126332601  0.9027461111545211
8.27  -0.6176417319427244  0.8875839588148272
8.28  -0.6464764992229116  0.8722618464193674
8.290000000000001  -0.6747928778993079  0.856782459697137
8.3  -0.7025737549227588  0.8411485135454279
8.31  -0.7298023511331797  0.8253627515296819
8.32  -0.7564622314205164  0.8094279453780303
8.33  -0.782537314676779  0.793346894470604
8.34  -0.8080118835331571  0.7771224253236839
8.35  -0.832870593876372  0.7607573910688287
8.36  -0.8570984841384489  0.7442546709270452
8.370000000000001  -0.8806809843543396  0.7276171696781084
8.38  -0.9036039249819354  0.7108478171251492
8.39  -0.9258535454791288  0.6939495675545516
8.4  -0.947416502632712  0.6769253991913382
8.41  -0.9682798786341609  0.659778313650085
8.42  -0.9884311888973449  0.6425113353814942
8.43  -1.0078583896134827  0.6251275111147165
8.44  -1.0265498850387984  0.6076299092955371
8.45  -1.0444945345104304  0.590021619520516
8.46  -1.0616816591863831  0.5723057519672092
8.47  -1.078101048505464  0.5544854368205465
8.48  -1.0937429663632723  0.536563823695493
8.49  -1.1085981570005456  0.5185440810561057
8.5  -1.1226578506002711  0.5004293956310724
8.51  -1.1359137685902063  0.48222297182586926
8.52  -1.1483581286476157  0.46392803113160475
8.53  -1.1599836494031692  0.4455478115307094
8.540000000000001  -1.170783554841187  0.4270855668995427
8.55  -1.1807515783935663  0.40854456640805376
8.56  -1.1898819667249276  0.389928093916585
8.57  -1.1981694832066658  0.3712394473699416
8.58  -1.2056094110778501  0.35248193818884965
8.59  -1.2121975562910297  0.3336588906588982
8.6  -1.21793025004124  0.31477364131708585
8.61  -1.2228043509766933  0.29582953833608766
8.620000000000001  -1.2268172470897976  0.2768299409063497
8.63  -1.2299668572873763  0.257778218616153
8.64  -1.2322516326391424  0.2386777508296949
8.65  -1.2336705573036624  0.21953192606339328
8.66  -1.2342231491312614  0.2003441413604622
8.67  -1.2339094599435014  0.18111780166390204
8.68  -1.2327300754890655  0.16185631918801074
8.69  -1.230686115076075  0.1425631127885532
8.700000000000001  -1.22777923088106  0.1232416073316603
8.71  -1.2240116069350082  0.10389523306164453
8.72  -1.2193859577870931  0.08452742496776838
8.73  -1.2139055268468997  0.06514162215015074
8.74  -1.207574084406148  0.04574126718490509
8.75  -1.2003959253410974  0.026329805488598618
8.76  -1.192375866497041  0.006910684682201303
8.77  -1.1835192437564548  -0.012512646045392248
8.78  -1.17383190879257  -0.03193673657413941
8.790000000000001  -1.1633202255103416  -0.051358136489811856
8.8  -1.1519910661769706  -0.07077339572099459
8.81  -1.1398518072442705  -0.0901790651760798
8.82  -1.1269103248654773  -0.10957169738003744
8.83  -1.113174990109133  -0.12894784711091842
8.84  -1.098654663872995  -0.14830407203594204
8.85  -1.0833586915010045  -0.16763693334705704
8.86  -1.0672968971065921  -0.18694299639585593
8.870000000000001  -1.0504795776057143  -0.2062188313277205
8.88  -1.0329174964632868  -0.22546101371509175
8.89  -1.0146218771567006  -0.24466612518974626
8.9  -0.9956043963604649  -0.2638307540739405
8.91  -0.9758771768560407  -0.2829514960103343
8.92  -0.9554527801711357  -0.3020249545905509
8.93  -0.9343441989529487  -0.32104774198229136
8.94  -0.9125648490799568  -0.3400164795548436
8.950000000000001  -0.8901285615169614  -0.3589277985029049
8.96  -0.8670495739184236  -0.3777783404685766
8.97  -0.8433425219850067  -0.3965647581614421
8.98  -0.8190224305787024  -0.41528371597659575
8.99  -0.7941047046017965  -0.43393189061050164
9.0  -0.7686051196452532  -0.4525059716745863
9.01  -0.7425398124120961  -0.4710026623064396
9.02  -0.7159252709216456  -0.4894186797785134
9.03  -0.6887783245004977  -0.5077507561042078
9.040000000000001  -0.661116133566243  -0.5259956386412209
9.05  -0.6329561792102223  -0.5441500906920685
9.06  -0.6043162525854291  -0.5622108921016546
9.07  -0.5752144441061546  -0.5801748398517667
9.08  -0.5456691324657937  -0.5980387486524118
9.09  -0.5156989734794338  -0.6157994515298554
9.1  -0.4853228887580405  -0.6334538004112913
9.11  -0.4545600542210414  -0.650998666705991
9.120000000000001  -0.42342988845420204  -0.668430941882857
9.13  -0.3919520409199358  -0.6857475380442496
9.14  -0.36014638002706184  -0.7029453884960072
9.15  -0.32803298106726486  -0.7200214483135337
9.16  -0.29563211402556105  -0.7369726949038484
9.17  -0.2629642312721206  -0.7537961285635026
9.18  -0.2300499551428314  -0.7704887730322583
9.19  -0.1969100654161957  -0.7870476760424215
9.200000000000001  -0.16356548669407628  -0.8034699098637353
9.21  -0.13003727569389573  -0.819752571843707
9.22  -0.09634660846001553  -0.8358927849433296
9.23  -0.06251476750197149  -0.8518876982680159
9.24  -0.028563128867384546  -0.8677344875937094
9.25  0.00548685084265943  -0.8834303558880499
9.26  0.03961364750796933  -0.8989725338265
9.27  0.07379568256538502  -0.9143582803033303
9.28  0.10801133611882599  -0.929584882937393
9.290000000000001  0.14223896007539205  -0.9446496585725551
9.3  0.17645689129945202  -0.9595499537727143
9.31  0.2106434647768944  -0.9742831453113299
9.32  0.24477702678153354  -0.9888466406553217
9.33  0.2788359480356958  -1.003237878443311
9.34  0.31279863685705256  -1.0174543289580633
9.35  0.34664355228380483  -1.0314934945930752
9.36  0.3803492171701977  -1.0453529103132064
9.370000000000001  0.41389423124449953  -1.0590301441092804
9.38  0.4472572841215823  -1.0725227974465437
9.39  0.4804171682621771  -1.0858285057069554
9.4  0.5133527918710374  -1.098944938625157
9.41  0.546043191726152  -1.1118698007180892
9.42  0.5784675459312845  -1.1246008317081582
9.43  0.6106051865841763  -1.1371358069398763
9.44  0.6424356123526674  -1.1494725377899007
9.450000000000001  0.6739385009511871  -1.1616088720703852
9.46  0.7050937215100832  -1.1735426944255867
9.47  0.7358813468303025  -1.1852719267216407
9.48  0.7662816655159584  -1.1967945284294323
9.49  0.7962751939775715  -1.2081084970005005
9.5  0.8258426882986072  -1.219211868235893
9.51  0.8549651559581875  -1.2301027166479255
9.52  0.8836238674029334  -1.2407791558147496
9.53  0.9118003674608512  -1.2512393387276848
9.540000000000001  0.939476486590418  -1.2614814581312463
9.55  0.9666343519580749  -1.271503746855784
9.56  0.9932563983373853  -1.2813044781427219
9.57  1.0193253788233174  -1.2908819659622743
9.58  1.0448243753551223  -1.3002345653236245
9.59  1.069736809041465  -1.309360672577494
9.6  1.0940464502816016  -1.318258725711041
9.61  1.1177374286764057  -1.3269272046350447
9.620000000000001  1.140794242723317  -1.335364631463314
9.63  1.163201769289278  -1.3435695707842632
9.64  1.1849452728560421  -1.3515406299246302
9.65  1.206010414532103  -1.3592764592052524
9.66  1.2263832608259395  -1.3667757521888753
9.67  1.2460502921751697  -1.3740372459199501
9.68  1.2649984112264825  -1.381059721156355
9.69  1.2832149508613706  -1.3878420025930256
9.700000000000001  1.3006876819627453  -1.3943829590774275
9.71  1.31740482091775  -1.4006815038168445
9.72  1.333355036852289  -1.4067365945774428
9.73  1.348527458592792  -1.4125472338750684
9.74  1.3629116813510573  -1.418112469157753
9.75  1.376497773128136  -1.4234313929798792
9.76  1.3892762808333312  -1.4285031431679882
9.77  1.4012382361146254  -1.4333269029781877
9.78  1.4123751608970274  -1.437901901245139
9.790000000000001  1.4226790726254306  -1.4422274125225893
9.8  1.4321424892088326  -1.4463027572154228
9.81  1.4407584336629347  -1.45012730170322
9.82  1.4485204384482462  -1.453700458455277
9.83  1.4554225495011228  -1.4570216861370877
9.84  1.4614593299552467  -1.4600904897082545
9.85  1.4666258635512963  -1.4629064205118154
9.86  1.4709177577327517  -1.4654690763549685
9.870000000000001  1.4743311464259206  -1.4677781015811817
9.88  1.4768626925025055  -1.4698331871336683
9.89  1.4785095899232172  -1.4716340706102249
9.9  1.4792695655611061  -1.4731805363094144
9.91  1.4791408807035042  -1.474472415268089
9.92  1.4781223322316557  -1.4755095852902476
9.93  1.4762132534773014  -1.4762919709672127
9.94  1.4734135147556884  -1.4768195436891418
9.950000000000001  1.46972352357466  -1.4770923216478489
9.96  1.4651442245196904  -1.4771103698309531
9.97  1.4596770988149044  -1.4768738000073467
9.98  1.453324163560344  -1.4763827707039856
9.99  1.446087970645913  -1.4756374871740099
10.0  1.437971605342642  -1.4746382013562003
