0.0  0.01945046361920288  -0.08023112148946612
0.01  0.008491782311054397  -0.08523937646866231
0.02  -0.00243488859879892  -0.09023956199245943
0.03  -0.013307756375623245  -0.09523120181305929
0.04  -0.024105249638769952  -0.10021382049442125
0.05  -0.03480607728530208  -0.10518694345772081
0.06  -0.04538928644943854  -0.11015009702672625
0.07  -0.05583431931562016  -0.11510280847308929
0.08  -0.06612106860685474  -0.12004460606154514
0.09  -0.07622993157443889  -0.12497501909501794
0.1  -0.08614186232016635  -0.12989357795962694
0.11  -0.09583842228770001  -0.13479981416958936
0.12  -0.10530182876588866  -0.13969326041201527
0.13  -0.11451500125342992  -0.1445734505915907
0.14  -0.12346160554139399  -0.1494399198751443
0.15  -0.13212609537770775  -0.154292204736093
0.16  -0.14049375158572747  -0.15912984299876373
0.17  -0.14855071851747492  -0.16395237388258457
0.18  -0.15628403773094884  -0.16875933804614396
0.19  -0.1636816787901204  -0.17355027763111125
0.2  -0.1707325670957475  -0.17832473630601586
0.21  -0.17742660866496626  -0.18308225930988026
0.22  -0.18375471178770875  -0.18782239349570276
0.23  -0.18970880549831287  -0.19254468737378597
0.24  -0.19528185481121046  -0.19724869115490623
0.25  -0.20046787268025532  -0.20193395679332116
0.26  -0.20526192865205795  -0.20660003802960936
0.27  -0.20966015419458917  -0.21124649043333993
0.28  -0.21365974469326066  -0.21587287144556663
0.29  -0.21725895811765622  -0.22047874042114257
0.3  -0.2204571103730328  -0.2250636586708526
0.31  -0.22325456736160015  -0.22962718950335723
0.32  -0.22565273378938322  -0.2341688982669462
0.33  -0.22765403876514317  -0.23868835239109648
0.34  -0.22926191824833367  -0.24318512142783086
0.35000000000000003  -0.23048079441338032  -0.24765877709287334
0.36  -0.23131605200763902  -0.25210889330659747
0.37  -0.23177401179019969  -0.25653504623476336
0.38  -0.23186190114820604  -0.26093681432903965
0.39  -0.23158782199654065  -0.2653137783673066
0.4  -0.23096071607553653  -0.26966552149373646
0.41000000000000003  -0.22999032776980527  -0.2739916292586471
0.42  -0.22868716457927238  -0.27829168965812495
0.43  -0.22706245538107475  -0.2825652931734139
0.44  -0.22512810662806404  -0.2868120328100661
0.45  -0.22289665663625613  -0.291031504136851
0.46  -0.22038122811964866  -0.2952233053244183
0.47000000000000003  -0.2175954791363733  -0.2993870371837125
0.48  -0.2145535526151418  -0.3035223032041336
0.49  -0.21127002463536504  -0.3076287095914418
0.5  -0.2077598516381617  -0.3117058653054015
0.51  -0.20403831674871178  -0.3157533820971619
0.52  -0.2001209753930403  -0.3197708745463696
0.53  -0.19602360039433242  -0.3237579600980103
0.54  -0.19176212673527293  -0.3277142590989761
0.55  -0.18735259617366518  -0.33163939483435484
0.56  -0.18281110189872302  -0.3355329935634376
0.5700000000000001  -0.1781537334149317  -0.33939468455544053
0.58  -0.17339652183925278  -0.34322410012494
0.59  -0.16855538579570206  -0.3470208756670141
0.6  -0.16364607808896692  -0.35078464969209006
0.61  -0.15868413333575496  -0.3545150638604921
0.62  -0.15368481672899795  -0.35821176301668833
0.63  -0.14866307410587448  -0.3618743952232323
0.64  -0.1436334834858867  -0.3655026117943953
0.65  -0.13861020823993908  -0.36909606732948813
0.66  -0.1336069520455438  -0.3726544197458673
0.67  -0.12863691577693395  -0.37617733031162337
0.68  -0.12371275647202934  -0.379664463677948
0.6900000000000001  -0.11884654851088242  -0.3831154879111771
0.7000000000000001  -0.11404974713247602  -0.38653007452450616
0.71  -0.10933315440855738  -0.38990789850937585
0.72  -0.10470688778461741  -0.3932486383665234
0.73  -0.10018035128917906  -0.3965519761366977
0.74  -0.09576220950328147  -0.3998175974310362
0.75  -0.0914603643724639  -0.4030451914610982
0.76  -0.087281934933698  -0.4062344510685536
0.77  -0.08323324001962902  -0.40938507275452346
0.78  -0.07931978399218603  -0.41249675670857056
0.79  -0.07554624554716015  -0.415569206837335
0.8  -0.0719164696207484  -0.41860213079281483
0.81  -0.06843346241836616  -0.4215952400002867
0.8200000000000001  -0.06509938957527052  -0.4245482496858655
0.8300000000000001  -0.061915577447753695  -0.42746087890369916
0.84  -0.058882517522892294  -0.4303328505627967
0.85  -0.055999873924111265  -0.4331638914534867
0.86  -0.0532664939791784  -0.435953732273504
0.87  -0.05068042180672322  -0.438702107653701
0.88  -0.048238914867002644  -0.4414087561833831
0.89  -0.045938463412458844  -0.4440734204352639
0.9  -0.04377481276365883  -0.4466958469900384
0.91  -0.04174298832650826  -0.44927578646057276
0.92  -0.039837323257224416  -0.4518129935157069
0.93  -0.038051488672469276  -0.45430722690366837
0.9400000000000001  -0.036378526293310925  -0.4567582494750956
0.9500000000000001  -0.03481088340333159  -0.4591658282056672
0.96  -0.03334044999326164  -0.46152973421833626
0.97  -0.03195859795701435  -0.46384974280516783
0.98  -0.030656222196960486  -0.46612563344877467
0.99  -0.02942378348972141  -0.4683571898433534
1.0  -0.02825135295772003  -0.47054419991531615
1.01  -0.02712865798620774  -0.4726864558435162
1.02  -0.026045129420517472  -0.4747837540790665
1.03  -0.024989949873886676  -0.47683589536474835
1.04  -0.0239521029723673  -0.478842684754009
1.05  -0.022920423360105222  -0.48080393162954516
1.06  -0.021883647285637763  -0.4827194497214734
1.07  -0.02083046358783974  -0.4845890571250817
1.08  -0.019749564898743955  -0.4864125763181638
1.09  -0.018629698879684287  -0.48818983417793343
1.1  -0.017459719307056237  -0.48992066199751605
1.11  -0.016228636824463134  -0.4916048955020187
1.12  -0.014925669179114368  -0.4932423748641736
1.1300000000000001  -0.013540290762061907  -0.49483294471955624
1.1400000000000001  -0.012062281274195088  -0.49637645418137566
1.1500000000000001  -0.010481773342858318  -0.49787275685483534
1.16  -0.008789298917494463  -0.4993217108510637
1.17  -0.006975834276844652  -0.5007231788006128
1.18  -0.005032843484931784  -0.5020770278665233
1.19  -0.002952320138311579  -0.5033831297569562
1.2  -0.0007268272528660191  -0.5046413607373876
1.21  0.0016504648552726209  -0.5058516016423676
1.22  0.00418574283326914  -0.5070137378868411
1.23  0.006884516830921478  -0.5081276594770289
1.24  0.009751589439367048  -0.5091932610208705
1.25  0.012791027144580913  -0.510210441738024
1.26  0.016006134402530972  -0.5111791054694248
1.27  0.019399430433929513  -0.5120991606864023
1.28  0.022972628827257036  -0.5129705204993507
1.29  0.026726620029165954  -0.5137931026659581
1.3  0.030661456791523198  -0.5145668295989876
1.31  0.034776342634268056  -0.5152916283736135
1.32  0.03906962337296352  -0.5159674307343114
1.33  0.043538781749454816  -0.5165941731012994
1.34  0.04818043519344277  -0.5171717965765322
1.35  0.05299033673207128  -0.5177002469492469
1.36  0.05796337905385765  -0.5181794747010577
1.37  0.06309360172249  -0.5186094350106044
1.3800000000000001  0.06837420152521963  -0.5189900877577471
1.3900000000000001  0.07379754592982653  -0.5193213975273137
1.4000000000000001  0.07935518961345776  -0.5196033336123939
1.41  0.085037894016087  -0.5198358700171839
1.42  0.09083564986093046  -0.5200189854593797
1.43  0.09673770257393746  -0.5201526633721174
1.44  0.10273258052447415  -0.520236891905463
1.45  0.10880812599957053  -0.5202716639274504
1.46  0.11495152881464518  -0.5202569770246661
1.47  0.12114936245448267  -0.5201928335023835
1.48  0.12738762262944944  -0.5200792403842445
1.49  0.13365176812352494  -0.5199162094114879
1.5  0.13992676380272742  -0.5197037570417286
1.51  0.1461971256449433  -0.5194419044472822
1.52  0.1524469676450728  -0.5191306775130402
1.53  0.15866005044277873  -0.5187701068338921
1.54  0.1648198315140217  -0.5183602277116978
1.55  0.1709095167619768  -0.5179010801518076
1.56  0.17691211333789633  -0.5173927088591339
1.57  0.18281048351801377  -0.5168351632337707
1.58  0.18858739945868838  -0.516228497366164
1.59  0.19422559864870373  -0.5155727700318345
1.6  0.19970783987492988  -0.5148680446856491
1.61  0.2050169595154928  -0.5141143894556464
1.62  0.2101359279731279  -0.5133118771364136
1.6300000000000001  0.21504790606057417  -0.5124605851820172
1.6400000000000001  0.21973630114965823  -0.5115605956984868
1.6500000000000001  0.22418482289615127  -0.5106119954358539
1.6600000000000001  0.2283775383535444  -0.5096148757797467
1.67  0.23229892629056742  -0.5085693327425393
1.68  0.2359339305295932  -0.5074754669540601
1.69  0.23926801212597926  -0.5063333836518558
1.7  0.24228720021193623  -0.5051431926710168
1.71  0.24497814133261842  -0.5039050084335607
1.72  0.24732814710683826  -0.5026189499373767
1.73  0.24932524005005965  -0.5012851407447332
1.74  0.2509581974031384  -0.4999037089703476
1.75  0.2522165928166077  -0.49847478726901984
1.76  0.2530908357471484  -0.4969985128228332
1.77  0.25357220843021216  -0.4954750273279198
1.78  0.2536529003005408  -0.49390447698079515
1.79  0.2533260397405531  -0.4922870124642617
1.8  0.2525857230451857  -0.4906227889328835
1.81  0.2514270405007826  -0.48891196599803216
1.82  0.24984609948497352  -0.48715470771250663
1.83  0.24784004450415215  -0.48535118255472887
1.84  0.24540707409511323  -0.4835015634125144
1.85  0.24254645452761414  -0.48160602756642223
1.86  0.2392585302550459  -0.47966475667268405
1.87  0.23554473107100474  -0.47767793674571524
1.8800000000000001  0.23140757594030503  -0.47564575814020804
1.8900000000000001  0.2268506734838444  -0.47356841553281054
1.9000000000000001  0.22187871910766452  -0.4714461079033916
1.9100000000000001  0.21649748877754063  -0.46927903851589414
1.92  0.2107138294514064  -0.4670674148987795
1.93  0.20453564619287878  -0.4648114488250624
1.94  0.1979718860000222  -0.4625113562919416
1.95  0.19103251839426388  -0.46016735750002585
1.96  0.18372851282501018  -0.45777967683215715
1.97  0.17607181295595542  -0.4553485428318358
1.98  0.1680753079093312  -0.4528741881812456
1.99  0.15975280055432117  -0.45035684967888573
2.0  0.15111897293559917  -0.4477967682168063
2.0100000000000002  0.14218934894733287  -0.44519418875745487
2.02  0.13298025436707156  -0.44254936031013314
2.0300000000000002  0.1235087743726041  -0.4398625359070656
2.04  0.11379270867317284  -0.4371339725790863
2.05  0.10385052439426348  -0.4343639313309401
2.06  0.09370130686260136  -0.4315526771162072
2.07  0.08336470844489151  -0.4287004788118486
2.08  0.07286089560024187  -0.42580760919237637
2.09  0.06221049431211523  -0.4228743449036537
2.1  0.05143453407096486  -0.41990096643632147
2.11  0.04055439058351226  -0.4168877580988613
2.12  0.029591727388798228  -0.4138350079902908
2.13  0.01856843656476294  -0.41074300797249963
2.14  0.007506578712088546  -0.4076120536422224
2.15  -0.0035716775955582196  -0.40444244430265897
2.16  -0.014644116704006498  -0.4012344829347374
2.17  -0.025688536921755652  -0.39798847616802824
2.18  -0.036682811521336754  -0.3947047342513082
2.19  -0.047604949506468826  -0.3913835710227802
2.2  -0.05843315595340837  -0.3880253038799488
2.21  -0.06914589173627025  -0.3846302537491587
2.22  -0.07972193244814768  -0.3811987450547922
2.23  -0.09014042633248165  -0.3777311056881372
2.24  -0.10038095104241795  -0.3742276669759214
2.25  -0.11042356904971588  -0.37068876364851977
2.2600000000000002  -0.12024888152925078  -0.3671147338078363
2.27  -0.12983808055014384  -0.36350591889486633
2.2800000000000002  -0.13917299941014877  -0.3598626636569373
2.29  -0.1482361609560177  -0.3561853161146369
2.3000000000000003  -0.15701082373921432  -0.35247422752842605
2.31  -0.16548102586344854  -0.34872975236494647
2.32  -0.1736316263881168  -0.34495224826301946
2.33  -0.18144834415975755  -0.34114207599934304
2.34  -0.18891779395209754  -0.3372995994538918
2.35  -0.1960275198041171  -0.3334251855750173
2.36  -0.20276602545475708  -0.3295192043442602
2.37  -0.20912280178245193  -0.3255820287408692
2.38  -0.2150883511674917  -0.3216140347060381
2.39  -0.22065420870533736  -0.3176156011068572
2.4  -0.22581296020933775  -0.3135871096999896
2.41  -0.23055825695184118  -0.309528945095068
2.42  -0.23488482710338315  -0.3054414947178243
2.43  -0.23878848384046422  -0.30132514877294714
2.44  -0.2422661301033387  -0.29718030020667807
2.45  -0.24531575999621152  -0.2930073446691434
2.46  -0.24793645683322235  -0.2888066804764324
2.47  -0.25012838784457014  -0.2845787085724185
2.48  -0.25189279556803934  -0.2803238324903331
2.49  -0.25323198596201707  -0.2760424583140905
2.5  -0.2541493132867815  -0.27173499463937273
2.5100000000000002  -0.2546491618113742  -0.26740185253447374
2.52  -0.25473692441370543  -0.26304344550090974
2.5300000000000002  -0.2544189781516392  -0.25866018943379654
2.54  -0.25370265689264243  -0.25425250258200177
2.5500000000000003  -0.2525962210991209  -0.2498208055080715
2.56  -0.25110882487576525  -0.24536552104793816
2.57  -0.24925048039408454  -0.24088707427041153
2.58  -0.24703201981775086  -0.23638589243645852
2.59  -0.24446505486042408  -0.2318624049582765
2.6  -0.24156193411530943  -0.22731704335815728
2.61  -0.23833569830283352  -0.22275024122715742
2.62  -0.23480003358943752  -0.21816243418356737
2.63  -0.2309692231366188  -0.2135540598311915
2.64  -0.226858097044909  -0.208925557717437
2.65  -0.22248198086251764  -0.20427736929122212
2.66  -0.2178566428328093  -0.1996099378607009
2.67  -0.2129982400586612  -0.1949237085508147
2.68  -0.20792326376500694  -0.19021912826066875
2.69  -0.2026484838435446  -0.18549664562074425
2.7  -0.19719089286562055  -0.1807567109499438
2.71  -0.1915676497507322  -0.175999776212479
2.72  -0.18579602327887396  -0.171226294974601
2.73  -0.1798933356351257  -0.1664367223611819
2.74  -0.1738769061744022  -0.1616315150121467
2.75  -0.16776399559319732  -0.15681113103876423
2.7600000000000002  -0.1615717506934224  -0.15197602997979734
2.77  -0.1553171499211159  -0.14712667275752064
2.7800000000000002  -0.14901694985982689  -0.1422635216336065
2.79  -0.14268763285495234  -0.13738704016488584
2.8000000000000003  -0.1363453559411424  -0.13249769315898555
2.81  -0.13000590124019915  -0.12759594662985088
2.82  -0.12368462799160668  -0.12268226775315266
2.83  -0.1173964263720297  -0.1177571248215853
2.84  -0.11115567325378824  -0.11282098720006202
2.85  -0.10497619004548166  -0.10787432528080775
2.86  -0.0988712027506401  -0.10291761043835712
2.87  -0.09285330437251857  -0.09795131498445951
2.88  -0.08693441978498205  -0.09297591212289848
2.89  -0.08112577318084277  -0.08799187590422647
2.9  -0.07543785820007981  -0.08299968118042192
2.91  -0.06988041083108212  -0.07799980355947037
2.92  -0.06446238516848218  -0.07299271935987824
2.93  -0.05919193210127567  -0.0679789055651183
2.94  -0.05407638099483483  -0.06295883977801586
2.95  -0.04912222442010933  -0.05793300017507581
2.96  -0.04433510597284178  -0.05290186546076038
2.97  -0.03971981121500012  -0.047865914821715774
2.98  -0.035280261759928475  -0.04282562788095697
2.99  -0.031019512511932038  -0.03778148465201157
3.0  -0.026939752060216565  -0.032733965493031245
3.0100000000000002  -0.023042306216293815  -0.027683551060869914
3.02  -0.01932764467323246  -0.022630722265137945
3.0300000000000002  -0.015795390754439823  -0.017575960222232543
3.04  -0.012444334209136473  -0.012519746209354587
3.0500000000000003  -0.009272447001258552  -0.00746256161850716
3.06  -0.006276902028334794  -0.0024048879104912133
3.0700000000000003  -0.0034540946968719954  0.0026527934311073864
3.08  -0.0007996672710758462  0.007710000945925858
3.09  0.0016914640977357606  0.012766253242832926
3.1  0.004025079762778508  0.01782106904592388
3.11  0.006207624505040171  0.022873967240502977
3.12  0.00824617310703342  0.027924466919049155
3.13  0.010148393703970221  0.03297208742715757
3.14  0.01192250904681811  0.03801634840945618
3.15  0.013577255818779384  0.04305676985548844
3.16  0.01512184215334009  0.04809287214556271
3.17  0.016565903508130506  0.05312417609656027
3.18  0.017919457054409983  0.05815020300769998
3.19  0.019192854747005692  0.06317047470625228
3.2  0.020396735243994855  0.06818451359320177
3.21  0.021541974849301128  0.07319184268885098
3.22  0.02263963765466715  0.07819198567836379
3.23  0.023700925060147975  0.08318446695723886
3.24  0.024737124854344754  0.08816881167671778
3.25  0.025759560037065317  0.0931445457891126
3.2600000000000002  0.026779537567917795  0.0981111960930588
3.27  0.027808297224566784  0.10306829027867925
3.2800000000000002  0.02885696075395486  0.10801535697266657
3.29  0.02993648149874962  0.1129519257832664
3.3000000000000003  0.031057594679617016  0.11787752734516976
3.31  0.03223076851163907  0.12279169336429889
3.3200000000000003  0.03346615633030514  0.12769395666249378
3.33  0.034773549899017944  0.13258385122208324
3.34  0.03616233406598667  0.137460912230347
3.35  0.03764144293373188  0.14232467612385583
3.36  0.03921931769922095  0.14717468063269176
3.37  0.04090386631691223  0.15201046482454153
3.38  0.04270242513072524  0.15683156914865737
3.39  0.04462172261418958  0.161637535479685
3.4  0.04666784535078507  0.16642790716135056
3.41  0.048846206378800675  0.1712022290500066
3.42  0.051161516016920594  0.17596004755802608
3.43  0.05361775527823129  0.1807009106970507
3.44  0.05621815197145766  0.18542436812107727
3.45  0.05896515957901585  0.19012997116938912
3.46  0.061860438991934205  0.19481727290931883
3.47  0.0649048431718853  0.1994858281788477
3.48  0.06809840480051597  0.20413519362902793
3.49  0.07144032696600504  0.20876492776623323
3.5  0.07492897692633553  0.21337459099422382
3.5100000000000002  0.07856188297819325  0.2179637456560332
3.52  0.08233573444971817  0.22253195607566031
3.5300000000000002  0.08624638482459306  0.22707878859957473
3.54  0.09028885799416196  0.23160381163802019
3.5500000000000003  0.09445735762350474  0.23610659570612352
3.56  0.0987452796066468  0.24058671346479427
3.5700000000000003  0.1031452275754364  0.24504373976141974
3.58  0.10764903141606622  0.24947725167034476
3.59  0.11224776873682656  0.2538868285331396
3.6  0.11693178922045988  0.25827205199864445
3.61  0.12169074178449443  0.26263250606279176
3.62  0.12651360446319737  0.2669677771082015
3.63  0.13138871691531995  0.27127745394354463
3.64  0.13630381545268155  0.2755611278426729
3.65  0.1412460704758372  0.2798183925835068
3.66  0.14620212619466905  0.284048844486686
3.67  0.151158142503726  0.2882520824539687
3.68  0.15609983887457243  0.29242770800638557
3.69  0.1610125401202849  0.2965753253221357
3.7  0.165881223880613  0.3006945412742314
3.71  0.17069056967018653  0.30478496546787615
3.72  0.17542500932656427  0.3088462102775836
3.73  0.18006877868985857  0.31287789088402446
3.74  0.1846059703411905  0.31687962531060687
3.75  0.1890205872233105  0.3208510344597772
3.7600000000000002  0.19329659696341037  0.32479174214904694
3.77  0.19741798671543104  0.32870137514673403
3.7800000000000002  0.20136881833707826  0.3325795632074233
3.79  0.20513328371525918  0.33642593910713475
3.8000000000000003  0.2086957600528219  0.3402401386782031
3.81  0.2120408649292276  0.3440218008438589
3.8200000000000003  0.21515351094820517  0.3477705676525161
3.83  0.21801895978645913  0.35148608431175266
3.84  0.2206228754591674  0.35516799922198966
3.85  0.22295137662026915  0.3588159640098624
3.86  0.22499108771845017  0.3624296335612771
3.87  0.2267291888332117  0.3660086660541584
3.88  0.22815346401950337  0.36955272299087266
3.89  0.2292523479940668  0.37306146923033795
3.9  0.23001497100185425  0.37653457301980386
3.91  0.2304312017066784  0.3799717060263097
3.92  0.23049168795653469  0.3833725433678087
3.93  0.23018789528085615  0.3867367636439638
3.94  0.229512142984252  0.3900640489666039
3.95  0.22845763770902983  0.39335408498984514
3.96  0.22701850434698884  0.39660656093986735
3.97  0.22518981418956568  0.3998211696443502
3.98  0.22296761021438616  0.4029976075615588
3.99  0.2203489294155926  0.40613557480908224
4.0  0.21733182209495672  0.4092347751922176
4.01  0.21391536804070913  0.4122949162320008
4.0200000000000005  0.21009968953119404  0.41531570919287863
4.03  0.20588596111085017  0.4182968691100193
4.04  0.20127641609659164  0.4212381148162621
4.05  0.1962743497833992  0.4241391689687005
4.0600000000000005  0.19088411932876376  0.42699975807489715
4.07  0.18511114030654494  0.42981961251872663
4.08  0.1789618799317556  0.4325984665858495
4.09  0.17244384696875775  0.4353360584888062
4.1  0.16556557834627314  0.4380321303917361
4.11  0.15833662251347233  0.4406864284347153
4.12  0.15076751958216505  0.44329870275771116
4.13  0.14286977831071368  0.4458687075241548
4.14  0.13465584999575037  0.4483962009441239
4.15  0.12613909934797995  0.45088094529713696
4.16  0.11733377243834392  0.45332270695455756
4.17  0.1082549618105058  0.45572125640160355
4.18  0.09891856886503445  0.45807636825896214
4.19  0.08934126362967446  0.4603878213040065
4.2  0.07954044203878946  0.4626553984916128
4.21  0.06953418085331892  0.4648788869745766
4.22  0.059341190360450685  0.46705807812362515
4.23  0.04898076499957531  0.46919276754702455
4.24  0.03847273206800851  0.471282755109779
4.25  0.027837398666355914  0.47332784495242297
4.26  0.017095497049293633  0.475327845509401
4.2700000000000005  0.006268128552844008  0.4772825695270353
4.28  -0.004623293725986247  0.4791918340810794
4.29  -0.015557103317163144  0.4810554605938565
4.3  -0.02651143964951347  0.48287327485097953
4.3100000000000005  -0.03746430801991208  0.48464510701765307
4.32  -0.0483936400707398  0.4863707916545532
4.33  -0.059277354584842186  0.48805016773328824
4.34  -0.07009341840606854  0.48968307865143346
4.3500000000000005  -0.08081990729300186  0.4912693722471416
4.36  -0.09143506651361112  0.4928089008133276
4.37  -0.10191737098934606  0.4943015211114262
4.38  -0.11224558479857474  0.49574709438471953
4.39  -0.12239881985132131  0.4971454863712355
4.4  -0.1323565935499032  0.4984965673162149
4.41  -0.14209888525331008  0.4998002119841453
4.42  -0.15160619136707582  0.5010562996703636
4.43  -0.160859578884785  0.5022647142122206
4.44  -0.1698407372124321  0.5034253439998136
4.45  -0.17853202811239272  0.5045380819862789
4.46  -0.18691653360991883  0.5056028256976499
4.47  -0.19497810171165705  0.5066194772422747
4.48  -0.20270138979287136  0.5075879433197947
4.49  -0.21007190551760702  0.5085081352296839
4.5  -0.21707604516411688  0.5093799688793463
4.51  -0.22370112923630303  0.5102033647917723
4.5200000000000005  -0.22993543525081697  0.5109782481127524
4.53  -0.23576822759865387  0.5117045486176474
4.54  -0.24118978438965355  0.5123822007177166
4.55  -0.24619142119814197  0.513011143466
4.5600000000000005  -0.2507655116380931  0.5135913205627567
4.57  -0.25490550470651585  0.5141226803604582
4.58  -0.2586059388443408  0.5146051758683355
4.59  -0.2618624526747715  0.5150387647564809
4.6000000000000005  -0.2646717923899249  0.5154234093595028
4.61  -0.26703181576749957  0.5157590766797341
4.62  -0.26894149281021157  0.5160457383899938
4.63  -0.2704009030117282  0.5162833708359009
4.64  -0.2714112292638319  0.5164719550377418
4.65  -0.27197474843046576  0.5166114766918896
4.66  -0.2720948186251688  0.5167019261717753
4.67  -0.27177586323910935  0.5167432985284135
4.68  -0.27102335177749115  0.516735593490477
4.69  -0.2698437775724559  0.516678815463928
4.7  -0.26824463245073304  0.5165729735311971
4.71  -0.26623437844413755  0.5164180814499202
4.72  -0.26382241664059647  0.5162141576512225
4.73  -0.26101905328259  0.5159612252375605
4.74  -0.25783546322878564  0.5156593119801136
4.75  -0.25428365090310656  0.5153084503157317
4.76  -0.2503764088635516  0.5149086773434344
4.7700000000000005  -0.2461272741306906  0.514460034820467
4.78  -0.24155048242291402  0.5139625691579086
4.79  -0.23666092045216225  0.5134163314158372
4.8  -0.23147407644000795  0.512821377298049
4.8100000000000005  -0.22600598901955796  0.5121777671463356
4.82  -0.220273194693697  0.5114855659343159
4.83  -0.21429267402466565  0.5107448432608273
4.84  -0.20808179673386618  0.5099556733428733
4.8500000000000005  -0.20165826589407626  0.5091181350081315
4.86  -0.19504006139894003  0.5082323116870199
4.87  -0.1882453828966676  0.5072982914043241
4.88  -0.18129259237632708  0.5063161667703859
4.89  -0.17420015659591834  0.5052860349718534
4.9  -0.1669865895416034  0.504207997761995
4.91  -0.15967039510702746  0.5030821614505762
4.92  -0.15227001018056913  0.5019086368933026
4.93  -0.14480374832668094  0.5006875394808284
4.94  -0.13728974424512866  0.4994189891273323
4.95  -0.12974589918903476  0.4981031102586613
4.96  -0.1221898275190555  0.496740031800044
4.97  -0.1146388045669412  0.4953298871633756
4.98  -0.10710971597698939  0.49387281423407375
4.99  -0.09961900868866637  0.4923689553575082
5.0  -0.09218264371784571  0.4908184573250044
5.01  -0.0848160508878266  0.48922147135942473
5.0200000000000005  -0.07753408565442778  0.4875781531003249
5.03  -0.07035098816219197  0.4858886625886919
5.04  -0.06328034466094888  0.4841531642512592
5.05  -0.05633505140383932  0.4823718268844071
5.0600000000000005  -0.049527281139299204  0.4805448236376442
5.07  -0.042868452300571125  0.47867233199667575
5.08  -0.036369200987015626  0.4767545337660576
5.09  -0.030039355821914762  0.4747916150514391
5.1000000000000005  -0.023887915761576284  0.47278376624139634
5.11  -0.017923030920444824  0.47073118198885855
5.12  -0.012151986466600581  0.4686340611921257
5.13  -0.006581189631544929  0.4664926069754848
5.14  -0.0012161598675283353  0.4643070266694215
5.15  0.003938477825053813  0.46207753179043326
5.16  0.008878996388458696  0.45980433802044346
5.17  0.01360256701570195  0.45748766518581735
5.18  0.018107256285876824  0.45512773723598654
5.19  0.022392020147403824  0.4527247822216789
5.2  0.026456694780598304  0.45027903227276045
5.21  0.030301984381553973  0.4477907235756869
5.22  0.0339294459197471  0.4452600963505708
5.23  0.03734147093204225  0.4426873948278659
5.24  0.040541264425778364  0.4400728672246688
5.25  0.043532820973413724  0.43741676572064164
5.26  0.04632089809067135  0.43471934643355975
5.2700000000000005  0.048910986999313164  0.43198086939448327
5.28  0.05130928088446887  0.4292015985225595
5.29  0.05352264076490781  0.42638180159945216
5.3  0.055558559102644775  0.42352175024340694
5.3100000000000005  0.057425121285896386  0.4206217198829526
5.32  0.05913096512651342  0.4176819897302386
5.33  0.06068523851969389  0.4147028427540142
5.34  0.06209755541990121  0.411684565652252
5.3500000000000005  0.06337795029255892  0.40862744882441643
5.36  0.0645368312061388  0.40553178634338294
5.37  0.06558493173380639  0.4023978759270054
5.38  0.06653326183767709  0.39922601890934095
5.39  0.06739305791212653  0.3960165202115317
5.4  0.06817573216530888  0.39276968831234393
5.41  0.06889282152016844  0.38948583521837365
5.42  0.06955593621777356  0.3861652764339142
5.43  0.07017670830664083  0.38280833093049543
5.44  0.07076674020202947  0.3794153211160929
5.45  0.07133755349879795  0.3759865728040132
5.46  0.07190053822041904  0.3725224151814547
5.47  0.07246690268516708  0.36902318077775026
5.48  0.07304762416823851  0.36548920543229335
5.49  0.0736534005357395  0.3619208282621528
5.5  0.074294603023051  0.3583183916293736
5.51  0.07498123032603332  0.3546822411079747
5.5200000000000005  0.07572286416897026  0.3510127254506408
5.53  0.0765286265079693  0.34731019655511586
5.54  0.07740713852285074  0.3435750094302973
5.55  0.07836648154434832  0.33980752216203686
5.5600000000000005  0.07941416005672151  0.33600809587865127
5.57  0.08055706690867012  0.33217709471614754
5.58  0.08180145085783072  0.32831488578315976
5.59  0.08315288656601544  0.32442183912561
5.6000000000000005  0.0846162471539085  0.32049832769108955
5.61  0.08619567941507796  0.3165447272929683
5.62  0.08789458177996605  0.31256141657423253
5.63  0.08971558511102859  0.3085487769710559
5.64  0.09166053640041633  0.3045071926761091
5.65  0.0937304854315553  0.30043705060160814
5.66  0.09592567445576379  0.29633874034210866
5.67  0.0982455309246173  0.29221265413704484
5.68  0.10068866330822437  0.28805918683302195
5.69  0.10325286001891278  0.2838787358458641
5.7  0.10593509144909477  0.2796717011224187
5.71  0.1087315151213136  0.2754384851021231
5.72  0.11163748393771304  0.27117949267833946
5.73  0.1146475575054396  0.26689513115945696
5.74  0.11775551650384948  0.2625858102297696
5.75  0.12095438004884332  0.25825194191012824
5.76  0.12423642599926207  0.2538939405183761
5.7700000000000005  0.12759321414007363  0.2495122226295689
5.78  0.131015612167074  0.2451072070359828
5.79  0.134493824388095  0.24067931470691428
5.8  0.1380174230462432  0.23622896874827806
5.8100000000000005  0.14157538216154397  0.23175659436200388
5.82  0.14515611377857915  0.22726261880524004
5.83  0.14874750649927004  0.22274747134935993
5.84  0.1523369661719381  0.21821158323878714
5.8500000000000005  0.15591145860020222  0.2136553876496302
5.86  0.15945755412811793  0.20907931964814394
5.87  0.1629614739513382  0.20448381614900824
5.88  0.16640913799791543  0.19986931587343987
5.89  0.16978621421674836  0.19523625930713426
5.9  0.17307816910660354  0.1905850886580433
5.91  0.1762703193141305  0.18591624781399507
5.92  0.1793478841253479  0.1812301823001557
5.93  0.18229603867172606  0.17652733923633987
5.94  0.18509996766926912  0.17180816729417533
5.95  0.1877449195068392  0.16707311665412442
5.96  0.19021626049847146  0.1623226389623623
5.97  0.19249952911353957  0.15755718728752513
5.98  0.19458048999834943  0.15277721607732372
5.99  0.1964451876031373  0.14798318111503372
6.0  0.19807999922942204  0.14317553947585945
6.01  0.19947168731428014  0.13835474948318158
6.0200000000000005  0.20060745077038084  0.13352127066469013
6.03  0.20147497520342875  0.1286755637084095
6.04  0.2020624818321522  0.12381809041861311
6.05  0.20235877494001756  0.11894931367164124
6.0600000000000005  0.20235328769245275  0.11406969737161848
6.07  0.2020361261585889  0.1091797064060826
6.08  0.20139811138224212  0.10427980660151688
6.09  0.20043081935311935  0.09937046467880573
6.1000000000000005  0.19912661873603016  0.0944521482086061
6.11  0.1974787062231018  0.08952532556664533
6.12  0.19548113938173645  0.08459046588894382
6.13  0.193128866879203  0.07964803902697426
6.140000000000001  0.1904177559732811  0.0746985155027547
6.15  0.1873446171673423  0.0697423664638883
6.16  0.18390722593752873  0.06478006363853947
6.17  0.18010434144927404  0.05981207929036904
6.18  0.17593572219033393  0.05483888617341884
6.19  0.1714021384576021  0.04986095748695603
6.2  0.16650538164537076  0.04487876683028204
6.21  0.16124827029323394  0.03989278815750405
6.22  0.1556346528625276  0.0349034957322846
6.23  0.1496694072210068  0.02991136408256064
6.24  0.14335843682636856  0.024916867955249063
6.25  0.1367086636101137  0.019920482270930885
6.26  0.12972801757423952  0.01492268207852896
6.2700000000000005  0.12242542312409382  0.009923942509976583
6.28  0.11481078217160263  0.004924738734886188
6.29  0.10689495405379026  -7.445408478483351e-05
6.3  0.09868973232211015  -0.0050731608400551124
6.3100000000000005  0.09020781846851701  -0.010070906520236768
6.32  0.08146279266442881  -0.015067216258230851
6.33  0.0724690815986488  -0.0200616153758102
6.34  0.06324192351006869  -0.02505362942887325
6.3500000000000005  0.053797330520268125  -0.030042784252672962
6.36  0.04415204838022241  -0.035028606007010445
6.37  0.03432351375394779  -0.04001062122139702
6.38  0.024329809170192094  -0.04498835684016843
6.390000000000001  0.014189615781102644  -0.049961340267560786
6.4  0.003922164074186614  -0.05492909941272995
6.41  -0.006452817309258327  -0.05989116273472368
6.42  -0.01691515448960578  -0.06484705928739046
6.43  -0.027444282832831048  -0.06979631876422801
6.44  -0.03801930283209316  -0.0747384715431658
6.45  -0.04861903721142093  -0.07967304873127157
6.46  -0.05922208907177768  -0.08459958220939146
6.47  -0.06980690089615404  -0.08951760467670195
6.48  -0.08035181422737131  -0.0944266496951825
6.49  -0.09083512982991014  -0.09932625173399678
6.5  -0.1012351681453032  -0.10421594621378644
6.51  -0.11153032984951335  -0.10909526955086353
6.5200000000000005  -0.12169915632024426  -0.11396375920130505
6.53  -0.13172038982223847  -0.11882095370493814
6.54  -0.14157303321942438  -0.12366639272922413
6.55  -0.15123640902416385  -0.12849961711302105
6.5600000000000005  -0.1606902175958719  -0.13332016891023285
6.57  -0.1699145943039687  -0.1381275914333342
6.58  -0.17889016547335165  -0.14292142929677332
6.59  -0.187598102934451  -0.1477012284602409
6.6000000000000005  -0.19602017700439972  -0.15246653627180737
6.61  -0.20413880773084309  -0.15721690151091758
6.62  -0.2119371142355242  -0.16195187443125125
6.63  -0.21939896200088474  -0.16667100680342892
6.640000000000001  -0.2265090079495487  -0.17137385195757132
6.65  -0.23325274317371755  -0.17605996482570188
6.66  -0.23961653317908038  -0.18072890198399458
6.67  -0.24558765551590372  -0.1853802216948549
6.68  -0.2511543346784463  -0.19001348394883508
6.69  -0.2563057741626906  -0.19462825050638172
6.7  -0.2610321855816115  -0.1992240849394036
6.71  -0.26532481474678105  -0.20380055267266625
6.72  -0.2691759646349209  -0.208357221025
6.73  -0.27257901516818406  -0.21289365925032383
6.74  -0.27552843974727653  -0.21740943857847655
6.75  -0.2780198184870948  -0.22190413225585792
6.76  -0.2800498481152761  -0.22637731558586607
6.7700000000000005  -0.281616348504909  -0.2308285659691389
6.78  -0.2827182658235858  -0.23525746294358363
6.79  -0.28335567229199055  -0.23966358822420292
6.8  -0.28352976255621465  -0.24404652574270252
6.8100000000000005  -0.2832428466890101  -0.24840586168688533
6.82  -0.282498339846124  -0.2527411845398214
6.83  -0.2813007486147193  -0.2570520851187963
6.84  -0.27965565410161974  -0.26133815661403065
6.8500000000000005  -0.27756969181967617  -0.26559899462716635
6.86  -0.27505052844093514  -0.2698341972095168
6.87  -0.2721068354954199  -0.2740433649000813
6.88  -0.26874826010421393  -0.27822610076331283
6.890000000000001  -0.2649853928451202  -0.28238201042664185
6.9  -0.260829732858404  -0.2865107021177478
6.91  -0.2562936503090264  -0.2906117867015795
6.92  -0.25139034633027546  -0.29468487771711815
6.93  -0.24613381058176528  -0.29872959141387834
6.94  -0.24053877656243386  -0.3027455467881463
6.95  -0.2346206748263212  -0.30673236561894957
6.96  -0.22839558425557321  -0.3106896725037584
6.97  -0.22188018155130537  -0.31461709489391043
6.98  -0.21509168910854795  -0.3185142631297595
6.99  -0.20804782144658115  -0.3223808104755401
7.0  -0.2007667303704517  -0.3262163731539549
7.01  -0.19326694904339312  -0.3300205903804676
7.0200000000000005  -0.18556733515315388  -0.3337931043973088
7.03  -0.1776870133579695  -0.3375335605071862
7.04  -0.1696453171999742  -0.3412416071067003
7.05  -0.16146173067532077  -0.34491689571945794
7.0600000000000005  -0.15315582965110852  -0.3485590810288818
7.07  -0.14474722331940726  -0.3521678209107153
7.08  -0.13625549587822922  -0.3557427764652183
7.09  -0.12770014862825788  -0.3592836120490479
7.1000000000000005  -0.1191005426724192  -0.362789995306826
7.11  -0.11047584240309505  -0.3662615972023861
7.12  -0.10184495995883339  -0.36969809204970194
7.13  -0.093226500828895  -0.37309915754348877
7.140000000000001  -0.08463871077985383  -0.3764644747894781
7.15  -0.07609942427377356  -0.37979372833436315
7.16  -0.06762601454221309  -0.3830866061954114
7.17  -0.05923534547454668  -0.3863427998897405
7.18  -0.050943725472729365  -0.3895620044632564
7.19  -0.04276686341783269  -0.3927439185192501
7.2  -0.03471982688637405  -0.3958882442466502
7.21  -0.026817002746691715  -0.3989946874479304
7.22  -0.019072060257455753  -0.40206295756666555
7.23  -0.011497916781808476  -0.40509276771473884
7.24  -0.0041067062216681716  -0.4080838346991914
7.25  0.0030902497325637768  -0.4110358790487185
7.26  0.01008246745123366  -0.4139486250398042
7.2700000000000005  0.016860324237877394  -0.41682180072249503
7.28  0.023415078159227207  -0.41965513794580955
7.29  0.029738884777502306  -0.4224483723827811
7.3  0.0358248107402077  -0.4252012435551333
7.3100000000000005  0.041666844193307954  -0.4279134948575819
7.32  0.047259901994418325  -0.43058487358176456
7.33  0.05259983371347352  -0.4332151309397959
7.34  0.05768342241916879  -0.4358040220874428
7.3500000000000005  0.0625083822603598  -0.4383513061469214
7.36  0.0670733528623843  -0.44085674622931026
7.37  0.07137789056901415  -0.4433201094565811
7.38  0.07542245657136788  -0.4457411669832428
7.390000000000001  0.07920840197557183  -0.4481196940175963
7.4  0.0827379498712555  -0.4504554698425993
7.41  0.08601417447303386  -0.45274827783634064
7.42  0.08904097741691958  -0.45499790549211844
7.43  0.09182306130316954  -0.4572041444381232
7.44  0.09436590058626215  -0.45936679045672324
7.45  0.0966757099215558  -0.46148564350335025
7.46  0.09875941008669131  -0.4635605077249846
7.47  0.10062459160384676  -0.4655911914782359
7.48  0.10227947619662081  -0.4675775073470207
7.49  0.10373287622250124  -0.46951927215983197
7.5  0.10499415222856726  -0.47141630700660314
7.51  0.10607316878428341  -0.473268437255161
7.5200000000000005  0.10698024875091668  -0.47507549256726717
7.53  0.10772612615221563  -0.4768373069142495
7.54  0.10832189781557999  -0.47855371859221774
7.55  0.1087789739569125  -0.48022457023686405
7.5600000000000005  0.10910902788576526  -0.4818497088378482
7.57  0.1093239450101619  -0.48342898575276333
7.58  0.10943577132267912  -0.4849622567206839
7.59  0.10945666155093779  -0.48644938187529285
7.6000000000000005  0.10939882715657817  -0.48789022575758617
7.61  0.10927448436712758  -0.48928465732815657
7.62  0.10909580242486133  -0.49063254997905204
7.63  0.10887485223578944  -0.49193378154521
7.640000000000001  0.10862355560039343  -0.4931882343154655
7.65  0.1083536352055107  -0.4943957950431319
7.66  0.1080765655540086  -0.49555635495615535
7.67  0.10780352500550149  -0.4966698097668384
7.68  0.10754534909737164  -0.4977360596811356
7.69  0.10731248531082802  -0.49875500940751843
7.7  0.10711494944161241  -0.49972656816540784
7.71  0.1069622837293158  -0.5006506496931769
7.72  0.10686351689310068  -0.5015271722557185
7.73  0.10682712621493069  -0.5023560586515824
7.74  0.10686100180427913  -0.5031372362196751
7.75  0.10697241317065119  -0.5038706368455289
7.76  0.10716797822223491  -0.5045561969671328
7.7700000000000005  0.10745363480054072  -0.5051938575803301
7.78  0.10783461485208598  -0.5057835642437787
7.79  0.10831542132900272  -0.506325267083476
7.8  0.10889980790099926  -0.5068189207968464
7.8100000000000005  0.10959076155133236  -0.5072644846563922
7.82  0.11039048811945636  -0.5076619225129073
7.83  0.11130040084279974  -0.508011202798253
7.84  0.11232111193972621  -0.5083122985276959
7.8500000000000005  0.11345242726519454  -0.5085651873018094
7.86  0.11469334405999333  -0.5087698513079351
7.87  0.11604205180369878  -0.5089262773212073
7.88  0.11749593617075445  -0.5090344567051398
7.890000000000001  0.11905158607831151  -0.5090943854117742
7.9  0.12070480380375262  -0.5091060639813895
7.91  0.12245061813917438  -0.5090694975417747
7.92  0.12428330053956171  -0.5089846958070641
7.930000000000001  0.12619638421100257  -0.5088516730761335
7.94  0.12818268607506517  -0.5086704482305605
7.95  0.13023433153546993  -0.5084410447321468
7.96  0.13234278196343208  -0.5081634906200042
7.97  0.1344988648085713  -0.5078378185072043
7.98  0.13669280623314373  -0.5074640655769918
7.99  0.13891426615851557  -0.5070422735785618
8.0  0.14115237560437155  -0.5065724888224042
8.01  0.14339577619310967  -0.5060547621752102
8.02  0.1456326616842552  -0.5054891490543473
8.03  0.14785082139658257  -0.5048757094218999
8.040000000000001  0.150037685368966  -0.5042145077782775
8.05  0.15218037110478033  -0.5035056131553903
8.06  0.15426573173906413  -0.5027490991093944
8.07  0.15628040546251964  -0.5019450437130043
8.08  0.1582108660318905  -0.5010935295473787
8.09  0.16004347419229292  -0.5001946436935749
8.1  0.16176452983369213  -0.4992484777235757
8.11  0.1633603247009206  -0.49825512769089025
8.120000000000001  0.16481719547450285  -0.4972146941207268
8.13  0.16612157703794703  -0.49612728199974315
8.14  0.16726005574629343  -0.4949930007653697
8.15  0.16821942251035407  -0.4938119642947117
8.16  0.16898672551145022  -0.4925842908930296
8.17  0.16954932236237585  -0.4913101032817975
8.18  0.1698949315319165  -0.48998952858634326
8.19  0.1700116828524261  -0.48862269832306987
8.2  0.16988816693281197  -0.4872097483862601
8.21  0.16951348330264404  -0.4857508190344652
8.22  0.16887728711714778  -0.4842460548764808
8.23  0.1679698342574078  -0.48269560485690727
8.24  0.16678202466525244  -0.48109962224130143
8.25  0.16530544375799183  -0.479458264600917
8.26  0.16353240177439865  -0.4777716937970376
8.27  0.16145597091004188  -0.4760400759649016
8.28  0.15907002010731333  -0.4742635814972237
8.290000000000001  0.15636924737313984  -0.4724423850273112
8.3  0.1533492095054917  -0.4705766654117804
8.31  0.150006349118314  -0.4686666057128699
8.32  0.1463380188633981  -0.46671239318035995
8.33  0.14234250275696295  -0.4647142192330908
8.34  0.13801903452826628  -0.4626722794400892
8.35  0.13336781291743172  -0.4605867735013011
8.36  0.1283900138597794  -0.45845790522793384
8.370000000000001  0.12308779950426334  -0.45628588252240865
8.38  0.11746432402414714  -0.4540709173579277
8.39  0.11152373618869546  -0.4518132257576539
8.4  0.10527117867545097  -0.44951302777350977
8.41  0.09871278411351966  -0.4471705474645946
8.42  0.09185566785917577  -0.4447860128752233
8.43  0.08470791751601645  -0.44235965601258875
8.44  0.0772785792227777  -0.43989171282404954
8.45  0.06957764074270709  -0.43738242317404596
8.46  0.06161601139911829  -0.4348320308206451
8.47  0.0534054989123301  -0.432240783391723
8.48  0.04495878320352468  -0.42960893236077313
8.49  0.036289387241344076  -0.42693673302236024
8.5  0.02741164501689182  -0.42422444446721014
8.51  0.018340666742519815  -0.42147232955694214
8.52  0.009092301379139633  -0.4186806548984462
8.53  -0.00031690339421369673  -0.4158496908179069
8.540000000000001  -0.009869743646177487  -0.4129797113344769
8.55  -0.0195484039635537  -0.41007099413360526
8.56  -0.029334504388100216  -0.40712382054001484
8.57  -0.03920914937374102  -0.4041384754903426
8.58  -0.04915297861153054  -0.4011152475054384
8.59  -0.05914621956327559  -0.3980544286623256
8.6  -0.06916874153884753  -0.39495631456582847
8.61  -0.07920011114692951  -0.3918212043198669
8.620000000000001  -0.08921964894417117  -0.38864940049842434
8.63  -0.099206487103508  -0.385441209116188
8.64  -0.10913962791890108  -0.38219693959886464
8.65  -0.11899800296064537  -0.3789169047531794
8.66  -0.12876053269312498  -0.3756014207365556
8.67  -0.13840618636508367  -0.3722508070264805
8.68  -0.14791404198137362  -0.3688653863895588
8.69  -0.1572633461646435  -0.36544548485025957
8.700000000000001  -0.166433573715587  -0.36199143165935554
8.71  -0.17540448668109734  -0.35850355926206434
8.72  -0.18415619274116615  -0.35498220326588403
8.73  -0.19266920272727528  -0.35142770240813886
8.74  -0.20092448708779828  -0.34784039852322945
8.75  -0.2089035311191045  -0.34422063650959317
8.76  -0.21658838878496514  -0.3405687642963789
8.77  -0.2239617349512878  -0.3368851328098375
8.78  -0.2310069158682469  -0.33317009593943553
8.790000000000001  -0.23770799773743034  -0.3294240105036853
8.8  -0.24404981320776065  -0.3256472362157119
8.81  -0.2500180056505851  -0.32184013564853936
8.82  -0.25559907107143254  -0.3180030742001182
8.83  -0.2607803975235656  -0.3141364200580862
8.84  -0.26555030189649315  -0.31024054416427
8.85  -0.2698980639610791  -0.30631582017893044
8.86  -0.27381395756174454  -0.3023626244447551
8.870000000000001  -0.277289278855488  -0.2983813359505999
8.88  -0.2803163715069998  -0.29437233629499004
8.89  -0.28288864875901487  -0.29033600964936923
8.9  -0.2850006123071577  -0.28627274272111947
8.91  -0.2866478679189058  -0.28218292471634016
8.92  -0.28782713774685165  -0.2780669473023969
8.93  -0.2885362692971679  -0.2739252045702446
8.94  -0.28877424102503174  -0.26975809299652065
8.950000000000001  -0.2885411645397128  -0.26556601140542246
8.96  -0.2878382834130303  -0.26134936093036865
8.97  -0.28666796859590654  -0.25710854497543995
8.98  -0.2850337104587536  -0.25284396917661855
8.99  -0.28294010748237686  -0.24855604136281675
9.0  -0.2803928516369526  -0.24424517151670588
9.01  -0.277398710497361  -0.2399117717353451
9.02  -0.27396550615374893  -0.23555625619061707
9.03  -0.2701020909865621  -0.23117904108947238
9.040000000000001  -0.26581832038544756  -0.22678054463398623
9.05  -0.26112502250130976  -0.22236118698123652
9.06  -0.25603396513038157  -0.21792139020299414
9.07  -0.2505578198384474  -0.21346157824524595
9.08  -0.24471012344224835  -0.20898217688754583
9.09  -0.23850523697359496  -0.20448361370219115
9.1  -0.23195830225982914  -0.19996631801324444
9.11  -0.2250851962619127  -0.19543072085539054
9.120000000000001  -0.21790248331858625  -0.19087725493263868
9.13  -0.21042736545176274  -0.18630635457687675
9.14  -0.20267763089443794  -0.18171845570627002
9.15  -0.19467160100808412  -0.1771139957835245
9.16  -0.18642807576154422  -0.17249341377400562
9.17  -0.17796627794795328  -0.16785715010372373
9.18  -0.1693057963201363  -0.16320564661718698
9.19  -0.16046652782827614  -0.15853934653512664
9.200000000000001  -0.15146861914631252  -0.15385869441209865
9.21  -0.14233240767568658  -0.14916413609396967
9.22  -0.13307836221644623  -0.1444561186752798
9.23  -0.12372702349664072  -0.13973509045650123
9.24  -0.11429894475107444  -0.13500150090118973
9.25  -0.10481463254010653  -0.13025580059302655
9.26  -0.09529448799809356  -0.12549844119276887
9.27  -0.08575874869942632  -0.12072987539510151
9.28  -0.07622743132775217  -0.11595055688539933
9.290000000000001  -0.06672027533110342  -0.11116094029640203
9.3  -0.05725668774210279  -0.10636148116481116
9.31  -0.04785568933828186  -0.1015526358877997
9.32  -0.038535862312908876  -0.09673486167945769
9.33  -0.02931529962140838  -0.09190861652716258
9.34  -0.02021155616267932  -0.08707435914788525
9.35  -0.011241601948308574  -0.08223254894443471
9.36  -0.0024217774058154784  -0.07738364596164551
9.370000000000001  0.006232249045223376  -0.07252811084251111
9.38  0.014705521013075519  -0.06766640478427255
9.39  0.022983831626920886  -0.06279898949445666
9.4  0.03105375838875793  -0.05792632714687608
9.41  0.03890269527885008  -0.05304888033759549
9.42  0.04651888201868617  -0.04816711204086321
9.43  0.05389143040505737  -0.04328148556501593
9.44  0.06101034763876556  -0.03839246450835954
9.450000000000001  0.0678665565816124  -0.03350051271503024
9.46  0.07445191288567338  -0.028606094230844065
9.47  0.08075921894942326  -0.023709673259128053
9.48  0.08678223466590515  -0.01881171411655208
9.49  0.09251568493897643  -0.013912681188954841
9.5  0.09795526395447571  -0.009013038887172087
9.51  0.10309763620404791  -0.004113251602870675
9.52  0.10794043427026587  0.0007862163356066806
9.53  0.1124822533925012  0.005684900707383964
9.540000000000001  0.116722642843788  0.010582337443171282
9.55  0.12066209415955051  0.015478062669366549
9.56  0.12430202626960812  0.020371612752130022
9.57  0.1276447675951516  0.025262524341423113
9.58  0.13069353518253168  0.030150334415015342
9.59  0.13345241095551463  0.035034580322450826
9.6  0.13592631517727105  0.03991479982897071
9.61  0.13812097722258487  0.0447905311593883
9.620000000000001  0.14004290376969164  0.04966131304191186
9.63  0.1416993445296798  0.05452668475190749
9.64  0.14309825563952175  0.05938618615561006
9.65  0.1442482608524748  0.06423935775376055
9.66  0.14515861066685098  0.06908574072517915
9.67  0.1458391395408778  0.07392487697026426
9.68  0.1463002213476402  0.07875630915441564
9.69  0.14655272322980967  0.08357958075137167
9.700000000000001  0.14660795801903057  0.08839423608647076
9.71  0.1464776353894657  0.09319982037981046
9.72  0.14617381191902945  0.09799587978932614
9.73  0.14570884023528377  0.10278196145376212
9.74  0.1450953174258294  0.1075576135355456
9.75  0.1443460328952395  0.11232238526355384
9.76  0.1434739158522128  0.11707582697577182
9.77  0.14249198261161872  0.12181749016183507
9.78  0.14141328389645305  0.12654692750545568
9.790000000000001  0.14025085232448453  0.13126369292672635
9.8  0.1390176502634637  0.13596734162429458
9.81  0.13772651823727156  0.1406574301174152
9.82  0.13639012406323608  0.1453335162878605
9.83  0.13502091289812285  0.14999515942169767
9.84  0.13363105836694733  0.15464192025091877
9.85  0.1322324149448435  0.15927336099493372
9.86  0.13083647175769264  0.163889045401905
9.870000000000001  0.12945430796216725  0.16848853878993353
9.88  0.12809654986022806  0.17307140808808222
9.89  0.12677332989696166  0.17763722187724595
9.9  0.12549424768402664  0.18218555043084847
9.91  0.12426833318384135  0.18671596575537372
9.92  0.12310401218206692  0.19122804163072352
9.93  0.12200907416793974  0.1957213536503985
9.94  0.12099064273358436  0.20019547926149822
9.950000000000001  0.12005514859464665  0.20464999780453788
9.96  0.1192083053254669  0.2090844905530727
9.97  0.11845508789254076  0.2134985407531383
9.98  0.11779971406030093  0.21789173366248774
9.99  0.11724562873326023  0.2222636565896338
10.0  0.11679549128835967  0.22661389893268336
