0.0  0.15145707043529794  0.14448802812192157
0.01  0.14741243166096582  0.14550929949850655
0.02  0.14293423759542057  0.14651307265507352
0.03  0.13802267015036615  0.1474991585820097
0.04  0.13267932256128467  0.14846737036463578
0.05  0.12690720741670006  0.14941752321113796
0.06  0.12071075995563953  0.15034943448025154
0.07  0.11409583661019948  0.15126292370869238
0.08  0.10706970878604362  0.15215781263833233
0.09  0.09964105188962169  0.15303392524311538
0.1  0.09181992962683536  0.15389108775571028
0.11  0.08361777361374649  0.15472912869389632
0.12  0.07504735835566567  0.1555478788866788
0.13  0.06612277166652265  0.1563471715001306
0.14  0.05685938061575538  0.157126842062956
0.15  0.047273793105007005  0.15788672849177338
0.16  0.03738381519163998  0.1586266711161141
0.17  0.027208404290416044  0.15934651270313277
0.18  0.016767618398600206  0.1600460984820266
0.19  0.006082561503178721  0.16072527616816012
0.2  -0.004824674658206185  0.16138389598689162
0.21  -0.015931072298656937  0.16202181069709895
0.22  -0.027212752550067665  0.16263887561440024
0.23  -0.03864504349103483  0.1632349486340671
0.24  -0.05020255101743764  0.16380989025362716
0.25  -0.06185923232880145  0.1643635635951524
0.26  -0.0735884717946145  0.16489583442722988
0.27  -0.08536315895660873  0.1654065711866134
0.28  -0.09715576841566106  0.16589564499955073
0.29  -0.10893844134545327  0.16636292970278532
0.3  -0.12068306836936378  0.16680830186422868
0.31  -0.13236137353227498  0.16723164080330055
0.32  -0.14394499909508196  0.16763282861093404
0.33  -0.15540559087669167  0.16801175016924377
0.34  -0.16671488386622255  0.1683682931708519
0.35000000000000003  -0.17784478782695431  0.16870234813787224
0.36  -0.1887674726133453  0.16901380844054775
0.37  -0.19945545292312566  0.1693025703155392
0.38  -0.20988167220809378  0.16956853288386242
0.39  -0.2200195854697802  0.1698115981684723
0.4  -0.22984324066958928  0.17003167111148937
0.41000000000000003  -0.23932735848737824  0.17022865959106803
0.42  -0.24844741016766603  0.17040247443790302
0.43  -0.2571796931987649  0.17055302945137224
0.44  -0.26550140457707744  0.17068024141531335
0.45  -0.2733907114165772  0.17078403011343157
0.46  -0.28082681867206216  0.1708643183443368
0.47000000000000003  -0.2877900337541174  0.1709210319362076
0.48  -0.2942618278238066  0.17095409976108034
0.49  -0.300224893565902  0.1709634537487601
0.5  -0.30566319925092367  0.17094902890035268
0.51  -0.31056203890835377  0.17091076330141497
0.52  -0.31490807844607505  0.1708485981347212
0.53  -0.3186893975643188  0.17076247769264497
0.54  -0.3218955273261496  0.1706523493891518
0.55  -0.32451748326071533  0.17051816377140439
0.56  -0.3265477938901038  0.1703598745309748
0.5700000000000001  -0.32798052458562843  0.1701774385146661
0.58  -0.328811296674656  0.16997081573493644
0.59  -0.32903730173464746  0.16973996937992925
0.6  -0.3286573110268498  0.16948486582310396
0.61  -0.3276716800380033  0.16920547463246827
0.62  -0.32608234811446424  0.16890176857940814
0.63  -0.323892833189225  0.16857372364711593
0.64  -0.32110822161840175  0.16822131903861504
0.65  -0.31773515315978695  0.16784453718437753
0.66  -0.3137818011419895  0.1674433637495366
0.67  -0.3092578478884427  0.16701778764069025
0.68  -0.30417445547611216  0.16656780101229618
0.6900000000000001  -0.29854423192401486  0.16609339927265504
0.7000000000000001  -0.2923811929216286  0.16559458108948388
0.71  -0.2857007192218717  0.1650713483950752
0.72  -0.2785195098375174  0.16452370639104336
0.73  -0.2708555311936329  0.16395166355265656
0.74  -0.26272796240184715  0.16335523163275145
0.75  -0.25415713683491875  0.16273442566523283
0.76  -0.24516448019214454  0.16208926396815548
0.77  -0.23577244525758873  0.1614197681463883
0.78  -0.22600444356387478  0.16072596309385834
0.79  -0.2158847741843449  0.16000787699537633
0.8  -0.20543854988570265  0.15926554132804183
0.81  -0.1946916208818047  0.15849899086222774
0.8200000000000001  -0.18367049643700772  0.15770826366214225
0.8300000000000001  -0.17240226457439708  0.1568934010859715
0.84  -0.160914510150292  0.15605444778559763
0.85  -0.1492352315616218  0.15519145170589582
0.86  -0.13739275635708328  0.15430446408360693
0.87  -0.1254156560264002  0.15339353944578965
0.88  -0.11333266024450814  0.1524587356078459
0.89  -0.1011725708490723  0.15150011367112537
0.9  -0.08896417583039766  0.15051773802010548
0.91  -0.07673616361252564  0.14951167631914758
0.92  -0.06451703790311206  0.14848199950882923
0.93  -0.05233503338756558  0.14742878180185437
0.9400000000000001  -0.04021803253989292  0.1463521006785372
0.9500000000000001  -0.02819348381876164  0.1452520368818659
0.96  -0.016288321512464385  0.1441286744121406
0.97  -0.0045288874907688376  0.14298210052118981
0.98  0.007059144884919863  0.1418124057061641
0.99  0.01845084444904445  0.14061968370290712
1.0  0.029622093281187103  0.13940403147890534
1.01  0.04054965489030152  0.13816554922581592
1.02  0.051211239316747134  0.13690434035157467
1.03  0.06158556494543306  0.1356205114720822
1.04  0.07165241683450488  0.13431417240247268
1.05  0.08139270137578045  0.13298543614796143
1.06  0.09078849711551776  0.13163441889427607
1.07  0.09982310157704022  0.13026123999766892
1.08  0.10848107394020542  0.12886602197451424
1.09  0.11674827344664149  0.12744889049048824
1.1  0.12461189341404032  0.12600997434933603
1.11  0.13206049075754311  0.12454940548122306
1.12  0.13908401093133063  0.12306731893067552
1.1300000000000001  0.14567380821888765  0.12156385284410803
1.1400000000000001  0.15182266131599742  0.12003914845694152
1.1500000000000001  0.15752478416628474  0.1184933500803112
1.16  0.16277583202501217  0.11692660508736746
1.17  0.16757290274279307  0.11533906389916954
1.18  0.1719145332768564  0.11373087997017362
1.19  0.17580069145343952  0.11210220977331758
1.2  0.17923276302073143  0.11045321278470316
1.21  0.18221353404749605  0.10878405146787684
1.22  0.1847471687380131  0.10709489125771171
1.23  0.18683918274924077  0.10538590054389135
1.24  0.18849641211106566  0.10365725065399772
1.25  0.18972697786512416  0.10190911583620421
1.26  0.19054024655189877  0.10014167324157719
1.27  0.19094678668956544  0.09835510290598537
1.28  0.19095832140135408  0.09654958773162126
1.29  0.19058767736093185  0.09472531346813412
1.3  0.18984873023748977  0.09288246869338007
1.31  0.18875634683376635  0.09102124479378748
1.32  0.18732632412113545  0.089141835944341
1.33  0.1855753253860919  0.08724443908818796
1.34  0.18352081371193826  0.0853292539158676
1.35  0.18118098302819596  0.08339648284416479
1.36  0.17857468696819137  0.08144633099459342
1.37  0.17572136578238054  0.07947900617150705
1.3800000000000001  0.1726409715612523  0.07749471883984477
1.3900000000000001  0.1693538920270694  0.07549368210250923
1.4000000000000001  0.1658808731582431  0.07347611167738394
1.41  0.1622429409137916  0.07144222587398913
1.42  0.15846132232807397  0.06939224556977974
1.43  0.15455736624782435  0.0673263941860886
1.44  0.15055246398443084  0.06524489766371688
1.45  0.14646797015438578  0.06314798443817415
1.46  0.1423251239799221  0.06103588541457272
1.47  0.1381449713199864  0.0589088339421755
1.48  0.13394828769896072  0.056767065788603466
1.49  0.12975550259687418  0.05461081911370452
1.5  0.12558662526030223  0.0524403344430856
1.51  0.12146117228773423  0.05025585464131194
1.52  0.11739809723690572  0.04805762488477783
1.53  0.1134157224944929  0.04584589263424793
1.54  0.10953167364063443  0.04362090760707715
1.55  0.10576281653205599  0.041382921749108625
1.56  0.10212519731810946  0.039132189206253054
1.57  0.09863398559386197  0.03686896629575631
1.58  0.09530342088351215  0.03459351147715306
1.59  0.09214676263588878  0.03230608532291468
1.6  0.08917624390166869  0.03000695048879115
1.61  0.08640302884924934  0.027696371683852195
1.62  0.08383717426299372  0.025374615640231246
1.6300000000000001  0.08148759515385316  0.02304195108257351
1.6400000000000001  0.0793620345982376  0.020698648697195288
1.6500000000000001  0.0774670379064657  0.018344981100953617
1.6600000000000001  0.07580793120725882  0.01598122280983355
1.67  0.07438880451958232  0.013607650207255295
1.68  0.07321249936773544  0.011224541512103448
1.69  0.07228060098000866  0.008832176746485065
1.7  0.07159343509550276  0.006430837703216508
1.71  0.0711500693879079  0.004020807913046376
1.72  0.0709483194992069  0.0016023726116168868
1.73  0.07098475966046701  -0.0008241812938347137
1.74  0.07125473786115907  -0.003258565258026369
1.75  0.07175239551284988  -0.005700489131432951
1.76  0.07247069153770486  -0.008149661194334301
1.77  0.07340143079707036  -0.010605788191104748
1.78  0.07453529676051367  -0.013068575364741652
1.79  0.07586188830116108  -0.015537726491628046
1.8  0.07736976048900568  -0.018012943916525748
1.81  0.07904646924014183  -0.02049392858779414
1.82  0.08087861966662752  -0.02298038009283132
1.83  0.08285191795896774  -0.025471996693733956
1.84  0.08495122662105606  -0.027968475363169043
1.85  0.08716062286587034  -0.030469511820457318
1.86  0.08946345996933096  -0.03297480056786034
1.87  0.09184243136951653  -0.035484034927069696
1.8800000000000001  0.09427963728895028  -0.03799690707589254
1.8900000000000001  0.09675665364892917  -0.04051310808512998
1.9000000000000001  0.09925460303691819  -0.0430323279556426
1.9100000000000001  0.1017542274808815  -0.04555425565560095
1.92  0.1042359627781079  -0.04807857915791475
1.93  0.10668001412063392  -0.050604985477837316
1.94  0.10906643275476985  -0.05313316071073987
1.95  0.11137519340853921  -0.05566279007005254
1.96  0.11358627221804284  -0.05819355792536651
1.97  0.11567972488186579  -0.06072514784069344
1.98  0.11763576477167187  -0.0632572426128768
1.99  0.11943484072707977  -0.06578952431015211
2.0  0.12105771426377805  -0.06832167431084873
2.0100000000000002  0.12248553592562429  -0.0708533733422323
2.02  0.12369992051416606  -0.07338430151948006
2.0300000000000002  0.12468302093262462  -0.07591413838478517
2.04  0.12541760038586847  -0.07844256294658786
2.05  0.12588710268327388  -0.080969253718923
2.06  0.12607572039759224  -0.08349388876088759
2.07  0.12596846064000244  -0.08601614571621363
2.08  0.12555120821941446  -0.08853570185295223
2.09  0.12481078596273588  -0.09105223410325392
2.1  0.12373501198225337  -0.09356541910324861
2.11  0.12231275368641872  -0.09607493323301541
2.12  0.12053397834117692  -0.09858045265664
2.13  0.11838980000047317  -0.10108165336235247
2.14  0.1158725226366929  -0.10357821120274441
2.15  0.11297567931448699  -0.10606980193505577
2.16  0.10969406726466396  -0.10855610126153004
2.17  0.10602377872855684  -0.11103678486983293
2.18  0.1019622274574363  -0.11351152847352616
2.19  0.09750817076611304  -0.11598000785259593
2.2  0.09266172705477999  -0.11844189889402745
2.21  0.08742438872836625  -0.12089687763242446
2.22  0.08179903045812757  -0.12334462029066323
2.23  0.07578991274586441  -0.12578480332058303
2.24  0.06940268076694942  -0.12821710344370135
2.25  0.06264435848424894  -0.13064119769195448
2.2600000000000002  0.05552333804093855  -0.13305676344845488
2.27  0.04804936445613853  -0.13546347848826018
2.2800000000000002  0.04023351566312369  -0.13786102101915496
2.29  0.03208817794559543  -0.1402490697224285
2.3000000000000003  0.023627016843033408  -0.14262730379365743
2.31  0.014864943611475279  -0.14499540298347538
2.32  0.005818077341093908  -0.1473530476383372
2.33  -0.0034962971533372827  -0.14969991874125885
2.34  -0.01305977553868018  -0.15203569795254124
2.35  -0.022852884122064057  -0.1543600676504637
2.36  -0.03285513380416262  -0.15667271097194765
2.37  -0.0430450776564862  -0.15897331185318042
2.38  -0.05340037193968758  -0.16126155507020015
2.39  -0.06389784036816382  -0.1635371262794317
2.4  -0.07451354141512043  -0.16579971205817023
2.41  -0.08522283844186865  -0.16804899994500944
2.42  -0.0960004724254086  -0.17028467848020523
2.43  -0.10682063704942246  -0.17250643724597575
2.44  -0.11765705591561046  -0.17471396690672472
2.45  -0.12848306162495993  -0.1769069592491924
2.46  -0.13927167647198618  -0.1790851072225198
2.47  -0.14999569448932604  -0.1812481049782313
2.48  -0.16062776457523964  -0.1833956479101184
2.49  -0.17114047443268385  -0.1855274326940338
2.5  -0.18150643504558134  -0.18764315732757572
2.5100000000000002  -0.19169836541584395  -0.18974252116967338
2.52  -0.20168917728349128  -0.1918252249800534
2.5300000000000002  -0.21145205955199198  -0.19389097095859292
2.54  -0.2209605621415905  -0.19593946278455085
2.5500000000000003  -0.23018867899501128  -0.1979704056556715
2.56  -0.23911092996241612  -0.19998350632715672
2.57  -0.24770244129594526  -0.20197847315050096
2.58  -0.2559390244884736  -0.20395501611218647
2.59  -0.26379725319643915  -0.20591284687223052
2.6  -0.27125453799267696  -0.207851678802582
2.61  -0.27828919870210767  -0.20977122702536133
2.62  -0.28488053408090375  -0.21167120845094192
2.63  -0.2910088886082806  -0.21355134181586136
2.64  -0.29665571616940845  -0.2154113477205671
2.65  -0.30180364041798424  -0.217250948666983
2.66  -0.3064365116177863  -0.21906986909589732
2.67  -0.31053945977396513  -0.22086783542416671
2.68  -0.31409894387690723  -0.2226445760817275
2.69  -0.31710279709416656  -0.22439982154841687
2.7  -0.31954026775918554  -0.22613330439059137
2.71  -0.3214020560192431  -0.22784475929754383
2.72  -0.3226803460192611  -0.2295339231177102
2.73  -0.32336883351269363  -0.23120053489466555
2.74  -0.3234627488056949  -0.23284433590289993
2.75  -0.3229588749560361  -0.23446506968337436
2.7600000000000002  -0.32185556116379266  -0.23606248207884722
2.77  -0.3201527313065775  -0.23763632126897183
2.7800000000000002  -0.31785188758801575  -0.23918633780515766
2.79  -0.3149561092841832  -0.240712284645188
2.8000000000000003  -0.3114700465888086  -0.24221391718759813
2.81  -0.3073999095741232  -0.24369099330579788
2.82  -0.3027534523002641  -0.24514327338194725
2.83  -0.2975399521220604  -0.2465705203405663
2.84  -0.29177018425779505  -0.247972499681889
2.85  -0.28545639170007564  -0.24934897951494567
2.86  -0.27861225056424194  -0.2506997305903769
2.87  -0.27125283098469716  -0.2520245263329693
2.88  -0.2633945536841671  -0.25332314287391383
2.89  -0.2550551423550695  -0.25459535908277964
2.9  -0.24625357200591785  -0.25584095659919637
2.91  -0.23701001343889777  -0.2570597198642495
2.92  -0.22734577403744027  -0.2582514361515732
2.93  -0.217283235054683  -0.2594158955981484
2.94  -0.20684578560517178  -0.26055289123478953
2.95  -0.19605775357291444  -0.26166221901632847
2.96  -0.18494433365899862  -0.26274367785148034
2.97  -0.17353151280127188  -0.2637970696323981
2.98  -0.16184599320718326  -0.26482219926389905
2.99  -0.1499151132486122  -0.26581887469237414
3.0  -0.1377667664744642  -0.2667869069343623
3.0100000000000002  -0.12542931900287269  -0.26772611010479747
3.02  -0.11293152556009343  -0.268636301444915
3.0300000000000002  -0.1003024444374668  -0.2695173013498202
3.04  -0.08757135164129232  -0.27036893339571433
3.0500000000000003  -0.0747676545129327  -0.2711910243667685
3.06  -0.06192080509810551  -0.2719834042816528
3.0700000000000003  -0.049060213544944636  -0.27274590641970387
3.08  -0.03621516181020286  -0.2734783673467409
3.09  -0.023414717951735053  -0.27418062694051315
3.1  -0.010687651283348129  -0.27485252841578733
3.11  0.0019376513349652832  -0.2754939183490624
3.12  0.014433267802291296  -0.2761046467029156
3.13  0.026771821413253107  -0.2766845668499682
3.14  0.03892655956707417  -0.27723353559647734
3.15  0.05087143029718218  -0.2777514132055414
3.16  0.0625811563766936  -0.2782380634199222
3.17  0.07403130676328747  -0.2786933534844778
3.18  0.08519836515597767  -0.27911715416820226
3.19  0.09605979544599644  -0.2795093397858726
3.2  0.10659410385446469  -0.27986978821929553
3.21  0.11678089756063417  -0.2801983809381541
3.22  0.12660093963628538  -0.2804950030204487
3.23  0.13603620011422624  -0.28075954317253493
3.24  0.145069903031806  -0.2809918937487447
3.25  0.15368656930380326  -0.28119195077060166
3.2600000000000002  0.16187205529302973  -0.2813596139456159
3.27  0.1696135869613371  -0.2814947866856624
3.2800000000000002  0.17689978949849888  -0.2815973761249382
3.29  0.18372071234151646  -0.2816672931374943
3.3000000000000003  0.19006784951229194  -0.2817044523543437
3.31  0.19593415521720065  -0.28170877218013846
3.3200000000000003  0.2013140546678962  -0.2816801748094153
3.33  0.20620345009858068  -0.2816185862424081
3.34  0.2105997219709702  -0.2815239363004236
3.35  0.2145017253741791  -0.2813961586407784
3.36  0.21790978164271835  -0.28123519077129444
3.37  0.22082566523168998  -0.2810409740643514
3.38  0.22325258590399327  -0.2808134537704938
3.39  0.2251951662999122  -0.28055257903159053
3.4  0.22665941497474826  -0.2802583028935425
3.41  0.22765269500517604  -0.27993058231854145
3.42  0.22818368827965235  -0.2795693781968724
3.43  0.2282623556024755  -0.2791746553582616
3.44  0.22789989275490807  -0.27874638258276496
3.45  0.22710868267010992  -0.27828453261119906
3.46  0.22590224389142594  -0.27778908215510933
3.47  0.22429517549578895  -0.2772600119062746
3.48  0.22230309867560458  -0.27669730654574715
3.49  0.21994259518342651  -0.276100954752427
3.5  0.21723114285400041  -0.2754709492111673
3.5100000000000002  0.21418704842775688  -0.27480728662040915
3.52  0.21082937790862877  -0.2741099676993473
3.5300000000000002  0.20717788469703752  -0.27337899719462033
3.54  0.20325293574606498  -0.27261438388653103
3.5500000000000003  0.1990754359951548  -0.2718161405947864
3.56  0.194666751341167  -0.2709842841837658
3.5700000000000003  0.19004863041119907  -0.2701188355673073
3.58  0.18524312540529467  -0.26921981971301956
3.59  0.18027251227995417  -0.26828726564610816
3.6  0.17515921054525807  -0.2673212064527264
3.61  0.16992570294938183  -0.2663216792828397
3.62  0.16459445532430966  -0.26528872535261083
3.63  0.15918783686570503  -0.2642223899462973
3.64  0.1537280411180817  -0.2631227224176678
3.65  0.14823700793372233  -0.2619897761909315
3.66  0.14273634667017288  -0.26082360876117994
3.67  0.13724726088665476  -0.2596242816943456
3.68  0.13179047479434722  -0.2583918606266695
3.69  0.1263861617092717  -0.25712641526368485
3.7  0.12105387474943077  -0.2558280193787075
3.71  0.11581248000998942  -0.2544967508108429
3.72  0.1106800924416092  -0.2531326914624991
3.73  0.10567401464763619  -0.25173592729641564
3.74  0.1008106788056903  -0.2503065483321971
3.75  0.09610559190838519  -0.24884464864236155
3.7600000000000002  0.09157328450640878  -0.24735032634789617
3.77  0.08722726312510616  -0.24582368361332524
3.7800000000000002  0.08307996651302545  -0.24426482664128546
3.79  0.07914272586769984  -0.24267386566661375
3.8000000000000003  0.07542572917023051  -0.24105091494994374
3.81  0.07193798974612993  -0.23939609277081386
3.8200000000000003  0.0686873191553505  -0.2377095214202844
3.83  0.0656803044995711  -0.23599132719306665
3.84  0.06292229021965468  -0.2342416403791634
3.85  0.0604173644407974  -0.23246059525502005
3.86  0.05816834990730571  -0.2306483300741885
3.87  0.05617679953321006  -0.22880498705750302
3.88  0.05444299657912349  -0.22693071238277085
3.89  0.052965959449912656  -0.2250256561739743
3.9  0.05174345109193504  -0.22308997248998952
3.91  0.050771992952857864  -0.22112381931281822
3.92  0.05004688345146242  -0.21912735853533877
3.93  0.04956222088941058  -0.2171007559485697
3.94  0.0493109307217561  -0.21504418122845637
3.95  0.04928479708807093  -0.21295780792217128
3.96  0.04947449849148125  -0.21084181343393854
3.97  0.04986964749871868  -0.2086963790103759
3.98  0.05045883432053139  -0.20652168972536233
3.99  0.05122967411851928  -0.20431793446442487
4.0  0.05216885787169591  -0.2020853059086552
4.01  0.05326220662389143  -0.1998240005181467
4.0200000000000005  0.05449472892152528  -0.1975342185149629
4.03  0.05585068124033557  -0.19521616386563378
4.04  0.05731363118939699  -0.19287004426318105
4.05  0.05886652327122088  -0.19049607110867667
4.0600000000000005  0.060491746967944744  -0.18809445949233394
4.07  0.06217120691560435  -0.185665428174136
4.08  0.06388639492128212  -0.1832091995639969
4.09  0.06561846357155093  -0.18072599970146586
4.1  0.06734830117511705  -0.1782160582349694
4.11  0.06905660777791553  -0.1756796084005967
4.12  0.07072397198513711  -0.17311688700042982
4.13  0.07233094832183168  -0.1705281343804188
4.14  0.0738581348617493  -0.16791359440780695
4.15  0.07528625085305833  -0.16527351444810612
4.16  0.0765962140694602  -0.162608145341624
4.17  0.07776921761602665  -0.159917741379548
4.18  0.07878680592078696  -0.1572025602795845
4.19  0.0796309496457514  -0.15446286316115915
4.2  0.08028411925456518  -0.1516989145201792
4.21  0.0807293569784294  -0.1489109822033598
4.22  0.08095034692722218  -0.14609933738211667
4.23  0.08093148309891333  -0.14326425452602976
4.24  0.0806579350473643  -0.14040601137587927
4.25  0.080115710976421  -0.13752488891625408
4.26  0.07929171803681122  -0.1346211713477397
4.2700000000000005  0.07817381961171567  -0.13169514605868704
4.28  0.07675088938697472  -0.12874710359656322
4.29  0.07501286201267829  -0.12577733763888793
4.3  0.07295078017433321  -0.12278614496376061
4.3100000000000005  0.07055683790386061  -0.119773825419977
4.32  0.06782441997332243  -0.11674068189674491
4.33  0.06474813722745518  -0.11368702029299199
4.34  0.06132385772476942  -0.1106131494862801
4.3500000000000005  0.05754873357108532  -0.10751938130132127
4.36  0.05342122334390019  -0.1044060304781031
4.37  0.04894111002085287  -0.1012734146396218
4.38  0.044109514340730696  -0.0981218542592337
4.39  0.038928903540877025  -0.09495167262762111
4.4  0.033403095430480895  -0.0917631958193802
4.41  0.027537257775009677  -0.08855675265923574
4.42  0.021337902982881435  -0.08533267468787825
4.43  0.014812878101404275  -0.08209129612743948
4.44  0.007971350144864553  -0.07883295384659683
4.45  0.0008237867934946519  -0.07555798732532382
4.46  -0.006618067482284315  -0.07226673861927468
4.47  -0.01434121980238312  -0.06895955232382323
4.48  -0.022331461677109504  -0.06563677553774555
4.49  -0.03057340612649767  -0.062298757826562745
4.5  -0.03905052900396126  -0.05894585118553608
4.51  -0.047745214394973756  -0.055578410002326495
4.5200000000000005  -0.0566388039476208  -0.05219679101932123
4.53  -0.06571164997841572  -0.04880135329562851
4.54  -0.07494317218389551  -0.04539245816874615
4.55  -0.08431191777613407  -0.041970469215908746
4.5600000000000005  -0.0937956248486012  -0.03853575221511657
4.57  -0.10337128876766466  -0.03508867510585384
4.58  -0.11301523137463995  -0.031629607949492045
4.59  -0.12270317277355083  -0.02815892288939209
4.6000000000000005  -0.13241030547083554  -0.024676994110706063
4.61  -0.14211137062502222  -0.021184197799880955
4.62  -0.15178073615704585  -0.017680912103870128
4.63  -0.16139247646529956  -0.014167517089058002
4.64  -0.17092045348384582  -0.010644394699902415
4.65  -0.18033839881737132  -0.007111928717296823
4.66  -0.18961999668253043  -0.003570504716659484
4.67  -0.19873896738231295  -2.0510025753206484e-05
4.68  -0.20766915103791053  0.003537666317760868
4.69  -0.21638459130138102  0.007103633609027937
4.7  -0.22485961877212204  0.010676999518960673
4.71  -0.23306893384081875  0.01425737013745143
4.72  -0.240987688686072  0.017844350016829602
4.73  -0.24859156815144035  0.0214375422155601
4.74  -0.25585686923399314  0.025036548342179332
4.75  -0.2627605789197914  0.028640968599461303
4.76  -0.2692804501068753  0.03225040182881078
4.7700000000000005  -0.27539507536240493  0.03586444555488005
4.78  -0.281083958267485  0.03948269603039689
4.79  -0.28632758211093845  0.043104748281211414
4.8  -0.2911074757018059  0.046730196151543946
4.8100000000000005  -0.2954062760796519  0.05035863234943899
4.82  -0.2992077879117873  0.05398964849240989
4.83  -0.30249703937726763  0.05762283515328187
4.84  -0.3052603343489292  0.06125778190621595
4.8500000000000005  -0.30748530069678737  0.06489407737291852
4.86  -0.30916093454875127  0.06853130926902079
4.87  -0.3102776403578117  0.0721690644506357
4.88  -0.31082726663855254  0.07580692896107588
4.89  -0.3108031372500072  0.0794444880777353
4.9  -0.3102000781164524  0.08308132635912119
4.91  -0.30901443929268624  0.08671702769203865
4.92  -0.307244112295587  0.09035117533892223
4.93  -0.304888542639291  0.09398335198530033
4.94  -0.30194873752705575  0.09761313978739794
4.95  -0.29842726866879127  0.10124012041986413
4.96  -0.29432827020924124  0.10486387512362749
4.97  -0.28965743176787817  0.10848398475386228
4.98  -0.28442198660762963  0.11210002982807171
4.99  -0.2786306949655898  0.11571159057427349
5.0  -0.2722938225947554  0.11931824697929144
5.01  -0.2654231145816149  0.12291957883713683
5.0200000000000005  -0.2580317645199256  0.12651516579748262
5.03  -0.25013437913632774  0.13010458741422232
5.04  -0.24174693847837797  0.1336874231941056
5.05  -0.2328867517902237  0.13726325264544886
5.0600000000000005  -0.22357240921530075  0.14083165532691233
5.07  -0.21382372947918765  0.14439221089633963
5.08  -0.20366170371896064  0.14794449915965302
5.09  -0.19310843563809138  0.15148810011979996
5.1000000000000005  -0.18218707817799373  0.15502259402574436
5.11  -0.17092176690879218  0.15854756142149762
5.12  -0.1593375503526556  0.1620625831951824
5.13  -0.1474603174631382  0.16556724062812556
5.14  -0.13531672249328341  0.1690611154439735
5.15  -0.1229341074938217  0.17254378985782262
5.16  -0.1103404226905742  0.1760148466253615
5.17  -0.09756414499708102  0.17947386909201954
5.18  -0.08463419492461537  0.182920441242115
5.19  -0.07157985215691631  0.18635414774799344
5.2  -0.05843067006136803  0.18977457401915804
5.21  -0.04521638941172312  0.19318130625138105
5.22  -0.031966851600072364  0.19657393147579297
5.23  -0.018711911617303782  0.19995203760793928
5.24  -0.00548135108201819  0.20331521349680476
5.25  0.007695208402422021  0.20666304897379748
5.26  0.020788391284142067  0.20999513490168728
5.2700000000000005  0.03376915321590776  0.21331106322348736
5.28  0.046608865051731924  0.21661042701128236
5.29  0.05927939541745805  0.21989282051499437
5.3  0.07175319159060124  0.22315783921107288
5.3100000000000005  0.08400335843046397  0.22640507985111694
5.32  0.09600373510604344  0.2296341405104101
5.33  0.10772896937667006  0.23284462063637604
5.34  0.11915458918845626  0.2360361210969338
5.3500000000000005  0.13025707135865722  0.23920824422876127
5.36  0.14101390712972453  0.24236059388545034
5.37  0.15140366438533176  0.24549277548555876
5.38  0.16140604633171582  0.24860439606053827
5.39  0.17100194645952535  0.25169506430254934
5.4  0.18017349961371343  0.2547643906121465
5.41  0.1889041290119677  0.25781198714582865
5.42  0.19717858906569338  0.2608374678634567
5.43  0.20498300387145424  0.2638404485755235
5.44  0.212304901255238  0.26682054699027846
5.45  0.21913324226663677  0.26977738276069024
5.46  0.22545844603517362  0.272710577531258
5.47  0.2312724099163806  0.2756197549846486
5.48  0.2365685248708793  0.27850454088816845
5.49  0.24134168603549605  0.28136456314005104
5.5  0.24558829846142308  0.2841994518155686
5.51  0.24930627801038596  0.28700883921294984
5.5200000000000005  0.25249504741586953  0.2897923598991087
5.53  0.25515552753241066  0.29254965075516615
5.54  0.2572901238118946  0.2952803510217753
5.55  0.25890270806156496  0.29798410234423117
5.5600000000000005  0.25999859555403954  0.30066054881736326
5.57  0.2605845175749447  0.3033093370302099
5.58  0.2606685895088594  0.30593011611046417
5.59  0.26026027457891454  0.3085225377686891
5.6000000000000005  0.25937034336972764  0.3110862563422906
5.61  0.2580108292772062  0.3136209288392509
5.62  0.25619498004211505  0.3161262149816148
5.63  0.25393720553715565  0.31860177724871896
5.64  0.2512530219895737  0.32104728092016155
5.65  0.24815899283294265  0.32346239411851097
5.66  0.24467266639278176  0.32584678785174315
5.67  0.24081251062095788  0.32820013605540255
5.68  0.23659784510341206  0.33052211563448475
5.69  0.23204877057454038  0.3328124065050345
5.7  0.22718609617963242  0.3350706916354515
5.71  0.22203126473394577  0.3372966570875003
5.72  0.2166062762334038  0.33948999205702196
5.73  0.2109336098774225  0.3416503889143383
5.74  0.20503614486900065  0.3437775432443466
5.75  0.19893708026097687  0.3458711538862962
5.76  0.19265985412021097  0.34793092297324624
5.7700000000000005  0.18622806228335098  0.3499565559712008
5.78  0.17966537697891072  0.35194776171790465
5.79  0.1729954655904269  0.3539042524613135
5.8  0.16624190983466774  0.3558257438977175
5.8100000000000005  0.1594281256271109  0.35771195520952404
5.82  0.1525772839042256  0.3595626091026856
5.83  0.14571223266854805  0.36137743184377774
5.84  0.13885542051808084  0.36315615329671624
5.8500000000000005  0.1320288219161816  0.36489850695911025
5.86  0.12525386445195857  0.3666042299982448
5.87  0.11855135833411205  0.3682730632866945
5.88  0.11194142835334611  0.3699047514375553
5.89  0.10544344853983598  0.37149904283929897
5.9  0.09907597973283902  0.3730556896902343
5.91  0.09285671026942585  0.3745744480325814
5.92  0.08680239998850292  0.37605507778615443
5.93  0.08092882773484002  0.3774973427816335
5.94  0.0752507425357171  0.37890101079344285
5.95  0.06978181861018445  0.3802658535722153
5.96  0.06453461435770175  0.38159164687684727
5.97  0.05952053545928568  0.3828781705061325
5.98  0.054749802210152035  0.3841252083299793
5.99  0.050231421188332986  0.38533254832019936
6.0  0.045973161348896924  0.38649998258087276
6.01  0.04198153461823895  0.3876273073782711
6.0200000000000005  0.03826178104751604  0.38871432317035143
6.03  0.034817858568708226  0.389760834635807
6.04  0.031652437381049975  0.39076665070267097
6.05  0.028766898979779743  0.3917315845764737
6.0600000000000005  0.026161339823273094  0.3926554537679467
6.07  0.02383457961881917  0.39353808012027347
6.08  0.021784174191528324  0.3943792898358732
6.09  0.020006432885222886  0.39517891350272893
6.1000000000000005  0.018496440428726543  0.3959367861202442
6.11  0.017248083185717022  0.39665274712463205
6.12  0.016254079691381845  0.39732664041382604
6.13  0.015506015364518067  0.3979583143719171
6.140000000000001  0.014994381269453724  0.39854762189311
6.15  0.014708616788399242  0.3990944204051931
6.16  0.014637156051516054  0.39959857189252124
6.17  0.014767477959151079  0.4000599429185099
6.18  0.015086159618492051  0.4004784046476355
6.19  0.015578933005235163  0.4008538328669351
6.2  0.016230744649866832  0.40118610800701104
6.21  0.01702581813787163  0.4014751151625287
6.22  0.017947719203567532  0.4017207441122139
6.23  0.018979423188415598  0.4019228893383328
6.24  0.020103384626625746  0.4020814500456681
6.25  0.021301608713553653  0.40219633017997736
6.26  0.022555724406009482  0.40226743844593604
6.2700000000000005  0.023847058897985877  0.4022946883245573
6.28  0.025156713210595417  0.4022779980900928
6.29  0.02646563863120904  0.40221729082640845
6.3  0.027754713733834827  0.40211249444283054
6.3100000000000005  0.02900482171075142  0.40196354168946313
6.32  0.030196927744350954  0.4017703701719733
6.33  0.03131215614789312  0.40153292236584354
6.34  0.03233186700467071  0.4012511456300828
6.3500000000000005  0.033237732036705624  0.40092499222040334
6.36  0.03401180943665562  0.40055441930185354
6.37  0.03463661740010658  0.4001393889609088
6.38  0.03509520609976083  0.39967986821701695
6.390000000000001  0.03537122784826356  0.3991758290335945
6.4  0.03544900520254815  0.3986272483284768
6.41  0.03531359676944874  0.3980341079838163
6.42  0.03495086048014532  0.397396394855426
6.43  0.034347514109506386  0.3967141007815708
6.44  0.033491192825707165  0.39598722259120234
6.45  0.032370503565532976  0.3952157621116357
6.46  0.030975076041521582  0.39439972617566554
6.47  0.029295610198443872  0.39353912662812385
6.48  0.027323919948685146  0.39263398033187497
6.49  0.02505297302863882  0.3916843091732457
6.5  0.022476926831379487  0.39069014006689173
6.51  0.0195911600844923  0.3896515049600994
6.5200000000000005  0.016392300256028017  0.38856844083651654
6.53  0.012878246586009862  0.38744098971932067
6.54  0.009048188655768605  0.3862691986738109
6.55  0.0049026204224992265  0.3850531198094375
6.5600000000000005  0.0004433496618356514  0.38379281028125306
6.57  -0.004326497223189674  0.3824883322907974
6.58  -0.009402475052683879  0.3811397530864056
6.59  -0.01477882438998862  0.3797471449629463
6.6000000000000005  -0.02044848072551489  0.3783105852609818
6.61  -0.02640308830263699  0.37683015636535894
6.62  -0.03263301854816833  0.37530594570321807
6.63  -0.03912739305426402  0.3737380457414329
6.640000000000001  -0.045874111043070584  0.37212655398346994
6.65  -0.05285988123018054  0.37047157296567446
6.66  -0.06007025798791346  0.3687732102529785
6.67  -0.06748968169476213  0.3670315784340312
6.68  -0.07510152314304032  0.3652467951157564
6.69  -0.08288813186285823  0.3634189829173271
6.7  -0.0908308882071292  0.36154826946356977
6.71  -0.09891025902943892  0.3596347873777862
6.72  -0.10710585677418877  0.3576786742740028
6.73  -0.11539650178674166  0.3556800727486406
6.74  -0.12376028764014993  0.3536391303716122
6.75  -0.13217464926461975  0.351555999676839
6.76  -0.1406164336561342  0.34943083815219717
6.7700000000000005  -0.14906197293170584  0.34726380822888536
6.78  -0.15748715949048306  0.3450550772702202
6.79  -0.1658675230325865  0.34280481755985703
6.8  -0.1741783091809389  0.34051320628943793
6.8100000000000005  -0.18239455944564542  0.3381804255456674
6.82  -0.1904911922656447  0.3358066622968169
6.83  -0.19844308485836853  0.33339210837865785
6.84  -0.2062251556050813  0.33093696047982535
6.8500000000000005  -0.21381244669745014  0.32844142012661337
6.86  -0.2211802067696112  0.325905693667203
6.87  -0.2283039732397386  0.3233299922553222
6.88  -0.23515965408569972  0.32071453183334225
6.890000000000001  -0.2417236087809203  0.31805953311480956
6.9  -0.24797272811905724  0.3153652215664146
6.91  -0.2538845126594163  0.3126318273893998
6.92  -0.2594371495293144  0.30985958550040693
6.93  -0.26460958732475637  0.30704873551176726
6.94  -0.26938160885677875  0.3041995217112345
6.95  -0.27373390149769  0.30131219304116286
6.96  -0.27764812488914375  0.29838700307713206
6.97  -0.2811069757824218  0.2954242100060194
6.98  -0.28409424979060804  0.292424076603524
6.99  -0.28659489984232184  0.28938687021114406
7.0  -0.2885950911373725  0.28631286271260425
7.01  -0.29008225241609303  0.2832023305097438
7.0200000000000005  -0.29104512336613564  0.2800555544978603
7.03  -0.2914737980030879  0.276872820040517
7.04  -0.29135976387447293  0.2736544169438091
7.05  -0.29069593695033724  0.27040063943009707
7.0600000000000005  -0.2894766920777742  0.26711178611120945
7.07  -0.2876978888912962  0.2637881599611126
7.08  -0.28535689308585765  0.2604300682880528
7.09  -0.28245259297459413  0.2570378227061763
7.1000000000000005  -0.2789854112688412  0.2536117391066241
7.11  -0.2749573120336995  0.25015213762810895
7.12  -0.2703718027883177  0.24665934262697364
7.13  -0.26523393173604315  0.24313368264673607
7.140000000000001  -0.259550280125641  0.23957549038712367
7.15  -0.25332894976084824  0.23598510267259837
7.16  -0.2465795456915018  0.2323628604203758
7.17  -0.23931315413541554  0.2287091086079439
7.18  -0.2315423156958961  0.22502419624008008
7.19  -0.22328099395532633  0.22130847631537431
7.2  -0.21454453954052602  0.21756230579225894
7.21  -0.20534964977053832  0.21378604555454722
7.22  -0.19571432401211195  0.20998006037648764
7.23  -0.1856578148823222  0.20614471888733454
7.24  -0.17520057545149637  0.20228039353544042
7.25  -0.16436420261283557  0.19838746055186973
7.26  -0.15317137679783147  0.19446629991354358
7.2700000000000005  -0.14164579822859852  0.19051729530591405
7.28  -0.12981211990976582  0.18654083408517452
7.29  -0.1176958775733068  0.18253730724000772
7.3  -0.10532341679978686  0.17850710935287634
7.3100000000000005  -0.0927218175488658  0.17445063856086201
7.32  -0.07991881634042333  0.1703682965160535
7.33  -0.06694272633547371  0.1662604883454874
7.34  -0.05382235557301138  0.16212762261065095
7.3500000000000005  -0.040586923624955196  0.1579701112665438
7.36  -0.027265976936677445  0.15378836962031
7.37  -0.013889303124884064  0.14958281628943676
7.38  -0.00048684450809001814  0.1453538731595312
7.390000000000001  0.012911388852517684  0.1411019653416744
7.4  0.02627540632246572  0.1368275211293628
7.41  0.03957532379354677  0.13253097195503127
7.42  0.052781450433668164  0.12821275234617546
7.43  0.06586437480836718  0.12387329988106693
7.44  0.07879505009737575  0.11951305514407068
7.45  0.09154487813264603  0.11513246168057056
7.46  0.10408579198821433  0.11073196595150248
7.47  0.11639033685696273  0.10631201728750611
7.48  0.12843174895515747  0.10187306784269334
7.49  0.1401840322020702  0.09741557254804761
7.5  0.1516220324294332  0.09293998906444545
7.51  0.16272150888362882  0.08844677773531884
7.5200000000000005  0.17345920279250016  0.08393640153895426
7.53  0.18381290277837126  0.0794093260404386
7.54  0.19376150690937283  0.07486601934325138
7.55  0.2032850811921998  0.07030695204051496
7.5600000000000005  0.21236491432131233  0.06573259716590274
7.57  0.22098356851192127  0.06114343014421475
7.58  0.22912492625708258  0.056539928741620005
7.59  0.2367742328627031  0.05192257301557507
7.6000000000000005  0.24391813462824638  0.04729184526442726
7.61  0.25054471255529054  0.042648229976699814
7.62  0.25664351148093417  0.03799221378006845
7.63  0.2622055645481039  0.033324285390037955
7.640000000000001  0.2672234129402805  0.028644935558315487
7.65  0.27169112082377594  0.023954657020901937
7.66  0.2756042854565252  0.01925394444588291
7.67  0.2789600424383152  0.014543294380950422
7.68  0.2817570660934035  0.00982320520063984
7.69  0.2839955649925279  0.00509417705330506
7.7  0.28567727263734227  0.00035671180782603784
7.71  0.2868054333462401  -0.004388686999946045
7.72  0.28738478339634055  -0.009141514220992575
7.73  0.28742152749200833  -0.013901263147175824
7.74  0.2869233106456663  -0.01866742556553158
7.75  0.285899185571713  -0.023439491812799473
7.76  0.2843595757091074  -0.028216950830180332
7.7700000000000005  0.28231623400250705  -0.03299929021831438
7.78  0.27978219758576184  -0.03778599629247836
7.79  0.2767717385249425  -0.04257655413800299
7.8  0.27330031079100736  -0.04737044766588039
7.8100000000000005  0.2693844936444791  -0.05216715966858493
7.82  0.26504193162620426  -0.05696617187607711
7.83  0.2602912713593062  -0.06176696501200779
7.84  0.2551520953777907  -0.06656901885008826
7.8500000000000005  0.24964485320685714  -0.0713718122706486
7.86  0.24379078992886916  -0.07617482331735437
7.87  0.2376118724769725  -0.0809775292540999
7.88  0.23113071390563444  -0.08577940662204231
7.890000000000001  0.22437049589380442  -0.09057993129679853
7.9  0.217354889741937  -0.09537857854577636
7.91  0.21010797612883  -0.10017482308565695
7.92  0.2026541638980266  -0.10496813913999314
7.930000000000001  0.19501810814639192  -0.10975800049694373
7.94  0.18722462788950023  -0.11454388056712345
7.95  0.17929862357947451  -0.11932525244156494
7.96  0.17126499475108908  -0.12410158894978762
7.97  0.16314855807114959  -0.12887236271796643
7.98  0.15497396606442715  -0.1336370462271932
7.99  0.14676562678684468  -0.1383951118718253
8.0  0.13854762471302856  -0.1431460320179152
8.01  0.13034364310095684  -0.1478892790617129
8.02  0.12217688809111078  -0.15262432548823723
8.03  0.11407001479137731  -0.15735064392990644
8.040000000000001  0.10604505559193997  -0.16206770722522457
8.05  0.0981233509466053  -0.16677498847751587
8.06  0.09032548284835501  -0.1714719611136994
8.07  0.0826712112176038  -0.17615809894309897
8.08  0.07517941341150713  -0.18083287621628252
8.09  0.06786802705189579  -0.18549576768392123
8.1  0.06075399635794865  -0.19014624865566582
8.11  0.05385322215767714  -0.19478379505902854
8.120000000000001  0.047180515739624576  -0.1994078834982737
8.13  0.04074955669302778  -0.2040179913132908
8.14  0.03457285487098982  -0.20861359663847187
8.15  0.028661716597140632  -0.21319417846156014
8.16  0.023026215221701743  -0.2177592166824781
8.17  0.017675166118055724  -0.2223081921721241
8.18  0.012616106195724092  -0.22684058683113115
8.19  0.007855277990278686  -0.2313558836485799
8.2  0.0033976183750997757  -0.2358535667606667
8.21  -0.0007532480758567495  -0.24033312150930394
8.22  -0.004595011060941068  -0.24479403450066264
8.23  -0.008126671861885912  -0.24923579366364654
8.24  -0.01134853601146163  -0.2536578883082826
8.25  -0.014262201351887743  -0.25805980918403104
8.26  -0.016870541533841446  -0.2624410485380022
8.27  -0.019177685021385782  -0.2668011001730824
8.28  -0.021188989683391293  -0.27113945950594454
8.290000000000001  -0.022911013067016248  -0.27545562362495946
8.3  -0.024351478463452134  -0.27974909134798176
8.31  -0.025519236890407304  -0.2840193632800188
8.32  -0.026424225129652562  -0.28826594187076515
8.33  -0.027077419971312834  -0.29248833147199926
8.34  -0.02749078882945645  -0.2966860383948388
8.35  -0.027677236905799117  -0.30085857096684876
8.36  -0.02765055109005038  -0.30500543958898435
8.370000000000001  -0.027425340796456907  -0.30912615679237987
8.38  -0.02701697594648391  -0.31322023729496085
8.39  -0.026441522317193163  -0.31728719805788713
8.4  -0.025715674483832163  -0.3213265583418067
8.41  -0.02485668659321206  -0.3253378397629223
8.42  -0.023882301211853325  -0.3293205663488675
8.43  -0.022810676499302775  -0.3332742645943696
8.44  -0.021660311962726015  -0.3371984635167151
8.45  -0.020449973053622877  -0.34109269471099446
8.46  -0.01919861487143602  -0.3449564924051267
8.47  -0.017925305241781708  -0.3487893935146553
8.48  -0.01664914743916173  -0.35259093769731287
8.49  -0.015389202825134035  -0.3563606674073401
8.5  -0.014164413673237536  -0.36009812794956675
8.51  -0.012993526451231217  -0.3638028675332267
8.52  -0.011895015829670896  -0.36747443732552554
8.53  -0.01088700968333646  -0.371112391504936
8.540000000000001  -0.009987215348605062  -0.3747162873142248
8.55  -0.009212847395595337  -0.37828568511319616
8.56  -0.00858055716873267  -0.38182014843115825
8.57  -0.008106364343324929  -0.38531924401909623
8.58  -0.007805590738922216  -0.3887825419015434
8.59  -0.007692796622483844  -0.3922096154281576
8.6  -0.007781719725937664  -0.39560004132498494
8.61  -0.008085217193464458  -0.39895339974540833
8.620000000000001  -0.0086152106638515  -0.40226927432077886
8.63  -0.009382634682603239  -0.4055472522107121
8.64  -0.010397388627169019  -0.40878692415306106
8.65  -0.011668292316654116  -0.4119878845135483
8.66  -0.01320304546489054  -0.415149731335045
8.67  -0.015008191122621764  -0.4182720663865111
8.68  -0.017089083240979755  -0.4213544952115715
8.69  -0.01944985847442847  -0.4243966271767341
8.700000000000001  -0.022093412326876394  -0.4273980755192376
8.71  -0.025021379729883636  -0.43035845739452433
8.72  -0.02823412012680679  -0.4332773939233425
8.73  -0.03173070712133169  -0.43615451023844903
8.74  -0.03550892273332765  -0.438989435530934
8.75  -0.039565256289225664  -0.44178180309614395
8.76  -0.043894907958315216  -0.4445312503792038
8.77  -0.048491796930517306  -0.4472374190201317
8.78  -0.05334857421533459  -0.44989995489854206
8.790000000000001  -0.05845664002589769  -0.4525185081779317
8.8  -0.06380616569636645  -0.4550927333495348
8.81  -0.06938612006544657  -0.4576222892757612
8.82  -0.07518430024348717  -0.46010683923319157
8.83  -0.08118736666563109  -0.4625460509551366
8.84  -0.08738088231879969  -0.4649395966737514
8.85  -0.09374935601597299  -0.4672871531616994
8.86  -0.10027628957733375  -0.46958840177336186
8.870000000000001  -0.10694422876441981  -0.47184302848559134
8.88  -0.11373481780049244  -0.47405072393798997
8.89  -0.12062885729800107  -0.4762111834727295
8.9  -0.12760636540221915  -0.4783241071738905
8.91  -0.13464664194902531  -0.4803891999063227
8.92  -0.14172833542433896  -0.4824061713540201
8.93  -0.14882951250298898  -0.48437473605801007
8.94  -0.15592772993576298  -0.4862946134537462
8.950000000000001  -0.1630001085452017  -0.48816552790799883
8.96  -0.17002340908322125  -0.489987208755249
8.97  -0.1769741096971151  -0.4917593903335711
8.98  -0.18382848474465338  -0.4934818120200031
8.99  -0.19056268469419838  -0.49515421826539985
9.0  -0.1971528168416853  -0.49677635862876546
9.01  -0.20357502657327872  -0.4983479878110625
9.02  -0.209805578900269  -0.499868865688484
9.03  -0.2158209399915597  -0.5013387573451994
9.040000000000001  -0.22159785842869223  -0.5027574331055578
9.05  -0.2271134459089592  -0.5041246685657489
9.06  -0.2323452571236589  -0.5054402446249187
9.07  -0.23727136854092168  -0.5067039475157326
9.08  -0.24187045582588684  -0.5079155688343866
9.09  -0.2461218696352317  -0.5090749055700576
9.1  -0.25000570952813117  -0.5101817601337899
9.11  -0.2535028957417271  -0.5112359403868196
9.120000000000001  -0.2565952385859967  -0.5122372596683268
9.13  -0.2592655052205385  -0.5131855368226133
9.14  -0.26149748358427516  -0.5140805962257051
9.15  -0.26327604325825527  -0.5149222678113721
9.16  -0.2645871930517182  -0.5157103870965665
9.17  -0.26541813511224216  -0.5164447952062683
9.18  -0.2657573153721512  -0.517125338897745
9.19  -0.2655944701553136  -0.517751870584214
9.200000000000001  -0.2649206687810572  -0.5183242483579087
9.21  -0.26372835201503175  -0.5188423360125419
9.22  -0.2620113662305082  -0.5193060030651683
9.23  -0.2597649931576763  -0.519715124777435
9.24  -0.2569859751130528  -0.5200695821762326
9.25  -0.25367253561596226  -0.5203692620737161
9.26  -0.24982439531428802  -0.5206140570867267
9.27  -0.24544278315715476  -0.5208038656555858
9.28  -0.24053044276788665  -0.5209385920622718
9.290000000000001  -0.235091633986455  -0.5210181464479698
9.3  -0.22913212956659382  -0.5210424448299973
9.31  -0.2226592070287715  -0.5210114091181011
9.32  -0.21568163568627224  -0.520924967130119
9.33  -0.20820965887758314  -0.5207830526070116
9.34  -0.20025497145418794  -0.5205856052272567
9.35  -0.1918306925885947  -0.5203325706206048
9.36  -0.18295133398292301  -0.5200239003811936
9.370000000000001  -0.17363276357364832  -0.5196595520800211
9.38  -0.1638921648430587  -0.5192394892767715
9.39  -0.15374799186252305  -0.5187636815310014
9.4  -0.14321992020691318  -0.5182321044126633
9.41  -0.13232879389317978  -0.5176447395119933
9.42  -0.12109656850933886  -0.5170015744487385
9.43  -0.10954625071278398  -0.5163026028807328
9.44  -0.09770183428892591  -0.5155478245118162
9.450000000000001  -0.08558823297260124  -0.5147372450990974
9.46  -0.07323121024551472  -0.5138708764595599
9.47  -0.06065730633298538  -0.5129487364760024
9.48  -0.0478937626327228  -0.5119708491023238
9.49  -0.03496844381681011  -0.5109372443681433
9.5  -0.02190975785594848  -0.5098479583827559
9.51  -0.00874657422190879  -0.5087030333384244
9.52  0.004491859469722848  -0.5075025175130038
9.53  0.01777600210920824  -0.5062464652719016
9.540000000000001  0.031076104763051695  -0.5049349370693681
9.55  0.04436229708999399  -0.5035679994491168
9.56  0.05760467422498386  -0.5021457250442779
9.57  0.07077338385179399  -0.5006681925766817
9.58  0.08383871318432043  -0.4991354868554701
9.59  0.09677117557681114  -0.4975476987750368
9.6  0.10954159648442038  -0.495904925312297
9.61  0.12212119849756868  -0.4942072695232851
9.620000000000001  0.1344816851766058  -0.49245484053907745
9.63  0.14659532341711673  -0.4906477535610468
9.64  0.15843502408110482  -0.4887861298554395
9.65  0.16997442063485166  -0.4868700967472842
9.66  0.18118794554086531  -0.4848997876136244
9.67  0.19205090415865073  -0.482875341876079
9.68  0.20253954591725687  -0.480796904992733
9.69  0.21263113253147062  -0.4786646284493524
9.700000000000001  0.22230400304330655  -0.4764786697499261
9.71  0.231537635480818  -0.47423919240654194
9.72  0.2403127049374697  -0.4719463659285846
9.73  0.248611137887007  -0.46960036581126696
9.74  0.25641616256121647  -0.46720137352349017
9.75  0.2637123552308964  -0.464749576495034
9.76  0.27048568224387914  -0.46224516810307903
9.77  0.2767235376878819  -0.45968834765805916
9.78  0.2824147765604086  -0.4570793203888492
9.790000000000001  0.28754974334268524  -0.4544182974272849
9.8  0.29212029588977373  -0.45170549579201996
9.81  0.2961198245644122  -0.44894113837171534
9.82  0.29954326655778707  -0.4461254539075688
9.83  0.302387115356284  -0.44325867697518295
9.84  0.3046494253292432  -0.4403410479657733
9.85  0.30632981142877846  -0.4373728130667127
9.86  0.3074294440088038  -0.4343542242414264
9.870000000000001  0.30795103878644436  -0.43128553920862517
9.88  0.30789884198498263  -0.42816702142088925
9.89  0.30727861071329815  -0.42499894004259386
9.9  0.3060975886524054  -0.42178156992718996
9.91  0.30436447713508763  -0.4185151915938338
9.92  0.30208940171971876  -0.415200091203369
9.93  0.299283874374136  -0.41183656053366513
9.94  0.2959607513997863  -0.4084248969543138
9.950000000000001  0.2921341872402914  -0.4049654034006816
9.96  0.287819584332043  -0.40145838834733044
9.97  0.28303353916731444  -0.3979041657807936
9.98  0.27779378475274563  -0.3943030551717255
9.99  0.27211912965776663  -0.39065538144641576
10.0  0.2660293938585959  -0.3869614749576793
