0.0  3.3242995791205074  6.225590223521373
0.005  3.4114677970424454  6.466469211756851
0.01  3.497619428115667  6.6958018702838835
0.015  3.5827185905289003  6.913215664856651
0.02  3.6667295577181536  7.118359382368137
0.025  3.7496167968112277  7.310903724875137
0.03  3.8313450076126183  7.490541864303563
0.035  3.911879162057467  7.6569899568831925
0.04  3.991184544061694  7.809987616433435
0.045  4.06922678969408  7.949298345695691
0.05  4.145971927594835  8.074709924983333
0.055  4.221386419564081  8.18603475749677
0.06  4.295437201242844  8.283110170728957
0.065  4.368091722808311  8.36579867346518
0.07  4.439317989604554  8.433988167960633
0.075  4.509084602629513  8.487592116959243
0.08  4.577360798798715  8.526549665298079
0.085  4.644116490906142  8.550825715922647
0.09  4.709322307202728  8.560410960219677
0.095  4.772949630513154  8.555321862655562
0.1  4.834970636812084  8.535600599789731
0.105  4.89535833318146  8.501314953813669
0.11  4.954086595071282  8.452558160846944
0.115  5.0111302027871325  8.389448714301977
0.12  5.066464877128792  8.31213012370909
0.125  5.120067314105501  8.220770629472192
0.13  5.171915218654781  8.115562874103613
0.135  5.221987337293274  7.9967235305634805
0.14  5.270263489629737  7.8644928884049214
0.145  5.316724598672153  7.719134398500796
0.15  5.361352719862891  7.5609341772007355
0.155  5.404131068777995  7.390200470838694
0.16  5.445044047428894  7.207263081580961
0.165  5.484077269107266  7.0124727556724995
0.17  5.52121758171629  6.806200535205469
0.17500000000000002  5.556453089534114  6.588837074597623
0.18  5.589773173358248  6.360791923030073
0.185  5.6211685089823415  6.1224927741532635
0.19  5.650631083959894  5.874384684427141
0.195  5.678154212612444  5.616929261515945
0.2  5.703732549243055  5.3506038242101335
0.20500000000000002  5.727362099519119  5.075900535397135
0.21  5.74904022999189  4.793325509649287
0.215  5.768765675723603  4.503397897040851
0.22  5.786538545996469  4.206648944846956
0.225  5.802360328081523  3.9036210388149444
0.23  5.816233889048775  3.594866725733436
0.23500000000000001  5.82816347560391  3.2809477190560523
0.24  5.8381547119404065  2.9624338893651343
0.245  5.846214595599716  2.639902241486149
0.25  5.852351491335931  2.3139358800853884
0.255  5.856575122985097  1.9851229656023652
0.26  5.8588965633431895  1.6540556623836
0.265  5.859328222060493  1.3213290808966458
0.27  5.857883831564011  0.9875402159118674
0.275  5.854578431023189  0.6532868825447288
0.28  5.849428348378115  0.3191666520533699
0.28500000000000003  5.8424511804530015  -0.014224210715175989
0.29  5.833665771181468  -0.3462918063417133
0.295  5.823092187973839  -0.6764456544342119
0.3  5.810751696260191  -1.0040997399408629
0.305  5.796666732246472  -1.328673550323057
0.31  5.7808608739245075  -1.6495931017523349
0.315  5.763358810380029  -1.9662919525169085
0.32  5.744186309446283  -2.2782122018479245
0.325  5.723370183753931  -2.58480547240336
0.33  5.700938255231134  -2.8855338746783548
0.335  5.676919318110745  -3.1798709516446735
0.34  5.651343100504476  -3.467302601958944
0.34500000000000003  5.624240224606682  -3.7473279801191572
0.35000000000000003  5.595642165593223  -4.019460371991524
0.355  5.5655812092832955  -4.283228044175361
0.36  5.534090408634684  -4.5381750657217195
0.365  5.501203539145189  -4.783862100772186
0.37  5.466955053235119  -5.019867170737644
0.375  5.43138003368782  -5.245786384692277
0.38  5.394514146227068  -5.461234636716091
0.385  5.3563935913119165  -5.665846268979406
0.39  5.317055055231172  -5.859275699424934
0.395  5.27653566058105  -6.041198012967262
0.4  5.234872916210886  -6.211309515195641
0.405  5.192104666722824  -6.369328247633769
0.41000000000000003  5.148269041612397  -6.514994463679584
0.41500000000000004  5.103404404137583  -6.648071064419129
0.42  5.057549300004612  -6.768343993580628
0.425  5.010742405959149  -6.875622590968531
0.43  4.963022478371778  -6.969739903791789
0.435  4.914428301906728  -7.050552955376222
0.44  4.86499863836276  -7.117942970827162
0.445  4.814772175774784  -7.171815559285667
0.45  4.763787477864397  -7.212100852499189
0.455  4.712082933926861  -7.238753599505628
0.46  4.65969670924132  -7.251753217308017
0.465  4.606666696090015  -7.2511037974954675
0.47000000000000003  4.5530304654712115  -7.236834068844583
0.47500000000000003  4.498825219589215  -7.208997316013639
0.48  4.444087745203416  -7.167671254520025
0.485  4.388854367916691  -7.112957862268899
0.49  4.333160907481731  -7.044983167978128
0.495  4.277042634201924  -6.963896996920787
0.5  4.220534226501339  -6.8698726744821705
0.505  4.163669729736227  -6.7631066881025905
0.51  4.106482516317941  -6.64381830825083
0.515  4.049005247214852  -6.512249169145244
0.52  3.9912698348981017  -6.368662810010374
0.525  3.933307407793303  -6.213344177726298
0.53  3.8751482762974847  -6.046599091795757
0.535  3.8168219004174966  -5.868753672620068
0.54  3.7583568590830927  -5.680153734139118
0.545  3.6997808211846266  -5.481164141953001
0.55  3.641120518382087  -5.272168138103023
0.555  3.5824017197287246  -5.053566633747886
0.56  3.523649208149148  -4.825777471026693
0.5650000000000001  3.4648867588081464  -4.589234655453748
0.5700000000000001  3.40613711940295  -4.344387560241218
0.5750000000000001  3.3474219924079307  -4.091700103994073
0.58  3.288762019297006  -3.8316499032676496
0.585  3.230176766765311  -3.5647274015211403
0.59  3.171684714967813  -3.2914349760409487
0.595  3.113303247788702  -3.012286024444947
0.6  3.0550486451516363  -2.7278040324136854
0.605  2.996936077376872  -2.4385216243259658
0.61  2.9389796015875604  -2.1449795985049525
0.615  2.881192160163515  -1.8477259488064601
0.62  2.823585581236943  -1.5473148743036413
0.625  2.766170581220682  -1.2443057788414198
0.63  2.7089567693557255  -0.9392622622503561
0.635  2.651952654260946  -0.6327511050224217
0.64  2.595165652464191  -0.3253412482609743
0.645  2.5386020988901685  -0.01760277072367833
0.65  2.4822672592768766  0.2898941352196332
0.655  2.4261653444887283  0.5965801868920386
0.66  2.370299526690962  0.9018880320588523
0.665  2.31467195734645  1.2052532653087167
0.67  2.2592837869926634  1.5061154382637816
0.675  2.2041351867531955  1.8039190618290661
0.68  2.149225371535116  2.0981145987071725
0.685  2.0945526248602233  2.388159444423501
0.6900000000000001  2.0401143252754004  2.673518895129602
0.6950000000000001  1.9859069742842497  2.9536671004772974
0.7000000000000001  1.9319262257395236  3.228087999884687
0.705  1.8781669166332433  3.4962762405462704
0.71  1.8246230992187424  3.757738075573652
0.715  1.7712880743967112  4.011992240689952
0.72  1.7181544262949195  4.258570807941199
0.725  1.6652140579692574  4.497020014929911
0.73  1.6124582281518385  4.72690106812128
0.735  1.5598775889700427  4.947790918819845
0.74  1.5074622245587905  5.159283010464436
0.745  1.4552016904868719  5.360987995941424
0.75  1.4030850539167714  5.5525344236709
0.755  1.3511009344163836  5.733569391276992
0.76  1.2992375453399196  5.903759165712276
0.765  1.247482735694549  6.062789768766849
0.77  1.1958240324086824  6.210367526955122
0.775  1.144248682917241  6.346219584837551
0.78  1.0927436979790572  6.470094380900311
0.785  1.0412958946413131  6.58176208518314
0.79  0.9898919392660014  6.681014997914265
0.795  0.9385183905336292  6.767667908481057
0.8  0.8871617423396444  6.841558414136115
0.805  0.8358084664997679  6.9025471979103825
0.81  0.7844450551809329  6.950518265277602
0.8150000000000001  0.7330580629756048  6.985379139188116
0.8200000000000001  0.6816341485381165  7.007061013163902
0.8250000000000001  0.6301601157029545  7.015518862221472
0.8300000000000001  0.5786229540062944  7.010731511464034
0.835  0.5270098785334998  6.99270166225947
0.84  0.475308369017091  6.961455875995787
0.845  0.42350620811140405  6.9170445154808045
0.85  0.3715915187721503  6.8595416441276456
0.855  0.31955280067122116  6.789044883142235
0.86  0.2673789655792413  6.705675227002946
0.865  0.2150593716508014  6.609576817596072
0.87  0.16258385654977037  6.500916677443542
0.875  0.10994276935466729  6.379884402531115
0.88  0.057127001186865645  6.2466918153162325
0.885  0.004128014507148892  6.101572578564483
0.89  -0.049062128970852215  5.944781770732181
0.895  -0.10245074179880811  5.776595423679791
0.9  -0.15604448578879665  5.597310023566642
0.905  -0.2098493485274651  5.407241975841616
0.91  -0.2638706214481361  5.206727035306849
0.915  -0.31811287949635125  4.996119702292303
0.92  -0.3725799624209185  4.775792586037707
0.925  -0.42727495771912216  4.546135736435236
0.93  -0.48220018526113506  4.307555945340868
0.935  -0.5373571836152446  4.060476018714949
0.9400000000000001  -0.5927466980917498  3.805334020902513
0.9450000000000001  -0.6483686705199286  3.5425824924118494
0.9500000000000001  -0.7042222307687377  3.2726876425951117
0.9550000000000001  -0.7603056900182484  2.996128518677563
0.96  -0.8166165357852878  2.7133961526222947
0.965  -0.8731514287029458  2.4249926873548606
0.97  -0.9299062010501082  2.1314304839069065
0.975  -0.9868758570235068  1.8332312110701574
0.98  -1.0440545747411711  1.530924919181111
0.985  -1.1014357099626648  1.225049099683022
0.99  -1.159011801507945  0.9161477321354977
0.995  -1.216774578353221  0.6047703203617747
1.0  -1.2747149683788133  0.2914709194418649
1.0050000000000001  -1.3328231087406421  -0.023192844726651063
1.01  -1.391088357833719  -0.33866076156633695
1.0150000000000001  -1.4494993088128336  -0.6543710259148572
1.02  -1.508043804632473  -0.969761230329901
1.025  -1.5667089545650832  -1.2842693578556044
1.03  -1.6254811521537311  -1.5973347735022392
1.035  -1.6843460945525077  -1.9083992126954858
1.04  -1.7432888032053118  -2.2169077649588784
1.045  -1.8022936458108922  -2.5223098511024276
1.05  -1.8613443595198071  -2.824060192204924
1.055  -1.9204240753063324  -3.121619768692284
1.06  -1.979515343456336  -3.4144567678346953
1.065  -2.0386001601098895  -3.702047518006451
1.07  -2.097659994795541  -3.983877408078244
1.075  -2.156675818891273  -4.259441790338728
1.08  -2.215628134945539  -4.528246865373557
1.085  -2.274497006790242  -4.789810547362748
1.09  -2.3332620903761385  -5.043663308293926
1.095  -2.391902665259903  -5.289348999626932
1.1  -2.450397666671124  -5.5264256499872335
1.105  -2.508725718086392  -5.75446623750818
1.11  -2.5668651642371882  -5.9730594354892474
1.115  -2.624794104477347  -6.181810330084607
1.12  -2.6824904264357676  -6.380341108787645
1.125  -2.7399318398795365  -6.568291718529004
1.1300000000000001  -2.797095910712674  -6.74532049226078
1.135  -2.853960095035683  -6.911104742955574
1.1400000000000001  -2.9105017731913874  -7.0653413240077905
1.145  -2.9666982837228177  -7.207747155084169
1.1500000000000001  -3.0225269571696005  -7.338059712532535
1.155  -3.0779651496298013  -7.456037483520521
1.16  -3.132990276015281  -7.561460383140686
1.165  -3.187579842929389  -7.654130133784102
1.17  -3.2417114810971466  -7.7338706061512275
1.175  -3.29536297727937  -7.800528121337124
1.18  -3.3485123056035375  -7.8539717134964055
1.185  -3.4011376582459554  -7.894093352663272
1.19  -3.453217475401404  -7.920808127371962
1.195  -3.504730474478385  -7.93405438679388
1.2  -3.555655678460075  -7.933793842178719
1.205  -3.6059724433732665  -7.9200116274584245
1.21  -3.6556604848097525  -7.892716318944448
1.215  -3.704699903447069  -7.851939914120331
1.22  -3.7530712095179597  -7.7977377696033505
1.225  -3.8007553461805417  -7.730188498420084
1.23  -3.84773371174373  -7.649393826811968
1.235  -3.8939881807055063  -7.555478410857262
1.24  -3.9395011235641855  -7.448589613265903
1.245  -3.984255425366058  -7.328897240772821
1.25  -4.028234502955617  -7.19659324262383
1.2550000000000001  -4.07142232089783  -7.051891370715473
1.26  -4.113803406044929  -6.8950268020167504
1.2650000000000001  -4.155362860723553  -6.72625572396564
1.27  -4.196086374521205  -6.54585488359747
1.2750000000000001  -4.2359602346544065  -6.354121101224344
1.28  -4.274971334904129  -6.151370749546237
1.285  -4.313107183107617  -5.9379391991332415
1.29  -4.3503559071989315  -5.714180231276479
1.295  -4.386706259794014  -5.480465419260932
1.3  -4.422147621319469  -5.237183479167013
1.305  -4.456670001687641  -4.984739591360236
1.31  -4.490264040523898  -4.7235546938774755
1.315  -4.522921005955468  -4.454064748966585
1.32  -4.5546327919744645  -4.176719984080869
1.325  -4.585391914391009  -3.891984108673697
1.33  -4.615191505395728  -3.6003335081783865
1.335  -4.644025306753964  -3.302256416597479
1.34  -4.671887661657326  -2.9982520691603893
1.345  -4.698773505261242  -2.6888298365422285
1.35  -4.7246783539402095  -2.374508342166172
1.355  -4.749598293295401  -2.055814564140455
1.36  -4.773529964952185  -1.7332829234048708
1.365  -4.796470552187822  -1.4074543596850204
1.37  -4.818417764432415  -1.0788753968709006
1.375  -4.839369820688674  -0.7480971994538328
1.3800000000000001  -4.859325431918583  -0.4156746216685504
1.385  -4.87828378244748  -0.08216525099890681
1.3900000000000001  -4.896244510438264  0.25187155228737756
1.395  -4.913207687490571  0.5858756179036244
1.4000000000000001  -4.929173797421895  0.9192869289363608
1.405  -4.944143714289334  1.2515465841922513
1.41  -4.9581186797126025  1.5820977578320705
1.415  -4.9711002795603685  1.9103866546298685
1.42  -4.983090420063605  2.23586345920536
1.425  -4.994091303420906  2.557983277590414
1.43  -5.00410540296188  2.8762070695048645
1.435  -5.013135437935836  3.1900025697359706
1.44  -5.02118434799381  3.498845197035788
1.445  -5.028255267432705  3.8022189489751064
1.45  -5.034351499270942  4.099617281218101
1.455  -5.039476489225361  4.390543969711475
1.46  -5.0436337996594345  4.67451395431265
1.465  -5.046827083572908  4.951054162416254
1.47  -5.049060058702974  5.219704311173896
1.475  -5.050336481806787  5.480017686941858
1.48  -5.0506601231948585  5.7315619006315925
1.485  -5.050034741584218  5.973919617682355
1.49  -5.048464059339649  6.20668926141991
1.495  -5.045951738170378  6.429485688613701
1.5  -5.042501355348634  6.64194083609393
1.5050000000000001  -5.038116380515343  6.843704337342152
1.51  -5.032800153136918  7.034444108021738
1.5150000000000001  -5.026555860675664  7.213846899470359
1.52  -5.019386517534711  7.381618819232752
1.5250000000000001  -5.011294944836717  7.537485817770788
1.53  -5.002283751093617  7.681194140547165
1.5350000000000001  -4.992355313822825  7.812510744740321
1.54  -4.98151176216305  7.931223679910138
1.545  -4.96975496054076  8.037142431997454
1.55  -4.957086493435829  8.130098230104545
1.555  -4.943507651292561  8.209944315569002
1.56  -4.929019417619599  8.276556172909205
1.565  -4.913622457319578  8.329831722286213
1.57  -4.897317106286587  8.36969147319392
1.575  -4.880103362306644  8.396078639156762
1.58  -4.8619808772933855  8.408959213282095
1.585  -4.842948950888206  8.408322004582189
1.59  -4.823006525450842  8.39417863504881
1.595  -4.802152182463403  8.366563497531327
1.6  -4.7803841403674285  8.32553367453686
1.605  -4.757700253850396  8.271168818138582
1.61  -4.734098014594689  8.203570991245186
1.615  -4.709574553498743  8.122864470551063
1.62  -4.684126644376613  8.029195511552508
1.625  -4.657750709138835  7.922732076080471
1.6300000000000001  -4.630442824453992  7.803663522864361
1.635  -4.6021987298869895  7.672200261704933
1.6400000000000001  -4.573013837506506  7.528573371896039
1.645  -4.542883242950807  7.373034185596372
1.6500000000000001  -4.5118017379375015  7.205853836911596
1.655  -4.479763824199577  7.0273227775058285
1.6600000000000001  -4.446763728826554  6.837750259617825
1.665  -4.412795420986376  6.637463787412767
1.67  -4.377852630000273  6.4268085376536295
1.675  -4.341928864739612  6.206146750728061
1.68  -4.305017434310642  5.975857093116416
1.685  -4.267111469989774  5.736333992434331
1.69  -4.228203948369173  5.48798694622946
1.695  -4.188287715669277  5.231239805755154
1.7  -4.147355513172192  4.966530035986086
1.705  -4.105400003726873  4.694307953179473
1.71  -4.0624137992745695  4.415035941323221
1.715  -4.018389489340164  4.129187648846321
1.72  -3.9733196704327907  3.8372471669996884
1.725  -3.9271969762965715  3.539708191344643
1.73  -3.8800141089501663  3.2370731678143874
1.735  -3.8317638704516317  2.9298524248373234
1.74  -3.782439195323197  2.618563293034317
1.745  -3.732033183568605  2.3037292140203105
1.75  -3.6805391342139906  1.985878839858411
1.7550000000000001  -3.6279505793016797  1.665545124727649
1.76  -3.574261318264907  1.3432644103779054
1.7650000000000001  -3.519465452610057  1.019575506953148
1.77  -3.4635574208320477  0.6950187707708659
1.7750000000000001  -3.4065320334873785  0.37013518064784656
1.78  -3.3483845083486203  0.0454654143636441
1.7850000000000001  -3.289110505563389  -0.2784510731501425
1.79  -3.228706162740478  -0.6010769683110122
1.795  -3.1671681298853436  -0.9218780125017598
1.8  -3.104493604107036  -1.240323909236618
1.805  -3.0406803640187032  -1.555889223325512
1.81  -2.975726803753812  -1.8680542705006795
1.815  -2.9096319665207617  -2.1763059959879287
1.82  -2.842395577618774  -2.4801388405266254
1.825  -2.7740180768389506  -2.779055592365312
1.83  -2.7045006501747664  -3.0725682237868503
1.835  -2.63384526076768  -3.3601987107447786
1.84  -2.562054679014304  -3.6414798342243233
1.845  -2.489132511763121  -3.9159559619741398
1.85  -2.41508323053004  -4.183183809291224
1.855  -2.339912198663732  -4.4427331775784
1.86  -2.263625697393385  -4.694187669434837
1.865  -2.1862309506934916  -4.9371453790810635
1.87  -2.1077361489022217  -5.171219556964919
1.875  -2.0281504710321725  -5.396039247440116
1.8800000000000001  -1.9474841057145036  -5.611249898457664
1.885  -1.8657482707200614  -5.816513942259252
1.8900000000000001  -1.7829552310034202  -6.011511346113672
1.895  -1.699118315218687  -6.195940132189524
1.9000000000000001  -1.6142519306585223  -6.369516865712398
1.905  -1.5283715765708488  -6.531977110609838
1.9100000000000001  -1.4414938558106023  -6.683075851904954
1.915  -1.3536364847871463  -6.822587884177258
1.92  -1.264818301670981  -6.950308165468908
1.925  -1.1750592728267706  -7.066052136074615
1.93  -1.0843804974430342  -7.169656001714735
1.935  -0.9928042103321949  -7.260976980652934
1.94  -0.900353782878341  -7.339893514382245
1.945  -0.8070537221133194  -7.406305441566849
1.95  -0.7129296679057495  -7.460134134990026
1.955  -0.6180083882507126  -7.501322601323065
1.96  -0.5223177726520174  -7.529835543593792
1.965  -0.4258868235922247  -7.5456593862977615
1.97  -0.32874564608964707  -7.5488022631594305
1.975  -0.2309254353450263  -7.539293967614763
1.98  -0.13245846248451454  -7.517185866150732
1.985  -0.033378058409103684  -7.482550774700743
1.99  0.06628140423539475  -7.435482798358294
1.995  0.16648453095024973  -7.376097134733786
2.0  0.2671949271161479  -7.30452984134145
2.005  0.3683752215411259  -7.220937567464587
2.0100000000000002  0.46998709179536735  -7.125497251007804
2.015  0.5719912913008157  -7.01840578090438
2.02  0.6743476781400413  -6.899879625705012
2.025  0.7770152455451963  -6.770154429032093
2.0300000000000002  0.8799521540247626  -6.6294845726387575
2.035  0.9831157650822995  -6.478142707867556
2.04  1.0864626764785221  -6.31641925635577
2.045  1.1899487589844229  -6.144621880887193
2.05  1.2935291945707004  -5.963074927339136
2.055  1.3971585159754816  -5.772118838722779
2.06  1.5007906475896102  -5.572109542360783
2.065  1.6043789475962567  -5.363417811291333
2.07  1.7078762512987566  -5.146428601030297
2.075  1.811234915568381  -4.921540362864188
2.08  1.9144068643413283  -4.6891643348853735
2.085  2.0173436350922045  -4.449723812016922
2.09  2.1199964262089193  -4.203653396310352
2.095  2.222316145192425  -3.951398228829918
2.1  2.3242534576026697  -3.6934132044687242
2.105  2.4257588366708562  -3.430162171067664
2.11  2.5267826134963216  -3.1621171142353868
2.115  2.6272750277454264  -2.8897573292881176
2.12  2.727186278768471  -2.6135685817504095
2.125  2.8264665770499526  -2.334042257873616
2.13  2.9250661959064437  -2.051674506646282
2.1350000000000002  3.0229355233459883  -1.7669653747816652
2.14  3.120025114002298  -1.480417936178378
2.145  3.216285741056974  -1.1925374173579946
2.15  3.3116684480625915  -0.9038303203877922
2.1550000000000002  3.4061246005798194  -0.6148035448000496
2.16  3.499605937541795  -0.32596351001807167
2.165  3.592064622259646  -0.037815279797404844
2.17  3.6834532929831942  0.24913830981554608
2.1750000000000003  3.7737251129321323  0.5343975175122824
2.18  3.862833819713485  0.8174665572547146
2.185  3.950733774042552  1.0978544508396326
2.19  4.037380007685449  1.3750758710397604
2.195  4.122728270543126  1.6486519738832297
2.2  4.206735076797986  1.9181112186542286
2.205  4.289357750046186  2.182990174220293
2.21  4.370554467340473  2.442834310316477
2.215  4.450284302070357  2.6971987724446636
2.22  4.528507265608747  2.945649139075268
2.225  4.605184347656285  3.1877621598714243
2.23  4.680277555217303  3.4231264736888756
2.235  4.753749950143571  3.651343305141726
2.24  4.825565685184982  3.8720271385615828
2.245  4.895690038488937  4.084806368218715
2.25  4.964089446493274  4.289323923714927
2.255  5.030731535160435  4.485237869502388
2.2600000000000002  5.095585149503833  4.672221977527636
2.265  5.158620381360554  4.849966272047556
2.27  5.219808595367886  5.0181775457131526
2.275  5.279122453104474  5.176579846066137
2.2800000000000002  5.336535935360446  5.324914931646529
2.285  5.392024362504372  5.462942696960874
2.29  5.44556441291858  5.5904415656164455
2.295  5.497134139477792  5.707208850980432
2.3000000000000003  5.546712984050062  5.8130610837810455
2.305  5.594281790002443  5.907834306123387
2.31  5.6398228126977985  5.991384331452165
2.315  5.683319727972766  6.063586970051092
2.32  5.724757638590874  6.124338219729191
2.325  5.764123078668482  6.173554421403549
2.33  5.801404016075127  6.2111723793487785
2.335  5.836589852813624  6.237149445944192
2.34  5.869671423389025  6.251463570810376
2.345  5.900640991179394  6.25411331428824
2.35  5.92949224282501  6.245117825274441
2.355  5.956220280656383  6.224516783488168
2.36  5.980821613185039  6.192370306305044
2.365  6.003294143684718  6.148758820354323
2.37  6.02363715689409  6.093782898135758
2.375  6.041851303875636  6.0275630599718575
2.38  6.057938585068701  5.950239541670573
2.3850000000000002  6.071902331578004  5.861972028331314
2.39  6.083747184742215  5.76293935478501
2.395  6.093479074030304  5.6533391732152545
2.4  6.1011051933162905  5.53338758856323
2.4050000000000002  6.106633975586158  5.403318762373697
2.41  6.11007506613331  5.263384485792387
2.415  6.1114392943017934  5.113853722477455
2.42  6.1107386438389435  4.955012122238084
2.4250000000000003  6.10798622192169  4.787161506262899
2.43  6.103196226922942  4.610619324848137
2.435  6.096383914986753  4.425718088582116
2.44  6.087565565482877  4.232804773986572
2.445  6.076758445413325  4.032240204658572
2.45  6.06398077284516  3.8243984089972485
2.455  6.049251679445412  3.609665955638653
2.46  6.032591172195365  3.388441267759312
2.465  6.014020094362768  3.1611339174437405
2.47  5.993560085811587  2.9281639013446927
2.475  5.971233542729868  2.6899608988949217
2.48  5.947063576857019  2.446963514358873
2.485  5.921073974292462  2.1996185040383107
2.49  5.893289153968001  1.948379989970978
2.495  5.8637341258665305  1.6937086614822343
2.5  5.832434449069773  1.4360709659701987
2.505  5.799416189717725  1.175938290321353
2.5100000000000002  5.764705878962171  0.9137861343689345
2.515  5.728330470996252  0.6500932778186301
2.52  5.690317301241461  0.3853409420754148
2.525  5.650694044772764  0.12001194841459925
2.5300000000000002  5.609488675061531  -0.14541012605710313
2.535  5.566729423115012  -0.4104417931996742
2.54  5.522444737089668  -0.6746004979485458
2.545  5.476663242454567  -0.9374054602852449
2.5500000000000003  5.429413702779213  -1.1983785136285219
2.555  5.380724981218693  -1.4570449382093391
2.56  5.330626002767058  -1.7129342880052252
2.565  5.279145717348002  -1.9655812098189638
2.57  5.2263130638096165  -2.2145262531035135
2.575  5.17215693488793  -2.459316669149998
2.58  5.116706143201406  -2.699507198275602
2.585  5.059989388336118  -2.9346608436701898
2.59  5.0020352250787585  -3.1643496305823997
2.595  4.942872032851814  -3.388155349554188
2.6  4.882527986402445  -3.6056702824386924
2.605  4.8210310277936  -3.8164979099685894
2.61  4.758408839742986  -4.0202535996722455
2.615  4.694688820352252  -4.216565272971397
2.62  4.629898059265595  -4.405074050328364
2.625  4.564063315293728  -4.585434873350876
2.63  4.497210995535742  -4.7573171028006405
2.6350000000000002  4.429367136028093  -4.920405091494939
2.64  4.360557383946393  -5.0743987311334475
2.645  4.290806981382056  -5.219013972127124
2.65  4.2201407507126865  -5.353983315553246
2.6550000000000002  4.148583081581037  -5.479056276407923
2.66  4.076157919494165  -5.593999817377496
2.665  4.002888756050488  -5.698598752400228
2.67  3.928798620799039  -5.792656119342036
2.6750000000000003  3.8539100747314987  -5.875993521162488
2.68  3.778245205403942  -5.948451435001791
2.685  3.7018256236816134  -6.00988948867385
2.69  3.624672462096669  -6.060186704106629
2.695  3.5468063748048766  -6.099241707327229
2.7  3.4682475391242216  -6.126972904646338
2.705  3.3890156586344444  -6.1433186247544125
2.71  3.30912996781344  -6.148237226499878
2.715  3.228609238183011  -6.141707172178297
2.72  3.1474717859329613  -6.123727066219974
2.725  3.065735480989726  -6.0943156592225325
2.73  2.9834177574920764  -6.053511817333701
2.735  2.900535625633813  -6.001374457048609
2.74  2.8171056848302123  -5.937982445544497
2.745  2.7331441381620594  -5.863434466734294
2.75  2.648666808048517  -5.7778488532786225
2.755  2.563689153097277  -5.681363384853534
2.7600000000000002  2.4782262860780264  -5.574135053028418
2.765  2.3922929929628465  -5.456339793165191
2.77  2.3059037529745905  -5.328172183805279
2.775  2.219072759582747  -5.189845114066653
2.7800000000000002  2.1318139423835545  -5.041589419626332
2.785  2.0441409897998937  -4.883653487917844
2.79  1.956067372534221  -4.716302833223957
2.795  1.867606367706619  -4.53981964239724
2.8000000000000003  1.7787710836084556  -4.35450229198904
2.805  1.689574485000747  -4.160664837617115
2.81  1.600029418885337  -3.958636476447514
2.815  1.5101486406761457  -3.7487609837131175
2.82  1.4199448406965076  -3.531396124233428
2.825  1.3294306709285773  -3.3069130399434967
2.83  1.238618771939702  -3.0756956144795935
2.835  1.1475217999107445  -2.838139815907444
2.84  1.0561524536911406  -2.594653018716825
2.845  0.9645235018051425  -2.3456533062393543
2.85  0.87264780933448  -2.0915687546809494
2.855  0.7805383646023578  -1.8328366999893042
2.86  0.6882083055846906  -1.569902988807602
2.865  0.5956709459749903  -1.3032212147900812
2.87  0.5029398008300214  -1.033251941581639
2.875  0.4100286117245302  -0.7604619137836881
2.88  0.31695137134433227  -0.4853232572509003
2.8850000000000002  0.22372234744849168  -0.2083126700787884
2.89  0.1303561061327122  0.07008939434042516
2.895  0.036867534327392315  0.3493995508046641
2.9  -0.05672813853379555  0.6291323109309928
2.9050000000000002  -0.1504153197378812  0.9088009155176995
2.91  -0.24417803346947015  1.1879181692252292
2.915  -0.33799990199923663  1.4659972761570834
2.92  -0.43186412794016366  1.742552674921435
2.9250000000000003  -0.5257534776252576  2.017100871754491
2.93  -0.6196502656582004  2.2891612702912445
2.935  -0.7135363406855278  2.5582569965741047
2.94  -0.807393072436104  2.823915717899091
2.945  -0.9012013400712551  3.0856704541091693
2.95  -0.994941521885361  3.3430603799578638
2.955  -1.0885934863942763  3.5956316171814833
2.96  -1.1821365848454581  3.8429380149355503
2.965  -1.2755496451805262  4.084541917271412
2.97  -1.3688109674780395  4.3200149163503845
2.975  -1.4618983209004246  4.5489385901180155
2.98  -1.5547889421661987  4.770905223186419
2.985  -1.6474595355647845  4.985518509702031
2.99  -1.7398862745278618  5.192394237005849
2.995  -1.8320448047678959  5.391160948926772
3.0  -1.9239102489906945  5.581460587582151
3.005  -2.015457213185514  5.7629491125968695
3.0100000000000002  -2.1066597944925274  5.935297096689898
3.015  -2.1974915906439767  6.09819029661751
3.02  -2.287925710972063  6.251330198504402
3.025  -2.377934788972394  6.394434536636108
3.0300000000000002  -2.4674909964091762  6.527237784832481
3.035  -2.556566058944083  6.649491619566796
3.04  -2.6451312732678325  6.760965354044215
3.045  -2.733157525709791  6.861446342500912
3.0500000000000003  -2.820615312297557  6.950740354036819
3.055  -2.9074747602354307  7.028671915345109
3.06  -2.9937056507671804  7.095084621755202
3.065  -3.0792774433853225  7.149841416058343
3.0700000000000003  -3.1641593013463942  7.192824834640216
3.075  -3.248320118448142  7.223937220499388
3.08  -3.331728547022174  7.243100902786651
3.085  -3.414353027092431  7.2502583425566955
3.09  -3.4961618166471684  7.245372244480294
3.095  -3.5771230229697872  7.228425634322887
3.1  -3.6572046349708938  7.199421902052873
3.105  -3.7363745564620783  7.158384810500974
3.11  -3.814600640309297  7.105358469550083
3.115  -3.8918507234016886  7.040407275893031
3.12  -3.9680926623698305  6.96361581845384
3.125  -4.043294369985355  6.87508874962569
3.13  -4.117423852172298  6.774950622536684
3.1350000000000002  -4.1904492455588676  6.663345694611559
3.14  -4.262338855496912  6.540437697754274
3.145  -4.333061194475369  6.406409575532797
3.15  -4.402585020852273  6.261463187802828
3.1550000000000002  -4.470879377829643  6.105818983262327
3.16  -4.537913632594176  5.93971564048243
3.165  -4.603657515546475  5.763409678013771
3.17  -4.668081159540838  5.577175034219128
3.1750000000000003  -4.731155139057267  5.381302617534678
3.18  -4.792850509227489  5.176099827911459
3.185  -4.853138844636552  4.961890050237859
3.19  -4.911992277821741  4.739012120590717
3.1950000000000003  -4.969383537391181  4.507819766208814
3.2  -5.025285985684587  4.2686810201268255
3.205  -5.079673655899713  4.021977611449923
3.21  -5.132521288608626  3.7681043322918306
3.215  -5.183804367588929  3.507468382436733
3.22  -5.233499154896449  3.240488692824689
3.225  -5.281582725106863  2.9675952289947998
3.23  -5.328032998655551  2.689228275655104
3.235  -5.372828774206341  2.405837703579555
3.24  -5.415949759981583  2.1178822200630063
3.245  -5.457376603988083  1.8258286041920782
3.25  -5.497090923075239  1.530150928216556
3.255  -5.535075330764046  1.2313297663287712
3.2600000000000002  -5.571313463787876  0.9298513921804478
3.265  -5.605790007288341  0.6262069664854825
3.27  -5.638490718612308  0.3208917160733068
3.275  -5.669402449658448  0.014404105774090459
3.2800000000000002  -5.69851316772481  -0.29275499547322026
3.285  -5.725811974811609  -0.6000831528863738
3.29  -5.751289125336448  -0.9070772070701829
3.295  -5.774936042222318  -1.213234116795026
3.3000000000000003  -5.796745331321733  -1.5180518019065845
3.305  -5.81671079414377  -1.8210299849468994
3.31  -5.834827438853999  -2.1216710300710306
3.315  -5.851091489520604  -2.4194807778453544
3.3200000000000003  -5.86550039358362  -2.713969374522535
3.325  -5.878052827527453  -3.0046520943950803
3.33  -5.888748700740587  -3.2910501538422823
3.335  -5.897589157549833  -3.572691515698026
3.34  -5.904576577420058  -3.8491116825828895
3.345  -5.909714573314062  -4.1198544778630986
3.35  -5.913007988210769  -4.3844728129177
3.355  -5.91446288978359  -4.642529439420157
3.36  -5.914086563244523  -4.893597685362939
3.365  -5.911887502363009  -5.137262173583066
3.37  -5.907875398672394  -5.37311952157357
3.375  -5.902061128880205  -5.6007790213988775
3.38  -5.8944567405022505  -5.819863298563237
3.3850000000000002  -5.885075435743846  -6.030008948718305
3.39  -5.873931553655066  -6.230867151131343
3.395  -5.861040550590381  -6.422104257875364
3.4  -5.846418979006252  -6.603402357742476
3.4050000000000002  -5.8300844646336705  -6.77445981392385
3.41  -5.812055682065871  -6.934991774544026
3.415  -5.792352328804398  -7.0847306551821045
3.42  -5.770995097810056  -7.22342659255954
3.4250000000000003  -5.748005648607937  -7.350847868622179
3.43  -5.723406576998751  -7.466781304294152
3.435  -5.6972213834314624  -7.571032622231488
3.44  -5.669474440094672  -7.663426777955636
3.4450000000000003  -5.640190956787011  -7.743808258799753
3.45  -5.609396945628959  -7.812041350154708
3.455  -5.577119184680882  -7.868010368556678
3.46  -5.543385180534256  -7.911619861213408
3.465  -5.508223129945037  -7.942794771623022
3.47  -5.471661880579912  -7.961480570995788
3.475  -5.433730890948057  -7.967643355246844
3.48  -5.394460189592448  -7.961269907385683
3.485  -5.353880333616303  -7.942367725186262
3.49  -5.312022366621484  -7.91096501408009
3.495  -5.268917776136721  -7.867110645272954
3.5  -5.224598450614583  -7.810874079144657
3.505  -5.179096636076899  -7.742345254049314
3.5100000000000002  -5.132444892488875  -7.661634440692237
3.515  -5.084676049942767  -7.56887206231734
3.52  -5.035823164732085  -7.464208480996385
3.525  -4.9859194753976634  -7.347813750369089
3.5300000000000002  -4.934998358826705  -7.219877335238935
3.535  -4.883093286485871  -7.080607798486349
3.54  -4.830237780868971  -6.93023245581504
3.545  -4.7764653722394455  -6.768996998902862
3.5500000000000003  -4.7218095557470825  -6.597165087580664
3.555  -4.666303748997456  -6.415017911716289
3.56  -4.609981250151772  -6.222853723530747
3.565  -4.552875196633482  -6.020987341125157
3.5700000000000003  -4.495018524516736  -5.809749624044434
3.575  -4.436443928670363  -5.589486921752265
3.58  -4.377183823729252  -5.36056049593702
3.585  -4.317270305963457  -5.1233459176132365
3.59  -4.256735116113335  -4.878232440026142
3.595  -4.195609603256832  -4.625622348407258
3.6  -4.133924689773207  -4.365930287669765
3.605  -4.071710837464765  -4.099582569168175
3.61  -4.008998014895965  -3.827016457684823
3.615  -3.9458156660067747  -3.5486794398371684
3.62  -3.8821926800541418  -3.265028475133967
3.625  -3.8181573629330865  -2.97652923093591
3.63  -3.7537374099256744  -2.683655302606234
3.6350000000000002  -3.6889598799234182  -2.3868874201606998
3.64  -3.6238511711654438  -2.0867126427502147
3.645  -3.5584369985314854  -1.7836235423308375
3.65  -3.4927423724259437  -1.4781173778941248
3.6550000000000002  -3.42679157928539  -1.1706952616480235
3.66  -3.36060816373906  -0.8618613185519151
3.665  -3.2942149124479916  -0.5521218406220237
3.67  -3.2276338396453386  -0.24198443743235365
3.6750000000000003  -3.1608861743967225  0.06804281575600984
3.68  -3.093992349595874  0.3774522308006497
3.685  -3.0269719927073524  0.6857373589786246
3.69  -2.959843918264527  0.9923938413436
3.6950000000000003  -2.8926261221272416  1.2969202557021933
3.7  -2.8253357775002006  1.5988189587779589
3.705  -2.7579892327092534  1.8975969221393973
3.71  -2.6906020107293043  2.192766560476424
3.715  -2.6231888104540464  2.4838465508243015
3.72  -2.555763509693837  2.7703626413465057
3.725  -2.4883391698849704  3.0518484483065196
3.73  -2.4209280424896633  3.3278462398767723
3.735  -2.3535415770628996  3.597907705455106
3.74  -2.2861904309588756  3.8615947091824188
3.745  -2.218884480646265  4.1184800263819
3.75  -2.1516328345984954  4.368148061667674
3.755  -2.084443847721883  4.6101955475016325
3.7600000000000002  -2.0173251372814693  4.844232222009184
3.765  -1.9502836002813781  5.069881484899276
3.77  -1.8833254322533524  5.286781030370978
3.775  -1.8164561474048568  5.494583455925865
3.7800000000000002  -1.7496806000747136  5.692956846047403
3.785  -1.683003007442298  5.881585329748778
3.79  -1.616426973433331  6.060169611035872
3.795  -1.5499555137631948  6.228427471375875
3.8000000000000003  -1.4835910820565181  6.386094243310227
3.805  -1.4173355969794086  6.53292325439796
3.81  -1.3511904703189703  6.6686862407261005
3.815  -1.2851566359429356  6.793173729274056
3.8200000000000003  -1.2192345795702595  6.906195388472114
3.825  -1.1534243692824433  7.007580346346917
3.83  -1.0877256867035383  7.0971774757019785
3.835  -1.022137858775778  7.174855645836361
3.84  -0.9566598900567841  7.240503940361288
3.845  -0.8912904954630424  7.294031840731717
3.85  -0.8260281333840367  7.3353693751675575
3.855  -0.7608710390904097  7.36446723269803
3.86  -0.6958172583593376  7.381296842121278
3.865  -0.6308646812400635  7.385850415731104
3.87  -0.566011075882167  7.37814095772205
3.875  -0.5012541223495137  7.358202237244188
3.88  -0.43659144634280167  7.326088726138719
3.8850000000000002  -0.37202065275422136  7.2818755014455405
3.89  -0.30753935897817086  7.225658112834063
3.895  -0.2431452279024917  7.157552415167431
3.9  -0.17883600050612036  7.077694366470769
3.9050000000000002  -0.11460952798935753  6.98623979163191
3.91  -0.050463803364758975  6.883364112222164
3.915  0.013603007562456582  6.769262042882287
3.92  0.07759253589387849  6.6441472547758735
3.9250000000000003  0.14150618008497295  6.508252006668518
3.93  0.2053450772059383  6.361826744247435
3.935  0.2691100750804523  6.205139668348512
3.94  0.3328017053642248  6.038476272814069
3.9450000000000003  0.3964201576235656  5.862138852753816
3.95  0.4599652544712598  5.67644598403427
3.955  0.5234364278151459  5.48173197487073
3.96  0.5868326962719768  5.278346290443666
3.9650000000000003  0.6501526437964462  5.066652951508939
3.97  0.7133943995727731  4.847029908014726
3.975  0.7765556192131382  4.619868388782666
3.98  0.8396334673043266  4.385572228351368
3.985  0.9026246013411687  4.144557172120526
3.99  0.9655251570818195  3.8972501609710393
3.995  1.028330735357163  3.6440885965739582
4.0  1.0910363903630502  3.385519588631589
4.005  1.153636619461009  3.121999185330326
4.01  1.216125354509458  2.853991588309879
4.015  1.2784959547442223  2.581968353483642
4.0200000000000005  1.3407412012237798  2.3064075790696985
4.025  1.4028532928507302  2.0277930822136097
4.03  1.4648238439782006  1.746613565605514
4.035  1.5266438836057041  1.463361775512321
4.04  1.588303856165721  1.1785336526613508
4.045  1.649793623898968  0.8926274774241332
4.05  1.7111024708122744  0.6061430107614431
4.055  1.7722191082100336  0.319580632397651
4.0600000000000005  1.833131681786234  0.03344047769965619
4.065  1.893827780260999  -0.25177842526246186
4.07  1.9542944455419375  -0.5355790169942671
4.075  2.014518184387192  -0.8174670647178905
4.08  2.074484981543895  -1.0969520159021457
4.085  2.134180314332484  -1.3735478457164052
4.09  2.1935891686438556  -1.6467738969509649
4.095  2.252696056313613  -1.916155710958226
4.1  2.311485033834195  -2.181225848184766
4.105  2.369939722363151  -2.4415246968791235
4.11  2.428043328982385  -2.6966012685804435
4.115  2.485778669161094  -2.9460139790140736
4.12  2.5431281903718626  -3.1893314130442674
4.125  2.6000739968070246  -3.4261330723601455
4.13  2.6565978751401875  -3.656010104599878
4.135  2.7126813212750314  -3.8785660126478945
4.14  2.7683055680216158  -4.093417342874184
4.1450000000000005  2.8234516136383654  -4.30019435111862
4.15  2.878100251175574  -4.498541645260317
4.155  2.9322320985550934  -4.688118803252669
4.16  2.9858276293186217  -4.8686009655435605
4.165  3.038867203975726  -5.039679400845198
4.17  3.0913311018815612  -5.201062044261325
4.175  3.1431995535726154  -5.352474006827395
4.18  3.194452773488147  -5.49365805556633
4.1850000000000005  3.245070993003756  -5.624375063213172
4.19  3.2950344937030542  -5.7444044268123005
4.195  3.344323640812652  -5.8535444544449335
4.2  3.3929189167252325  -5.951612719397102
4.205  3.4408009545353293  -6.038446381134645
4.21  3.487950571512374  -6.113902472507904
4.215  3.5343488024353453  -6.1778581526660785
4.22  3.579976932714004  -6.230210925219831
4.225  3.624816531221697  -6.270878821249877
4.23  3.668849482765629  -6.299800546819416
4.235  3.712058020120788  -6.316935594708934
4.24  3.754424755555106  -6.322264320152996
4.245  3.7959327117740207  -6.315787980420579
4.25  3.836565352213938  -6.2975287381422795
4.255  3.8763066106156425  -6.267529628350064
4.26  3.9151409198098426  -6.225854489257788
4.265  3.9530532396489266  -6.172587856872756
4.2700000000000005  3.990029084020786  -6.1078348235912525
4.275  4.026054546882223  -6.031720860992959
4.28  4.0611163272519635  -5.944391607111058
4.285  4.0952017531050835  -5.846012618516139
4.29  4.128298804113111  -5.736769087613181
4.295  4.160396133176689  -5.616865525610833
4.3  4.191483086699926  -5.48652541168242
4.305  4.2215497235585016  -5.345990808896027
4.3100000000000005  4.250586832716202  -5.195521947549619
4.315  4.27858594944755  -5.035396776603527
4.32  4.305539370127113  -4.865910483958702
4.325  4.331440165549105  -4.687374986383106
4.33  4.356282192744114  -4.500118389942154
4.335  4.3800601052629915  -4.304484421841213
4.34  4.40276936190115  -4.100831834637324
4.345  4.424406233839965  -3.8895337838273107
4.3500000000000005  4.44496781018531  -3.6709771798652135
4.355  4.464452001886746  -3.445562015708905
4.36  4.48285754402437  -3.2137006710365776
4.365  4.500183996453759  -2.9758171943182687
4.37  4.516431742803231  -2.732346563964618
4.375  4.531601987820844  -2.4837339298145245
4.38  4.545696753072541  -2.2304338362567915
4.385  4.558718870996073  -1.9729094283153583
4.39  4.570671977319119  -1.7116316420587625
4.3950000000000005  4.581560501853517  -1.4470783807214134
4.4  4.591389657681016  -1.179733677952857
4.405  4.60016542874957  -0.9100868496323523
4.41  4.607894555902574  -0.6386316357108288
4.415  4.614584521366893  -0.36586533355750384
4.42  4.620243531729012  -0.09228792430776454
4.425  4.624880499431832  0.1815988062791379
4.43  4.628505022827948  0.45529215093109
4.4350000000000005  4.631127364828498  0.7282893664149278
4.44  4.632758430189684  1.0000885599926528
4.445  4.633409741482157  1.2701895752449384
4.45  4.633093413791382  1.538094875720877
4.455  4.631822128199916  1.8033104248784224
4.46  4.629609104105324  2.065346560782014
4.465  4.626468070429993  2.323718864031608
4.47  4.622413235781732  2.577949017408401
4.4750000000000005  4.617459257626306  2.827565655733579
4.48  4.61162121053545  3.072105204452406
4.485  4.604914553575924  3.311112705473366
4.49  4.59735509690726  3.5441426288125504
4.495  4.588958967657634  3.770759668616098
4.5  4.579742575149115  3.9905395221590747
4.505  4.569722575544971  4.203069650446284
4.51  4.558915835993258  4.407950019071811
4.515  4.54733939834213  4.604793818025666
4.5200000000000005  4.535010442503359  4.793228159170774
4.525  4.521946249541652  4.972894750151382
4.53  4.508164164567918  5.143450543532826
4.535  4.493681559515491  5.304568360013686
4.54  4.478515795878615  5.45593748459517
4.545  4.462684187492815  5.597264234638462
4.55  4.446203963436973  5.728272498787313
4.555  4.4290922311368135  5.848704245783006
4.5600000000000005  4.41136593974928  5.958320002249352
4.565  4.393041843907006  6.05689929857846
4.57  4.374136467901401  6.14424108210201
4.575  4.354666070382296  6.220164096788258
4.58  4.33464660965113  6.284507228762365
4.585  4.314093709623597  6.3371298170061054
4.59  4.293022626536658  6.377911928652306
4.595  4.271448216473159  6.406754598350127
4.6000000000000005  4.249384903776122  6.423580031239214
4.605  4.226846650422829  6.4283317691329405
4.61  4.20384692642715  6.420974819574598
4.615  4.180398681336664  6.401495747494191
4.62  4.156514316888742  6.369902729258259
4.625  4.13220566088795  6.326225568969967
4.63  4.107483942364282  6.27051567694222
4.635  4.0823597680696295  6.202846010332179
4.64  4.0568431003670415  6.123310975991058
4.6450000000000005  4.030943236564587  6.032026295648889
4.65  4.004668789742982  5.929128833619875
4.655  3.9780276711228444  5.814776387278468
4.66  3.951027074014672  5.689147440622369
4.665  3.92367345939141  5.552440881302295
4.67  3.895972543120006  5.404875681563206
4.675  3.8679292848853875  5.2466905436041245
4.68  3.839547878836577  5.078143509926996
4.6850000000000005  3.8108317459813827  4.899511539306003
4.69  3.7817835283524577  4.7110900490704335
4.695  3.752405084963971  4.513192424451886
4.7  3.7226974895745637  4.306149495806888
4.705  3.692661030268493  4.090308984582041
4.71  3.6622952108631583  3.866034918943798
4.715  3.6315987541476433  3.63370702005031
4.72  3.600569606952929  3.393720059993873
4.7250000000000005  3.5692049470508898  3.1464831924946592
4.73  3.5375011918752857  2.8924192574737084
4.735  3.505454009054276  2.6319640606811934
4.74  3.473058328740359  2.365565629600921
4.745  3.4403083577196285  2.0936834468951337
4.75  3.407197595279043  1.816787662693468
4.755  3.3737188508061697  1.5353582870701628
4.76  3.3398642630928714  1.2498843640885289
4.765  3.3056253213104307  0.9608631288272647
4.7700000000000005  3.2709928876202534  0.6687991488328165
4.775  3.235957221381082  0.37420345147308065
4.78  3.200508004909907  0.07759263869319455
4.785  3.164634370750861  -0.2205120093013906
4.79  3.128324930403154  -0.5195854398878823
4.795  3.091567804455746  -0.8190997418301393
4.8  3.0543506540739407  -1.1185250654613887
4.805  3.0166607137797627  -1.4173305476519071
4.8100000000000005  2.978484825465634  -1.714985239955441
4.815  2.9398094735778453  -2.0109590383214035
4.82  2.9006208214041185  -2.3047236127544384
4.825  2.860904748397011  -2.595753335300827
4.83  2.8206468884627567  -2.8835262047420454
4.835  2.7798326691428326  -3.167524766378145
4.84  2.738447351613931  -3.4472370252917024
4.845  2.696476071429792  -3.7221573514901722
4.8500000000000005  2.653903879927063  -3.9917873753379
4.855  2.6107157862155157  -4.2556368717018795
4.86  2.56689679967179  -4.513224631255475
4.865  2.522431972854711  -4.7640793174011264
4.87  2.4773064447588493  -5.0077403072987865
4.875  2.4315054843226545  -5.243758515510108
4.88  2.3850145341062072  -5.471697198798461
4.885  2.337819254053668  -5.691132740654206
4.89  2.289905565254766  -5.9016554141480215
4.8950000000000005  2.241259693619524  -6.102870121751973
4.9  2.1918682133807383  -6.294397110804495
4.905  2.1417180903383395  -6.475872663337827
4.91  2.090796724760552  -6.646949759027065
4.915  2.039091993857165  -6.807298710067439
4.92  1.9865922937405984  -6.956607766831718
4.925  1.9332865807918027  -7.0945836932100725
4.93  1.8791644123485032  -7.220952310585022
4.9350000000000005  1.8242159866349268  -7.335459009448463
4.94  1.7684321818531479  -7.4378692277213965
4.945  1.711804594357789  -7.527968894894928
4.95  1.6543255758376096  -7.605564841168152
4.955  1.5959882694291105  -7.670485170819614
4.96  1.5367866446892071  -7.722579599109377
4.965  1.4767155313564724  -7.7617197520716665
4.97  1.4157706518321478  -7.787799428621848
4.9750000000000005  1.353948652315071  -7.800734824466318
4.98  1.2912471325267127  -7.800464717369676
4.985  1.2276646739653212  -7.7869506134004745
4.99  1.1632008666311893  -7.76017685384415
4.995  1.0978563341673353  -7.7201506825400585
5.0  1.0316327573635957  -7.666902273468009
