0.0  0.11592187751197368  0.008713082739371103
0.01  0.10808508712958856  0.0034812137780426133
0.02  0.10003869705866394  -0.001828576656189615
0.03  0.09179263780852705  -0.007214889434123864
0.04  0.08335726591791279  -0.012676237444673055
0.05  0.07474334803368271  -0.018211046773036005
0.06  0.0659620440818581  -0.023817657971110184
0.07  0.05702488956215734  -0.02949432741884364
0.08  0.047943776999190696  -0.03523922877512542
0.09  0.03873093658536062  -0.04105045451672218
0.1  0.029398916052336063  -0.04692601756367315
0.11  0.019960559809714604  -0.052863852989466026
0.12  0.010428987391150231  -0.058861819814226224
0.13  0.000817571249802862  -0.06491770287906452
0.14  -0.00886008605354184  -0.07102921479964222
0.15  -0.018590175224935127  -0.07719399799692958
0.16  -0.02835870412825825  -0.08340962680305207
0.17  -0.03815152214548562  -0.0896736096400382
0.18  -0.04795434495785167  -0.0959833912692086
0.19  -0.057752779698551464  -0.10233635510886796
0.2  -0.06753235042670497  -0.10872982561789224
0.21  -0.07727852387152503  -0.1151610707427321
0.22  -0.08697673539494621  -0.12162730442528766
0.23  -0.09661241512040009  -0.12812568916904446
0.24  -0.10617101417496384  -0.13465333866079957
0.25  -0.11563803099176251  -0.14120732044524834
0.26  -0.12499903761927297  -0.1477846586496449
0.27  -0.13423970598406168  -0.15438233675569887
0.28  -0.14334583405348433  -0.16099730041581878
0.29  -0.15230337184498957  -0.16762646031076645
0.3  -0.16109844722889707  -0.17426669504574424
0.31  -0.16971739147186132  -0.18091485408189295
0.32  -0.17814676446869093  -0.1875677607001448
0.33  -0.1863733796107615  -0.19422221499433862
0.34  -0.19438432823994062  -0.20087499689047467
0.35000000000000003  -0.20216700363773865  -0.20752286918895835
0.36  -0.20970912450029477  -0.21416258062665827
0.37  -0.21699875785081985  -0.2207908689555822
0.38  -0.22402434134222662  -0.22740446403495723
0.39  -0.23077470490389465  -0.23400009093348667
0.4  -0.2372390916878298  -0.24057447303854423
0.41000000000000003  -0.2434071782708924  -0.24712433516905924
0.42  -0.24926909407127026  -0.25364640668884225
0.43  -0.2548154399389724  -0.26013742461710054
0.44  -0.26003730588179974  -0.26659413673289445
0.45  -0.2649262878900197  -0.2730133046702925
0.46  -0.2694745038248152  -0.27939170700099386
0.47000000000000003  -0.2736746083375039  -0.28572614230119664
0.48  -0.27751980678851823  -0.2920134321995107
0.49  -0.2810038681371979  -0.29825042440273153
0.5  -0.2841211367755719  -0.30443399569631335
0.51  -0.2868665432814912  -0.31056105491641023
0.52  -0.28923561406871  -0.3166285458903794
0.53  -0.29122447991379896  -0.3226334503426768
0.54  -0.29282988334210325  -0.3285727907631098
0.55  -0.2940491848573281  -0.33444363323445275
0.56  -0.2948803680017339  -0.3402430902164721
0.5700000000000001  -0.2953220432363558  -0.34596832328345417
0.58  -0.29537345063311415  -0.35161654581237894
0.59  -0.2950344613731542  -0.35718502561893284
0.6  -0.2943055780482369  -0.36267108753860816
0.61  -0.29318793376449287  -0.3680721159501979
0.62  -0.2916832900503428  -0.3733855572390504
0.63  -0.2897940335728786  -0.3786089221975161
0.64  -0.2875231716694735  -0.38373978836008
0.65  -0.28487432670385954  -0.388775802270747
0.66  -0.28185172925834906  -0.39371468168031454
0.67  -0.2784602101763004  -0.39855421767124266
0.68  -0.27470519147131356  -0.4032922767079067
0.6900000000000001  -0.270592676121995  -0.40792680261009767
0.7000000000000001  -0.26612923677344186  -0.41245581844771406
0.71  -0.2613220033688615  -0.4168774283546735
0.72  -0.2561786497369585  -0.4211898192601565
0.73  -0.250707379162877  -0.42539126253538073
0.74  -0.24491690897258975  -0.4294801155541971
0.75  -0.23881645416265446  -0.43345482316588235
0.76  -0.23241571010922588  -0.4373139190786029
0.77  -0.22572483439210284  -0.44105602715211256
0.78  -0.21875442777140056  -0.4446798625983469
0.79  -0.2115155143561741  -0.44818423308866884
0.8  -0.2040195210059621  -0.451568039766624
0.81  -0.19627825600778046  -0.4548302781651581
0.8200000000000001  -0.18830388707255996  -0.45797003902735345
0.8300000000000001  -0.18010891869639173  -0.4609865090298407
0.84  -0.17170616893321833  -0.4638789714081446
0.85  -0.1631087456267775  -0.4666468064833267
0.86  -0.15433002215067415  -0.4692894920893902
0.87  -0.14538361270641906  -0.47180660390101825
0.88  -0.1362833472301233  -0.47419781566132
0.89  -0.12704324595928818  -0.4764628993093655
0.9  -0.1176774937117562  -0.4786017250073934
0.91  -0.10820041392941764  -0.48061426106768573
0.92  -0.09862644253966765  -0.48250057377920297
0.93  -0.08897010168790728  -0.4842608271341835
0.9400000000000001  -0.07924597339455805  -0.4858952824550141
0.9500000000000001  -0.06946867319012229  -0.4874042979217836
0.96  -0.059652823781772266  -0.48878832800103583
0.97  -0.04981302880478002  -0.49004792277634346
0.98  -0.03996384671182413  -0.49118372718142317
0.99  -0.03011976485280843  -0.49219648013662265
1.0  -0.020295173797323374  -0.4930870135897031
1.01  -0.010504341951261077  -0.4938562514619477
1.02  -0.0007613905183628741  -0.494505208500722
1.03  0.008919731143358194  -0.4950349890397142
1.04  0.018525269721321944  -0.4954467856681766
1.05  0.02804169165626672  -0.4957418778105875
1.06  0.03745570631151697  -0.49592163021824687
1.07  0.046754288558088976  -0.49598749137441017
1.08  0.055924700731432825  -0.49594099181465673
1.09  0.06495451391705401  -0.49578374236427863
1.1  0.07383162852378393  -0.495517432294561
1.11  0.08254429410508977  -0.4951438273999133
1.12  0.09108112839051177  -0.49466476799788967
1.1300000000000001  0.09943113549109601  -0.49408216685422246
1.1400000000000001  0.10758372324454706  -0.4933980070350682
1.1500000000000001  0.11552871966774775  -0.4926143396887424
1.16  0.1232563884862888  -0.4917332817592952
1.17  0.1307574437127036  -0.49075701363434837
1.18  0.13802306324721617  -0.4896877767296876
1.19  0.14504490147697735  -0.4885278710131653
1.2  0.15181510085197547  -0.48727965247053634
1.21  0.1583263024180658  -0.4859455305159087
1.22  0.16457165528985707  -0.48452796534955017
1.23  0.17054482504852198  -0.4830294652658441
1.24  0.1762400010519532  -0.4814525839142456
1.25  0.18165190264706554  -0.4797999175161313
1.26  0.18677578427643987  -0.4780741020404875
1.27  0.19160743947391212  -0.4762778103414235
1.28  0.19614320374612484  -0.4744137492605346
1.29  0.20037995633947467  -0.4724846566971778
1.3  0.20431512089429982  -0.47049329864975703
1.31  0.2079466649905548  -0.4684424662311435
1.32  0.2112730985916056  -0.466334972661386
1.33  0.21429347139514748  -0.46417365024088547
1.34  0.21700736910258933  -0.46196134730723304
1.35  0.2194149086205595  -0.4597009251789258
1.36  0.22151673221046642  -0.45739525508918555
1.37  0.22331400060428214  -0.45504721511312163
1.3800000000000001  0.22480838510690693  -0.4526596870914775
1.3900000000000001  0.2260020587076175  -0.450235553554214
1.4000000000000001  0.2268976862251806  -0.4477776946471715
1.41  0.22749841351324815  -0.44528898506505815
1.42  0.2278078557546053  -0.44277229099399995
1.43  0.22783008487474274  -0.4402304670668776
1.44  0.22756961610704435  -0.4376663533346649
1.45  0.22703139374362657  -0.4350827722569624
1.46  0.22622077610753627  -0.4324825257149004
1.47  0.2251435197835902  -0.429868392049564
1.48  0.22380576314664252  -0.42724312312906165
1.49  0.22221400922746404  -0.4246094414473307
1.5  0.22037510795773835  -0.42197003725774007
1.51  0.21829623783688737  -0.4193275657445095
1.52  0.21598488706456512  -0.41668464423492985
1.53  0.21344883418366972  -0.41404384945532124
1.54  0.21069612827964043  -0.4114077148336211
1.55  0.20773506878261644  -0.40877872785144515
1.56  0.20457418491973414  -0.40615932744841043
1.57  0.20122221486543856  -0.40355190148145526
1.58  0.1976880846381647  -0.4009587842418315
1.59  0.19398088679212808  -0.3983822540323858
1.6  0.19010985895321997  -0.3958245308076778
1.61  0.18608436224816424  -0.39328777387942304
1.62  0.18191385967613177  -0.3907740796896722
1.6300000000000001  0.17760789447193898  -0.3882854796540739
1.6400000000000001  0.17317606850978262  -0.38582393807748633
1.6500000000000001  0.16862802079616587  -0.38339135014413284
1.6600000000000001  0.16397340610027988  -0.3809895399844139
1.67  0.15922187376959046  -0.3786202588204078
1.68  0.15438304677776984  -0.37628518319200943
1.69  0.14946650105139175  -0.37398591326557035
1.7  0.14448174512098286  -0.3717239712268171
1.71  0.1394382001411027  -0.369500799759734
1.72  0.13434518032309337  -0.3673177606130068
1.73  0.1292118738230244  -0.36517613325553155
1.74  0.12404732412613848  -0.36307711362239575
1.75  0.11886041196779777  -0.3610218129526477
1.76  0.11365983782953591  -0.35901125672006845
1.77  0.10845410504733821  -0.357046383658065
1.78  0.1032515035677127  -0.35512804487970295
1.79  0.09806009438547436  -0.35325700309379604
1.8  0.09288769469545141  -0.3514339319178692
1.81  0.08774186378853957  -0.3496594152887082
1.82  0.08262988972067913  -0.3479339469711051
1.83  0.0775587767814238  -0.34625793016530904
1.84  0.07253523378679629  -0.34463167721358023
1.85  0.06756566321911303  -0.34305540940614776
1.86  0.06265615123438564  -0.34152925688676133
1.87  0.0578124585558035  -0.3400532586579247
1.8800000000000001  0.05304001226964601  -0.33862736268579074
1.8900000000000001  0.04834389853779976  -0.3372514261045955
1.9000000000000001  0.0437288562388375  -0.3359252155204002
1.9100000000000001  0.03919927154739239  -0.3346484074138084
1.92  0.03475917345930217  -0.33342058864121765
1.93  0.030412230267742896  -0.3322412570340624
1.94  0.026161746993297305  -0.3311098220954025
1.95  0.02201066376862959  -0.33002560579310575
1.96  0.017961555176175287  -0.3289878434487719
1.97  0.014016630534985683  -0.3279956847214473
1.98  0.010177735130627585  -0.32704819468507257
1.99  0.0064463523798015815  -0.3261443549985148
2.0  0.002823606919145613  -0.3252830651669286
2.0100000000000002  -0.0006897313944938394  -0.32446314389310327
2.02  -0.004093242587175319  -0.32368333051735004
2.0300000000000002  -0.007386850791324881  -0.3229422865443943
2.04  -0.010570817608564181  -0.3222385972556454
2.05  -0.013645734632940207  -0.32157077340512297
2.06  -0.016612515157546928  -0.32093725299723525
2.07  -0.019472385089434427  -0.3203364031445137
2.08  -0.02222687309954019  -0.3197665220033257
2.09  -0.024877800036153294  -0.31922584078550653
2.1  -0.027427267632126894  -0.3187125258437645
2.11  -0.029877646537685737  -0.31822468082864663
2.12  -0.032231563712229266  -0.3177603489147628
2.13  -0.03449188921000549  -0.31731751509390604
2.14  -0.03666172239591923  -0.31689410853262406
2.15  -0.03874437762903707  -0.31648800499173974
2.16  -0.040743369452568776  -0.31609702930524314
2.17  -0.04266239733021664  -0.3157189579159225
2.18  -0.044505329969812185  -0.3153515214650349
2.19  -0.046276189276078704  -0.3149924074332656
2.2  -0.04797913397519017  -0.3146392628301677
2.21  -0.04961844295451375  -0.3142896969292225
2.22  -0.05119849836154437  -0.3139412840456125
2.23  -0.052723768506557724  -0.3135915663537568
2.24  -0.05419879061391255  -0.31323805674161054
2.25  -0.055628153467238435  -0.31287824169869655
2.2600000000000002  -0.05701647999393629  -0.31250958423479824
2.27  -0.05836840983451112  -0.3121295268262126
2.2800000000000002  -0.05968858194222906  -0.3117354943864299
2.29  -0.06098161725846667  -0.31132489725808277
2.3000000000000003  -0.06225210150887899  -0.3108951342229849
2.31  -0.06350456816517466  -0.31044359552705847
2.32  -0.06474348161683248  -0.30996766591693625
2.33  -0.06597322059653793  -0.30946472768500694
2.34  -0.06719806190246586  -0.3089321637196702
2.35  -0.06842216445976727  -0.30836736055755415
2.36  -0.06964955376276195  -0.3077677114344543
2.37  -0.07088410673837632  -0.3071306193317444
2.38  -0.07212953707031317  -0.30645350001502364
2.39  -0.07338938102228737  -0.30573378506176574
2.4  -0.07466698379742467  -0.30496892487475125
2.41  -0.07596548646958884  -0.30415639167807446
2.42  -0.07728781352099298  -0.3032936824925409
2.43  -0.07863666101895428  -0.3023783220872861
2.44  -0.08001448546307591  -0.3014078659044765
2.45  -0.08142349333249765  -0.3003799029539774
2.46  -0.08286563136113297  -0.2992920586749086
2.47  -0.08434257756702963  -0.29814199776103956
2.48  -0.08585573306013862  -0.29692742694701324
2.49  -0.08740621465087592  -0.2956460977524351
2.5  -0.08899484827989737  -0.2942958091808982
2.5100000000000002  -0.09062216328749906  -0.2928744103710734
2.52  -0.09228838753900309  -0.2913798031970333
2.5300000000000002  -0.09399344342039465  -0.2898099448150412
2.54  -0.09573694471634435  -0.2881628501540869
2.5500000000000003  -0.09751819438059889  -0.286436594347512
2.56  -0.0993361832065282  -0.28462931510313
2.57  -0.10118958940342568  -0.28273921500930865
2.58  -0.1030767790819278  -0.28076456377455383
2.59  -0.10499580764970019  -0.27870370039820047
2.6  -0.10694442211629876  -0.27655503526988595
2.61  -0.10892006430388315  -0.27431705219556723
2.62  -0.1109198749582354  -0.2719883103479058
2.63  -0.11294069875231705  -0.26956744613893574
2.64  -0.11497909017240276  -0.26705317501300385
2.65  -0.11703132027464569  -0.264444293158063
2.66  -0.1190933842977826  -0.2617396791334766
2.67  -0.12116101011556125  -0.258938295412587
2.68  -0.12322966751039284  -0.25603918983838575
2.69  -0.12529457824768342  -0.25304149699072126
2.7  -0.1273507269283083  -0.24994443946356326
2.71  -0.1293928725947377  -0.2467473290509472
2.72  -0.1314155610644381  -0.2434495678403117
2.73  -0.13341313796233623  -0.24005064921204466
2.74  -0.13537976242236777  -0.23655015874414675
2.75  -0.1373094214264282  -0.23294777502102632
2.7600000000000002  -0.13919594474742034  -0.22924327034553593
2.77  -0.14103302046153615  -0.22543651135346854
2.7800000000000002  -0.142814210993439  -0.22152745952982714
2.79  -0.14453296965662032  -0.2175161716262904
2.8000000000000003  -0.14618265764990668  -0.2134027999793979
2.81  -0.14775656146986998  -0.20918759272908635
2.82  -0.14924791069777896  -0.20487089393730928
2.83  -0.15064989611869709  -0.20045314360657884
2.84  -0.15195568812940674  -0.19593487759837877
2.85  -0.1531584553910076  -0.1913167274514942
2.86  -0.15425138368130425  -0.18659942010041752
2.87  -0.15522769490148172  -0.18178377749408908
2.88  -0.15608066619104094  -0.17687071611534205
2.89  -0.15680364910455472  -0.17186124640151884
2.9  -0.1573900888034971  -0.16675647206683608
2.91  -0.157833543216207  -0.16155758932717518
2.92  -0.15812770211894914  -0.15626588602808256
2.93  -0.15826640609106454  -0.15088274067685867
2.94  -0.15824366529732406  -0.1454096213797238
2.95  -0.15805367805084725  -0.13984808468514162
2.96  -0.1576908491102868  -0.13419977433448851
2.97  -0.15714980766544137  -0.12846641992134344
2.98  -0.15642542496601802  -0.12264983546078094
2.99  -0.15551283154894052  -0.1167519178701351
3.0  -0.15440743402036747  -0.11077464536280407
3.0100000000000002  -0.15310493134946354  -0.10472007575674706
3.02  -0.15160133063194953  -0.09859034469942589
3.0300000000000002  -0.14989296228252383  -0.0923876638110204
3.04  -0.14797649461643686  -0.08611431874784689
3.0500000000000003  -0.1458489477817519  -0.07977266718797288
3.06  -0.14350770700520432  -0.07336513674112953
3.0700000000000003  -0.14095053511599642  -0.0668942227850751
3.08  -0.13817558431342641  -0.06036248623066677
3.09  -0.13518140714584084  -0.05377255121794762
3.1  -0.1319669666701131  -0.04712710274565205
3.11  -0.12853164576260545  -0.04042888423658782
3.12  -0.12487525555442278  -0.033680695041422376
3.13  -0.12099804296566885  -0.02688538788347434
3.14  -0.1169006973153823  -0.020045866247161308
3.15  -0.11258435598586126  -0.013165081712828056
3.16  -0.10805060912216405  -0.006246031240720193
3.17  -0.1033015033497074  0.000708245593062172
3.18  -0.09833954449504992  0.007694669405759292
3.19  -0.09316769929716977  0.014710123859364259
3.2  -0.08778939609879029  0.021751458551288995
3.21  -0.08220852450958724  0.02881549194126687
3.22  -0.07642943403540675  0.03589901431144914
3.23  -0.07045693166995265  0.04299879075660107
3.24  -0.06429627844772878  0.050111564201294964
3.25  -0.057953184959374474  0.05723405844094008
3.2600000000000002  -0.05143380583286557  0.0643629812034935
3.27  -0.04474473318641216  0.07149502722864798
3.2800000000000002  -0.03789298906120983  0.07862688136129903
3.29  -0.03088601684453974  0.08575522165605183
3.3000000000000003  -0.023731671696004264  0.09287672248954501
3.31  -0.016438209991986252  0.09998805767733245
3.3200000000000003  -0.009014277805662135  0.10708590359208695
3.33  -0.0014688984421377116  0.11416694227985902
3.34  0.006188540949556523  0.12122786457115552
3.35  0.013948303663718825  0.12826537318358117
3.36  0.02180031859849342  0.1352761858128168
3.37  0.029734196261637397  0.14225703820870772
3.38  0.03773924559152243  0.14920468723325042
3.39  0.04580449156145333  0.15611591389729734
3.4  0.053918693533509046  0.16298752637280498
3.41  0.06207036432635382  0.1698163629774924
3.42  0.07024778995972959  0.1765992951287889
3.43  0.07843905003673432  0.1833332302640038
3.44  0.08663203872341936  0.190015114723662
3.45  0.09481448628380199  0.1966419365950106
3.46  0.10297398112699305  0.20321072851272365
3.47  0.11109799232187578  0.20971857041389808
3.48  0.11917389253358088  0.21616259224445827
3.49  0.12718898133491818  0.22253997661416186
3.5  0.13513050884493877  0.22884796139743052
3.5100000000000002  0.14298569964592872  0.2350838422773109
3.52  0.15074177692933988  0.2412449752299027
3.5300000000000002  0.15838598682052335  0.24732877894668231
3.54  0.1659056228315401  0.25333273719219007
3.5500000000000003  0.1732880503909032  0.25925440109464065
3.56  0.18052073139874275  0.26509139136706256
3.5700000000000003  0.18759124875568006  0.2708414004566699
3.58  0.1944873308135706  0.27650219462022346
3.59  0.201196875696289  0.28207161592323626
3.6  0.2077079754388299  0.28754758416093873
3.61  0.2140089398932405  0.29292809869901715
3.62  0.22008832035023917  0.29821124023221623
3.63  0.22593493282581695  0.30339517245898284
3.64  0.23153788096270783  0.30847814367041954
3.65  0.2368865784972646  0.31345848825190037
3.66  0.24197077124308655  0.3183346280958057
3.67  0.2467805585436201  0.3231050739239089
3.68  0.2513064141469667  0.327768426518061
3.69  0.25553920645722705  0.3323233778578991
3.7  0.2594702181179236  0.3367687121644197
3.71  0.26309116488433526  0.3411033068483373
3.72  0.26639421374299466  0.3453261333622688
3.73  0.26937200023807395  0.34943625795586813
3.74  0.2720176449659849  0.35343284233315353
3.75  0.27432476920117654  0.35731514421135574
3.7600000000000002  0.27628750961787263  0.3610825177807369
3.77  0.27790053207432636  0.3647344140649175
3.7800000000000002  0.27915904442806916  0.36827038118136907
3.79  0.28005880835261854  0.3716900645018193
3.8000000000000003  0.2805961501281519  0.37499320671243774
3.81  0.2807679703807613  0.3781796477737606
3.8200000000000003  0.28057175274707447  0.38124932478043305
3.83  0.2800055714432444  0.3842022717209384
3.84  0.2790680977195824  0.38703861913760174
3.85  0.27775860518441586  0.3897585936872527
3.86  0.27607697398311204  0.3923625176030364
3.87  0.27402369382058445  0.39485080805797357
3.88  0.2715998658180182  0.39722397643096075
3.89  0.2688072031969827  0.39948262747602054
3.9  0.2656480307865562  0.4016274583956966
3.91  0.26212528335155033  0.40365925781960427
3.92  0.25824250274239835  0.405578904689235
3.93  0.2540038338697425  0.40738736705022155
3.94  0.24941401950923187  0.40908570075335904
3.95  0.2444783939444959  0.41067504806578164
3.96  0.23920287545871458  0.41215663619378085
3.97  0.23359395768762561  0.413531775718853
3.98  0.22765869984921902  0.4148018589486444
3.99  0.22140471586773064  0.41596835818456346
4.0  0.2148401624118941  0.41703282390790647
4.01  0.20797372586969248  0.41799688288643755
4.0200000000000005  0.20081460828411313  0.41886223620344054
4.03  0.19337251227660052  0.41963065721134585
4.04  0.1856576249870374  0.4203039894121137
4.05  0.1776806010611875  0.42088414426663234
4.0600000000000005  0.16945254471852872  0.42137309893546293
4.07  0.1609849909353731  0.42177289395333495
4.08  0.15228988578002262  0.4220856308398717
4.09  0.14337956593853407  0.4223134696490794
4.1  0.13426673747136053  0.42245862646021326
4.11  0.12496445384277673  0.42252337081268165
4.12  0.11548609326653853  0.4225100230877191
4.13  0.10584533541266117  0.4224209518396059
4.14  0.09605613752158497  0.4222585710792724
4.15  0.08613270997321897  0.4220253375131686
4.16  0.07608949135952986  0.4217237477403365
4.17  0.06594112311037634  0.421356335410652
4.18  0.055702423723257836  0.42092566834726153
4.19  0.04538836264845594  0.4204343456362591
4.2  0.03501403388179375  0.4198849946866958
4.21  0.024594629317830623  0.41928026826403814
4.22  0.014145411916847466  0.41862284150022205
4.23  0.003681688739327154  0.41791540888347484
4.24  -0.0067812160980662735  0.41716068123109196
4.25  -0.01722798849086659  0.41636138264838446
4.26  -0.027643351385332793  0.41552024747701466
4.2700000000000005  -0.03801209173301394  0.41464001723595756
4.28  -0.04831908730741763  0.41372343755833035
4.29  -0.05854933332915732  0.41277325512733287
4.3  -0.06868796884636003  0.41179221461454896
4.3100000000000005  -0.07872030281766873  0.41078305562385015
4.32  -0.0886318398458022  0.4097485096441406
4.33  -0.09840830551040722  0.40869129701416906
4.34  -0.10803567124977703  0.40761412390262625
4.3500000000000005  -0.1175001787420156  0.4065196793067203
4.36  -0.1267883637372771  0.4054106320724163
4.37  -0.13588707929391547  0.40428962793948753
4.38  -0.14478351837263184  0.40315928661451295
4.39  -0.1534652357441123  0.4020221988749172
4.4  -0.16192016916711177  0.40088092370712014
4.41  -0.17013665979549056  0.3997379854818245
4.42  -0.17810347177439606  0.39859587116943423
4.43  -0.18580981098747087  0.3974570275985468
4.44  -0.19324534291883225  0.39632385876042653
4.45  -0.20040020959542093  0.3951987231623079
4.46  -0.2072650455773171  0.3940839312323312
4.47  -0.21383099296561575  0.39298174277885745
4.48  -0.2200897153995874  0.3918943645068501
4.49  -0.22603341101696972  0.3908239475939543
4.5  -0.23165482435347803  0.3897725853288331
4.51  -0.23694725715984322  0.3887423108142666
4.5200000000000005  -0.24190457811702165  0.38773509473743767
4.53  -0.24652123143253402  0.38675284320976894
4.54  -0.2507922443032897  0.38579739567859117
4.55  -0.2547132332326295  0.3848705229128566
4.5600000000000005  -0.2582804091917732  0.38397392506502603
4.57  -0.26149058161828015  0.3831092298111793
4.58  -0.2643411612466085  0.3822779905713183
4.59  -0.26683016176830465  0.3814816848117436
4.6000000000000005  -0.2689562003218395  0.3807217124313008
4.61  -0.2707184968145561  0.37999939423320306
4.62  -0.272116872081663  0.37931597048404603
4.63  -0.2731517448896329  0.3786725995615395
4.64  -0.27382412779380183  0.37807035669238565
4.65  -0.2741356218623499  0.37751023278163753
4.66  -0.27408841028121916  0.3769931333347771
4.67  -0.27368525085684814  0.3765198774736511
4.68  -0.2729294674359021  0.3760911970473063
4.69  -0.271824940263415  0.3757077358386627
4.7  -0.2703760953029674  0.37537004886786396
4.71  -0.2685878925446475  0.3750786017930429
4.72  -0.26646581332864727  0.3748337704091308
4.73  -0.26401584671434325  0.3746358402452445
4.74  -0.26124447492667324  0.3744850062610746
4.75  -0.2581586579134906  0.37438137264259413
4.76  -0.25476581704938334  0.37432495269730465
4.7700000000000005  -0.25107381802316137  0.37431566884912915
4.78  -0.24709095294785482  0.37435335273295567
4.79  -0.2428259217336054  0.37443774538873165
4.8  -0.23828781276530706  0.3745684975549024
4.8100000000000005  -0.23348608292819778  0.37474517006088304
4.82  -0.2284305370258828  0.37496723431814594
4.83  -0.22313130663642777  0.3752340729094059
4.84  -0.21759882845323406  0.37554498027527694
4.8500000000000005  -0.2118438221583639  0.3758991634976739
4.86  -0.20587726787683447  0.37629574317912917
4.87  -0.19971038326115365  0.3767337544170938
4.88  -0.19335460025600365  0.37721214787219015
4.89  -0.18682154159350467  0.37772979092928705
4.9  -0.18012299706990406  0.37828546895016507
4.91  -0.17327089965484607  0.37887788661644806
4.92  -0.16627730148455216  0.3795056693613794
4.93  -0.15915434979033521  0.3801673648889251
4.94  -0.15191426281381912  0.38086144477859657
4.95  -0.14456930576009708  0.38158630617429423
4.96  -0.1371317668397814  0.38234027355538525
4.97  -0.1296139334505495  0.38312160058813655
4.98  -0.1220280685482771  0.38392847205554775
4.99  -0.11438638725728134  0.384759005863538
5.0  -0.10670103376846253  0.3856112551213625
5.01  -0.09898405857336429  0.3864832102940602
5.0200000000000005  -0.0912473960812174  0.3873728014246462
5.03  -0.08350284266505152  0.38827790042370613
5.04  -0.07576203518181149  0.38919632342395794
5.05  -0.06803643001023714  0.3901258331972978
5.0600000000000005  -0.060337282648929125  0.3910641416317622
5.07  -0.05267562791564505  0.3920089122657906
5.08  -0.04506226078736686  0.3929577628771012
5.09  -0.0375077179191364  0.3939082681234384
5.1000000000000005  -0.03002225987797802  0.39485796223239905
5.11  -0.022615854126516843  0.39580434173748275
5.12  -0.015298158789088578  0.39674486825747673
5.13  -0.00807850723128449  0.39767697131622304
5.14  -0.0009658934819230663  0.3985980511997892
5.15  0.0060310414755496145  0.3995054818480096
5.16  0.012904022517262942  0.400396613777341
5.17  0.019645152275891836  0.40126877703192876
5.18  0.0262469220996651  0.4021192841597648
5.19  0.03270222205490926  0.40294543321078
5.2  0.039004349955814095  0.4037445107536928
5.21  0.045147019407394864  0.40451379490842443
5.22  0.051124366849870415  0.40525055839085805
5.23  0.0569309575950131  0.4059520715667251
5.24  0.06256179084731217  0.4066156055113706
5.25  0.06801230370514984  0.40723843507216806
5.26  0.07327837413948832  0.4078178419303243
5.2700000000000005  0.07835632294993136  0.40835111765883714
5.28  0.08324291470032016  0.40883556677336197
5.29  0.08793535763836766  0.40926850977274765
5.3  0.0924313026061046  0.40964728616602486
5.3100000000000005  0.09672884095022043  0.4099692574826293
5.32  0.10082650144360353  0.4102318102626715
5.33  0.10472324623163702  0.4104323590240779
5.34  0.10841846581895803  0.4105683492034583
5.3500000000000005  0.11191197311456356  0.41063726006757345
5.36  0.11520399655521252  0.41063660759231957
5.37  0.11829517232915264  0.4105639473061662
5.38  0.12118653572415175  0.4104168770950346
5.39  0.12387951162578581  0.4101930399656363
5.4  0.1263759041937753  0.4098901267643311
5.41  0.12867788574595865  0.409505878848627
5.42  0.13078798488125082  0.4090380907084716
5.43  0.13270907387453454  0.40848461253455703
5.44  0.13444435537804908  0.40784335273090533
5.45  0.13599734846530342  0.40711228036905767
5.46  0.13737187405494358  0.4062894275812661
5.47  0.138572039753325  0.4053728918901296
5.48  0.1396022241557537  0.4043608384722045
5.49  0.1404670606474734  0.40325150235317136
5.5  0.1411714207465346  0.4020431905322246
5.51  0.1417203970315572  0.4007342840334148
5.5200000000000005  0.14211928569827773  0.39932323988176244
5.53  0.1423735687894541  0.39780859300202964
5.54  0.14248889614333005  0.39618895803812343
5.55  0.1424710671063784  0.39446303109118863
5.5600000000000005  0.14232601205643514  0.3926295913745281
5.57  0.14205977378262916  0.39068750278358566
5.58  0.141678488768713  0.3886357153793013
5.59  0.14118836842645546  0.38647326678325644
5.6000000000000005  0.14059568032574524  0.38419928348310517
5.61  0.13990672946790045  0.3818129820468928
5.62  0.1391278396484312  0.3793136702449499
5.63  0.13826533495515242  0.3767007480781531
5.64  0.13732552144707486  0.3739737087114431
5.65  0.13631466905892747  0.37113213931158207
5.66  0.13523899377550944  0.3681757217882458
5.67  0.1341046401192669  0.3651042334376331
5.68  0.13291766399364213  0.36191754748789184
5.69  0.1316840159237451  0.3586156335457552
5.7  0.1304095247348403  0.35519855794388555
5.71  0.12909988170796777  0.3516664839885335
5.72  0.12776062525077458  0.34801967210722223
5.73  0.1263971261202718  0.3442584798962677
5.74  0.12501457323282664  0.34038336206805936
5.75  0.12361796009516965  0.3363948702981214
5.76  0.1222120718886266  0.3322936529720907
5.7700000000000005  0.12080147323711489  0.3280804548328455
5.78  0.11939049668771906  0.3237561165281253
5.79  0.11798323193086076  0.31932157405908757
5.8  0.11658351578522361  0.31477785813035525
5.8100000000000005  0.11519492297067602  0.31012609340220476
5.82  0.1138207576904689  0.3053674976456555
5.83  0.11246404604196514  0.30050338080131345
5.84  0.11112752927310372  0.29553514394293917
5.8500000000000005  0.10981365789969633  0.29046427814679054
5.86  0.10852458669652702  0.28529236326791013
5.87  0.10726217057305923  0.2800210666246047
5.88  0.10602796134237322  0.27465214159248086
5.89  0.10482320538975111  0.2691874261094815
5.9  0.1036488422451074  0.2636288410934664
5.91  0.10250550406123886  0.25797838877397516
5.92  0.10139351599763728  0.25223815093989577
5.93  0.10031289750738  0.24641028710485197
5.94  0.0992633645223925  0.2404970325922165
5.95  0.09824433253017244  0.23450069654172953
5.96  0.09725492053286344  0.2284236598397906
5.97  0.0962939558774134  0.22226837297557736
5.98  0.09535997994339492  0.21603735382521114
5.99  0.09445125467296697  0.20973318536628052
6.0  0.09356576992538372  0.20335851332508464
6.01  0.09270125163642058  0.1969160437590574
6.0200000000000005  0.09185517076111666  0.19040854057687556
6.03  0.09102475297629126  0.1838388229988422
6.04  0.09020698911741723  0.1772097629601718
6.05  0.08939864632263438  0.1705242824599
6.0600000000000005  0.08859627985491246  0.1637853508581619
6.07  0.08779624557171045  0.1569959821246656
6.08  0.08699471300986393  0.15015923204121384
6.09  0.08618767905189527  0.143278195361202
6.1000000000000005  0.08537098213849906  0.13635600292904404
6.11  0.0845403169905736  0.12939581876252967
6.12  0.08369124980289185  0.1224008371011515
6.13  0.08281923387032282  0.11537427942348287
6.140000000000001  0.08191962560638946  0.10831939143671337
6.15  0.08098770091296192  0.10123944004148201
6.16  0.08001867185897757  0.09413771027516415
6.17  0.07900770362524673  0.08701750223681373
6.18  0.07794993167172996  0.07988212799695356
6.19  0.07684047908303221  0.07273490849544458
6.2  0.07567447404738364  0.06557917043066479
6.21  0.07444706742397367  0.05841824314323923
6.22  0.07315345035321172  0.051255455497578206
6.23  0.07178887186431178  0.04409413276446704
6.24  0.07034865643453447  0.036937593507964904
6.25  0.06882822145442798  0.02978914647985123
6.26  0.06722309455359124  0.02265208752486606
6.2700000000000005  0.06552893074169525  0.015529696499962206
6.28  0.06374152931988379  0.008425234210792679
6.29  0.06185685051813121  0.0013419393686076968
6.3  0.05987103181470024  -0.0057169744292413505
6.3100000000000005  0.05778040389452101  -0.012748321692070377
6.32  0.05558150620410784  -0.019748947998759092
6.33  0.053271102061463085  -0.026715732927714383
6.34  0.050846193280459466  -0.03364559295082323
6.3500000000000005  0.048304034270207595  -0.04053548428839872
6.36  0.045642145571123754  -0.047382405722134965
6.37  0.042858326790660095  -0.05418340136315022
6.38  0.03995066890301226  -0.06093556337222715
6.390000000000001  0.03691756587855101  -0.06763603462942758
6.4  0.0337577256102662  -0.0742820113502958
6.41  0.03047018010606794  -0.08087074564593749
6.42  0.027054294917522932  -0.08739954802430276
6.43  0.02350977777729464  -0.09386578983007968
6.44  0.019836686419411075  -0.10026690562065815
6.45  0.01603543555834304  -0.10660039547569533
6.46  0.01210680300482686  -0.1128638272378928
6.47  0.008051934898344257  -0.11905483868264599
6.48  0.003872350038241948  -0.12517113961432383
6.49  -0.00043005670246507033  -0.13121051388700217
6.5  -0.0048530118944025286  -0.13717082134756042
6.51  -0.009393862011902412  -0.1430499996991224
6.5200000000000005  -0.014049572845259872  -0.14884606628292057
6.53  -0.018816729872392524  -0.15455711977673106
6.54  -0.02369153959486041  -0.16018134180814347
6.55  -0.028669831840947332  -0.16571699848097732
6.5600000000000005  -0.033747063036211916  -0.1711624418132914
6.57  -0.03891832043965644  -0.1765161110854927
6.58  -0.04417832734135767  -0.18177653409717265
6.59  -0.049521449215136626  -0.1869423283313675
6.6000000000000005  -0.05494170081757142  -0.19201220202506297
6.61  -0.060432754222404184  -0.19698495514484027
6.62  -0.06598794777715765  -0.2018594802666844
6.63  -0.07160029596657173  -0.20663476335904696
6.640000000000001  -0.07726250016528277  -0.2113098844683846
6.65  -0.08296696026003954  -0.2158840183064809
6.66  -0.08870578711963373  -0.22035643473897254
6.67  -0.09447081588867211  -0.22472649917459475
6.68  -0.10025362007930663  -0.2289936728547724
6.69  -0.10604552643309023  -0.23315751304329246
6.7  -0.11183763052321967  -0.23721767311588215
6.71  -0.11762081306562143  -0.24117390254964546
6.72  -0.12338575690553694  -0.24502604681239398
6.73  -0.12912296464460982  -0.24877404715203025
6.74  -0.13482277687183408  -0.25241794028623593
6.75  -0.14047539096020822  -0.25595785799283255
6.76  -0.14607088038946764  -0.2593940266012721
6.7700000000000005  -0.15159921455392267  -0.26272676638583936
6.78  -0.15705027901312787  -0.2659564908612282
6.79  -0.16241389614196883  -0.2690837059812796
6.8  -0.16767984613560108  -0.27210900924175174
6.8100000000000005  -0.1728378883237582  -0.27503308868810694
6.82  -0.17787778274799787  -0.2778567218293935
6.83  -0.18278931195471182  -0.280580774459401
6.84  -0.1875623029560243  -0.28320619938636843
6.8500000000000005  -0.1921866493101274  -0.2857340350726125
6.86  -0.19665233327215645  -0.28816540418554665
6.87  -0.20094944796632916  -0.2905015120616543
6.88  -0.20506821952984366  -0.2927436450850621
6.890000000000001  -0.20899902917887814  -0.294893168982462
6.9  -0.21273243514703294  -0.29695152703620675
6.91  -0.21625919444662647  -0.29892023821750063
6.92  -0.21957028440345625  -0.3008008952416819
6.93  -0.22265692391596278  -0.3025951625476812
6.94  -0.22551059439014293  -0.3043047742038172
6.95  -0.22812306030208557  -0.30593153174216897
6.96  -0.23048638934066568  -0.30747730192384404
6.97  -0.23259297208366236  -0.30894401443752106
6.98  -0.2344355411614208  -0.31033365953373554
6.99  -0.23600718986316097  -0.3116482855974215
7.0  -0.23730139014206486  -0.31288999666131445
7.01  -0.2383120099764672  -0.31406094986285105
7.0200000000000005  -0.23903333004571278  -0.3151633528472923
7.03  -0.2394600596806146  -0.3161994611198258
7.04  -0.23958735204988885  -0.31717157534948026
7.05  -0.2394108185454739  -0.31808203862771595
7.0600000000000005  -0.23892654233128222  -0.31893323368461207
7.07  -0.23813109102161834  -0.3197275800656244
7.08  -0.23702152845730037  -0.32046753127190425
7.09  -0.23559542554936092  -0.3211555718672368
7.1000000000000005  -0.23385087016216494  -0.3217942145546665
7.11  -0.23178647600974034  -0.3223859972259305
7.12  -0.22940139054121333  -0.32293347998682836
7.13  -0.22669530179333694  -0.32343924216170383
7.140000000000001  -0.2236684441902724  -0.3239058792802135
7.15  -0.22032160327302486  -0.32433600004959584
7.16  -0.21665611934315954  -0.324732223315656
7.17  -0.21267389000776615  -0.3250971750156956
7.18  -0.20837737161495273  -0.3254334851266342
7.19  -0.20376957957151595  -0.3257437846115559
7.2  -0.19885408753682912  -0.3260307023679398
7.21  -0.19363502548939365  -0.326296862180804
7.22  -0.1881170766649108  -0.32654487968401413
7.23  -0.1823054733671724  -0.3267773593329775
7.24  -0.17620599165547965  -0.3269968913919412
7.25  -0.169824944914728  -0.32720604893910066
7.26  -0.1631691763167348  -0.32740738489269255
7.2700000000000005  -0.156246050183751  -0.32760342906124146
7.28  -0.14906344226751203  -0.32779668522108585
7.29  -0.1416297289595294  -0.32798962822429484
7.3  -0.13395377545064974  -0.3281847011400457
7.3100000000000005  -0.1260449228602199  -0.32838431243250055
7.32  -0.11791297435742604  -0.3285908331781797
7.33  -0.10956818029959181  -0.32880659432578874
7.34  -0.1010212224144092  -0.3290338840014129
7.3500000000000005  -0.09228319705512047  -0.329274944861938
7.36  -0.08336559755977777  -0.32953197149951585
7.37  -0.07428029574763499  -0.32980710789982526
7.38  -0.06503952258768073  -0.3301024449568389
7.390000000000001  -0.05565584807613235  -0.33042001804672866
7.4  -0.04614216036149153  -0.3307618046634922
7.41  -0.036511644157420274  -0.3311297221188168
7.42  -0.02677775848533572  -0.33152562530861873
7.43  -0.016954213790087456  -0.3319513045486406
7.44  -0.007054948473517855  -0.33240848348140084
7.45  0.0029058951079515005  -0.33289881705672963
7.46  0.012913995134393147  -0.33342388958803004
7.47  0.02295487525358677  -0.3339852128863408
7.48  0.03301392990291954  -0.33458422447418135
7.49  0.043076449971527084  -0.33522228588108083
7.5  0.05312764875147252  -0.3359006810226093
7.51  0.06315268812602906  -0.33662061466463217
7.5200000000000005  0.07313670494256655  -0.3373832109744288
7.53  0.08306483751702762  -0.3381895121602175
7.54  0.09292225221668093  -0.33904047720053726
7.55  0.10269417006751119  -0.3399369806648429
7.5600000000000005  0.11236589333253122  -0.3408798116265735
7.57  0.12192283200725923  -0.3418696726698527
7.58  0.1313505301786976  -0.3429071789908874
7.59  0.14063469219437327  -0.3439928575950235
7.6000000000000005  0.1497612085883133  -0.34512714659032
7.61  0.1587161817112766  -0.34631039457840396
7.62  0.16748595101313496  -0.347542860143257
7.63  0.17605711792590992  -0.3488247114384901
7.640000000000001  0.18441657029682385  -0.350156025873552
7.65  0.19255150632153645  -0.35153678989921616
7.66  0.2004494579287961  -0.35296689889258587
7.67  0.2080983135687742  -0.3544461571417471
7.68  0.2154863403586101  -0.3559742779301018
7.69  0.22260220553994184  -0.35755088372030025
7.7  0.22943499720464577  -0.35917550643759033
7.71  0.23597424424646796  -0.36084758785229876
7.72  0.2422099354978252  -0.3625664800610456
7.73  0.24813253801273638  -0.36433144606620016
7.74  0.25373301445858715  -0.3661416604529728
7.75  0.2590028395812778  -0.3679962101634418
7.76  0.26393401571021186  -0.36989409536670403
7.7700000000000005  0.26851908727157536  -0.3718342304242441
7.78  0.2727511542804042  -0.37381544494950975
7.79  0.2766238847840603  -0.3758364849605862
7.8  0.2801315262319081  -0.3778960141247601
7.8100000000000005  0.28326891574821855  -0.3799926150936684
7.82  0.28603148928760075  -0.38212479092763213
7.83  0.28841528965459584  -0.3842909666076786
7.84  0.2904169733714206  -0.3864894906336638
7.8500000000000005  0.2920338163802499  -0.3887186367068186
7.86  0.29326371856885824  -0.3909766054949432
7.87  0.29410520711088217  -0.39326152647840407
7.88  0.29455743861444084  -0.3955714598749809
7.890000000000001  0.29462020007532974  -0.39790439864154736
7.9  0.29429390863349336  -0.40025827055047064
7.91  0.29357961013397327  -0.4026309403385545
7.92  0.2924789764960156  -0.4050202119262517
7.930000000000001  0.2909943018965008  -0.40742383070481814
7.94  0.289128497776328  -0.409839485888995
7.95  0.2868850866808207  -0.4122648129327411
7.96  0.2842681949476601  -0.41469739600547273
7.97  0.28128254425822086  -0.4171347705261962
7.98  0.2779334420705611  -0.41957442575286963
7.99  0.2742267709546191  -0.4220138074242559
8.0  0.2701689768524421  -0.4244503204514928
8.01  0.2657670562885043  -0.42688133165652853
8.02  0.2610285425573145  -0.4293041725545486
8.03  0.25596149091763665  -0.431716142177451
8.040000000000001  0.2505744628246846  -0.4341145099353935
8.05  0.24487650923361312  -0.43649651851339627
8.06  0.23887715300953788  -0.43885938679994363
8.07  0.2325863704811345  -0.44120031284449374
8.08  0.2260145721766106  -0.44351647684077394
8.09  0.2191725827824945  -0.44580504413272015
8.1  0.21207162036725402  -0.4480631682398777
8.11  0.20472327491324485  -0.45028799389907964
8.120000000000001  0.19713948620184948  -0.45247666011918686
8.13  0.18933252109797905  -0.45462630324566305
8.14  0.1813149502812482  -0.45673406003175476
8.15  0.17309962447227883  -0.45879707071302755
8.16  0.1646996502034927  -0.460812482082016
8.17  0.15612836518467213  -0.46277745055973374
8.18  0.14739931331430406  -0.46468914526080873
8.19  0.13852621938836027  -0.46654475104899384
8.2  0.1295229635587397  -0.46834147157983536
8.21  0.12040355559396426  -0.4700765323272781
8.22  0.1111821089950936  -0.4717471835910056
8.23  0.10187281501994742  -0.4733507034813501
8.24  0.0924899166688658  -0.47488440087859785
8.25  0.08304768268517278  -0.47634561836357925
8.26  0.0735603816233395  -0.47773173511643163
8.27  0.06404225603762262  -0.4790401697804776
8.28  0.05450749684353625  -0.480268383288187
8.290000000000001  0.0449702179040461  -0.48141388164623056
8.3  0.035444430891765924  -0.48247421867668333
8.31  0.025944020477707927  -0.4834469987114732
8.32  0.01648271989635998  -0.48432987923722803
8.33  0.007074086935885036  -0.4851205734877112
8.34  -0.0022685195987574708  -0.48581685298111443
8.35  -0.011531962903127795  -0.4864165499995088
8.36  -0.020703350625614597  -0.48691756000783515
8.370000000000001  -0.029770056710674758  -0.487317844009868
8.38  -0.038719742590301094  -0.4876154308386542
8.39  -0.04754037768259375  -0.48780841937900316
8.4  -0.05622025915785083  -0.4878949807196661
8.41  -0.06474803093430528  -0.48787336023292704
8.42  -0.07311270186740859  -0.4877418795793927
8.43  -0.08130366309836534  -0.48749893863585914
8.44  -0.08931070452955236  -0.48714301734420185
8.45  -0.09712403039642763  -0.4866726774793297
8.46  -0.10473427390757238  -0.48608656433431985
8.47  -0.11213251092657972  -0.4853834083209445
8.48  -0.11931027267171232  -0.4845620264838789
8.49  -0.12625955741135772  -0.4836213239269877
8.5  -0.13297284113563435  -0.48256029515016163
8.51  -0.13944308718673032  -0.48137802529527945
8.52  -0.1456637548328711  -0.4800736912999669
8.53  -0.1516288067731742  -0.4786465629579144
8.540000000000001  -0.1573327155629896  -0.47709600388462103
8.55  -0.16277046895169411  -0.47542147238752785
8.56  -0.1679375741273526  -0.4736225222396008
8.57  -0.172830060864971  -0.4716988033555338
8.58  -0.17744448357755038  -0.46965006236983775
8.59  -0.18177792227149686  -0.4674761431161851
8.6  -0.18582798241033688  -0.46517698700748733
8.61  -0.18959279369307688  -0.4627526333162817
8.620000000000001  -0.19307100775588662  -0.4602032193551161
8.63  -0.19626179480809608  -0.45752898055671437
8.64  -0.19916483921585118  -0.45473025045382126
8.65  -0.20178033404895057  -0.45180746055872784
8.66  -0.2041089746086953  -0.44876114014257956
8.67  -0.20615195095670197  -0.4455919159146799
8.68  -0.20791093946677666  -0.4423005116021045
8.69  -0.20938809342403664  -0.4388877474300491
8.700000000000001  -0.21058603269745185  -0.4353545395034322
8.71  -0.21150783251395028  -0.4317018990903891
8.72  -0.21215701136411458  -0.42793093180837694
8.73  -0.21253751807129495  -0.42404283671374116
8.74  -0.21265371805771502  -0.42003890529566745
8.75  -0.21251037884279644  -0.4159205203755609
8.76  -0.21211265481050356  -0.411689154912989
8.77  -0.21146607128399272  -0.4073463707194197
8.78  -0.21057650794726313  -0.4028938170810924
8.790000000000001  -0.20945018165477952  -0.39833322929243753
8.8  -0.20809362867129316  -0.39366642710158245
8.81  -0.20651368638514833  -0.38889531306953673
8.82  -0.20471747453940964  -0.384021870844781
8.83  -0.20271237602604522  -0.3790481633550393
8.84  -0.20050601728918274  -0.37397633091811877
8.85  -0.19810624838419616  -0.36880858927378546
8.86  -0.19552112273992384  -0.3635472275387186
8.870000000000001  -0.19275887667184255  -0.3581946060866781
8.88  -0.18982790869436655  -0.35275315435609234
8.89  -0.18673675868070896  -0.3472253685873423
8.9  -0.1834940869189168  -0.3416138094921138
8.91  -0.18010865311268898  -0.33592109985723734
8.92  -0.17658929537556553  -0.3301499220855159
8.93  -0.17294490926685174  -0.3243030156761083
8.94  -0.16918442691739238  -0.3183831746470907
8.950000000000001  -0.16531679629287102  -0.31239324490288833
8.96  -0.16135096064184795  -0.3063361215493319
8.97  -0.15729583817508797  -0.3002147461591162
8.98  -0.15316030202205533  -0.2940321039905474
8.99  -0.14895316050960924  -0.28779122116245437
9.0  -0.1446831378070046  -0.28149516178822975
9.01  -0.14035885498030698  -0.2751470250719833
9.02  -0.1359888114981797  -0.26874994236984173
9.03  -0.13158136722982472  -0.2623070742194672
9.040000000000001  -0.127144724974522  -0.2558216073408855
9.05  -0.12268691356084954  -0.24929675161177361
9.06  -0.1182157715521737  -0.24273573702033469
9.07  -0.11373893159345058  -0.2361418105989777
9.08  -0.10926380543275262  -0.2295182333419784
9.09  -0.10479756964920733  -0.22286827711034526
9.1  -0.10034715211728568  -0.21619522152712956
9.11  -0.09591921923551658  -0.20950235086641122
9.120000000000001  -0.09152016394580643  -0.20279295093921618
9.13  -0.08715609456759575  -0.19607030597961447
9.14  -0.08283282446904666  -0.1893376955342412
9.15  -0.07855586259543212  -0.18259839135850217
9.16  -0.07433040487276796  -0.17585565432269487
9.17  -0.07016132650260419  -0.16911273133127222
9.18  -0.06605317516171606  -0.162372852258472
9.19  -0.06201016511824525  -0.1556392269035018
9.200000000000001  -0.0580361722736045  -0.14891504196845892
9.21  -0.05413473013723766  -0.14220345806214815
9.22  -0.050309026739059876  -0.13550760673289644
9.23  -0.04656190248215915  -0.1288305875334927
9.24  -0.042895848936073094  -0.12217546512129046
9.25  -0.03931300856869342  -0.11554526639650038
9.26  -0.03581517541261223  -0.1089429776816642
9.27  -0.032403796659487824  -0.10237154194523976
9.28  -0.029079975173784953  -0.09583385607219792
9.290000000000001  -0.02584447291505898  -0.08933276818446581
9.3  -0.022697715255796946  -0.08287107501402208
9.31  -0.019639796179676997  -0.07645151933135232
9.32  -0.016670484343056194  -0.07007678743197451
9.33  -0.013789229980409462  -0.06374950668362227
9.34  -0.010995172632466799  -0.057472243136652036
9.35  -0.008287149673862765  -0.051247499200151404
9.36  -0.00566370561518581  -0.04507771138616577
9.370000000000001  -0.0031231021525354175  -0.03896524812438702
9.38  -0.000663328935898419  -0.03291240764957405
9.39  0.0017178849740155863  -0.026921415963889972
9.4  0.004023058992449223  -0.020994424876274287
9.41  0.006254948274323484  -0.015133510120885638
9.42  0.008416530389971102  -0.009340669556552342
9.43  0.010510991449237748  -0.003617821449102221
9.44  0.012541711711583026  0.002033197161658659
9.450000000000001  0.014512250721019936  0.0076106320086311435
9.46  0.016426332005816068  0.013112813056171596
9.47  0.018287827383908457  0.018538155869418024
9.48  0.020100740915876197  0.02388516289276628
9.49  0.021869192548130093  0.02915242463619931
9.5  0.0235974014896988  0.034338620768248354
9.51  0.025289669366555398  0.0394425211144738
9.52  0.026950363197989432  0.04446298656044581
9.53  0.028583898239855143  0.049398969858313685
9.540000000000001  0.03019472073987551  0.054249516336143624
9.55  0.03178729065030303  0.05901376450932175
9.56  0.03336606434336031  0.06369094659341126
9.57  0.03493547737481863  0.0682803889179541
9.58  0.03649992734092825  0.07278151224082625
9.59  0.03806375687367758  0.07719383196284715
9.6  0.03963123681898479  0.08151695824245514
9.61  0.04120654964197671  0.0857505960103645
9.620000000000001  0.04279377310292353  0.08989454488422642
9.63  0.04439686424672851  0.09394869898341604
9.64  0.0460196437481213  0.09791304664418962
9.65  0.047665780653781936  0.10178767003553277
9.66  0.049338777561702754  0.10557274467615475
9.67  0.05104195627697056  0.10926853885316831
9.68  0.052778443982047875  0.11287541294310866
9.69  0.054551159958324824  0.1163938186360377
9.700000000000001  0.056362802894409494  0.119824298063602
9.71  0.05821583881517936  0.1231674828319808
9.72  0.060112489664117544  0.1264240929608023
9.73  0.062054722569871934  0.12959493572916514
9.74  0.0640442398263097  0.13268090443002997
9.75  0.06608246961361712  0.13568297703432797
9.76  0.06817055748619699  0.13860221476622936
9.77  0.07030935865125179  0.14143976059111496
9.78  0.07249943106003767  0.14419683761787783
9.790000000000001  0.07474102933178046  0.14687474741727807
9.8  0.07703409952825786  0.1494748682581588
9.81  0.07937827479495957  0.15199865326342482
9.82  0.08177287188265434  0.1544476284877555
9.83  0.08421688856103911  0.1568233909191228
9.84  0.08670900193399661  0.15912760640625295
9.85  0.08924756766377973  0.16136200751425994
9.86  0.09183062010923843  0.1635283913107391
9.870000000000001  0.09445587338097314  0.16562861708469667
9.88  0.09712072331407033  0.16766460400075456
9.89  0.09982225035683126  0.16963832869114487
9.9  0.10255722337166541  0.17155182278805686
9.91  0.10532210434209062  0.173407170398987
9.92  0.10811305397756088  0.1752065055277845
9.93  0.11092593820563797  0.1769520094441417
9.94  0.11375633553883643  0.17864590800434815
9.950000000000001  0.11659954530132338  0.18029046892616474
9.96  0.1194505966985188  0.18188799902071903
9.97  0.122304258710571  0.18344084138439032
9.98  0.1251550507886169  0.18495137255366656
9.99  0.1279972543307477  0.18642199962601894
10.0  0.13082492491265674  0.18785515734984937
