0.0  3.6438486332358315  5.286338646337516
0.005  3.7178508597694835  5.5306057884211635
0.01  3.790617434117008  5.765608895787863
0.015  3.8621315232776148  5.990962967990267
0.02  3.932376826936725  6.206298492891601
0.025  4.001337580938687  6.411262087544542
0.03  4.068998560482524  6.60551711567773
0.035  4.135345083040279  6.788744280660578
0.04  4.2003630109977  6.960642192843096
0.045  4.264038754017168  7.1209279101956025
0.05  4.326359271122904  7.26933745120366
0.055  4.387312072508685  7.405626279006115
0.06  4.44688522106844  7.529569755799037
0.065  4.505067333650253  7.640963566565341
0.07  4.561847582034442  7.739624111229124
0.075  4.617215693636607  7.825388864375175
0.08  4.671161951936577  7.898116701717658
0.085  4.723677196634481  7.957688192547655
0.09  4.774752823535188  8.00400585743708
0.095  4.824380784162617  8.036994390526253
0.1  4.8725535851055035  8.056600845774238
0.105  4.9192642870963965  8.062794786604877
0.11  4.964506503825782  8.055568398437043
0.115  5.008274400493401  8.034936563645113
0.12  5.0505626920989455  8.00093689855488
0.125  5.091366641474491  7.953629752140968
0.13  5.130682057061139  7.893098166154267
0.135  5.168505290432509  7.819447796471792
0.14  5.204833233567818  7.732806795526669
0.145  5.239663315877479  7.633325655742562
0.15  5.27299350098422  7.5211770139645076
0.155  5.304822283262905  7.396555416946959
0.16  5.335148684142355  7.259677048029496
0.165  5.363972248172565  7.110779415201172
0.17  5.391293038860896  6.950121000825622
0.17500000000000002  5.417111634280881  6.777980873370688
0.18  5.441429122457448  6.59465826155844
0.185  5.464247096532454  6.400472091423671
0.19  5.4855676497145645  6.1957604868414204
0.195  5.505393370017585  5.98088023415628
0.2  5.523727334791504  5.756206211618379
0.20500000000000002  5.540573105050584  5.5221307844025995
0.21  5.555934719602946  5.279063166058738
0.215  5.5698166889862  5.027428747310695
0.22  5.582223989213753  4.7676683931924115
0.225  5.593162055336569  4.500237709576687
0.23  5.602636774825155  4.225606280220313
0.23500000000000001  5.610654480776733  3.944256875514945
0.24  5.6172219449525915  3.6566846341973513
0.245  5.6223463706506696  3.3633962193354554
0.25  5.626035385418578  3.064908949967268
0.255  5.6282970336122435  2.7617499098285934
0.26  5.629139768805527  2.454455034661826
0.265  5.628572446056133  2.1435681796523953
0.27  5.626604314033301  1.8296401685910617
0.275  5.6232450070127316  1.5132278264091363
0.28  5.618504536744314  1.1948929967799664
0.28500000000000003  5.6123932841982676  0.8752015465232224
0.29  5.604921991195334  0.5547223585885266
0.295  5.596101751926734  0.2340263154319444
0.3  5.585944004369618  -0.08631472536757079
0.305  5.5744605216038  -0.40572896137483916
0.31  5.56166340303559  -0.7236456795445638
0.315  5.547565065534553  -1.0394962925205684
0.32  5.532178234489097  -1.3527153750428638
0.325  5.515515934786748  -1.6627416985020336
0.33  5.497591481725066  -1.9690192616693354
0.335  5.478418471859103  -2.270998315623695
0.34  5.458010773791369  -2.5681363808937894
0.34500000000000003  5.436382518910219  -2.8598992548344633
0.35000000000000003  5.413548092082693  -3.145762007261957
0.355  5.389522122307675  -3.425209962382006
0.36  5.364319473335373  -3.6977396650585472
0.365  5.3379552342590895  -3.962859829488715
0.37  5.310444710085157  -4.2200922683722055
0.375  5.281803412287022  -4.46897280068944
0.38  5.25204704934933  -4.709052136233759
0.385  5.221191517307945  -4.939896735077839
0.39  5.189252890291712  -5.161089640193607
0.395  5.1562474110718375  -5.372231281488112
0.4  5.122191481624641  -5.572940249565156
0.405  5.0871016537134635  -5.762854037573687
0.41000000000000003  5.050994619495459  -5.941629749559087
0.41500000000000004  5.013887202158918  -6.108944773792533
0.42  4.9757963465967725  -6.2644974196161325
0.425  4.936739110121868  -6.408007516407865
0.43  4.896732653229505  -6.539216973340038
0.435  4.855794230412745  -6.657890298677979
0.44  4.81394118103587  -6.763815077441922
0.445  4.771190920271346  -6.856802406334274
0.45  4.727560930105585  -6.9366872849166
0.455  4.683068750418668  -7.003328962105466
0.46  4.637731970143223  -7.056611237143634
0.465  4.591568218507467  -7.096442714292817
0.47000000000000003  4.544595156367417  -7.122757010586046
0.47500000000000003  4.496830467633142  -7.135512916071452
0.48  4.448291850793899  -7.134694506074883
0.485  4.3989970105468394  -7.120311205105771
0.49  4.348963649533941  -7.0923978021291365
0.495  4.298209460191693  -7.051014417026021
0.5  4.246752116717959  -6.996246418165105
0.505  4.194609267160397  -6.928204291109177
0.51  4.141798525630628  -6.8470234585816145
0.515  4.088337464648316  -6.7528640519196035
0.52  4.034243607619193  -6.645910634342373
0.525  3.979534421450911  -6.526371876463966
0.53  3.924227309310573  -6.394480184580831
0.535  3.8683396035275988  -6.250491282364387
0.54  3.8118885586455313  -6.094683746687749
0.545  3.7548913446262153  -5.92735849841348
0.55  3.6973650402097236  -5.748838249065455
0.555  3.6393266264332116  -5.559466904402475
0.56  3.5807929803118266  -5.359608926003942
0.5650000000000001  3.521780868684617  -5.149648652068209
0.5700000000000001  3.4623069422283086  -4.929989578712496
0.5750000000000001  3.402387729641651  -4.701053603148593
0.58  3.3420396320029004  -4.463280230191464
0.585  3.2812789173029344  -4.217125743637319
0.59  3.2201217151563055  -3.9630623441246695
0.595  3.158584011692376  -3.701577255164513
0.6  3.0966816446286733  -3.433171799095861
0.605  3.0344302985283065  -3.1583604447884204
0.61  2.971845500243275  -2.8776698289763365
0.615  2.9089426145452713  -2.5916377531647865
0.62  2.845736839945543  -2.3008121581050878
0.625  2.7822432047051087  -2.0057500778832353
0.63  2.718476563036612  -1.70701657571198
0.635  2.6544515914988707  -1.4051836635568768
0.64  2.5901827855850854  -1.1008292077625779
0.645  2.5256844565055014  -0.7945358228766786
0.65  2.460970728165189  -0.4868897558946374
0.655  2.396055534337483  -0.17847976317072822
0.66  2.3309526160334473  0.13010401774381428
0.665  2.2656755190676137  0.4382711990626552
0.67  2.2002375918201054  0.7454322742471593
0.675  2.134651983195087  1.0509997477296287
0.68  2.0689316407753955  1.354389260600176
0.685  2.003089309172986  1.655020709988979
0.6900000000000001  1.9371375285747967  1.95231935988957
0.6950000000000001  1.8710886334833843  2.2457169411872013
0.7000000000000001  1.8049547516516091  2.5346527386801125
0.705  1.7387478032105488  2.8185746629098
0.71  1.6724794999895418  3.0969403046498303
0.715  1.6061613450273131  3.3692179699403297
0.72  1.5398046322728578  3.6348876935983623
0.725  1.4734204464746654  3.8934422291810264
0.73  1.4070196632567926  4.1443880134298405
0.735  1.3406129493800703  4.387246103280715
0.74  1.2742107631866615  4.6215530835836836
0.745  1.207823355226067  4.846861943740421
0.75  1.1414607690604819  5.062742921535436
0.755  1.0751328422473785  5.2687843125080684
0.76  1.0088492074969828  5.464593243287415
0.765  0.9426192940022319  5.649796407390458
0.77  0.8764523289387048  5.8240407620650245
0.775  0.8103573391318231  5.986994184843436
0.78  0.7443431528886172  6.138346088559667
0.785  0.6784184019911139  6.277807993672316
0.79  0.6125915238483995  6.40511405682748
0.795  0.5468707638042618  6.520021554689384
0.8  0.4812641775971608  6.622311322162427
0.805  0.4157796339693004  6.711788144225477
0.81  0.3504248174212993  6.788281100698005
0.8150000000000001  0.285207231109053  6.851643863357508
0.8200000000000001  0.2201341998791122  6.901754944928345
0.8250000000000001  0.15521287343890844  6.938517899563609
0.8300000000000001  0.09045022965807803  6.961861474543472
0.835  0.025853077996943585  6.971739713015552
0.84  -0.038571936941732665  6.968132007704831
0.845  -0.10281833174179805  6.951043105622456
0.85  -0.1668797803876821  6.920503063903933
0.855  -0.23075011036744741  6.876567157007823
0.86  -0.2944232986692224  6.819315735605485
0.865  -0.3578934676753266  6.748854037590817
0.87  -0.42115488095848397  6.665311951735848
0.875  -0.48420193898461295  6.568843734613351
0.88  -0.5470291747266762  6.459627681501065
0.885  -0.6096312491942087  6.337865752073557
0.89  -0.6720029468831361  6.203783151776929
0.895  -0.7341391711505557  6.057627869868246
0.9  -0.7960349395192452  5.899670175185759
0.905  -0.857685378916628  5.730202070797267
0.91  -0.9190857208530419  5.549536708752299
0.915  -0.9802312965441513  5.358007766239089
0.92  -1.0411175319823642  5.155968784519235
0.925  -1.1017399429622101  4.943792472081512
0.93  -1.1620941300645549  4.7218699735212555
0.935  -1.2221757736046925  4.490610105713225
0.9400000000000001  -1.2819806285492052  4.250438562903171
0.9450000000000001  -1.3415045194066544  4.001797092397272
0.9500000000000001  -1.400743335097094  3.7451426425781555
0.9550000000000001  -1.459693023805379  3.4809464850219616
0.96  -1.5183495878233626  3.209693312532387
0.965  -1.5767090783859379  2.931880314945172
0.97  -1.634767590505972  2.6480162345893636
0.975  -1.692521257813157  2.3586204033209195
0.98  -1.7499662474017508  2.0642217630685677
0.985  -1.8070987546922235  1.7653578718521004
0.99  -1.8639149983117802  1.4625738972496523
0.995  -1.9204112149986956  1.156421599301575
1.0  -1.9765836545354203  0.8474583048466667
1.0050000000000001  -2.0324285747153374  0.536245875288898
1.01  -2.0879422363480584  0.22334966979250293
1.0150000000000001  -2.143120898308095  -0.09066249410275762
1.02  -2.197960812631691  -0.4052213804628406
1.025  -2.2524582196666203  -0.7197573735681138
1.03  -2.306609343279613  -1.0337015131970455
1.035  -2.360410386126099  -1.3464865246541289
1.04  -2.413857524986944  -1.6575478416364642
1.045  -2.4669469061766183  -1.9663246200613558
1.05  -2.519674641027454  -2.2722607410108866
1.055  -2.572036801454308  -2.5748058009838344
1.06  -2.62402941560411  -2.8734160876856563
1.065  -2.675648463594547  -3.167555539628589
1.07  -2.7268898733461673  -3.456696687860248
1.075  -2.7777495165120714  -3.740321578186643
1.08  -2.828223204509276  -4.017922672307471
1.085  -2.878306684655779  -4.28900372633459
1.09  -2.927995636417271  -4.553080645221607
1.095  -2.977285667767317  -4.809682311690377
1.1  -3.0261723116648342  -5.058351388301801
1.105  -3.0746510226524437  -5.298645091380125
1.11  -3.1227171735794053  -5.530135935565649
1.115  -3.170366052452495  -5.752412447835987
1.12  -3.217592859418321  -5.965079849904615
1.125  -3.2643927038803007  -6.167760707973929
1.1300000000000001  -3.3107606017535223  -6.360095548890782
1.135  -3.356691472860549  -6.541743441823271
1.1400000000000001  -3.4021801384711754  -6.712382544649997
1.145  -3.4472213189889493  -6.871710614325309
1.1500000000000001  -3.4918096317872918  -7.019445480557643
1.155  -3.53593958919776  -7.155325482211148
1.16  -3.579605596653072  -7.279109865914787
1.165  -3.622801950987257  -7.3905791464364965
1.17  -3.6655228388951775  -7.489535428453484
1.175  -3.707762335553727  -7.575802689423148
1.18  -3.749514403406578  -7.649227023331387
1.185  -3.79077289111455  -7.70967684516753
1.19  -3.8315315326733  -7.757043056046204
1.195  -3.8717839467000585  -7.791239168967049
1.2  -3.91152363589092  -7.812201395272571
1.205  -3.950743986650136  -7.819888691932738
1.21  -3.9894382688926564  -7.814282769852018
1.215  -4.027599636021091  -7.7953880634601695
1.22  -4.065221125078109  -7.763231661912411
1.225  -4.102295657075173  -7.717863202287146
1.23  -4.138816037498297  -7.659354725230454
1.235  -4.174774956991557  -7.587800493555772
1.24  -4.210164992218716  -7.503316774364579
1.245  -4.244978606903385  -7.406041585309349
1.25  -4.279208153047899  -7.296134405673629
1.2550000000000001  -4.31284587233099  -7.173775852995456
1.26  -4.345883897684174  -7.039167326009818
1.2650000000000001  -4.378314255046671  -6.892530614732997
1.27  -4.410128865298506  -6.734107478556845
1.2750000000000001  -4.441319546371322  -6.564159193263656
1.28  -4.471878015536258  -6.382966067913249
1.285  -4.501795891868205  -6.190826932591808
1.29  -4.531064698885495  -5.988058598048432
1.295  -4.55967586736401  -5.774995288279065
1.3  -4.5876207383245795  -5.551988047148609
1.305  -4.614890566192344  -5.319404120171835
1.31  -4.641476522126659  -5.077626312599945
1.315  -4.667369697519997  -4.827052324984877
1.32  -4.692561107664128  -4.568094067415213
1.325  -4.717041695581747  -4.30117695363836
1.33  -4.740802336021646  -4.026739176300854
1.335  -4.763833839615248  -3.745230964555195
1.34  -4.786126957192388  -3.4571138252944227
1.345  -4.807672384253913  -3.162859769287937
1.35  -4.828460765598694  -2.862950523500677
1.355  -4.848482700102413  -2.5578767308861825
1.36  -4.86772874564544  -2.2481371389483407
1.365  -4.886189424186938  -1.9342377783713287
1.37  -4.903855226982259  -1.616691133017895
1.375  -4.92071661994054  -1.2960153025968126
1.3800000000000001  -4.936764049119322  -0.9727331592975942
1.385  -4.951987946352871  -0.647371499687786
1.3900000000000001  -4.966378735010811  -0.3204601931619595
1.395  -4.979926835883509  0.007468671774428892
1.4000000000000001  -4.992622673190617  0.33588164211247096
1.405  -5.0044566807089845  0.6642447545736359
1.41  -5.015419308016162  0.9920243882173472
1.415  -5.025501026845492  1.318688114181521
1.42  -5.03469233754878  1.643705541329526
1.425  -5.04298377566241  1.9665491565926472
1.43  -5.050365918572673  2.2866951588125684
1.435  -5.056829392275968  2.6036242849069855
1.44  -5.062364878229505  2.916822627199065
1.445  -5.066963120287993  3.2257824407719853
1.45  -5.070614931721749  3.530002939729554
1.455  -5.073311202311577  3.8289910812662344
1.46  -5.075042905515683  4.1222623364715405
1.465  -5.0758011057038255  4.4093414468178
1.47  -5.075576965453848  4.689763165303531
1.475  -5.074361752905615  4.963072981250384
1.48  -5.072146849167409  5.228827827776083
1.485  -5.06892375576966  5.486596770993206
1.49  -5.064684102160947  5.735961680009413
1.495  -5.059419653241062  5.976517876833116
1.5  -5.053122316925931  6.207874765316005
1.5050000000000001  -5.045784151739102  6.429656438293169
1.51  -5.037397374424519  6.641502262110118
1.5150000000000001  -5.027954367575194  6.843067437756437
1.52  -5.017447687272387  7.034023537855479
1.5250000000000001  -5.005870070729925  7.214059018790833
1.53  -4.993214443938111  7.382879707281045
1.5350000000000001  -4.979473929301822  7.5402092607463
1.54  -4.96464185326726  7.685789600842556
1.545  -4.948711753931843  7.819381319571563
1.55  -4.931677388631683  7.940764057408138
1.555  -4.913532741501122  8.04973685291969
1.56  -4.894272030998758  8.146118463386975
1.565  -4.873889717394406  8.22974765596935
1.57  -4.852380510211417  8.300483468992866
1.575  -4.829739375618818  8.35820544297457
1.58  -4.805961543767696  8.402813821032275
1.585  -4.781042516066323  8.43422971836506
1.59  -4.754978072388423  8.452395260526398
1.595  -4.727764278209151  8.457273690248703
1.6  -4.699397491663253  8.448849442615538
1.605  -4.669874370519931  8.427128188415479
1.61  -4.639191879069009  8.392136845549887
1.615  -4.607347294912975  8.343923558405432
1.62  -4.574338215659549  8.282557645141203
1.625  -4.540162565509429  8.20812951287975
1.6300000000000001  -4.504818601733936  8.120750540831022
1.635  -4.468304921037356  8.02055293141852
1.6400000000000001  -4.430620465798708  7.907689529517283
1.645  -4.391764530187912  7.7823336099543985
1.6500000000000001  -4.351736766151184  7.644678633463637
1.655  -4.310537189260721  7.494937971327547
1.6600000000000001  -4.268166184423649  7.333344598981811
1.665  -4.224624511445413  7.160150758898877
1.67  -4.179913310442778  6.975627593109904
1.675  -4.1340341071016695  6.780064745766529
1.68  -4.086988817775259  6.573769936186477
1.685  -4.038779754417624  6.3570685028695175
1.69  -3.9894096293485983  6.130302919013299
1.695  -3.9388815598452718  5.893832280100809
1.7  -3.88719907255597  5.6480317641744175
1.705  -3.8343661077323317  5.393292065453486
1.71  -3.7803870232755035  5.130018801995515
1.715  -3.7252665985922784  4.858631898142493
1.72  -3.6690100382573814  4.579564942536622
1.725  -3.6116229754779883  4.293264522530576
1.73  -3.553111475356803  4.000189535859562
1.735  -3.493482037950054  3.70081048048205
1.74  -3.432741601116962  3.3956087235374857
1.745  -3.370897543157277  3.085075750407725
1.75  -3.3079576852336148  2.7697123949088045
1.7550000000000001  -3.2439302935754553  2.4500280516767514
1.76  -3.1788240814618365  2.1265398718493116
1.7650000000000001  -3.1126482109797484  1.7997719431807186
1.77  -3.0454122945555726  1.470254455762733
1.7750000000000001  -2.9771263962568675  1.1385228545583117
1.78  -2.9078010328620163  0.8051169799879307
1.7850000000000001  -2.837447174695331  0.4705801978391665
1.79  -2.766076246225447  0.13545851980098267
1.795  -2.6937001264248437  -0.1997002840478933
1.8  -2.620331148888546  -0.5343475794399257
1.805  -2.545982101710234  -0.8679347674272733
1.81  -2.4706662271139743  -1.1999141877929054
1.815  -2.39439722084019  -1.5297400249373154
1.82  -2.3171892312842868  -1.8568692147950419
1.825  -2.2390568583869257  -2.1807623513168317
1.83  -2.160015152274587  -2.5008845910388713
1.835  -2.0800796116497033  -2.8167065542465015
1.84  -1.9992661819293882  -3.1277052212299306
1.845  -1.9175912531322281  -3.433364822120239
1.85  -1.8350716575125698  -3.733177718788946
1.855  -1.7517246669419984  -4.026645277290008
1.86  -1.667567990037748  -4.313278729323579
1.865  -1.5826197690380848  -4.5926000212015925
1.87  -1.4968985764247047  -4.864142648800906
1.875  -1.4104234112924612  -5.127452476996322
1.8800000000000001  -1.3232136954667664  -5.382088542076953
1.885  -1.2352892693693545  -5.627623835661654
1.8900000000000001  -1.146670387632992  -5.863646068646213
1.895  -1.057377714466147  -6.089758413733196
1.9000000000000001  -0.9674323187685577  -6.30558022511805
1.905  -0.8768556689989548  -6.510747733929412
1.9100000000000001  -0.785669627796196  -6.704914718050077
1.915  -0.6938964463554187  -6.887753144975609
1.92  -0.6015587585607554  -7.058953786401828
1.925  -0.5086795748764734  -7.218226803269171
1.93  -0.41528227599848244  -7.365302300031918
1.935  -0.32139060626824945  -7.499930846963098
1.94  -0.22702866685149825  -7.621883969351384
1.945  -0.1322209086839159  -7.730954602495354
1.95  -0.03699212518663719  -7.8269575114512495
1.955  0.058632555246049156  -7.909729674545029
1.96  0.1546276769837035  -7.979130629715921
1.965  0.2509674651186492  -8.03504278281827
1.97  0.34762583364353483  -8.077371677070246
1.975  0.4445763938443754  -8.106046222902421
1.98  0.5417924629055832  -8.121018887525713
1.985  0.6392470727235519  -8.122265843607162
1.99  0.7369129789249943  -8.109787076512907
1.995  0.8347626700863277  -8.083606449650636
2.0  0.93276837715005  -8.043771727518564
2.005  1.030902083034189  -7.990354556144497
2.0100000000000002  1.1291355324304528  -7.923450400676552
2.015  1.2274402417868386  -7.843178439966647
2.02  1.3257875094702931  -7.749681418068313
2.025  1.4241484261047406  -7.643125452652801
2.0300000000000002  1.5224938850798821  -7.52369980042938
2.035  1.6207945932258645  -7.3916165797402185
2.04  1.71902108164908  -7.247110450583237
2.045  1.8171437167237992  -7.0904382524020635
2.05  1.9151327112347265  -6.921878600065739
2.055  2.0129581356651394  -6.741731438546664
2.06  2.1105899296252217  -6.550317556889009
2.065  2.20799791341529  -6.347978062144721
2.07  2.305151799718204  -6.13507381403753
2.075  2.402021205415416  -5.9119848211986765
2.08  2.4985756635208953  -5.679109599900059
2.085  2.594784635227214  -5.4368644962907595
2.09  2.690617522057728  -5.185682973223982
2.095  2.7860436781190216  -4.926014862837581
2.1  2.8810324224474595  -4.658325586129612
2.105  2.975553051443841  -4.383095340842757
2.11  3.069574851389801  -4.100818259045996
2.115  3.1630671110398385  -3.8120015358697037
2.12  3.255999134282515  -3.5171645309199717
2.125  3.348340252864586  -3.2168378439607235
2.13  3.4400598391714676  -2.9115623665164767
2.1350000000000002  3.5311273190576458  -2.6018883111059257
2.14  3.6215121847204146  -2.288374219873085
2.145  3.7111840076104574  -1.971585954435553
2.15  3.8001124513725104  -1.6520956688179385
2.1550000000000002  3.8882672848095385  -1.3304807673847905
2.16  3.9756183948636354  -1.007322849728061
2.165  4.062135799607097  -0.6832066445029668
2.17  4.147789661236626  -0.3587189342391791
2.1750000000000003  4.232550299064176  -0.03444747318475372
2.18  4.316388202497414  0.28902009973526943
2.185  4.399274044003213  0.6110973507415283
2.19  4.481178692047109  0.9312001416841149
2.195  4.562073224002122  1.24874771905445
2.2  4.641928939019938  1.5631637993848715
2.205  4.720717370857749  1.8738776488922988
2.21  4.79841030065389  2.1803251552234433
2.215  4.874979769645435  2.481949889165544
2.22  4.950398091821001  2.7782041541967737
2.225  5.02463786650193  3.068550021766694
2.23  5.097671990845184  3.352460350216373
2.235  5.169473672261116  3.6294197852732077
2.24  5.240016440739489  3.898925740084164
2.245  5.3092741610770355  4.160489352785962
2.25  5.377221044999982  4.413636419648407
2.255  5.443831663174889  4.657908301870565
2.2600000000000002  5.509080957101301  4.892862804156441
2.265  5.572944250879691  5.118075023248663
2.27  5.635397262848315  5.333138164654974
2.275  5.696416117082516  5.537664325861045
2.2800000000000002  5.755977354750211  5.7312852443886975
2.285  5.814057945317262  5.913653009124886
2.29  5.870635297596637  6.0844407334197514
2.295  5.925687270635086  6.243343188525604
2.3000000000000003  5.9791921844314295  6.390077396028633
2.305  6.031128830480424  6.524383178005574
2.31  6.081476482136383  6.64602366372349
2.315  6.130214904790674  6.754785751787234
2.32  6.177324365857472  6.8504805267306015
2.325  6.222785644562101  6.932943629139103
2.33  6.266580041526471  7.002035578487747
2.335  6.308689388146234  7.057642047974312
2.34  6.349096055754236  7.099674090727183
2.345  6.387782964565212  7.128068316867746
2.35  6.424733592396461  7.142787021008917
2.355  6.45993198315968  7.143818259874616
2.36  6.493362755118956  7.131175879828771
2.365  6.525011108910241  7.104899494207151
2.37  6.554862835317636  7.065054410450278
2.375  6.582904322802037  7.011731507140803
2.38  6.609122564777687  6.945047061154018
2.3850000000000002  6.6335051666324425  6.8651425252346785
2.39  6.656040352487606  6.772184256417893
2.395  6.676716971693371  6.66636319581492
2.4  6.6955245050559915  6.54789450038728
2.4050000000000002  6.712453070793002  6.4170171274337235
2.41  6.7274934302129  6.273993372613877
2.415  6.7406369931159  6.11910836243053
2.42  6.751875822912437  5.952669502187974
2.4250000000000003  6.761202641456328  5.775005880537805
2.43  6.768610833589589  5.586467631814248
2.435  6.774094451396106  5.387425257450057
2.44  6.777648218161452  5.178268907849244
2.445  6.779267532036357  4.959407626175935
2.45  6.778948469401461  4.73126855559765
2.455  6.776687787931133  4.494296111597228
2.46  6.77248292935434  4.248951121040225
2.465  6.766332021910644  3.9957099297527274
2.47  6.758233882499635  3.7350634804297282
2.475  6.748188018522227  3.4675163627538748
2.48  6.736194629412431  3.193585837661645
2.485  6.72225460785835  2.9138008377452267
2.49  6.706369540711377  2.6287009458266644
2.495  6.688541709582651  2.338835353782881
2.5  6.668774091126069  2.044761803739415
2.505  6.647070357007286  1.7470455137836414
2.5100000000000002  6.623434873558304  1.4462580903775302
2.515  6.597872701117439  1.1429764296737819
2.52  6.570389593054574  0.8377816099575079
2.525  6.540991994481853  0.5312577774515808
2.5300000000000002  6.509687040650078  0.22399102773049945
2.535  6.476482555031263  -0.08343171500567839
2.54  6.441387047087924  -0.3904238185490477
2.545  6.40440970972999  -0.6964000609479186
2.5500000000000003  6.36556041646017  -1.000777744185174
2.555  6.32484971820902  -1.3029778010518096
2.56  6.28228883986086  -1.6024258930193502
2.565  6.2378896764721725  -1.8985534969370899
2.57  6.191664789183914  -2.1907989784123876
2.575  6.143627400829711  -2.478608649764525
2.58  6.093791391241756  -2.761437810482233
2.585  6.042171292256569  -3.0387517681586504
2.59  5.9887822824229175  -3.3100268379230124
2.595  5.933640181414306  -3.574751318442179
2.6  5.876761444148659  -3.832426442618344
2.605  5.818163154617895  -4.08256730117072
2.61  5.75786301943037  -4.3247037373496795
2.615  5.695879361069239  -4.558381211100586
2.62  5.632231110869916  -4.78316163106233
2.625  5.566937801720038  -4.998624152860535
2.63  5.500019560485439  -5.204365942229395
2.6350000000000002  5.431497100165809  -5.400002901576379
2.64  5.361391711783904  -5.585170358684741
2.645  5.289725256012063  -5.759523716332284
2.65  5.216520154540437  -5.922739061691189
2.6550000000000002  5.141799381190871  -6.074513734460965
2.66  5.0655864527810355  -6.214566852776791
2.665  4.9879054197431465  -6.342639796025988
2.67  4.908780856502007  -6.458496643798223
2.6750000000000003  4.828237851617137  -6.561924570288086
2.68  4.746301997693838  -6.652734193563495
2.685  4.662999381068176  -6.73075987920787
2.69  4.578356571271199  -6.7958599979397665
2.695  4.492400610277354  -6.847917136908924
2.7  4.40515900154279  -6.88683826446345
2.705  4.316659698838751  -6.912554848278044
2.71  4.226931094885793  -6.925022926827983
2.715  4.136002009794558  -6.924223134287752
2.72  4.043901679318708  -6.910160679026477
2.725  3.9506597429261903  -6.882865275964503
2.73  3.856306231694531  -6.842391033146259
2.735  3.760871556036445  -6.788816292974113
2.74  3.664386493261895  -6.722243428635437
2.745  3.566882174982772  -6.6427985963411915
2.75  3.4683900743666163  -6.550631444077985
2.755  3.368941993245749  -6.445914777657328
2.7600000000000002  3.268570049088328  -6.328844184925032
2.765  3.1673066618379657  -6.199637619070555
2.77  3.065184540628248  -6.0585349420498185
2.775  2.962236670379269  -5.905797429207021
2.7800000000000002  2.8584962982825415  -5.741707236248464
2.785  2.7539969201813888  -5.566566829787646
2.79  2.6487722668534195  -5.380698382741911
2.795  2.54285629020215  -5.1844431359211995
2.8000000000000003  2.4362831493647397  -4.978160727203502
2.805  2.3290871967426883  -4.762228489745112
2.81  2.2213029639625788  -4.537040720720858
2.815  2.1129651477740574  -4.303007922136143
2.82  2.0041085958918483  -4.060556015292317
2.825  1.8947682927892249  -3.8101255305258737
2.83  1.7849793454498182  -3.5521707738753423
2.835  1.674776969084985  -3.2871589723595225
2.84  1.5641964728240105  -3.0155693995785877
2.845  1.4532732453840334  -2.737892483370408
2.85  1.3420427407271969  -2.45462889727529
2.855  1.2305404637118702  -2.1662886375755233
2.86  1.1188019557452884  -1.8733900876898542
2.865  1.0068627804447576  -1.5764590717084264
2.87  0.8947585093144714  -1.2760278988601075
2.875  0.7825247074451152  -0.972634400702292
2.88  0.670196919243334  -0.666820962822763
2.8850000000000002  0.5578106541981884  -0.35913355283412896
2.89  0.44540137269167  -0.05012074643354536
2.895  0.3330044718600359  0.259667246714548
2.9  0.22065527151337266  0.5696795555305468
2.9050000000000002  0.10838900011990643  0.8793656167843387
2.91  -0.0037592191377255335  1.1881761393737413
2.915  -0.11575438222764761  1.495564061942832
2.92  -0.22756161804843655  1.8009855021957324
2.9250000000000003  -0.3391462021165484  2.1039006962920617
2.93  -0.4504735701549573  2.403774926745346
2.935  -0.561509331576342  2.700079437281249
2.94  -0.6722192828541139  2.992292333152297
2.945  -0.7825694207751269  3.279899465446369
2.95  -0.8925259555673265  3.5623952979701117
2.955  -1.0020553238962848  3.8392837553338155
2.96  -1.1111242017242877  4.1100790509111995
2.965  -1.2196995170257008  4.374306493397113
2.97  -1.3277484623528206  4.631503270736158
2.975  -1.4352385072459042  4.881219210248219
2.98  -1.5421374104818055  5.123017513829419
2.985  -1.6484132321552591  5.356475467162423
2.99  -1.7540343455871217  5.581185121924915
2.995  -1.8589694490541162  5.796753950042741
3.0  -1.963187577334518  6.002805469090544
3.005  -2.0666581130644825  6.198979838001669
3.0100000000000002  -2.1693507978997117  6.384934422307135
3.015  -2.271235743477296  6.560344328182724
3.02  -2.372283442173009  6.724902904642997
3.025  -2.4724647776486957  6.878322213279309
3.0300000000000002  -2.5717510351854544  7.020333464999943
3.035  -2.6701139117976376  7.150687423288459
3.04  -2.7675255261233875  7.269154773556952
3.045  -2.8639584280872676  7.37552645822856
3.0500000000000003  -2.9593856083306407  7.469613977243373
3.055  -3.053780507405882  7.551249653738902
3.06  -3.1471170247303797  7.620286864714759
3.065  -3.23936952729639  7.676600236547048
3.0700000000000003  -3.330512858133315  7.720085805274944
3.075  -3.4205223445185893  7.750661141636483
3.08  -3.5093738059340165  7.768265440885348
3.085  -3.5970435617642162  7.77285957747363
3.09  -3.6835084387340107  7.764426124737766
3.095  -3.7687457780820326  7.742969339776302
3.1  -3.8527334424674935  7.7085151137579375
3.105  -3.9354498226077186  7.661110887947329
3.11  -4.0168738436438565  7.600825535783627
3.115  -4.096984971232396  7.527749211393083
3.12  -4.17576321736045  7.4419931649621
3.125  -4.253189145882718  7.343689525440519
3.13  -4.329243877778316  7.232991051087525
3.1350000000000002  -4.403909096125756  7.110070848413153
3.14  -4.477167050794521  6.975122060107889
3.145  -4.549000562852072  6.8283575225909106
3.15  -4.619393028684737  6.670009393844022
3.1550000000000002  -4.688328423831807  6.500328752233651
3.16  -4.755791306531664  6.319585167056647
3.165  -4.821766820979433  6.128066241578159
3.17  -4.88624070029553  5.926077129360528
3.1750000000000003  -4.949199269204652  5.713940024711712
3.18  -5.010629446425111  5.491993628109324
3.185  -5.070518746768383  5.2605925874834085
3.19  -5.128855282948913  5.020106916265858
3.1950000000000003  -5.1856277671045845  4.770921389138457
3.2  -5.240825512028103  4.513434916433981
3.205  -5.294438432110014  4.248059898165162
3.21  -5.346457043994054  3.9752215586776805
3.215  -5.396872466945669  3.6953572629399702
3.22  -5.4456764229349  3.4089158155014956
3.225  -5.49286123643469  3.1163567431659285
3.23  -5.53841983393614  2.81814956244121
3.235  -5.582345743182163  2.5147730328415743
3.24  -5.624633092121183  2.206714397129517
3.245  -5.665276607582825  1.894468609596116
3.25  -5.704271613677496  1.5785375534891188
3.255  -5.7416140299220215  1.2594292487065175
3.2600000000000002  -5.77730036909365  0.937657050881724
3.265  -5.8113277348147605  0.6137388429931759
3.27  -5.843693818871031  0.28819622063616124
3.275  -5.8743968982655765  -0.03844632789857905
3.2800000000000002  -5.903435832012089  -0.36566224559385085
3.285  -5.930810057669868  -0.6929237335715596
3.29  -5.95651958762392  -1.0197025797047987
3.295  -5.980565005113448  -1.345470987822801
3.3000000000000003  -6.002947460012006  -1.6697024063581667
3.305  -6.023668664362984  -1.9918723552844795
3.31  -6.042730887674026  -2.311459250197038
3.315  -6.060136951974129  -2.6279452223900295
3.3200000000000003  -6.075890226637428  -2.9408169337901198
3.325  -6.089994622977598  -3.2495663856093993
3.33  -6.102454588617073  -3.553691719588339
3.335  -6.113275101635345  -3.8526980107055113
3.34  -6.122461664500671  -4.146098050238937
3.345  -6.130020297789713  -4.433413118073856
3.35  -6.13595753369968  -4.714173743160222
3.355  -6.140280409357638  -4.987920451036407
3.36  -6.142996459931838  -5.254204497345293
3.365  -6.144113711549855  -5.512588586284536
3.37  -6.143640674028627  -5.762647572944936
3.375  -6.141586333421326  -6.003969148508187
3.38  -6.137960144386369  -6.2361545072896405
3.3850000000000002  -6.13277202238368  -6.45881899463135
3.39  -6.126032335703576  -6.6715927346677075
3.395  -6.117751897333693  -6.874121237007101
3.4  -6.107941956669358  -7.0660659813933915
3.4050000000000002  -6.096614191072993  -7.247104979433382
3.41  -6.083780697288163  -7.416933312500359
3.415  -6.069453982713857  -7.575263644948009
3.42  -6.053646956544842  -7.721826711795384
3.4250000000000003  -6.0363729207837835  -7.856371780070485
3.43  -6.017645561130958  -7.978667083029109
3.435  -5.99747893775755  -8.088500226494858
3.44  -5.975887475968279  -8.185678566597796
3.4450000000000003  -5.9528859567594985  -8.270029558221411
3.45  -5.928489507278657  -8.341401073501471
3.455  -5.902713591191167  -8.399661689755524
3.46  -5.875573998960796  -8.444700946257866
3.465  -5.847086838049629  -8.47642956931297
3.47  -5.817268523043693  -8.494779665119049
3.475  -5.786135765710444  -8.499704879953985
3.48  -5.753705564994158  -8.491180527257345
3.485  -5.719995196955465  -8.469203681225153
3.49  -5.6850222046611485  -8.433793236578175
3.495  -5.648804388030358  -8.384989934209848
3.5  -5.611359793643401  -8.322856352466506
3.505  -5.57270670451929  -8.247476863860173
3.5100000000000002  -5.532863629868159  -8.158957557063122
3.515  -5.491849294824726  -8.057426124083161
3.52  -5.449682630168814  -7.943031712569309
3.525  -5.406382762039187  -7.815944743249909
3.5300000000000002  -5.3619690016465915  -7.67635669255715
3.535  -5.31646083499222  -7.524479840546507
3.54  -5.269877912597461  -7.360546984272859
3.545  -5.22224003925099  -7.184811116841354
3.5500000000000003  -5.173567163779163  -6.997545072405478
3.555  -5.123879368845511  -6.79904113744225
3.56  -5.073196860785281  -6.589610628689789
3.565  -5.021539959480783  -6.3695834381910235
3.5700000000000003  -4.968929088283263  -6.1393075459431135
3.575  -4.9153847639870865  -5.899148500710879
3.58  -4.8609275868617265  -5.649488869619082
3.585  -4.8055782307472334  -5.390727657196378
3.59  -4.749357433218682  -5.12327969460121
3.595  -4.692285985824915  -4.8475749998161275
3.6  -4.634384724407128  -4.564058109655011
3.605  -4.575674519502384  -4.273187384481967
3.61  -4.516176266837387  -3.9754342865984005
3.615  -4.455910877917632  -3.671282633307144
3.62  -4.394899270716875  -3.3612278257186237
3.625  -4.333162360471966  -3.045776054414561
3.63  -4.270721050587838  -2.7254434831387657
3.6350000000000002  -4.207596223657464  -2.400755411733106
3.64  -4.143808732601454  -2.0722454195865128
3.645  -4.079379391931707  -1.7404544909124433
3.65  -4.014328969143855  -1.4059301232155588
3.6550000000000002  -3.948678176242563  -1.0692254203529736
3.66  -3.8824476614041994  -0.7308981716366153
3.665  -3.8156580007808  -0.3915099184640715
3.67  -3.748329690449484  -0.05162501000245823
3.6750000000000003  -3.6804831385112404  0.2881903505139945
3.68  -3.612138657342802  0.6273690672798516
3.685  -3.543316456005331  0.9653441195835313
3.69  -3.474036632813534  1.3015495339901646
3.6950000000000003  -3.4043191680685254  1.6354213593651905
3.7  -3.334183916957881  1.9663986430396574
3.705  -3.2636506026259573  2.29392440639976
3.71  -3.1927388094175817  2.617446618165017
3.715  -3.1214679762981263  2.9364191636089814
3.72  -3.049857390452558  3.2503028079645038
3.725  -2.9779261810663913  3.558566152250655
3.73  -2.9056933132908545  3.8606865797544936
3.735  -2.833177582394767  4.156151191401804
3.74  -2.760397608105447  4.444457728254376
3.745  -2.687371829140632  4.7251154793797046
3.75  -2.6141184979335104  4.9976461733492625
3.755  -2.5406556755526575  5.2615848516368455
3.7600000000000002  -2.4670012268186046  5.516480722206556
3.765  -2.3931728156186733  5.761897991602154
3.77  -2.3191879004212597  5.997416673875892
3.775  -2.2450637299912244  6.222633374722905
3.7800000000000002  -2.170817339307152  6.437162049222306
3.785  -2.0964655456817898  6.640634731620962
3.79  -2.022024945086299  6.832702235638161
3.795  -1.9475119086791057  7.013034823811493
3.8000000000000003  -1.8729425795400099  7.18132284445337
3.805  -1.7983328696098293  7.337277334837326
3.81  -1.723698456835904  7.4806305892885385
3.815  -1.649054782523731  7.611136690909726
3.8200000000000003  -1.574417048894484  7.728572005735388
3.825  -1.4998002168485278  7.832735638170582
3.83  -1.4252190039344432  7.923449846638101
3.835  -1.350687882523208  8.000560418427428
3.84  -1.2762210781870462  8.063937002811802
3.845  -1.2018325682820459  8.113473401575163
3.85  -1.1275360807339154  8.149087816168494
3.855  -1.0533450930257247  8.170723050795573
3.86  -0.9792728313865542  8.17834667081042
3.865  -0.9053322701798906  8.171951115893497
3.87  -0.831536131490219  8.151553767559932
3.875  -0.7578968849064076  8.117196970641318
3.88  -0.6844267475001306  8.068948008472153
3.8850000000000002  -0.6111376839976423  8.006899031602908
3.89  -0.5380414071429621  7.931166939954181
3.895  -0.4651493782502498  7.841893218418522
3.9  -0.39247280794353223  7.739243726011511
3.9050000000000002  -0.3200226570811464  7.623408438766695
3.91  -0.24780963786275556  7.494601146664355
3.915  -0.17584421511620796  7.3530591049784215
3.92  -0.10413660776164357  7.199042640520442
3.9250000000000003  -0.03269679045017848  7.032834713353417
3.93  0.0384655046258765  6.854740434642943
3.935  0.10934078575421924  6.6650865414037925
3.94  0.17991979955812437  6.464220828994915
3.9450000000000003  0.25019352868989064  6.252511542303432
3.95  0.32015318936516773  6.030346726649423
3.955  0.3897902287418141  5.798133539529916
3.96  0.4590963221467241  5.556297524406017
3.9650000000000003  0.5280633701541664  5.305281847821542
3.97  0.5966834955194689  5.0455465012213105
3.975  0.6649490399718077  4.77756746891737
3.98  0.7328525608698864  4.501835863726676
3.985  0.8003868277246986  4.2188570318772145
3.99  0.8675448185931727  3.929149628849159
3.995  0.9343197163470587  3.6332446678859647
4.0  1.0007049048211178  3.331684542970493
4.005  1.0666939648450222  3.025022028125594
4.01  1.1322806701632038  2.7138192549501117
4.015  1.1974589832471303  2.3986466703561264
4.0200000000000005  1.262223051004609  2.0800819765209257
4.025  1.3265672003903817  1.7587090551100206
4.03  1.3904859339229794  1.4351168778676944
4.035  1.453973925112248  1.1098984057072252
4.04  1.5170260138022573  0.7836494784630847
4.045  1.5796372014345703  0.4569676974925805
4.05  1.6418026462364015  0.13045130333731836
4.055  1.7035176583387432  -0.19530194933009992
4.0600000000000005  1.76477769482916  -0.5196959172355757
4.065  1.8255783547442965  -0.8421371922653366
4.07  1.885915374007023  -1.1620362212135096
4.075  1.9457846203131122  -1.4788084192714703
4.08  2.0051820879725013  -1.7918752750233167
4.085  2.064103892710239  -2.100665444725444
4.09  2.1225462664319497  -2.4046158336648116
4.095  2.1805055519590932  -2.7031726624131958
4.1  2.237978197738843  -2.9957925158236964
4.105  2.2949607525339126  -3.281943372646287
4.11  2.3514498600970364  -3.561105613677431
4.115  2.4074422538355678  -3.83277300640014
4.12  2.4629347514709696  -4.096453664117165
4.125  2.5179242496982512  -4.351670977630847
4.13  2.5724077188506027  -4.5979645175785295
4.135  2.626382197574005  -4.834890905591025
4.14  2.679844787516908  -5.062024652506534
4.1450000000000005  2.732792648040057  -5.278958961938715
4.15  2.7852229909511528  -5.485306497568872
4.155  2.837133075269588  -5.680700112608801
4.16  2.888520202025931  -5.864793539956871
4.165  2.939381709100977  -6.037262041653865
4.17  2.989714966109421  -6.197803016328353
4.175  3.039517369332611  -6.346136563410495
4.18  3.0887863367053647  -6.48200600298259
4.1850000000000005  3.137519302861304  -6.605178350228511
4.19  3.185713714241482  -6.715444743538641
4.195  3.233367024270813  -6.812620825425563
4.2  3.280476688606743  -6.896547075503488
4.205  3.327040160464638  -6.967089094886239
4.21  3.373054886024354  -7.024137841460581
4.215  3.4185182999220896  -7.067609815594759
4.22  3.463427820831951  -7.097447195946589
4.225  3.507780847141211  -7.113617925140097
4.23  3.5515747527235293  -7.116115745185134
4.235  3.594806882813867  -7.104960182619693
4.24  3.637474549989288  -7.08019648345992
4.245  3.6795750302592998  -7.041895498147925
4.25  3.7211055592694318  -6.990153516791793
4.255  3.7620633286218825  -6.92509205509568
4.26  3.8024454823165827  -6.846857591480683
4.265  3.8422491133162233  -6.755621255997918
4.2700000000000005  3.88147126023865  -6.651578471735263
4.275  3.9201089041796875  -6.534948549517049
4.28  3.9581589656697833  -6.4059742367917165
4.285  3.9956183017673426  -6.2649212216963575
4.29  4.032483703291678  -6.1120775933783325
4.295  4.068751892198536  -5.947753259742538
4.3  4.104419519100741  -5.7722793238794186
4.305  4.139483160936688  -5.586007420510722
4.3100000000000005  4.173939318789041  -5.389309013870419
4.315  4.207784415856089  -5.182574658514151
4.32  4.241014795577974  -4.966213224623368
4.325  4.273626719919854  -4.740651089439382
4.33  4.305616367814056  -4.506331296527604
4.335  4.336979833763087  -4.26371268463426
4.34  4.367713126605201  -4.013268987953717
4.345  4.397812168444184  -3.7554879096789335
4.3500000000000005  4.427272793744812  -3.49087017075498
4.355  4.45609074859536  -3.2199285358014866
4.36  4.484261690138406  -2.9431868182069905
4.365  4.511781186170959  -2.6611788664366456
4.37  4.538644714914977  -2.374447533622517
4.375  4.564847664958989  -2.083543632533986
4.38  4.590385335371639  -1.789024878044988
4.385  4.615252935987618  -1.4914548192328623
4.39  4.639445587866442  -1.1914017632555203
4.3950000000000005  4.662958323924425  -0.8894376931592127
4.4  4.685786089739881  -0.5861371817739451
4.405  4.707923744531722  -0.28207630384863586
4.41  4.729366062311228  0.022168451425273752
4.415  4.750107733206764  0.32602126536830756
4.42  4.7701433649611085  0.6289080701251039
4.425  4.78946748460079  0.9302576222360462
4.43  4.808074540276849  1.2295025673934519
4.4350000000000005  4.82595890327618  1.5260804943386117
4.44  4.843114870202534  1.8194349758869335
4.445  4.8595366653261705  2.1090165951083994
4.45  4.875218443100872  2.394283954728767
4.455  4.8901542908470725  2.674704667865692
4.46  4.9043382315996  2.9497563282603783
4.465  4.917764227118443  3.21892745821824
4.47  4.9304261810608265  3.4817184325292447
4.4750000000000005  4.942317942312748  3.7376423766961877
4.48  4.953433308477965  3.9862260378623158
4.485  4.963766029522379  4.227010626894513
4.49  4.973309811571521  4.4595526301463755
4.495  4.982058320858811  4.683424589495745
4.5  4.990005187822144  4.898215849324458
4.505  4.997144011346112  5.103533269182277
4.51  5.003468363147236  5.29900190095534
4.515  5.0089717922993096  5.484265629437097
4.5200000000000005  5.013647829895901  5.658987775280307
4.525  5.017489993846988  5.822851659391193
4.53  5.02049179380648  5.975561127909359
4.535  5.02264673622737  6.116841037000928
4.54  5.023948329541131  6.246437696777411
4.545  5.024390089457802  6.364119273738744
4.55  5.023965544383195  6.4696761512238865
4.555  5.022668240949484  6.562921247439128
4.5600000000000005  5.020491749655394  6.643690290719806
4.565  5.017429670612029  6.71184205176758
4.57  5.013475639390404  6.767258532690511
4.575  5.008623332966535  6.809845112758252
4.58  5.002866475759942  6.839530650868811
4.585  4.996198845761232  6.85626754480709
4.59  4.988614280744532  6.860031747457024
4.595  4.980106684560176  6.850822740210474
4.6000000000000005  4.970670033503314  6.828663463895646
4.605  4.9602983827536935  6.793600207625584
4.61  4.9489858728820675  6.745702456043658
4.615  4.936726736418499  6.6850626955174945
4.62  4.923515304477658  6.61179617990504
4.625  4.9093460134364655  6.526040656586865
4.63  4.894213411658935  6.427956053526774
4.635  4.8781121662634455  6.317724128188704
4.64  4.861037069927317  6.195548079200771
4.6450000000000005  4.842983047723615  6.061652121718217
4.65  4.823945163985186  5.916281027495347
4.655  4.8039186291905915  5.7596996307308235
4.66  4.782898806866866  5.592192300804591
4.665  4.760881220503901  5.414062383072959
4.67  4.737861560475023  5.225631608936241
4.675  4.713835690958673  5.027239476435987
4.68  4.6887996568557035  4.819242602680444
4.6850000000000005  4.662749690697105  4.602014049433836
4.69  4.635682219536658  4.375942623240686
4.695  4.60759387182325  4.141432151486057
4.7  4.57848148424742  3.898900735823125
4.705  4.548342108556805  3.6487799844237
4.71  4.517173018334969  3.3915142245291574
4.715  4.484971715738384  3.127559696799551
4.72  4.451735938186045  2.857383732973675
4.7250000000000005  4.417463664996434  2.5814639183671275
4.73  4.382153123966386  2.300287240744269
4.735  4.345802797886528  2.0143492271077474
4.74  4.308411430988028  1.7241530699539116
4.745  4.2699780353151695  1.4302087445435687
4.75  4.2305018970187085  1.1330321187354275
4.755  4.189982582564468  0.8331440569269106
4.76  4.148419944852193  0.5310695196389809
4.765  4.105814129239361  0.2273366602737652
4.7700000000000005  4.062165579464729  -0.07752407943991024
4.775  4.017475043466734  -0.3829808738103585
4.78  3.971743579091422  -0.6885014158711331
4.785  3.9249725596850444  -0.9935538169267739
4.79  3.877163679566435  -1.2976075015104296
4.795  3.828318959374045  -1.6001340963310888
4.8  3.778440751283049  -1.9006083118119006
4.805  3.727531744087545  -2.1985088148498497
4.8100000000000005  3.675594968143317  -2.4933190914538104
4.815  3.6226338001663887  -2.784528297949421
4.82  3.5686519678828534  -3.071632099470668
4.825  3.513653554525548  -3.35413349449157
4.83  3.4576430031731453  -3.631543624186338
4.835  3.4006251209272413  -3.90338256544137
4.84  3.3426050829234093  -4.169180106381485
4.845  3.283588436171864  -4.428476503309194
4.8500000000000005  3.2235811032238755  -4.680823217996622
4.855  3.162589385659844  -4.925783634308171
4.86  3.100619967395201  -5.162933753175669
4.865  3.037679917800512  -5.391862864986251
4.87  2.973776694631896  -5.612174198488383
4.875  2.9089181467685057  -5.82348554536215
4.88  2.8431125167533384  -6.025429859645197
4.885  2.776368443134288  -6.21765583124809
4.89  2.708694962602159  -6.399828432837041
4.8950000000000005  2.640101511922412  -6.571629439407388
4.9  2.5705979296580015  -6.7327579199139285
4.905  2.500194457680036  -6.882930700370697
4.91  2.428901742463843  -7.021882797875135
4.915  2.3567308361678063  -7.149367825058482
4.92  2.283693197492286  -7.26515836450698
4.925  2.2098006923165787  -7.369046312743764
4.93  2.135065594111432  -7.46084319340481
4.9350000000000005  2.059500584125258  -7.540380439287156
4.94  1.983118751341972  -7.607509642990296
4.945  1.9059335922086065  -7.662102775915908
4.95  1.8279590101312149  -7.704052375433209
4.955  1.7492093147374135  -7.733271700060863
4.96  1.669699220904087  -7.749694852557866
4.965  1.5894438475492636  -7.753276870857911
4.97  1.5084587161867624  -7.743993786823295
4.9750000000000005  1.4267597492429294  -7.72184265283505
4.98  1.3443632681344733  -7.686841536276612
4.985  1.2612859911067063  -7.639029482008085
4.99  1.1775450308319417  -7.578466442967789
4.995  1.0931578917672935  -7.505233179076506
5.0  1.008142467272041  -7.41943112465813
