0.0  0.0  0.0
0.01  -0.06039535242029826  0.017535288470585275
0.02  -0.09275431767103283  0.028367218946557846
0.03  -0.10619990045964955  0.03452034996329752
0.04  -0.10993540358047559  0.03836045695959879
0.05  -0.10825882247593677  0.04101188562588865
0.06  -0.10317438664535009  0.04299416747943475
0.07  -0.09572165305091201  0.04456778524763064
0.08  -0.08650598314075651  0.04587487466866744
0.09  -0.07592051858383297  0.04699875509969681
0.1  -0.06424697748298132  0.04799121532399302
0.11  -0.05170502758534952  0.04888602641908089
0.12  -0.038478030686381406  0.04970609991863641
0.13  -0.024727130907558882  0.05046750310705599
0.14  -0.010599230111788361  0.051181823553931076
0.15  0.0037684145295406378  0.05185762057570511
0.16  0.018245544272942952  0.05250134863138796
0.17  0.03270742255424126  0.05311796328152511
0.18  0.04703408187277265  0.05371132977704062
0.19  0.06111002796546089  0.054284505235422546
0.2  0.07482423729795551  0.054839937697052005
0.21  0.08807034323540709  0.05537960923437965
0.22  0.10074694191344757  0.05590514060608201
0.23  0.11275797088524439  0.056417868975619206
0.24  0.12401312763801269  0.05691890643773827
0.25  0.13442830421957602  0.057409184656186586
0.26  0.1439260203447871  0.05788948930685633
0.27  0.1524358415728999  0.0583604869400262
0.28  0.15989477214038392  0.05882274613744437
0.29  0.16624761422419362  0.05927675432822421
0.3  0.1714472870685017  0.05972293126750464
0.31  0.17545510070805354  0.060161639925202716
0.32  0.17824098007798547  0.0605931953470108
0.33  0.17978363618887175  0.06101787191464378
0.34  0.18007068181743624  0.061435909332651924
0.35000000000000003  0.17909868985162913  0.06184751759484927
0.36  0.17687319305629084  0.062252881127561735
0.37  0.17340862460749307  0.0626521622645385
0.38  0.1687281992897458  0.06304550417597272
0.39  0.16286373576686206  0.06343303334910642
0.4  0.1558554208281666  0.06381486169850807
0.41000000000000003  0.14775151697891517  0.0641910883689541
0.42  0.13860801518807278  0.06456180128191903
0.43  0.12848823502789883  0.06492707846723457
0.44  0.11746237483748538  0.06528698921395593
0.45  0.1056070149154546  0.06564159506844892
0.46  0.09300457709419857  0.06599095070285904
0.47000000000000003  0.07974274436795555  0.06633510467319752
0.48  0.06591384453823554  0.06667410008308568
0.49  0.05161420210125103  0.06700797516658893
0.5  0.03694346283174458  0.06733676380143083
0.51  0.02200389571473305  0.06766049596211211
0.52  0.006899677040157151  0.06797919812099915
0.53  -0.008263838395664738  0.06829289360423267
0.54  -0.023380853944211792  0.0686016029082957
0.55  -0.03834587051905958  0.06890534398223286
0.56  -0.05305442365287229  0.06920413247980167
0.5700000000000001  -0.06740381309377132  0.06949798198523806
0.58  -0.08129381988774678  0.06978690421581053
0.59  -0.09462740597919453  0.07007090920390935
0.6  -0.10731139148187  0.07035000546105065
0.61  -0.11925710492666537  0.0706242001258649
0.62  -0.1303810019795062  0.07089349909787213
0.63  -0.14060524834102853  0.07115790715861817
0.64  -0.1498582627879583  0.07141742808154977
0.65  -0.15807521659254772  0.07167206473183724
0.66  -0.1651984858590671  0.07192181915720688
0.67  -0.17117805364310582  0.07216669267071928
0.68  -0.17597185906800164  0.07240668592631878
0.6900000000000001  -0.17954609102067143  0.0726417989878854
0.7000000000000001  -0.18187542439388515  0.07287203139243499
0.71  -0.18294319724093608  0.07309738220804275
0.72  -0.1827415276189275  0.0733178500870004
0.73  -0.18127136931566976  0.07353343331466125
0.74  -0.17854250607954741  0.07374412985437936
0.75  -0.17457348439872342  0.07394993738890449
0.76  -0.16939148530272444  0.0741508533585579
0.77  -0.16303213608283953  0.07434687499647877
0.78  -0.15553926324491388  0.0745379993612029
0.79  -0.14696458841613774  0.07472422336680756
0.8  -0.13736736932348312  0.07490554381083392
0.81  -0.12681398834277172  0.07508195740017716
0.8200000000000001  -0.11537749148132773  0.075253460775116
0.8300000000000001  -0.10313708100124067  0.07542005053163671
0.84  -0.09017756521206091  0.07558172324219226
0.85  -0.07658876925902389  0.07573847547502346
0.86  -0.062464911003601145  0.07589030381215786
0.87  -0.047903946335417044  0.07603720486619082
0.88  -0.0330068884666738  0.07617917529594433
0.89  -0.01787710594072324  0.0763162118210901
0.9  -0.0026196042340523944  0.07644831123581597
0.91  0.0126597040552964  0.07657547042160788
0.92  0.02785473536078212  0.0766976863592127
0.93  0.04285997252595297  0.07681495613984281
0.9400000000000001  0.05757119828429577  0.07692727697567694
0.9500000000000001  0.07188621974332426  0.0770346462097077
0.96  0.08570557883853067  0.0771370613249822
0.97  0.09893324382042232  0.07723451995327824
0.98  0.11147727696972937  0.07732701988325452
0.99  0.12325047390111202  0.07741455906811132
1.0  0.13417097001312378  0.07749713563279395
1.01  0.14416280987047445  0.07757474788076986
1.02  0.15315647556216322  0.07764739430040705
1.03  0.16108937036404977  0.07771507357097943
1.04  0.16790625434490802  0.07777778456832325
1.05  0.17355962888881626  0.07783552637016661
1.06  0.17801006746155526  0.0778882982611518
1.07  0.18122649032204757  0.07793609973757014
1.08  0.18318638126919012  0.07797893051182597
1.09  0.18387594491700227  0.0780167905166464
1.1  0.18329020340403254  0.07804967990905165
1.11  0.1814330318635825  0.07807759907409982
1.12  0.1783171324065862  0.078100548628419
1.1300000000000001  0.17396394679598043  0.0781185294235389
1.1400000000000001  0.1684035084171503  0.0781315425490327
1.1500000000000001  0.16167423457058022  0.07813958933548015
1.16  0.15382266052725443  0.07814267135726086
1.17  0.14490311719176094  0.0781407904351874
1.18  0.13497735460965046  0.07813394863898618
1.19  0.1241141139316627  0.07812214828963418
1.2  0.11238865080535468  0.0781053919615587
1.21  0.09988221350196888  0.07808368248470705
1.22  0.08668147940069962  0.07805702294649249
1.23  0.07287795374170392  0.07802541669362247
1.24  0.05856733482122683  0.07798886733381465
1.25  0.0438488500352632  0.07794737873740605
1.26  0.028824567380642076  0.07790095503886008
1.27  0.013598687192877447  0.07784960063817624
1.28  -0.0017231809625718895  0.0777933202022066
1.29  -0.017034751225848046  0.07773211866588325
1.3  -0.032229799116943944  0.07766600123336037
1.31  -0.04720289882757179  0.07759497337907466
1.32  -0.06185015501212558  0.07751904084872732
1.33  -0.07606992399730671  0.07743820966019095
1.34  -0.08976351940333978  0.07735248610434403
1.35  -0.10283589727782863  0.07726187674583597
1.36  -0.11519631598541537  0.07716638842378538
1.37  -0.1267589662715592  0.07706602825241403
1.3800000000000001  -0.137443567125692  0.07696080362161876
1.3900000000000001  -0.14717592330632465  0.07685072219748347
1.4000000000000001  -0.15588844065671176  0.07673579192273357
1.41  -0.1635205956325906  0.07661602101713463
1.42  -0.17001935578126073  0.07649141797783715
1.43  -0.17533954825164827  0.07636199157966907
1.44  -0.1794441737756637  0.07622775087537798
1.45  -0.18230466393958053  0.07608870519582452
1.46  -0.18390107995773328  0.07594486415012801
1.47  -0.18422225156681443  0.07579623762576657
1.48  -0.18326585507462162  0.07564283578863219
1.49  -0.18103843001939066  0.07548466908304274
1.5  -0.17755533432191303  0.07532174823171163
1.51  -0.17284063823951973  0.07515408423567657
1.52  -0.16692695785575726  0.07498168837418821
1.53  -0.15985522925923756  0.07480457220456027
1.54  -0.15167442497679662  0.07462274756198127
1.55  -0.1424412146268966  0.07443622655928979
1.56  -0.13221957214635763  0.07424502158671317
1.57  -0.12108033231434624  0.0740491453115715
1.58  -0.10910069964947038  0.07384861067794672
1.59  -0.09636371308642798  0.07364343090631843
1.6  -0.08295767014560572  0.07343361949316662
1.61  -0.0689755145902146  0.07321919021054227
1.62  -0.05451419181901959  0.07300015710560648
1.6300000000000001  -0.03967397646670739  0.07277653450013859
1.6400000000000001  -0.024557776876908598  0.07254833699001426
1.6500000000000001  -0.009270421273470681  0.07231557944465364
1.6600000000000001  0.006082069417309727  0.07207827700644073
1.67  0.02139321704805015  0.0718364450901139
1.68  0.03655682493207121  0.07159009938212862
1.69  0.05146771460011618  0.07133925583999255
1.7  0.06602245551977634  0.0710839306915736
1.71  0.08012008271410022  0.0708241404343814
1.72  0.09366279729974698  0.07055990183482269
1.73  0.10655664508345415  0.07029123192743099
1.74  0.11871216850774459  0.07001814801407089
1.75  0.13004502742162888  0.06974066766311755
1.76  0.14047658436828664  0.06945880870861167
1.77  0.14993445032783034  0.06917258924939032
1.78  0.15835298712757143  0.06888202764819393
1.79  0.16567376303279632  0.06858714253074993
1.8  0.1718459583558613  0.06828795278483332
1.81  0.1768267182681518  0.06798447755930434
1.82  0.18058145036573323  0.06767673626312382
1.83  0.18308406492279788  0.06736474856434636
1.84  0.1843171561646313  0.06704853438909161
1.85  0.18427212330101828  0.06672811392049392
1.86  0.18294923047894796  0.06640350759763107
1.87  0.1803576052372576  0.06607473611443149
1.8800000000000001  0.1765151754725345  0.06574182041856112
1.8900000000000001  0.1714485453522188  0.06540478171028964
1.9000000000000001  0.1651928110344473  0.06506364144133654
1.9100000000000001  0.15779131747182598  0.06471842131369712
1.92  0.14929535798509738  0.06436914327844886
1.93  0.13976381868976856  0.06401582953453827
1.94  0.12926277024140387  0.06365850252754837
1.95  0.11786500973082961  0.06329718494844738
1.96  0.10564955590639301  0.06293189973231822
1.97  0.09270110122429273  0.06256267005706986
1.98  0.0791094245275471  0.062189519342129844
1.99  0.06496876842740562  0.06181247124711897
2.0  0.05037718570592126  0.06143154967050789
2.0100000000000002  0.03543585927342135  0.06104677874825581
2.02  0.020248400398116453  0.06065818285243195
2.0300000000000002  0.004920130075910681  0.06026578658981926
2.04  -0.01044265147448607  0.0598696148005013
2.05  -0.025733402123620016  0.05946969255643186
2.06  -0.040846076835682026  0.05906604515998802
2.07  -0.05567586323859334  0.05865869814250642
2.08  -0.07011990865692104  0.058247677262803284
2.09  -0.08407803356389558  0.0578330085056781
2.1  -0.09745342650300863  0.057414718080401175
2.11  -0.11015331565810756  0.056992832419185555
2.12  -0.12208961241290847  0.056567378175642974
2.13  -0.13317952243507158  0.05613838222322454
2.14  -0.14334612004527086  0.05570587165364576
2.15  -0.15251888188631785  0.0552698737752968
2.16  -0.16063417618974443  0.05483041611163727
2.17  -0.1676357042452181  0.0543875263995767
2.18  -0.1734748910097454  0.05394123258783976
2.19  -0.17811122214640063  0.0534915628353177
2.2  -0.18151252515394853  0.05303854550940468
2.21  -0.18365519263655097  0.05258220918432067
2.22  -0.18452434616413516  0.052122582639419754
2.23  -0.18411393958611724  0.051659694857485214
2.24  -0.1824268010812008  0.05119357502301028
2.25  -0.1794746136509618  0.050724252520466064
2.2600000000000002  -0.17527783419196225  0.050251756932555576
2.27  -0.1698655517072302  0.04977611803845507
2.2800000000000002  -0.16327528564014482  0.04929736581204198
2.29  -0.15555272572916373  0.04881553042011041
2.3000000000000003  -0.14675141518750665  0.048330642220573546
2.31  -0.13693237940509945  0.04784273176065393
2.32  -0.12616370274799876  0.047351829775061124
2.33  -0.11452005639060443  0.046857967184157356
2.34  -0.10208218045566443  0.04636117509211107
2.35  -0.08893632405406197  0.045861484785038646
2.36  -0.07517364710846473  0.045358927729134434
2.37  -0.06088958811001753  0.04485353556878924
2.38  -0.04618320219362577  0.04434534012469749
2.39  -0.031156474123280382  0.043834373391953146
2.4  -0.015913610952961513  0.043320667538134676
2.41  -0.0005603192696399116  0.04280425490137903
2.42  0.01479692796809876  0.042285167988445026
2.43  0.03005162991013017  0.041763439472766145
2.44  0.045097996490941095  0.04123910219249303
2.45  0.05983168217789446  0.04071218914852564
2.46  0.07415050970178337  0.04018273350253552
2.47  0.08795517874937285  0.039650768574978096
2.48  0.10114995470189886  0.03911632784309539
2.49  0.11364333264194754  0.03857944493890906
2.5  0.12534867202266017  0.03804015364720427
2.5100000000000002  0.1361847975967533  0.0374984879035041
2.52  0.14607656243687417  0.03695448179203534
2.5300000000000002  0.15495536914179778  0.036408169543684886
2.54  0.1627596456130255  0.03585958553394827
2.5500000000000003  0.16943527210150838  0.035308764280868675
2.56  0.17493595656223856  0.03475574044296864
2.57  0.17922355571306614  0.03420054881717295
2.58  0.182268339570732  0.03364322433672372
2.59  0.18404919762922506  0.03308380206908792
2.6  0.1845537852503954  0.03252231721385709
2.61  0.18377860925150755  0.031958805100639635
2.62  0.18172905209621476  0.031393301186945805
2.63  0.1784193345213447  0.030825841056065995
2.64  0.1738724168589588  0.030256460414941688
2.65  0.1681198397384238  0.029685195092030072
2.66  0.16120150527374943  0.029112081035161854
2.67  0.1531654002543035  0.028537154309393097
2.68  0.14406726325933095  0.02796045109485069
2.69  0.13397019800570636  0.027382007684572066
2.7  0.12294423561130947  0.026801860482338857
2.71  0.1110658488107965  0.026220046000505558
2.72  0.09841742149381072  0.025636600857822364
2.73  0.0850866772456179  0.02505156177725316
2.74  0.07116607085450612  0.024464965583788245
2.75  0.056752147007202866  0.023876849202252932
2.7600000000000002  0.04194487062112274  0.02328724965511079
2.77  0.02684693345902687  0.022696204060263406
2.7800000000000002  0.011563041836138342  0.022103749628845256
2.79  -0.003800809639070454  0.0215099236630155
2.8000000000000003  -0.019138073252387845  0.020914763553745153
2.81  -0.034342387199710965  0.020318306778601698
2.82  -0.04930831330477172  0.01972059089952986
2.83  -0.06393206832131236  0.01912165356062945
2.84  -0.0781122437468387  0.018521532485930726
2.85  -0.0917505091548237  0.01792026547716664
2.86  -0.10475229416659107  0.017317890411543444
2.87  -0.11702744433236809  0.016714445239508356
2.88  -0.12849084637200206  0.01610996798251611
2.89  -0.13906301843847457  0.015504496730793444
2.9  -0.1486706613100023  0.014898069641102333
2.91  -0.1572471666876383  0.014290724934501967
2.92  -0.16473307907286802  0.01368250089411015
2.93  -0.17107650802179403  0.013073435862863685
2.94  -0.17623348791676402  0.012463568241278688
2.95  -0.18016828276045074  0.011852936485210467
2.96  -0.18285363387879275  0.011241579103614039
2.97  -0.18427094881532025  0.01062953465630463
2.98  -0.18441043010737587  0.010016841751719149
2.99  -0.1832711430518345  0.009403539044678404
3.0  -0.1808610219911909  0.008789665234151046
3.0100000000000002  -0.1771968150774097  0.00817525906101859
3.02  -0.17230396789774804  0.007560359305842723
3.0300000000000002  -0.16621644677089892  0.00694500478663433
3.04  -0.15897650294034635  0.006329234356625642
3.0500000000000003  -0.15063437930182672  0.0057130869020446205
3.06  -0.14124796170046192  0.005096601339892794
3.0700000000000003  -0.13088237721764082  0.004479816615726374
3.08  -0.1196095422354837  0.0038627717014415876
3.09  -0.1075076634150827  0.0032455055930634947
3.1  -0.09466069505137364  0.002628057308539865
3.11  -0.08115775657006577  0.002010465885539901
3.12  -0.0670925142085295  0.001392770379257901
3.13  -0.05256253117098575  0.0007750098602228551
3.14  -0.037668590766961114  0.00015722341211376397
3.15  -0.022513997229378947  -0.0004605498704180299
3.16  -0.007203859063397719  -0.001078270883920505
3.17  0.00815564010173022  -0.0016959005183045032
3.18  0.023457978098926136  -0.0023133996590002878
3.19  0.03859703313726465  -0.0029307291891051525
3.2  0.053467819917231194  -0.0035478499915234025
3.21  0.06796721784028904  -0.004164722951096181
3.22  0.08199468626077162  -0.004781308956722612
3.23  0.09545296181806484  -0.005397568903469986
3.24  0.10824873301151917  -0.006013463694674239
3.25  0.12029328733845718  -0.006628954244028443
3.2600000000000002  0.13150312650615562  -0.007244001477660071
3.27  0.1418005454502325  -0.007858566336195753
3.2800000000000002  0.15111417114311693  -0.008472609776813328
3.29  0.1593794574553207  -0.009086092775280039
3.3000000000000003  0.16653913263726247  -0.009698976327976973
3.31  0.17254359631818275  -0.010311221453908358
3.3200000000000003  0.17735126326905656  -0.010922789196695754
3.33  0.18092885154583335  -0.0115336406265555
3.34  0.18325161301532994  -0.012143736842259644
3.35  0.18430350466592535  -0.012753038973079125
3.36  0.18407729951613286  -0.013361508180708167
3.37  0.18257463635327173  -0.013969105661169583
3.38  0.17980600795893165  -0.014575792646699821
3.39  0.17579068790477279  -0.015181530407613027
3.4  0.17055659642847104  -0.015786280254142738
3.41  0.16414010632233145  -0.016390003538260957
3.42  0.15658579018334812  -0.016992661655473012
3.43  0.14794611078035455  -0.01759421604658752
3.44  0.13828105668861637  -0.018194628199459866
3.45  0.12765772572196296  -0.018793859650708667
3.46  0.11614985905477783  -0.019391871987403542
3.47  0.10383732926826975  -0.019988626848723275
3.48  0.0908055858751478  -0.020584085927582485
3.49  0.07714506217180271  -0.021178210972226264
3.5  0.06295054753541887  -0.02177096378779056
3.5100000000000002  0.04832052952312237  -0.022362306237827402
3.52  0.03335651033978324  -0.02295220024579255
3.5300000000000002  0.018162302418818235  -0.023540607796495264
3.54  0.0028433080052522957  -0.024127490937506813
3.5500000000000003  -0.012494212258847852  -0.024712811780527286
3.56  -0.027743876670186896  -0.02529653250270766
3.5700000000000003  -0.04279992060398308  -0.02587861534792625
3.58  -0.057557930334813635  -0.026459022628016138
3.59  -0.07191556744586776  -0.027037716723942364
3.6  -0.08577327879930867  -0.02761466008692604
3.61  -0.09903498714079569  -0.028189815239512767
3.62  -0.11160875754573596  -0.028763144776583267
3.63  -0.12340743508259855  -0.029334611366302592
3.64  -0.13434924926853425  -0.029904177751006168
3.65  -0.1443583811231007  -0.03047180674801818
3.66  -0.15336548888562074  -0.031037461250400248
3.67  -0.16130818874868738  -0.03160110422762615
3.68  -0.1681314872726628  -0.03216269872617946
3.69  -0.17378816248147946  -0.03272220787006955
3.7  -0.17823909099635185  -0.03327959486126268
3.71  -0.18145351893862882  -0.03383482298002317
3.72  -0.1834092747234136  -0.03438785558516046
3.73  -0.18409292226898363  -0.034938656114176674
3.74  -0.18349985356071127  -0.035487188083310105
3.75  -0.1816343199291983  -0.03603341508746861
3.7600000000000002  -0.1785094018278098  -0.03657730080004739
3.77  -0.17414691732174623  -0.03711880897262447
3.7800000000000002  -0.16857726992627392  -0.0376579034345278
3.79  -0.16183923685279644  -0.03819454809226642
3.8000000000000003  -0.15397969913514928  -0.03872870692881861
3.81  -0.1450533155119932  -0.03926034400276838
3.8200000000000003  -0.13512214233164035  -0.03978942344728248
3.83  -0.1242552021203889  -0.04031590946891815
3.84  -0.11252800381182415  -0.04083976634625236
3.85  -0.10002201797015454  -0.041360958428321576
3.86  -0.08682411065308923  -0.04187945013286148
3.87  -0.07302593984690814  -0.042395205944334324
3.88  -0.05872331866624198  -0.04290819041173119
3.89  -0.0440155497417777  -0.04341836814613569
3.9  -0.029004735419188597  -0.04392570381803416
3.91  -0.01379506856047785  -0.04443016215435695
3.92  0.0015078911263689823  -0.04493170793523351
3.93  0.016797950203088562  -0.04543030599044348
3.94  0.03196901897024431  -0.04592592119554419
3.95  0.04691584816759582  -0.04641851846765366
3.96  0.06153475978890243  -0.046908062760866016
3.97  0.07572436693523218  -0.047394519061276286
3.98  0.08938627770691412  -0.047877852381586546
3.99  0.1024257782451463  -0.04835802775526705
4.0  0.11475249017901515  -0.04883501023024011
4.01  0.1262809979114368  -0.04930876486205527
4.0200000000000005  0.13693144138692642  -0.049779256706518935
4.03  0.14663007022382757  -0.05024645081174032
4.04  0.15530975536191877  -0.050710312209552376
4.05  0.16291045467131393  -0.05117080590626164
4.0600000000000005  0.16937962928831518  -0.05162789687267843
4.07  0.1746726077860333  -0.052081550033373426
4.08  0.17875289564987976  -0.05253173025510381
4.09  0.18159242790786628  -0.05297840233434467
4.1  0.18317176316046144  -0.05342153098385766
4.11  0.18348021766173733  -0.05386108081822226
4.12  0.18251593851991668  -0.05429701633824744
4.13  0.18028591550828962  -0.054729301914175764
4.14  0.1768059314038799  -0.05515790176758117
4.15  0.1721004511982397  -0.05558277995185545
4.16  0.16620245094938602  -0.05600390033116554
4.17  0.1591531874631769  -0.056421226557755194
4.18  0.1510019104035247  -0.056834722047449306
4.19  0.14180551883079573  -0.057244349953208366
4.2  0.13162816455388238  -0.057650073136562216
4.21  0.12054080505097621  -0.0580518541367379
4.22  0.1086207090645499  -0.058449655137274646
4.23  0.09595091830492723  -0.05884343792990028
4.24  0.08261966900190813  -0.05923316387541694
4.25  0.06871977732299621  -0.05961879386132006
4.26  0.05434799292802863  -0.06000028825584151
4.2700000000000005  0.039604325151540706  -0.06037760685807719
4.28  0.024591346494615904  -0.06075070884381913
4.29  0.009413478265819359  -0.06111955270667103
4.3  -0.0058237366648690655  -0.061484096193977426
4.3100000000000005  -0.021014368945452205  -0.061844296237042344
4.32  -0.03605284054623931  -0.062200108875051736
4.33  -0.05083466016151313  -0.06255148917204476
4.34  -0.06525715109731939  -0.06289839112619863
4.3500000000000005  -0.07922016658612496  -0.06324076757060258
4.36  -0.09262678755613465  -0.06357857006459243
4.37  -0.10538399800472746  -0.06391174877460101
4.38  -0.11740333328078738  -0.06424025234334384
4.39  -0.12860149676875088  -0.06456402774600546
4.4  -0.1389009406865228  -0.06488302013191431
4.41  -0.14823040695860334  -0.06519717264998946
4.42  -0.15652542440308703  -0.06550642625600621
4.43  -0.16372875877466148  -0.0658107194994534
4.44  -0.16979081253336376  -0.06610998828743912
4.45  -0.1746699715582623  -0.06640416562273146
4.46  -0.17833289639412134  -0.06669318131259074
4.47  -0.18075475600480886  -0.06697696164454602
4.48  -0.18191940240720852  -0.06725542902467889
4.49  -0.1818194849707999  -0.06752850157328279
4.5  -0.18045650358814283  -0.06779609267194778
4.51  -0.17784080034730596  -0.06805811045515198
4.5200000000000005  -0.1739914897659226  -0.06831445723829122
4.53  -0.16893632807508957  -0.06856502887270931
4.54  -0.1627115224668312  -0.0688097140166563
4.55  -0.15536148163845656  -0.06904839330913862
4.5600000000000005  -0.14693850937798067  -0.06928093843126569
4.57  -0.1375024433341484  -0.06950721103684196
4.58  -0.12712024149979853  -0.06972706153049203
4.59  -0.11586551930588918  -0.06994032766738671
4.6000000000000005  -0.10381804057302592  -0.07014683294347422
4.61  -0.09106316589571481  -0.07034638473877071
4.62  -0.07769126233975995  -0.070538772168419
4.63  -0.06379707861365051  -0.07072376358648022
4.64  -0.04947909012890198  -0.07090110367525863
4.65  -0.034838818591205606  -0.07107051003768407
4.66  -0.019980130963186828  -0.07123166919098682
4.67  -0.0050085228104258415  -0.07138423183538177
4.68  0.009969608814288947  -0.07152780724011733
4.69  0.0248476976766558  -0.07166195654884834
4.7  0.039519740491945066  -0.07178618475387605
4.71  0.05388102344497618  -0.07189993102025792
4.72  0.06782883760602684  -0.0720025569504246
4.73  0.08126317770139425  -0.07209333225975628
4.74  0.09408741864622855  -0.07217141717223102
4.75  0.1062089641779343  -0.07223584062650526
4.76  0.11753986181851957  -0.07228547308303082
4.7700000000000005  0.12799737821113574  -0.07231899230734344
4.78  0.13750452857144402  -0.07233483992172196
4.79  0.14599055349616955  -0.0723311656886517
4.8  0.15339133556895418  -0.07230575529434932
4.8100000000000005  0.15964974692635067  -0.07225593565019985
4.82  0.1647159169233256  -0.0721784491229625
4.83  0.16854740582949923  -0.07206928415003543
4.84  0.17110926536867588  -0.07192344357573743
4.8500000000000005  0.17237395865385297  -0.07173462236094709
4.86  0.17232109852233257  -0.07149475061876268
4.87  0.17093694059108713  -0.07119333177727158
4.88  0.16821352839637665  -0.07081646077349195
4.89  0.1641473190511776  -0.07034532744861562
4.9  0.15873699157166635  -0.06975386320108415
4.91  0.15197989923917313  -0.06900490551215542
4.92  0.14386614685414273  -0.06804368125644782
4.93  0.13436826426168197  -0.06678618130707267
4.94  0.12342220306794324  -0.06509719513200171
4.95  0.11089009107407881  -0.06274590356330725
4.96  0.09648208302314709  -0.059308822302144265
4.97  0.07958273358288698  -0.053939742763371136
4.98  0.05887796993925097  -0.044801048984721925
4.99  0.03203359595249465  -0.027993875824325488
5.0  5.913811238250548e-16  -6.116543641930045e-16
5.01  -0.021957853102673553  0.028041004003398953
5.0200000000000005  -0.02670951869560879  0.04495203216811078
5.03  -0.021765514314701643  0.054212673031408094
5.04  -0.012317066109834744  0.0597093481085878
5.05  -0.0006262495012861417  0.06327612190458562
5.0600000000000005  0.012254025164334242  0.06575800972070146
5.07  0.0257563536193145  0.06757801890832264
5.08  0.039527928635666766  0.06896674850204404
5.09  0.05332116048563323  0.07005929457443262
5.1000000000000005  0.06694528339199346  0.07093960028866939
5.11  0.08024320078960535  0.07166239707984325
5.12  0.09307971445322194  0.07226481880850434
5.13  0.10533527988075639  0.07277291283012524
5.14  0.11690261227637629  0.07320547248137493
5.15  0.12768483618916643  0.07357638875393857
5.16  0.13759450223977363  0.07389614592041044
5.17  0.14655310245822567  0.07417280274562825
5.18  0.15449087434227585  0.07441265395054489
5.19  0.16134676919152158  0.07462068693537485
5.2  0.16706850823000527  0.07480090391016976
5.21  0.1716126779676843  0.07495655345029885
5.22  0.1749448331019339  0.07509029980640178
5.23  0.17703958576914175  0.07520434862159982
5.24  0.17788066673061795  0.07530054159250307
5.25  0.1774609485932417  0.07538042865848854
5.26  0.17578242428282378  0.07544532369829875
5.2700000000000005  0.1728561362195213  0.07549634796360943
5.28  0.16870205330193808  0.07553446428469357
5.29  0.16334889408361572  0.0755605042549793
5.3  0.15683389554482083  0.07557519001865683
5.3100000000000005  0.1492025277020739  0.07557915187022249
5.32  0.14050815500844088  0.07557294257523027
5.33  0.1308116461120914  0.07555704910286881
5.34  0.12018093408069692  0.0755319022997117
5.3500000000000005  0.1086905296788567  0.07549788491385373
5.36  0.09642099071414842  0.07545533828831757
5.37  0.08345835085034717  0.07540456797410204
5.38  0.06989351162760178  0.07534584846084656
5.39  0.055821601730958514  0.07527942718270544
5.4  0.04134130781193426  0.07520552792567542
5.41  0.026554181393415675  0.07512435373811036
5.42  0.011563926576245907  0.07503608942687441
5.43  -0.0035243265833950045  0.07494090370631337
5.44  -0.018604758043471847  0.07483895105506452
5.45  -0.033571598034200595  0.07473037332598292
5.46  -0.04831986650806575  0.07461530114662047
5.47  -0.0627461066836278  0.0744938551413448
5.48  -0.07674910762048213  0.07436614700102383
5.49  -0.09023061083440158  0.07423228042198286
5.5  -0.10309599606898232  0.07409235193247998
5.51  -0.11525494148195153  0.07394645162209287
5.5200000000000005  -0.12662205367972076  0.07379466378704858
5.53  -0.13711746324129126  0.07363706750256718
5.54  -0.1466673816108404  0.07347373713165457
5.55  -0.1552046155053877  0.07330474277841079
5.5600000000000005  -0.16266903527808024  0.07313015069277135
5.57  -0.16900799399662178  0.07295002363263071
5.58  -0.1741766943380529  0.07276442118847723
5.59  -0.17813850076298798  0.07257340007497756
5.6000000000000005  -0.18086519481204005  0.07237701439335527
5.61  -0.18233717176183822  0.07217531586790744
5.62  -0.18254357728500314  0.07196835405957143
5.63  -0.1814823831748537  0.07175617655908538
5.64  -0.17916040161858676  0.0715388291619683
5.65  -0.17559323792922873  0.07131635602727296
5.66  -0.17080518207385345  0.07108879982182756
5.67  -0.16482903976040464  0.07085620185147809
5.68  -0.15770590426502618  0.07061860218066618
5.69  -0.14948487059313129  0.07037603974152166
5.7  -0.14022269396772036  0.0701285524335159
5.71  -0.12998339502485076  0.06987617721460282
5.72  -0.11883781446606141  0.0696189501846728
5.73  -0.10686312026829246  0.06935690666205441
5.74  -0.09414227088108502  0.06909008125371838
5.75  -0.08076343814620801  0.06881850791976986
5.76  -0.06681939395433957  0.0685422200327529
5.7700000000000005  -0.05240686490494361  0.06826125043223658
5.78  -0.037625859457430195  0.06797563147510421
5.79  -0.02257897225239809  0.06768539508192499
5.8  -0.007370670440047416  0.0673905727797482
5.8100000000000005  0.007893433022543497  0.06709119574162864
5.82  0.023107314053355154  0.06678729482315966
5.83  0.038165274999583235  0.06647890059626485
5.84  0.05296267993732632  0.06616604338047594
5.8500000000000005  0.06739668260611799  0.06584875327190153
5.86  0.08136694191901991  0.06552706017007379
5.87  0.0947763200755858  0.06520099380284232
5.88  0.10753155842607746  0.064870583749469
5.89  0.11954392639008904  0.06453585946206453
5.9  0.13072983892013065  0.06419685028549366
5.91  0.14101143821938456  0.0638535854758662
5.92  0.15031713567133798  0.06350609421772006
5.93  0.15858211021549073  0.0631544056399936
5.94  0.1657487597060292  0.06279854883087593
5.95  0.17176710211703067  0.062438552851617875
5.96  0.1765951238062449  0.06207444674937653
5.97  0.1801990724172828  0.06170625956916353
5.98  0.18255369238466387  0.061334020364959656
5.99  0.18364240140487928  0.06095775821005323
6.0  0.1834574066467061  0.060577502206656086
6.01  0.1819997598925784  0.06019328149484617
6.0200000000000005  0.17927935122700261  0.059805125260881636
6.03  0.17531484131483002  0.05941306274492906
6.04  0.17013353273871756  0.059017123248243195
6.05  0.16377118128836265  0.058617336139834636
6.0600000000000005  0.15627174851113318  0.058213730862658415
6.07  0.14768709724165935  0.05780633693935347
6.08  0.13807663222394104  0.05739518397756169
6.09  0.12750688832086957  0.05698030167485246
6.1000000000000005  0.11605106917002389  0.05656171982327725
6.11  0.10378853948875892  0.056139468313576454
6.12  0.09080427455346143  0.05571357713905987
6.13  0.07718827067529614  0.055284076399179594
6.140000000000001  0.06303492076559071  0.05485099630281444
6.15  0.0484423593264916  0.05441436717128193
6.16  0.03351178141480085  0.0539742194410934
6.17  0.018346740307750766  0.05353058366646814
6.18  0.003052428747317154  0.053083490521618704
6.19  -0.012265051246211413  0.05263297080282087
6.2  -0.02749942492127737  0.05217905543028074
6.21  -0.04254498258838706  0.051721775449808265
6.22  -0.05729731353665018  0.051261162034310095
6.23  -0.07165403097734428  0.05079724648510928
6.24  -0.08551548298052124  0.05033006023310229
6.25  -0.098785444467887  0.04985963483976131
6.26  -0.1113717854565961  0.049386001997990064
6.2700000000000005  -0.1231871109134572  0.04890919353284037
6.28  -0.13414936777604036  0.04842924140209727
6.29  -0.14418241492507922  0.04794617769673802
6.3  -0.15321655214966348  0.047460034641272325
6.3100000000000005  -0.16118900443136985  0.04697084459396949
6.32  -0.16804435818357522  0.04647864004697738
6.33  -0.1737349464156888  0.04598345362633895
6.34  -0.17822118014652336  0.04548531809191107
6.3500000000000005  -0.18147182376413354  0.044984266337189896
6.36  -0.1834642124185012  0.04448033138904825
6.37  -0.18418440993581242  0.04397354640738731
6.38  -0.18362730615590786  0.04346394468470788
6.390000000000001  -0.18179665301496856  0.04295155964560483
6.4  -0.17870503912067834  0.04243642484618712
6.41  -0.1743738029940404  0.04191857397342784
6.42  -0.16883288557776258  0.041398040844446565
6.43  -0.16212062303269525  0.0408748594057272
6.44  -0.15428348125829022  0.04034906373227434
6.45  -0.14537573397758333  0.03982068802671063
6.46  -0.135459086618922  0.03928976661831655
6.47  -0.12460224860297275  0.038756333962017345
6.48  -0.11288045700165307  0.038220424637316876
6.49  -0.10037495487324256  0.03768207334718193
6.5  -0.0871724278925426  0.03714131491687871
6.51  -0.07336440318451957  0.03659818429276321
6.5200000000000005  -0.05904661453224131  0.0360527165410272
6.53  -0.044318338363409  0.03550494684640285
6.54  -0.029281705122654978  0.03495491051082492
6.55  -0.01404099080774981  0.03440264295205536
6.5600000000000005  0.0012981064144131755  0.033848179702269304
6.57  0.016629199492497197  0.03329155640660513
6.58  0.031845950587721564  0.03273280882167964
6.59  0.04684280886128208  0.03217197281406969
6.6000000000000005  0.06151574283237484  0.03160908435876114
6.61  0.07576296222453589  0.03104417953756777
6.62  0.0894856242908804  0.03047729453751853
6.63  0.10258851971637992  0.029908465649217533
6.640000000000001  0.1149807333369803  0.029337729265175243
6.65  0.12657627508998223  0.02876512187811316
6.66  0.13729467681661572  0.028190680079242605
6.67  0.1470615507745685  0.02761444055651862
6.68  0.1558091059838831  0.027036440092869523
6.69  0.16347661882213396  0.026456715564403724
6.7  0.17001085460219456  0.02587530393859415
6.71  0.17536643720598344  0.02529224227244012
6.72  0.17950616420793492  0.024707567710609866
6.73  0.18240126530015296  0.024121317483561878
6.74  0.18403160222457696  0.02353352890564722
6.75  0.18438580882332337  0.022944239373193176
6.76  0.1834613702338493  0.022353486362568484
6.7700000000000005  0.1812646406778248  0.021761307428231767
6.78  0.17781079971866603  0.02116774020076278
6.79  0.173123747289621  0.020572822384876892
6.8  0.1672359382191559  0.019976591757425086
6.8100000000000005  0.16018815740019984  0.019379086165377916
6.82  0.15202923716167313  0.018780343523795196
6.83  0.14281571880176944  0.01818040181378173
6.84  0.13261146062994514  0.017579299080429375
6.8500000000000005  0.12148719523573093  0.016977073430745785
6.86  0.10952003905483099  0.016373763031571596
6.87  0.09679295763397566  0.015769406107483803
6.88  0.08339419030346246  0.015164040938689078
6.890000000000001  0.06941663824798334  0.014557705858904948
6.9  0.05495722022038262  0.013950439253230298
6.91  0.04011620036752343  0.013342279556005643
6.92  0.02499649283104682  0.012733265248663316
6.93  0.009702947946976917  0.012123434857567728
6.94  -0.005658375004106944  0.011512826951847093
6.95  -0.02098094345121954  0.010901480141215615
6.96  -0.03615849048796933  0.0102894330737875
6.97  -0.05108575200191307  0.009676724433882776
6.98  -0.06565919686440673  0.009063392939825261
6.99  -0.0797777451151284  0.008449477341733201
7.0  -0.0933434691587022  0.007835016419302723
7.01  -0.10626227310859498  0.007220048979584212
7.0200000000000005  -0.11844454556503797  0.006604613854752814
7.03  -0.12980578129795636  0.005988749899872539
7.04  -0.14026716752154944  0.005372495990653797
7.05  -0.14975613069275998  0.0047558910212065954
7.0600000000000005  -0.15820684003970342  0.004138973901787626
7.07  -0.16556066432625255  0.0035217835565426337
7.08  -0.17176657868337758  0.00290435892124419
7.09  -0.1767815186841947  0.0022867389410246726
7.1000000000000005  -0.18057067920566444  0.0016689625681058054
7.11  -0.18310775600288165  0.00105106875952396
7.12  -0.18437512831931532  0.0004330964748512625
7.13  -0.18436398126538894  -0.00018491532608531436
7.140000000000001  -0.1830743671156436  -0.0008029276854890151
7.15  -0.18051520509845806  -0.001420901649880712
7.16  -0.1767042196789985  -0.002038798272388937
7.17  -0.17166781776276877  -0.0026565786150422165
7.18  -0.16544090567086558  -0.003274203751063736
7.19  -0.15806664715587312  -0.0038916347671671533
7.2  -0.149596164136371  -0.004508832765854722
7.21  -0.14008818222540795  -0.005125758867716377
7.22  -0.12960862351131497  -0.005742374213729913
7.23  -0.11823014941515327  -0.006358639967562522
7.24  -0.10603165679546879  -0.006974517317871811
7.25  -0.09309773079535778  -0.0075899674806087294
7.26  -0.07951805822699827  -0.008204951701319858
7.2700000000000005  -0.06538680556255598  -0.008819431257449455
7.28  -0.050801965845961534  -0.009433367460641861
7.29  -0.03586467905565485  -0.010046721659043101
7.3  -0.02067853063264855  -0.010659455239601887
7.3100000000000005  -0.00534883303969248  -0.011271529630369705
7.32  0.010018104664854767  -0.01188290630279979
7.33  0.025315714171750575  -0.01249354677404475
7.34  0.040437907069394936  -0.013103412609252917
7.3500000000000005  0.05527981066888257  -0.013712465423862485
7.36  0.06973849540129572  -0.014320666885893852
7.37  0.08371368874142969  -0.014927978718240548
7.38  0.09710847070554353  -0.015534362700956511
7.390000000000001  0.10982994609857485  -0.01613978067354186
7.4  0.12178988884749783  -0.01674419453722542
7.41  0.13290535395115713  -0.017347566257244408
7.42  0.14309925280150404  -0.017949857865121228
7.43  0.15230088788528193  -0.01855103146093623
7.44  0.16044644315695272  -0.019151049215597626
7.45  0.1674794266811631  -0.019749873373107386
7.46  0.17335106247416077  -0.020347466252823094
7.47  0.178020628825951  -0.0209437902517158
7.48  0.18145574075626847  -0.021538807846623778
7.49  0.18363257464496474  -0.022132481596500917
7.5  0.18453603347855665  -0.02272477414466153
7.51  0.184159851566618  -0.023315648221019697
7.5200000000000005  0.18250663800160327  -0.0239050666443232
7.53  0.17958785856062573  -0.02449299232438279
7.54  0.17542375617473918  -0.025079388264295635
7.55  0.1700432105174372  -0.025664217562663162
7.5600000000000005  0.1634835376864067  -0.02624744341580334
7.57  0.15579023136815423  -0.02682902911995609
7.58  0.14701664728104605  -0.027408938073483553
7.59  0.13722363308578617  -0.027987133779063453
7.6000000000000005  0.1264791063306487  -0.02856357984587548
7.61  0.11485758335925511  -0.029138239991781507
7.62  0.10243966244884492  -0.029711078045498544
7.63  0.08931146476451364  -0.03028205794876454
7.640000000000001  0.07556403700747935  -0.03085114375849711
7.65  0.061292719901188106  -0.031418299648943965
7.66  0.04659648689600492  -0.03198348991382666
7.67  0.03157725767986028  -0.03254667896847589
7.68  0.01633919125693653  -0.03310783135195844
7.69  0.0009879634982194096  -0.03366691172919641
7.7  -0.014369965824569057  -0.034223884893077636
7.71  -0.02962809143719839  -0.034778715766557576
7.72  -0.04468060127123882  -0.03533136940475228
7.73  -0.0594231103581674  -0.03588181099702267
7.74  -0.07375338481852128  -0.036430005869048626
7.75  -0.0875720509239879  -0.03697591948489525
7.76  -0.10078328431397436  -0.03751951744906795
7.7700000000000005  -0.11329547458583311  -0.038060765508558816
7.78  -0.12502186064886978  -0.03859962955488245
7.79  -0.13588113243503838  -0.039136075626101934
7.8  -0.14579799479265496  -0.03967006990884421
7.8100000000000005  -0.1547036896518982  -0.04020157874030535
7.82  -0.1625364728402688  -0.040730568610244114
7.83  -0.16924204224090986  -0.041257006162966
7.84  -0.1747739143241955  -0.04178085819929476
7.8500000000000005  -0.17909374644118056  -0.042302091678533424
7.86  -0.18217160264381677  -0.04282067372041354
7.87  -0.18398616118859404  -0.04333657160703269
7.88  -0.18452486228485393  -0.043849752784780004
7.890000000000001  -0.1837839950635861  -0.04436018486624984
7.9  -0.18176872316415416  -0.044867835632142375
7.91  -0.17849304876224756  -0.045372673033152636
7.92  -0.1739797152893962  -0.04587466519184616
7.930000000000001  -0.1682600495197198  -0.04637378040452161
7.94  -0.16137374412018574  -0.04686998714306055
7.95  -0.1533685821736785  -0.04736325405676364
7.96  -0.14430010558673834  -0.0478535499741731
7.97  -0.1342312296830552  -0.048340843904881775
7.98  -0.12323180665718104  -0.04882510504132749
7.99  -0.11137814091759862  -0.04930630276057337
8.0  -0.09875245968206024  -0.04978440662607422
8.01  -0.08544234249851795  -0.05025938638942709
8.02  -0.07154011364981518  -0.05073121199210762
8.03  -0.05714220165780869  -0.05119985356719102
8.040000000000001  -0.04234847033079088  -0.0516652814410573
8.05  -0.027261525995375797  -0.052127466135080895
8.06  -0.011986005719254417  -0.05258637836730456
8.07  0.003372148537031204  -0.05304198905409676
8.08  0.018706424803522356  -0.05349426931179268
8.09  0.03391047992121562  -0.05394319045831823
8.1  0.04887887717371524  -0.054388724014797316
8.11  0.06350781761299734  -0.054830841707141864
8.120000000000001  0.07769586000578214  -0.05526951546762374
8.13  0.09134462440618507  -0.05570471743642913
8.14  0.1043594744738866  -0.056136419963194906
8.15  0.1166501738046727  -0.05656459560852608
8.16  0.1281315117205104  -0.0569892171454948
8.17  0.13872389417838252  -0.05741025756111983
8.18  0.14835389569906549  -0.05782769005782698
8.19  0.15695476848767667  -0.05824148805488944
8.2  0.16446690521477386  -0.058651625189848254
8.21  0.17083825224847124  -0.05905807531991197
8.22  0.17602467047176773  -0.0594608125233355
8.23  0.17999024118311135  -0.059859811100778065
8.24  0.18270751495918258  -0.06025504557663907
8.25  0.1841577017547666  -0.060646490700372285
8.26  0.18433080092226228  -0.061034121447777145
8.27  0.18322567025030603  -0.061417913022267685
8.28  0.1808500335440949  -0.061797840856117926
8.290000000000001  0.17722042669644003  -0.06217388061168329
8.3  0.17236208262537603  -0.06254600818259796
8.31  0.1663087558782987  -0.06291419969494771
8.32  0.15910248812124878  -0.06327843150841704
8.33  0.15079331614210986  -0.0636386802174109
8.34  0.14143892439530484  -0.0639949226521498
8.35  0.13110424450041316  -0.06434713587973827
8.36  0.11986100447507865  -0.06469529720520584
8.370000000000001  0.10778723083140083  -0.06503938417251967
8.38  0.09496670699192748  -0.06537937456556862
8.39  0.08148839178446232  -0.06571524640911813
8.4  0.06744580205178732  -0.06604697796973459
8.41  0.05293636366138769  -0.06637454775667932
8.42  0.03806073541935312  -0.06669793452277059
8.43  0.02292211058069419  -0.06701711726521359
8.44  0.00762550080352275  -0.06733207522639723
8.45  -0.007722992483571583  -0.06764278789465669
8.46  -0.023016914244545134  -0.06794923500500126
8.47  -0.038150194420591026  -0.06825139653980611
8.48  -0.05301788381129195  -0.06854925272946755
8.49  -0.06751688214564779  -0.06884278405302022
8.5  -0.08154665329095996  -0.06913197123871509
8.51  -0.0950099226367113  -0.0694167952645578
8.52  -0.10781335181457063  -0.06969723735880562
8.53  -0.11986818607288927  -0.06997327900042159
8.540000000000001  -0.1310908698140904  -0.0702449019194852
8.55  -0.14140362602425088  -0.07051208809755759
8.56  -0.15073499557503942  -0.07077481976800042
8.57  -0.15902033265657148  -0.07103307941624609
8.58  -0.16620225290446342  -0.07128684978001872
8.59  -0.17223103111266155  -0.07153611384950302
8.6  -0.17706494577361703  -0.07178085486746041
8.61  -0.1806705680565262  -0.07202105632928983
8.620000000000001  -0.1830229932199862  -0.07225670198303119
8.63  -0.18410601285506897  -0.07248777582930988
8.64  -0.1839122267655012  -0.07271426212121963
8.65  -0.1824430937106619  -0.07293614536414172
8.66  -0.17970892066147834  -0.07315341031549784
8.67  -0.1757287906461004  -0.0733660419844338
8.68  -0.17053042968850624  -0.07357402563143203
8.69  -0.16415001376594088  -0.0737773467678492
8.700000000000001  -0.1566319171274627  -0.07397599115537588
8.71  -0.14802840372285256  -0.0741699448054156
8.72  -0.13839926388605248  -0.0743591939783789
8.73  -0.12781139879726056  -0.07454372518288957
8.74  -0.11633835561032077  -0.07472352517489812
8.75  -0.10405981647440159  -0.07489858095669912
8.76  -0.09106104499907387  -0.07506887977584745
8.77  -0.07743229400715392  -0.0752344091239691
8.78  -0.06326817868849659  -0.0753951567354608
8.790000000000001  -0.048667019507917915  -0.0755511105860738
8.8  -0.03373015943050527  -0.07570225889137552
8.81  -0.018561260205605452  -0.07584859010508337
8.82  -0.003265582596348282  -0.07599009291726364
8.83  0.012050744447286935  -0.07612675625238906
8.84  0.027281460596939797  -0.07625856926724697
8.85  0.04232091181966364  -0.0763855213486908
8.86  0.05706478379472105  -0.07650760211122543
8.870000000000001  0.07141082598083498  -0.0766248013944182
8.88  0.08525956130614058  -0.07673710926012504
8.89  0.09851497655315204  -0.0768445159895219
8.9  0.11108518864497115  -0.0769470120799292
8.91  0.12288308220642863  -0.07704458824141859
8.92  0.13382691397336763  -0.0771372353931878
8.93  0.14384087985340652  -0.07722494465969043
8.94  0.15285564070102034  -0.07730770736650526
8.950000000000001  0.16080880315636967  -0.07738551503592922
8.96  0.16764535220947618  -0.07745835938227641
8.97  0.1733180324865173  -0.07752623230686494
8.98  0.17778767561116596  -0.07758912589267063
8.99  0.18102347136836447  -0.07764703239862662
9.0  0.18300318078824301  -0.07769994425354494
9.01  0.18371328967120817  -0.0777478540496346
9.02  0.18314910148891073  -0.07779075453558909
9.03  0.18131476901681814  -0.07782863860921331
9.040000000000001  0.17822326447966746  -0.07786149930955759
9.05  0.173896288418138  -0.07788932980852438
9.06  0.1683641179106914  -0.07791212340190924
9.07  0.1616653952058091  -0.07792987349983534
9.08  0.15384685823373057  -0.07794257361653659
9.09  0.14496301487059476  -0.07795021735944081
9.1  0.13507576321857  -0.07795279841750029
9.11  0.1242539605406792  -0.07795031054871157
9.120000000000001  0.11257294384567171  -0.07794274756676185
9.13  0.10011400545435957  -0.07793010332673342
9.14  0.08696382719151194  -0.07791237170979075
9.15  0.07321387713512957  -0.07788954660676818
9.16  0.05895977311499052  -0.07786162190056849
9.17  0.04430061738361995  -0.07782859144727354
9.18  0.029338307083279697  -0.07779044905585866
9.19  0.014176825300837737  -0.0777471884663923
9.200000000000001  -0.0010784823624013708  -0.0776988033265897
9.21  -0.016321640678087272  -0.07764528716657704
9.22  -0.03144678204154015  -0.07758663337170696
9.23  -0.04634888296137112  -0.07752283515325052
9.24  -0.060924494668492424  -0.07745388551677193
9.25  -0.07507246276564675  -0.0773797772279715
9.26  -0.08869463091424126  -0.07730050277576002
9.27  -0.10169652366597871  -0.0772160543323007
9.28  -0.1139880036911486  -0.07712642370972635
9.290000000000001  -0.12548389883310074  -0.07703160231320623
9.3  -0.13610459462751723  -0.07693158109000002
9.31  -0.14577658816482544  -0.07682635047409422
9.32  -0.15443299944207797  -0.0767159003259689
9.33  -0.16201403664576722  -0.07660021986698884
9.34  -0.16846741212656977  -0.07647929760785165
9.35  -0.17374870616931185  -0.07635312127045608
9.36  -0.17782167602367  -0.07622167770247405
9.370000000000001  -0.1806585080411244  -0.07608495278381906
9.38  -0.18224001115851518  -0.07594293132410014
9.39  -0.18255575037574343  -0.07579559695003034
9.4  -0.1816041192916351  -0.07564293198162277
9.41  -0.179392351185064  -0.07548491729584848
9.42  -0.17593646855500888  -0.07532153217624804
9.43  -0.1712611714604139  -0.07515275414677777
9.44  -0.1653996654255538  -0.07497855878792696
9.450000000000001  -0.15839343009606321  -0.07479891953285615
9.46  -0.1502919302420252  -0.07461380744097564
9.47  -0.14115227110459688  -0.0744231909459939
9.48  -0.13103880046880395  -0.07422703557500987
9.49  -0.12002266021470928  -0.07402530363468798
9.5  -0.10818129044941431  -0.07381795385992154
9.51  -0.09559788965108841  -0.07360494101964352
9.52  -0.08236083456075356  -0.07338621547355577
9.53  -0.06856306383615887  -0.07316172267249121
9.540000000000001  -0.05430142973228372  -0.07293140259386031
9.55  -0.03967602229355034  -0.07269518910212022
9.56  -0.024789470731444368  -0.07245300922237997
9.57  -0.009746226817314959  -0.07220478231305538
9.58  0.005348164758477761  -0.07195041912081224
9.59  0.020387804023253908  -0.07168982069778193
9.6  0.03526717626648429  -0.07142287715704682
9.61  0.049881890390011355  -0.07114946623749384
9.620000000000001  0.06412940998540988  -0.07086945164307822
9.63  0.07790977212026994  -0.07058268111402206
9.64  0.09112628891343064  -0.07028898417808317
9.65  0.1036862271144914  -0.0699881695182445
9.66  0.11550146107622876  -0.06968002187828856
9.67  0.1264890947189958  -0.06936429840880437
9.68  0.13657204833479894  -0.0690407243319783
9.69  0.14567960636542593  -0.06870898777235351
9.700000000000001  0.15374792261539533  -0.06836873356030498
9.71  0.16072047972804962  -0.06801955576210415
9.72  0.1665485001656302  -0.06766098862073933
9.73  0.1711913063964705  -0.06729249549895529
9.74  0.17461662851330273  -0.06691345529153585
9.75  0.17680085809876533  -0.06652314560514179
9.76  0.17772924783742758  -0.06612072177285241
9.77  0.1773960571785521  -0.06570519045018171
9.78  0.17580464532706191  -0.06527537608986583
9.790000000000001  0.17296751405438157  -0.06482987795375746
9.8  0.16890630438933257  -0.06436701439880058
9.81  0.16365175335197543  -0.0638847498248177
9.82  0.15724361982019272  -0.06338059766258541
9.83  0.14973059284593557  -0.06285148973322516
9.84  0.1411702020646707  -0.06229359759424323
9.85  0.1316287596412476  -0.061702084027625906
9.86  0.12118137889528949  -0.06107075073323597
9.870000000000001  0.1099121407682256  -0.060391528152773474
9.88  0.09791452395754445  -0.05965371878540668
9.89  0.0852922941424236  -0.05884284399072688
9.9  0.07216119553509796  -0.05793883109138083
9.91  0.058652075357142716  -0.05691305961033377
9.92  0.044916660369915415  -0.055723344507512124
9.93  0.03113848399758653  -0.05430499070265022
9.94  0.0175544416421764  -0.052553901346793656
9.950000000000001  0.004499955239707259  -0.05029245592193901
9.96  -0.007488667550559426  -0.047195022443023864
9.97  -0.017419794301785665  -0.042611738936848546
9.98  -0.023162623851166884  -0.035134640802856165
9.99  -0.01979580855644019  -0.021793157643729497
10.0  -1.091296855660765e-15  -9.45333863418906e-16
