0.0  0.0  0.0
0.01  -0.12292865620486261  -0.07048332395765448
0.02  -0.18755850944762315  -0.11332099446943333
0.03  -0.21319616574075972  -0.1370643780758726
0.04  -0.21889858204177604  -0.15139918529399318
0.05  -0.21353692679579386  -0.16090642470287594
0.06  -0.20124763878267107  -0.167698661828119
0.07  -0.18417995557029956  -0.17283395612029395
0.08  -0.16358937368453502  -0.17688927478297925
0.09  -0.1402945018576474  -0.18020269666331795
0.1  -0.11488428784731532  -0.18298431269154197
0.11  -0.08781942802606024  -0.1853711091627377
0.12  -0.05948519160883287  -0.18745602609728018
0.13  -0.030220293376622312  -0.18930425078327903
0.14  -0.000333213794910964  -0.19096280973383736
0.15  0.029888411646255816  -0.19246645516578384
0.16  0.06017240250465683  -0.19384140907662054
0.17  0.09025903778689055  -0.19510781976905775
0.18  0.11989953675359005  -0.19628141798832596
0.19  0.14885547014374229  -0.19737466051350272
0.2  0.1768987651003034  -0.19839753678709118
0.21  0.2038120889700723  -0.1993581487694508
0.22  0.2293894704127004  -0.20026313493890494
0.23  0.25343706158307877  -0.2011179851361664
0.24  0.2757739739777145  -0.2019272776409679
0.25  0.29623313936333406  -0.20269485997500894
0.26  0.31466215983776785  -0.20342398840245007
0.27  0.3309241197876907  -0.204117436719198
0.28  0.34489833870064324  -0.20477758193137102
0.29  0.35648104833188854  -0.20540647234926646
0.3  0.36558598117458857  -0.20600588216420637
0.31  0.37214485989263457  -0.20657735553577536
0.32  0.37610777958364844  -0.2071222424666639
0.33  0.37744347660022864  -0.20764172819477586
0.34  0.37613947927381464  -0.2081368574283831
0.35000000000000003  0.372202137326788  -0.20860855444924936
0.36  0.3656565280709084  -0.209057639882423
0.37  0.3565462387046669  -0.20948484475980514
0.38  0.34493302515876295  -0.20989082237337467
0.39  0.3308963490104275  -0.21027615831280838
0.4  0.31453279500139275  -0.2106413790037165
0.41000000000000003  0.29595537265501726  -0.21098695900132572
0.42  0.27529270639703585  -0.21131332724614096
0.43  0.2526881194414836  -0.2116208724498695
0.44  0.22829861750731265  -0.21190994774943028
0.45  0.20229377918002964  -0.21218087474247144
0.46  0.17485456042390052  -0.21243394699817433
0.47000000000000003  0.1461720213811942  -0.21266943312121978
0.48  0.11644598416282824  -0.21288757943386247
0.49  0.08588363083699764  -0.21308861233049156
0.5  0.05469805125641196  -0.21327274035038696
0.51  0.023106750728442357  -0.213440156007231
0.52  -0.008669872176103668  -0.21359103740802435
0.53  -0.04041006716222427  -0.21372554968913907
0.54  -0.07189228244186759  -0.21384384629314723
0.55  -0.10289671293361931  -0.21394607010663302
0.56  -0.1332068357160851  -0.21403235447631822
0.5700000000000001  -0.1626109221040536  -0.2141028241184044
0.58  -0.1909035158751651  -0.21415759593398517
0.59  -0.2178868674068609  -0.21419677974164217
0.6  -0.2433723137871486  -0.21422047893686172
0.61  -0.2671815953359694  -0.21422879108664636
0.62  -0.289148099413979  -0.21422180846661845
0.63  -0.30911802289929496  -0.21419961854698796
0.64  -0.32695144527659364  -0.21416230443296122
0.65  -0.34252330490294225  -0.21410994526448368
0.66  -0.35572427168654236  -0.21404261657961596
0.67  -0.3664615101334678  -0.21396039064533184
0.68  -0.37465932747846126  -0.2138633367590807
0.6900000000000001  -0.38025970241360435  -0.21375152152407056
0.7000000000000001  -0.3832226907576374  -0.21362500910089077
0.71  -0.3835267052631027  -0.21348386143779807
0.72  -0.3811686676323679  -0.21332813848173326
0.73  -0.37616403170087187  -0.21315789837190777
0.74  -0.36854667764046456  -0.2129731976176026
0.75  -0.3583686779312454  -0.21277409126164606
0.76  -0.3456999367406359  -0.21256063303088316
0.77  -0.3306277052273538  -0.21233287547481275
0.78  -0.3132559761493799  -0.212090870093449
0.79  -0.2937047619929479  -0.2118346674553558
0.8  -0.2721092616482177  -0.2115643173067089
0.81  -0.24861892143099465  -0.21127986867215554
0.8200000000000001  -0.22339639698327096  -0.21098136994816727
0.8300000000000001  -0.19661642327337311  -0.21066886898951348
0.84  -0.16846460055437068  -0.2103424131894246
0.85  -0.13913610472264717  -0.2100020495539596
0.86  -0.10883433104316682  -0.20964782477104543
0.87  -0.07776948067030523  -0.20927978527461213
0.88  -0.04615709978996968  -0.20889797730420967
0.89  -0.014216581537343433  -0.20850244696045786
0.9  0.017830358897323713  -0.2080932402566488
0.91  0.04976122537666418  -0.20767040316679394
0.92  0.08135428742749273  -0.20723398167038268
0.93  0.11239012160724537  -0.2067840217940953
0.9400000000000001  0.1426531369141739  -0.206320569650694
0.9500000000000001  0.1719330736410902  -0.20584367147529595
0.96  0.20002646525725504  -0.2053533736592148
0.97  0.22673805316011025  -0.2048497227815443
0.98  0.25188214446616264  -0.2043327656386393
0.99  0.27528390340623304  -0.2038025492716416
1.0  0.2967805673516282  -0.2032591209921825
1.01  0.31622257902147893  -0.20270252840638572
1.02  0.3334746270037969  -0.20213281943728362
1.03  0.34841658735973885  -0.20155004234575175
1.04  0.36094435976768047  -0.20095424575005777
1.05  0.37097059239623303  -0.2003454786441141
1.06  0.3784252904682026  -0.19972379041451635
1.07  0.38325630428530466  -0.19908923085644525
1.08  0.3854296933206284  -0.1984418501885007
1.09  0.3849299638465599  -0.19778169906653478
1.1  0.38176017844415094  -0.1971088285965446
1.11  0.3759419366296704  -0.19642329034668057
1.12  0.36751522672911396  -0.19572513635842306
1.1300000000000001  0.3565381500255602  -0.1950144191569761
1.1400000000000001  0.34308651909125204  -0.19429119176092288
1.1500000000000001  0.3272533330899785  -0.19355550769118635
1.16  0.30914813368968136  -0.1928074209793328
1.17  0.2888962460542773  -0.19204698617525617
1.18  0.2666379101817193  -0.19127425835427656
1.19  0.24252730861677618  -0.19048929312368523
1.2  0.2167314972865945  -0.1896921466287652
1.21  0.18942924687987178  -0.18888287555831623
1.22  0.1608098028116614  -0.18806153714970933
1.23  0.13107157238122885  -0.18722818919349535
1.24  0.10042074823599915  -0.18638289003759057
1.25  0.06906987769698925  -0.18552569859106094
1.26  0.037236387877147996  -0.1846566743275237
1.27  0.005141076831083368  -0.18377587728818692
1.28  -0.026993418789321565  -0.18288336808454303
1.29  -0.05894416893564211  -0.1819792079007336
1.3  -0.09048949749278352  -0.1810634584956008
1.31  -0.12141052099581322  -0.18013618220444022
1.32  -0.15149266805117492  -0.17919744194046816
1.33  -0.18052716891346193  -0.17824730119601734
1.34  -0.208312504875905  -0.17728582404347215
1.35  -0.23465580741151146  -0.17631307513595573
1.36  -0.2593741973503973  -0.17532911970777879
1.37  -0.2822960547949327  -0.17433402357466155
1.3800000000000001  -0.3032622109549108  -0.17332785313373736
1.3900000000000001  -0.3221270536267682  -0.17231067536334707
1.4000000000000001  -0.3387595386401449  -0.17128255782263385
1.41  -0.35304410024762  -0.17024356865094545
1.42  -0.3648814541347754  -0.16919377656705153
1.43  -0.37418928747292823  -0.1681332508681846
1.44  -0.380902831220811  -0.16706206142890936
1.45  -0.38497531069866553  -0.16598027869982962
1.46  -0.3863782713030298  -0.16488797370613573
1.47  -0.3851017770970493  -0.1637852180460016
1.48  -0.3811544808934232  -0.16267208388883442
1.49  -0.3745635653389855  -0.16154864397338373
1.5  -0.3653745554052266  -0.16041497160571416
1.51  -0.3536510035815658  -0.15927114065704712
1.52  -0.3394740499517057  -0.15811722556147512
1.53  -0.32294186020179233  -0.15695330131355448
1.54  -0.30416894545634876  -0.1557794434657783
1.55  -0.2832853686581707  -0.15459572812593655
1.56  -0.26043584299585804  -0.1534022319543637
1.57  -0.23577872863197852  -0.15219903216108036
1.58  -0.20948493469076737  -0.15098620650283043
1.59  -0.1817367341219117  -0.14976383328001763
1.6  -0.15272649966175114  -0.14853199133354483
1.61  -0.12265536966096544  -0.14729076004155806
1.62  -0.09173185303471665  -0.14604021931609984
1.6300000000000001  -0.06017038301386294  -0.1447804495996723
1.6400000000000001  -0.028189829731387835  -0.14351153186171453
1.6500000000000001  0.0039880180359575185  -0.1422335475949956
1.6600000000000001  0.03613999143652482  -0.14094657881192604
1.67  0.06804308974771546  -0.13965070804079005
1.68  0.09947602747248731  -0.1383460183219001
1.69  0.13022076959334403  -0.13703259320367722
1.7  0.16006404433072083  -0.13571051673865764
1.71  0.1887988229085106  -0.13437987347942834
1.72  0.2162257560582336  -0.13304074847449368
1.73  0.24215455729331462  -0.13169322726407448
1.74  0.2664053233540921  -0.13033739587584117
1.75  0.2888097826599515  -0.12897334082058332
1.76  0.30921246310433864  -0.12760114908781628
1.77  0.3274717710878928  -0.12622090814132755
1.78  0.3434609743006825  -0.12483270591466322
1.79  0.357069081432214  -0.12343663080655691
1.8  0.36820161270294954  -0.1220327716763021
1.81  0.37678125586848027  -0.1206212178390692
1.82  0.38274840314205527  -0.11920205906116935
1.83  0.38606156530732094  -0.11777538555526487
1.84  0.3866976601451647  -0.11634128797552931
1.85  0.38465217317055705  -0.11489985741275668
1.86  0.37993918956120376  -0.11345118538942252
1.87  0.3725912970535101  -0.11199536385469645
1.8800000000000001  0.36265936047660946  -0.11053248517940875
1.8900000000000001  0.35021216948582706  -0.1090626421509709
1.9000000000000001  0.3353359619367284  -0.10758592796825203
1.9100000000000001  0.31813382620377506  -0.10610243623641122
1.92  0.29872498658754276  -0.10461226096168805
1.93  0.27724397676567303  -0.10311549654615122
1.94  0.2538397070195548  -0.10161223778240647
1.95  0.22867443170580523  -0.10010257984826537
1.96  0.2019226241338046  -0.09858661830137462
1.97  0.1737697666530884  -0.09706444907380843
1.98  0.1444110643427229  -0.09553616846662286
1.99  0.11405009122502299  -0.09400187314437504
2.0  0.08289737839415366  -0.09246166012960642
2.0100000000000002  0.051168953853350914  -0.09091562679729175
2.02  0.01908484418959709  -0.08936387086925453
2.0300000000000002  -0.013132451520473832  -0.08780649040854921
2.04  -0.04525950498686936  -0.08624358381381188
2.05  -0.0770735084588663  -0.08467524981357881
2.06  -0.10835382020297231  -0.08310158746057518
2.07  -0.13888349498478988  -0.08152269612597345
2.08  -0.16845078893725518  -0.07993867549362267
2.09  -0.1968506283752372  -0.07834962555424964
2.1  -0.2238860323665831  -0.07675564659963187
2.11  -0.2493694791902674  -0.07515683921674411
2.12  -0.27312420720159886  -0.07355330428187794
2.13  -0.29498544107927915  -0.07194514295473628
2.14  -0.3148015349467518  -0.0703324566725022
2.15  -0.3324350244367997  -0.06871534714388451
2.16  -0.3477635804000288  -0.067093916343138
2.17  -0.36068085764007907  -0.06546826650406276
2.18  -0.3710972327866296  -0.06383850011397883
2.19  -0.37894042618625395  -0.062204719907681394
2.2  -0.3841560034957784  -0.0605670288613725
2.21  -0.38670775349726827  -0.058925530186574614
2.22  -0.38657793951244757  -0.057280327324021926
2.23  -0.3837674226711947  -0.05563152393753475
2.24  -0.3782956561777338  -0.05397922390787297
2.25  -0.37020055061305385  -0.052323531326573254
2.2600000000000002  -0.35953821120673096  -0.050664550489767375
2.27  -0.3463825488995317  -0.04900238589198484
2.2800000000000002  -0.33082476789369714  -0.04733714221993809
2.29  -0.3129727332446897  -0.04566892434629295
2.3000000000000003  -0.292950222880343  -0.04399783732342307
2.31  -0.27089606923516796  -0.042323986377150624
2.32  -0.24696319645331505  -0.04064747690047225
2.33  -0.2213175598382175  -0.03896841444727208
2.34  -0.19413699490508535  -0.03728690472602188
2.35  -0.16560998401954088  -0.03560305359346844
2.36  -0.1359343491774827  -0.03391696704830997
2.37  -0.10531587999361428  -0.032228751224860526
2.38  -0.07396690641562272  -0.03053851238670462
2.39  -0.04210482606444143  -0.028846356920341026
2.4  -0.009950596415866444  -0.02715239132881785
2.41  0.022272797717325907  -0.025456722225357862
2.42  0.054341890772161554  -0.02375945632697624
2.43  0.08603428636300801  -0.02206070044808978
2.44  0.11713019979843785  -0.020360561494119404
2.45  0.14741398248745072  -0.01865914645508539
2.46  0.17667561766061474  -0.016956562399197017
2.47  0.20471217703074127  -0.015252916466435855
2.48  0.2313292282885712  -0.013548315862134784
2.49  0.25634218367007716  -0.011842867850551603
2.5  0.2795775802406842  -0.010136679748439693
2.5100000000000002  0.3008742830154565  -0.008429858918613689
2.52  0.32008460256952587  -0.00672251276351438
2.5300000000000002  0.3370753193862558  -0.005014748718768728
2.54  0.3517286078375638  -0.0033066742467508033
2.5500000000000003  0.36394285338712157  -0.0015983968301387214
2.56  0.37363335734781994  0.00010997603452680155
2.57  0.38073292430497757  0.001818336843285363
2.58  0.38519232813068777  0.003526578091199534
2.59  0.386980653356941  0.005234592278795369
2.6  0.38608550953980064  0.006942271918502713
2.61  0.3825131171279701  0.008649509541092738
2.62  0.376288264240476  0.010356197702113512
2.63  0.3674541346537035  0.01206222898832143
2.64  0.3560720081914308  0.013767496024109893
2.65  0.342220835596669  0.015471891477933172
2.66  0.32599669083481386  0.017175308068726143
2.67  0.30751210462788214  0.01887763857231738
2.68  0.28689528384348745  0.020578775827837598
2.69  0.26428922215403916  0.022278612744120713
2.7  0.23985070813585962  0.023977042306098713
2.71  0.21374923768939702  0.025673957581187484
2.72  0.1861658383253558  0.027369251725665858
2.73  0.15729181347298096  0.029062817991044862
2.74  0.1273274155214378  0.030754549730428474
2.75  0.09648045679963335  0.0324443404048628
2.7600000000000002  0.06496486813022616  0.0341320835896771
2.77  0.032999214957272184  0.03581767298081115
2.7800000000000002  0.0008051813411264001  0.03750100240113299
2.79  -0.03139396766285852  0.039181965806742144
2.8000000000000003  -0.06337493457548968  0.04086045729326258
2.81  -0.0949159382724604  0.0425363711021193
2.82  -0.1257982522270364  0.04420960162680266
2.83  -0.15580772154624029  0.045880043419117514
2.84  -0.18473624827729165  0.04754759119541602
2.85  -0.21238323468127196  0.049212139842815916
2.86  -0.23855697446261923  0.05087358442540019
2.87  -0.26307598230425966  0.0525318201904017
2.88  -0.28577025248618443  0.054186742574367744
2.89  -0.3064824378574113  0.05583824720930709
2.9  -0.3250689409838157  0.05748622992881737
2.91  -0.3414009099037287  0.05913058677419288
2.92  -0.3553651315849805  0.06077121400051092
2.93  -0.36686481688688305  0.062408008082697496
2.94  -0.37582027158332393  0.06404086572157063
2.95  -0.38216944879369935  0.06566968384986124
2.96  -0.3858683789911363  0.06729435963821001
2.97  -0.3868914746068415  0.06891479050114038
2.98  -0.3852317071194024  0.07053087410300651
2.99  -0.38090065540254525  0.07214250836391604
3.0  -0.3739284249980018  0.0737495914656251
3.0100000000000002  -0.36436343887560385  0.07535202185740754
3.02  -0.35227210113429036  0.07694969826189504
3.0300000000000002  -0.33773833597915487  0.07854251968088942
3.04  -0.3208630051749424  0.08013038540114396
3.0500000000000003  -0.3017632080194137  0.08171319500011529
3.06  -0.28057146869501176  0.08329084835168368
3.0700000000000003  -0.2574348166384891  0.08486324563184125
3.08  -0.23251376631033527  0.08643028732434589
3.09  -0.2059812034436188  0.08799187422634351
3.1  -0.1780211855006585  0.08954790745395314
3.11  -0.14882766466096814  0.09109828844781717
3.12  -0.11860314220126775  0.09264291897861478
3.13  -0.08755726360424951  0.09418170115253702
3.14  -0.05590536414378504  0.09571453741672416
3.15  -0.023866975037775767  0.09724133056466122
3.16  0.008335699466820319  0.09876198374153491
3.17  0.040479323510666056  0.10027640044954624
3.18  0.07234097884620597  0.10178448455318212
3.19  0.10369971112101661  0.10328614028444025
3.2  0.13433806249272895  0.10478127224801108
3.21  0.16404357994284005  0.10626978542641072
3.22  0.19261028882561354  0.1077515851850676
3.23  0.21984012142956988  0.10922657727735821
3.24  0.24554429064149635  0.11069466784959411
3.25  0.2695445991838644  0.11215576344595497
3.2600000000000002  0.2916746753438516  0.11360977101336944
3.27  0.3117811266222709  0.11505659790634072
3.2800000000000002  0.32972460330045905  0.11649615189171579
3.29  0.34538076454829675  0.11792834115339608
3.3000000000000003  0.35864114037296346  0.11935307429698938
3.31  0.3694138834308203  0.12077026035439957
3.3200000000000003  0.37762440548918774  0.12217980878835417
3.33  0.3832158941252218  0.12358162949686584
3.34  0.386149706080226  0.12497563281762802
3.35  0.38640563454364063  0.12636172953234165
3.36  0.3839820485158123  0.12773983087097074
3.37  0.37889590328630973  0.12910984851592527
3.38  0.3711826219588973  0.13047169460616917
3.39  0.3608958488490889  0.131825281741251
3.4  0.3481070764692838  0.1331705229852541
3.41  0.33290514869362314  0.1345073318706654
3.42  0.3153956435538928  0.13583562240215907
3.43  0.29570013995296207  0.13715530906029272
3.44  0.2739553733877289  0.13846630680511277
3.45  0.2503122865435937  0.13976853107966708
3.46  0.22493498135194062  0.14106189781342102
3.47  0.19799957978570454  0.14234632342557407
3.48  0.16969300130132545  0.1436217248282728
3.49  0.14021166541359467  0.14488801942971805
3.5  0.10976012840934007  0.14614512513716166
3.5100000000000002  0.0785496636626848  0.14739296035978897
3.52  0.046796795405889  0.14863144401148282
3.5300000000000002  0.014721796132472513  0.1498604955134662
3.54  -0.017452841938388353  0.15108003479681642
3.5500000000000003  -0.04950395072754134  0.1522899823048488
3.56  -0.08120923477669881  0.153490258995363
3.5700000000000003  -0.11234881359782328  0.1546807863427481
3.58  -0.14270674718714935  0.15586148633993963
3.59  -0.17207253411710063  0.1570322815002239
3.6  -0.20024257180984376  0.15819309485888322
3.61  -0.22702156885898045  0.1593438499746746
3.62  -0.2522238995989186  0.16048447093113732
3.63  -0.2756748915224847  0.16161488233771926
3.64  -0.29721203661369827  0.1627350093307178
3.65  -0.3166861181908624  0.16384477757402377
3.66  -0.33396224544180714  0.1649441132596632
3.67  -0.34892078847397634  0.16603294310812558
3.68  -0.36145820739277257  0.16711119436847072
3.69  -0.3714877696572868  0.1681787948182028
3.7  -0.3789401507381954  0.16923567276290247
3.71  -0.3837639139127491  0.17028175703560466
3.72  -0.3859258658708837  0.17131697699591072
3.73  -0.38541128566861443  0.17234126252882168
3.74  -0.38222402544415485  0.1733545440432797
3.75  -0.3763864822024457  0.17435675247040341
3.7600000000000002  -0.36793944086885344  0.17534781926140164
3.77  -0.35694178970648277  0.17632767638514915
3.7800000000000002  -0.3434701100776124  0.177296256325408
3.79  -0.32761814340211465  0.17825349207767513
3.8000000000000003  -0.3094961390182218  0.17919931714563825
3.81  -0.2892300874778272  0.1801336655372165
3.8200000000000003  -0.26696084460383407  0.18105647176016684
3.83  -0.24284315239544862  0.18196767081723048
3.84  -0.21704456358338914  0.18286719820079392
3.85  -0.18974427730592058  0.18375498988703887
3.86  -0.16113189399362554  0.18463098232955077
3.87  -0.1314060981116998  0.18549511245235595
3.88  -0.10077327790945577  0.18634731764235296
3.89  -0.06944609176394706  0.1871875357411045
3.9  -0.03764199107550881  0.18801570503594933
3.91  -0.005581709974544388  0.1888317642503958
3.92  0.026512267670626036  0.18963565253375111
3.93  0.05841725329753485  0.19042730944994032
3.94  0.08991190001387477  0.19120667496546373
3.95  0.12077773954221052  0.1919736894364389
3.96  0.15080069907030338  0.19272829359466695
3.97  0.17977258747186597  0.19347042853266308
3.98  0.20749254057515903  0.19420003568757832
3.99  0.2337684154413033  0.1949170568239443
4.0  0.2584181239681777  0.19562143401515691
4.01  0.2812708965571626  0.1963131096236164
4.0200000000000005  0.30216846706555406  0.19699202627942933
4.03  0.3209661708141457  0.19765812685757195
4.04  0.33753394802323256  0.19831135445340753
4.05  0.3517572457069874  0.19895165235643814
4.0600000000000005  0.36353781176138095  0.1995789640221639
4.07  0.3727943757294562  0.20019323304191033
4.08  0.37946321151480816  0.2007944031104731
4.09  0.3834985781339576  0.20138241799141618
4.1  0.384873035445391  0.20195722147984363
4.11  0.3835776326613557  0.20251875736245178
4.12  0.3796219683321161  0.20306696937464713
4.13  0.3730341213851095  0.20360180115450113
4.14  0.36386045369711667  0.20412319619328426
4.15  0.35216528556994436  0.20463109778230637
4.16  0.33803044636303997  0.20512544895575544
4.17  0.32155470340370884  0.2056061924292055
4.18  0.3028530731413381  0.20607327053342522
4.19  0.28205601933011326  0.20652662514308812
4.2  0.2593085438097335  0.20696619759994112
4.21  0.23476917619990173  0.2073919286299469
4.22  0.2086088695269317  0.20780375825386244
4.23  0.18100980945453915  0.20820162569066408
4.24  0.15216414539147965  0.20858546925316326
4.25  0.1222726522917553  0.20895522623509213
4.26  0.09154333244511605  0.20931083278885537
4.2700000000000005  0.06018996697286807  0.20965222379306064
4.28  0.02843062709398961  0.20997933270883914
4.29  -0.003513844493488945  0.21029209142385807
4.3  -0.03542137156259561  0.21059043008280018
4.3100000000000005  -0.06707019095096915  0.2108742769029454
4.32  -0.09824039704906659  0.21114355797332726
4.33  -0.12871547344831388  0.21139819703575624
4.34  -0.15828380110296958  0.21163811524579587
4.3500000000000005  -0.18674013252211538  0.2118632309115398
4.36  -0.2138870217435159  0.21207345920777315
4.37  -0.2395362001477865  0.21226871186279136
4.38  -0.2635098885469627  0.21244889681480247
4.39  -0.28564203642390273  0.21261391783443254
4.4  -0.3057794797046164  0.2127636741093937
4.41  -0.323783009011295  0.2128980597868404
4.42  -0.33952834096556656  0.21301696346832263
4.43  -0.35290698578491714  0.21312026765153322
4.44  -0.3638270051358448  0.2132078481122179
4.45  -0.3722136549699457  0.21327957321865698
4.46  -0.37800990886870184  0.21333530317000216
4.47  -0.38117685825351955  0.21337488914844324
4.48  -0.3816939866740611  0.21339817237363834
4.49  -0.379559316263983  0.21340498304603422
4.5  -0.3747894253429535  0.213395139163568
4.51  -0.3674193370410921  0.21336844519371875
4.5200000000000005  -0.35750227972059456  0.21332469057987916
4.53  -0.34510932086313445  0.21326364805745227
4.54  -0.33032887697451485  0.21318507175081353
4.55  -0.31326610292405693  0.21308869501716574
4.5600000000000005  -0.29404216497936536  0.21297422799716198
4.57  -0.27279340261186413  0.21284135482473288
4.58  -0.24967038492928456  0.21268973043953288
4.59  -0.22483686833314337  0.21251897693442465
4.6000000000000005  -0.1984686626971704  0.21232867935696484
4.61  -0.17075241401246724  0.21211838086730656
4.62  -0.14188431204276236  0.21188757713449127
4.63  -0.11206873207532599  0.21163570982771265
4.64  -0.0815168203368417  0.21136215902743652
4.65  -0.050445033066993626  0.2110662343414589
4.66  -0.01907363960430382  0.21074716446072228
4.67  0.012374799861478237  0.21040408482582756
4.68  0.04367697097728224  0.2100360229934691
4.69  0.07461034528186568  0.20964188118676783
4.7  0.10495471242970382  0.20922041537691813
4.71  0.13449369330796931  0.20877021006499247
4.72  0.16301622273217345  0.208289647697331
4.73  0.19031799039211833  0.20777687133484105
4.74  0.216202828710674  0.20722973877623335
4.75  0.24048403624537049  0.2066457657653818
4.76  0.262985625166283  0.20602205513216856
4.7700000000000005  0.2835434811242191  0.20535520763397763
4.78  0.3020064233938911  0.20464120874665992
4.79  0.3182371524080027  0.20387528349525075
4.8  0.3321130704924812  0.20305170830202351
4.8100000000000005  0.3435269594648726  0.2021635642709762
4.82  0.35238749528356506  0.20120240953904178
4.83  0.35861957435435876  0.20015783802701842
4.84  0.3621644171225106  0.19901687598773088
4.8500000000000005  0.3629794000172161  0.19776314253789096
4.86  0.3610375428686859  0.19637565949041935
4.87  0.3563265387733201  0.19482712773323704
4.88  0.34884714443849124  0.19308137055157093
4.89  0.33861062714663015  0.19108943680618415
4.9  0.3256347415182332  0.18878347412643123
4.91  0.3099372851045332  0.18606674498698927
4.92  0.29152543805942494  0.18279666661082344
4.93  0.2703773270498818  0.1787545622110928
4.94  0.24640835272755296  0.1735885253355826
4.95  0.21940570622330038  0.16669795702742116
4.96  0.18889230637145862  0.15698136229306786
4.97  0.15382925751438037  0.14223912493807403
4.98  0.11200072990823255  0.11770016900384961
4.99  0.059670616716333336  0.07327025672373162
5.0  1.0699008206619836e-15  1.5949364786161373e-15
5.01  -0.03800834753471828  -0.07284506451659607
5.0200000000000005  -0.04284040491960705  -0.11633799303512332
5.03  -0.029525552488587223  -0.13977673777736493
5.04  -0.00794234772064302  -0.15336780337777428
5.05  0.01765522841450972  -0.1619143071767635
5.0600000000000005  0.04528775557140551  -0.1676266312205596
5.07  0.07388141663203232  -0.1716105735406309
5.08  0.10276130474329286  -0.1744687191450751
5.09  0.1314482172168768  -0.17655400714367844
5.1000000000000005  0.15956920449840495  -0.17808570945033816
5.11  0.18681497224924395  -0.17920678497347733
5.12  0.21291833988465128  -0.18001422979371007
5.13  0.23764288824216934  -0.18057608796466723
5.14  0.26077684545093455  -0.18094146239555978
5.15  0.28212979749629385  -0.18114665675293
5.16  0.30153097596027273  -0.1812190811137695
5.17  0.31882844427125606  -0.18117981400883804
5.18  0.33388879620772993  -0.1810453294123303
5.19  0.3465971378000288  -0.18082868908560842
5.2  0.3568572120703295  -0.18054038348693463
5.21  0.3645915774898669  -0.18018893619983553
5.22  0.36974178208088176  -0.17978134585685862
5.23  0.3722684944861741  -0.17932341426277032
5.24  0.37215156586674547  -0.178819993448898
5.25  0.3693900048813999  -0.17827517407045007
5.26  0.36400185382875583  -0.1776924307556787
5.2700000000000005  0.35602395823155275  -0.17707473544819913
5.28  0.3455116252871518  -0.1764246466651662
5.29  0.332538169051242  -0.17574438043153934
5.3  0.3171943421874325  -0.17503586712967292
5.3100000000000005  0.2995876557460986  -0.1743007974194572
5.32  0.27984158982375973  -0.1735406596021478
5.33  0.25809469915883576  -0.17275677023029062
5.34  0.23449961878003123  -0.1719502993452256
5.3500000000000005  0.20922197576477083  -0.17112229141008917
5.36  0.18243921400355675  -0.17027368277049076
5.37  0.15433933961191126  -0.16940531629622388
5.38  0.12511959529129205  -0.16851795372063055
5.39  0.09498507251747522  -0.1676122860888526
5.4  0.06414727093173422  -0.16668894264439055
5.41  0.03282261472755844  -0.16574849841943068
5.42  0.0012309361640795119  -0.16479148074408054
5.43  -0.030406063402872413  -0.16381837484980413
5.44  -0.061866364400312866  -0.16282962871061504
5.45  -0.09292918115401419  -0.16182565724016884
5.46  -0.12337650454239794  -0.16080684594242906
5.47  -0.15299462454318163  -0.15977355409701818
5.48  -0.18157562215735712  -0.15872611754689536
5.49  -0.2089188203997504  -0.15766485114499598
5.5  -0.23483218432343408  -0.15659005090743436
5.51  -0.25913366039408553  -0.15550199591343344
5.5200000000000005  -0.2816524459476567  -0.1544009499859775
5.53  -0.3022301799470166  -0.1532871631820722
5.54  -0.32072204679730654  -0.1521608731172278
5.55  -0.33699778558144433  -0.1510223061452094
5.5600000000000005  -0.3509425977325173  -0.14987167841110205
5.57  -0.36245794686380656  -0.14870919679320976
5.58  -0.3714622452251366  -0.14753505974717
5.59  -0.37789142204074566  -0.14634945806386354
5.6000000000000005  -0.3816993698035109  -0.1451525755511473
5.61  -0.3828582654473663  -0.14394458964813459
5.62  -0.38135876418819725  -0.1427256719796202
5.63  -0.3772100647073446  -0.14149598885728498
5.64  -0.37043984524495244  -0.14025570173348756
5.65  -0.3610940710664997  -0.13900496761273795
5.66  -0.34923667465876584  -0.13774393942532978
5.67  -0.3349491108949285  -0.13647276636707578
5.68  -0.31832979027643377  -0.13519159420862745
5.69  -0.29949339420554216  -0.1339005655774563
5.7  -0.27857007706130776  -0.1325998202152259
5.71  -0.25570456063735125  -0.13128949521297054
5.72  -0.23105512724686814  -0.12996972522623626
5.73  -0.20479251850345428  -0.12864064267209924
5.74  -0.1770987474408882  -0.12730237790976978
5.75  -0.1481658322362118  -0.12595505940631055
5.76  -0.11819446034437982  -0.12459881388883583
5.7700000000000005  -0.08739259233532443  -0.1232337664844165
5.78  -0.055974015142470065  -0.12186004084879022
5.79  -0.024156854782342745  -0.12047775928486626
5.8  0.007837941114171477  -0.11908704285191267
5.8100000000000005  0.03978814040946214  -0.11768801146623106
5.82  0.07147177252045667  -0.11628078399403988
5.83  0.10266867268678605  -0.11486547833722058
5.84  0.1331620137121212  -0.11344221151252197
5.8500000000000005  0.1627398145326705  -0.11201109972475502
5.86  0.19119641512829522  -0.11057225843446739
5.87  0.21833390752608853  -0.10912580242053853
5.88  0.24396351295172158  -0.10767184583809702
5.89  0.26790689555839686  -0.10621050227212765
5.9  0.28999740360425436  -0.10474188478709881
5.91  0.3100812294533694  -0.10326610597291647
5.92  0.3280184803397409  -0.10178327798748155
5.93  0.3436841524537538  -0.1002935125961049
5.94  0.35696900158245887  -0.09879692120801109
5.95  0.3677803042537282  -0.09729361491014693
5.96  0.3760425040951273  -0.09578370449848485
5.97  0.38169773891574516  -0.09426730050700437
5.98  0.3847062448478661  -0.09274451323451549
5.99  0.3850466347393513  -0.09121545276947313
6.0  0.38271604886109495  -0.08968022901292383
6.01  0.377730176880809  -0.08813895169971243
6.0200000000000005  0.3701231509485504  -0.0865917304180655
6.03  0.3599473106346039  -0.08503867462766462
6.04  0.3472728413503529  -0.0834798936763039
6.05  0.33218728876147696  -0.08191549681523008
6.0600000000000005  0.31479495256403356  -0.08034559321325006
6.07  0.29521616383181987  -0.07877029196968352
6.08  0.2735864509519493  -0.07718970212623646
6.09  0.250055599939359  -0.07560393267786338
6.1000000000000005  0.22478661565441038  -0.07401309258268163
6.11  0.197954591135984  -0.07241729077099675
6.12  0.16974549290051366  -0.07081663615349391
6.13  0.1403548706410699  -0.06921123762864512
6.140000000000001  0.10998650028553732  -0.06760120408938212
6.15  0.07885096983582199  -0.06598664442907684
6.16  0.04716421780728656  -0.06436766754686919
6.17  0.015146034417002992  -0.06274438235238602
6.18  -0.016981464072021557  -0.06111689776988061
6.19  -0.04899537725689673  -0.05948532274182914
6.2  -0.0806735680445063  -0.057849766232017506
6.21  -0.11179620489954588  -0.0562103372281406
6.22  -0.14214728818161154  -0.05456714474395051
6.23  -0.17151614997245154  -0.05292029782097129
6.24  -0.19969891697833975  -0.05126990552980871
6.25  -0.22649992634882757  -0.04961607697107569
6.26  -0.2517330845797908  -0.04795892127595487
6.2700000000000005  -0.27522316006378267  -0.04629854760641705
6.28  -0.29680700031115287  -0.04463506515511724
6.29  -0.3163346653882877  -0.04296858314498002
6.3  -0.3336704697007635  -0.04129921082849551
6.3100000000000005  -0.34869392488545065  -0.03962705748674051
6.32  -0.36130057726194353  -0.03795223242813642
6.33  -0.3714027340255992  -0.036274844986960667
6.34  -0.37893007313667215  -0.03459500452162309
6.3500000000000005  -0.3838301326673526  -0.03291282041271851
6.36  -0.38606867620518753  -0.031228402060870755
6.37  -0.3856299317716938  -0.02954185888437243
6.38  -0.38251670259291837  -0.027853300316636184
6.390000000000001  -0.37675034894822257  -0.026162835803465838
6.4  -0.3683706412184464  -0.024470574800154063
6.41  -0.35743548514865453  -0.022776626768417813
6.42  -0.34402052122768784  -0.02108110117317861
6.43  -0.328218600960548  -0.019384107479194678
6.44  -0.31013914366419454  -0.01768575514755449
6.45  -0.28990737824672214  -0.015986153632036544
6.46  -0.267663475228224  -0.014285412375340575
6.47  -0.2435615750236879  -0.012583640805201909
6.48  -0.21776871922830285  -0.010880948330388556
6.49  -0.19046369231900623  -0.009177444336590629
6.5  -0.1618357818079589  -0.007473238182205819
6.51  -0.13208346544986949  -0.005768439194026831
6.5200000000000005  -0.10141303461147858  -0.0040631566628338694
6.53  -0.07003716335483064  -0.0023574998389012773
6.54  -0.03817343316286059  -0.0006515779274146788
6.55  -0.0060428235439878835  0.001054499916187627
6.5600000000000005  0.026131821010657582  0.0027606245909526745
6.57  0.05812733707933204  0.004466687055222527
6.58  0.08972179064260888  0.006172578331513023
6.59  0.12069601695249126  0.007878189511458146
6.6000000000000005  0.15083514125165184  0.00958341176081768
6.61  0.17993006978932918  0.011288136324540761
6.62  0.20777894078638148  0.0129922545318906
6.63  0.23418852527961567  0.014695657801617199
6.640000000000001  0.25897556812319544  0.016398237647183723
6.65  0.2819680598399285  0.01809988568203936
6.66  0.3030064304949532  0.01980049362493738
6.67  0.32194465730518806  0.02149995330529585
6.68  0.33865127829641845  0.023198156668599364
6.69  0.3530103049716336  0.024894995781837414
6.7  0.36492202765486775  0.02659036283897899
6.71  0.37430370791941553  0.028284150166483092
6.72  0.38109015329265716  0.029976250228837372
6.73  0.3852341702465505  0.03166655563412904
6.74  0.3867068923273066  0.033354959139643085
6.75  0.38549798114409023  0.03504135365748619
6.76  0.38161569881875185  0.03672563226023603
6.7700000000000005  0.37508685139046627  0.03840768818661158
6.78  0.3659566035645484  0.040087414847165284
6.79  0.3542881660874069  0.041764705829996376
6.8  0.3401623579134381  0.04343945490647878
6.8100000000000005  0.3236770461984407  0.04511155603700814
6.82  0.30494646800191116  0.04678090337676294
6.83  0.2841004384013736  0.048447391281479374
6.84  0.26128345051015134  0.05011091431323841
6.8500000000000005  0.23665367364005085  0.051771367246264965
6.86  0.21038185655728356  0.053428645072733996
6.87  0.18265014343850833  0.055082643008589734
6.88  0.15365081073979256  0.056733256499367724
6.890000000000001  0.1235849337400752  0.05838038122602588
6.9  0.09266099200885186  0.06002391311077991
6.91  0.06109342347164064  0.06166374832294259
6.92  0.029101137103668594  0.06329978328476595
6.93  -0.003094005430669422  0.06493191467728653
6.94  -0.035268728659359094  0.06656003944616934
6.95  -0.06719989202956085  0.0681840548075539
6.96  -0.09866603773547367  0.0698038582538984
6.97  -0.12944892690907137  0.07141934755982181
6.98  -0.1593350535161882  0.0730304207879436
6.99  -0.18811712545487738  0.07463697629471923
7.0  -0.21559550258043084  0.07623891273627133
7.01  -0.2415795816800476  0.07783612907421603
7.0200000000000005  -0.2658891187881262  0.07942852458148157
7.03  -0.2883554796677159  0.08101599884812055
7.04  -0.30882280978188414  0.082598451787116
7.05  -0.32714911563720006  0.08417578364017551
7.0600000000000005  -0.34320724999632246  0.08574789498351852
7.07  -0.35688579412347  0.08731468673365259
7.08  -0.3680898309408498  0.08887606015313848
7.09  -0.3767416037308087  0.09043191685634501
7.1000000000000005  -0.38278105581248806  0.09198215881518927
7.11  -0.3861662474474197  0.09352668836486547
7.12  -0.38687364708019883  0.09506540820956111
7.13  -0.3848982948921185  0.09659822142815594
7.140000000000001  -0.3802538375314653  0.09812503147990821
7.15  -0.3729724337778603  0.09964574221012475
7.16  -0.3631045317934038  0.10116025785581431
7.17  -0.3507185195042537  0.10266848305132459
7.18  -0.3359002505364109  0.10417032283396183
7.19  -0.31875244899283584  0.10566568264959128
7.2  -0.2993939971995779  0.10715446835822046
7.21  -0.27795911136048457  0.10863658623956193
7.22  -0.25459641083776224  0.1101119429985771
7.23  -0.22946788751360322  0.11158044577099961
7.24  -0.20274778238135333  0.11304200212883594
7.25  -0.1746213771582693  0.11449652008584758
7.26  -0.14528370930156237  0.11594390810300907
7.2700000000000005  -0.114938219340778  0.11738407509394345
7.28  -0.08379533990922271  0.11881693043033544
7.29  -0.052071036261583506  0.12024238394732063
7.3  -0.019985308401611127  0.12166034594885042
7.3100000000000005  0.01223933479003281  0.12307072721303233
7.32  0.044379418843194636  0.12447343899744548
7.33  0.07621205369564227  0.12586839304442965
7.34  0.10751647964844016  0.12725550158634955
7.3500000000000005  0.13807559855535545  0.12863467735083067
7.36  0.16767747962466673  0.13000583356596937
7.37  0.1961168293878883  0.1313688839655156
7.38  0.22319641563836182  0.1327237427940261
7.390000000000001  0.24872843546203263  0.13407032481199052
7.4  0.27253581787045883  0.13540854530092805
7.41  0.2944534519998  0.13673832006845452
7.42  0.31432933235577587  0.13805956545332027
7.43  0.33202561316009666  0.1393721983304167
7.44  0.34741956448436334  0.14067613611575297
7.45  0.36040442353873436  0.14197129677140133
7.46  0.3708901352099762  0.1432575988104106
7.47  0.3788039767117431  0.14453496130168803
7.48  0.38409106201388293  0.14580330387484866
7.49  0.38671472255151046  0.14706254672503105
7.5  0.38665676157284695  0.14831261061768103
7.51  0.3839175803613825  0.1495534168933014
7.5200000000000005  0.3785161754567406  0.15078488747216665
7.53  0.3704900068934989  0.15200694485900418
7.54  0.3598947383719689  0.15321951214764049
7.55  0.34680385116335855  0.1544225130256119
7.5600000000000005  0.33130813442763185  0.15561587177874006
7.57  0.3135150554797218  0.15679951329567016
7.58  0.29354801437252764  0.15797336307237442
7.59  0.2715454879676342  0.15913734721661824
7.6000000000000005  0.24766006943131083  0.16029139245238797
7.61  0.22205740981876654  0.16143542612428272
7.62  0.1949150690888135  0.16256937620186743
7.63  0.16642128451942495  0.16369317128398775
7.640000000000001  0.13677366506756503  0.1648067406030468
7.65  0.1061778207304385  0.1659100140292412
7.66  0.07484593641610197  0.16700292207476
7.67  0.04299530021637938  0.1680853958979427
7.68  0.010846796291213044  0.16915736730739644
7.69  -0.021376627180917426  0.17021876876607422
7.7  -0.053451504358970316  0.17126953339531123
7.71  -0.08515540167495603  0.1723095949788203
7.72  -0.1162684605977321  0.17333888796664595
7.73  -0.14657492252316  0.17435734747907697
7.74  -0.1758646252130847  0.1753649093105148
7.75  -0.20393446040281513  0.17636150993330285
7.76  -0.23058978246637343  0.17734708650150913
7.7700000000000005  -0.2556457583682262  0.17832157685466848
7.78  -0.2789286495377426  0.17928491952147946
7.79  -0.3002770167748124  0.18023705372345847
7.8  -0.3195428398290781  0.18117791937854838
7.8100000000000005  -0.33659254388734444  0.1821074571046845
7.82  -0.35130792584938453  0.18302560822331249
7.83  -0.3635869739677953  0.1839323147628648
7.84  -0.37334457516723757  0.1848275194621882
7.8500000000000005  -0.38051310513766373  0.18571116577392718
7.86  -0.38504289710945455  0.18658319786786057
7.87  -0.38690258605996847  0.18744356063419146
7.88  -0.38607932596523314  0.18829219968679017
7.890000000000001  -0.38257887859126233  0.1891290613663905
7.9  -0.37642557321064335  0.18995409274373676
7.91  -0.3676621375254909  0.190767241622685
7.92  -0.3563494009713318  0.19156845654325433
7.930000000000001  -0.3425658724618433  0.19235768678463014
7.94  -0.3264071955053478  0.1931348823681184
7.95  -0.307985484474683  0.19389999406005035
7.96  -0.28742854663654704  0.19465297337463783
7.97  -0.26487899533878917  0.1953937725767788
7.98  -0.2404932605093046  0.1961223446848117
7.99  -0.21444050333234763  0.19683864347321958
8.0  -0.1869014426328634  0.19754262347528379
8.01  -0.15806710111189698  0.19823423998568507
8.02  -0.12813748013193993  0.1989134490630537
8.03  -0.09732017224676832  0.19958020753246744
8.040000000000001  -0.06582892110212114  0.20023447298789676
8.05  -0.03388213869841127  0.20087620379459703
8.06  -0.00170139030250764  0.20150535909144815
8.07  0.030490142480220566  0.20212189879324016
8.08  0.062469209810886446  0.20272578359290475
8.09  0.09401404215922951  0.20331697496369264
8.1  0.12490588853987288  0.20389543516129605
8.11  0.15493053377165017  0.20446112722591636
8.120000000000001  0.1838797842343173  0.20501401498427577
8.13  0.2115529118159949  0.20555406305157276
8.14  0.23775804603469147  0.2060812368333822
8.15  0.26231350467713066  0.2065955025274977
8.16  0.285049053724696  0.20709682712571698
8.17  0.3058070878272519  0.2075851784155694
8.18  0.3244437231367513  0.2080605249819857
8.19  0.340829794920982  0.20852283620890874
8.2  0.35485175303834954  0.2089720822808452
8.21  0.36641244906358456  0.2094082341843578
8.22  0.3754318096059154  0.2098312637094972
8.23  0.38184739115117855  0.2102411434511736
8.24  0.3856148125812304  0.21063784681046674
8.25  0.3867080623729942  0.2110213479958748
8.26  0.38511967834892324  0.2113916220245
8.27  0.38086079873506085  0.21174864472317256
8.28  0.37396108417579704  0.2120923927295105
8.290000000000001  0.36446851124979557  0.2124228434929152
8.3  0.3524490389231879  0.21273997527550267
8.31  0.3379861502576612  0.2130437671529693
8.32  0.32118027255666776  0.21333419901539138
8.33  0.3021480799763725  0.21361125156795788
8.34  0.28102168344335826  0.21387490633163583
8.35  0.2579477135031049  0.21412514564376703
8.36  0.23308630246589862  0.21436195265859612
8.370000000000001  0.2066099729156658  0.21458531134772818
8.38  0.1787024402966244  0.21479520650051603
8.39  0.14955733788885667  0.21499162372437533
8.4  0.11937687302216593  0.2151745494450273
8.41  0.0883704238546748  0.21534397090666776
8.42  0.05675308645463973  0.21549987617206134
8.43  0.024744182268897272  0.21564225412256005
8.44  -0.007434263664297237  0.2157710944580449
8.45  -0.03955906319714953  0.21588638769678972
8.46  -0.07140741355888464  0.21598812517524518
8.47  -0.1027584431012435  0.21607629904774286
8.48  -0.13339474357690048  0.2161509022861167
8.49  -0.1631038783179402  0.21621192867924202
8.5  -0.19167985584954986  0.21625937283248864
8.51  -0.21892455871373734  0.21629323016708857
8.52  -0.244649117589317  0.21631349691941498
8.53  -0.2686752211739454  0.21632017014017174
8.540000000000001  -0.29083635274032327  0.2163132476934915
8.55  -0.3109789447874609  0.21629272825593968
8.56  -0.3289634437768762  0.2162586113154238
8.57  -0.34466527756743526  0.2162108971700044
8.58  -0.35797571883835294  0.21614958692660655
8.59  -0.36880263851169903  0.21607468249962908
8.6  -0.3770711439494008  0.21598618660944877
8.61  -0.3827240974996522  0.21588410278081732
8.620000000000001  -0.3857225117980834  0.21576843534114837
8.63  -0.3860458190846507  0.2156391894186913
8.64  -0.3836920126716356  0.2154963709405884
8.65  -0.37867765958561617  0.2153399866308132
8.66  -0.3710377843004846  0.21517004400798495
8.67  -0.36082562437334553  0.2149865513830574
8.68  -0.3481122596843149  0.2147895178568759
8.69  -0.3329861178585002  0.2145789533176003
8.700000000000001  -0.31555235930796144  0.21435486843798834
8.71  -0.29593214616691327  0.21411727467253536
8.72  -0.2742618001994048  0.21386618425446463
8.73  -0.250691855529279  0.21360161019256407
8.74  -0.22538601277233278  0.21332356626786234
8.75  -0.1985200018347823  0.21303206703013994
8.76  -0.17028036127628376  0.21272712779426736
8.77  -0.14086314271458641  0.2124087646363646
8.78  -0.11047254926942221  0.21207699438977431
8.790000000000001  -0.0793195175007145  0.21173183464084067
8.8  -0.047620252688682835  0.2113733037244865
8.81  -0.015594727626768149  0.21100142071957897
8.82  0.016534844648001402  0.21061620544407478
8.83  0.048545553582305674  0.2102176784499354
8.84  0.0802153385789486  0.20980586101780058
8.85  0.11132453046942652  0.20938077515140932
8.86  0.14165737628311076  0.20894244357175604
8.870000000000001  0.17100353672594806  0.2084908897109683
8.88  0.19915954597081073  0.20802613770589273
8.89  0.22593022362381335  0.20754821239137317
8.9  0.25113002906271154  0.20705713929320516
8.91  0.2745843487439193  0.20655294462075008
8.92  0.2961307075402482  0.206035655259189
8.93  0.3156198956988496  0.20550529876139678
8.94  0.3329170035950836  0.20496190333941466
8.950000000000001  0.34790235709811385  0.20440549785549825
8.96  0.36047234705444825  0.20383611181271566
8.97  0.37054014713080885  0.20325377534506864
8.98  0.37803631503311136  0.20265851920710745
8.99  0.3829092729282035  0.20205037476300827
9.0  0.3851256637339988  0.20142937397507965
9.01  0.3846705808056575  0.20079554939165964
9.02  0.3815476694248157  0.20014893413436524
9.03  0.3757790993891814  0.19948956188465114
9.040000000000001  0.36740540889510054  0.1988174668696298
9.05  0.3564852207996714  0.1981326838471041
9.06  0.34309483323535067  0.19743524808975588
9.07  0.3273276874228808  0.19672519536843155
9.08  0.30929371638124814  0.19600256193446122
9.09  0.28911857906091876  0.19526738450093808
9.1  0.2669427852224077  0.19451970022288365
9.11  0.24292071714147087  0.19375954667621412
9.120000000000001  0.21721955493884915  0.19298696183541666
9.13  0.19001811300242802  0.1922019840498364
9.14  0.16150559558717806  0.19140465201846393
9.15  0.13188028024038484  0.19059500476310548
9.16  0.10134813820098201  0.18977308159980458
9.17  0.07012140136023975  0.1889389221083723
9.18  0.03841708574268612  0.18809256609986738
9.19  0.006455481768459967  0.1872340535818567
9.200000000000001  -0.025541378210149894  0.18636342472126283
9.21  -0.057351264447108904  0.18548071980459205
9.22  -0.08875329568041884  0.1845859791953104
9.23  -0.11952947560394839  0.18367924328811422
9.24  -0.14946620925252144  0.18276055245981457
9.25  -0.17835578875856545  0.18182994701652241
9.26  -0.20599783815039346  0.18088746713679082
9.27  -0.23220070714633143  0.17993315281033156
9.28  -0.2567828042521648  0.1789670437718812
9.290000000000001  -0.27957385989059663  0.17798917942974218
9.3  -0.3004161107763939  0.1769995987884743
9.31  -0.3191653972975943  0.1759983403651463
9.32  -0.33569216626633547  0.1749854420984921
9.33  -0.34988237205987355  0.17396094125023592
9.34  -0.36163826987719006  0.17292487429776165
9.35  -0.3708790955855304  0.17187727681720028
9.36  -0.37754162741816755  0.1708181833558962
9.370000000000001  -0.38158062560488465  0.1697476272930766
9.38  -0.38296914686383404  0.1686656406874022
9.39  -0.3816987315521649  0.16757225410989932
9.4  -0.3777794621566645  0.16646749646057865
9.41  -0.371239892698815  0.16535139476681385
9.42  -0.362126849524689  0.1642239739612871
9.43  -0.35050510484284514  0.16308525663700468
9.44  -0.3364569252566815  0.16193526277652848
9.450000000000001  -0.3200814984052299  0.16077400945215323
9.46  -0.3014942416722973  0.15960151049328003
9.47  -0.2808259977420967  0.1584177761166683
9.48  -0.2582221225643996  0.1572228125145887
9.49  -0.23384147203839983  0.156016621395121
9.5  -0.207855294426316  0.15479919946792017
9.51  -0.18044603616094432  0.1535705378676893
9.52  -0.15180606931044133  0.1523306215063109
9.53  -0.12213634950529431  0.1510794283430482
9.540000000000001  -0.09164501361173566  0.14981692856039586
9.55  -0.060545926850497166  0.14854308363096513
9.56  -0.02905718940529146  0.1472578452581266
9.57  0.002600387159190227  0.14596115416995373
9.58  0.03420482314884792  0.14465293874211102
9.59  0.06553452301333905  0.1433331134206118
9.6  0.09636982594305221  0.14200157690957738
9.61  0.12649454411893862  0.1406582100820161
9.620000000000001  0.15569747804978115  0.13930287356284313
9.63  0.18377389861458393  0.13793540492244874
9.64  0.21052698569002967  0.13655561540548455
9.65  0.2357692135825507  0.13516328610243045
9.66  0.25932367390333566  0.1337581634498883
9.67  0.28102532702078353  0.1323399539180846
9.68  0.30072217380071536  0.13090831770893985
9.69  0.3182763400001774  0.12946286124282066
9.700000000000001  0.33356506641983225  0.12800312815339174
9.71  0.3464815987466783  0.12652858843324963
9.72  0.35693597194234705  0.12503862527185103
9.73  0.3648556850646564  0.1235325189927285
9.74  0.37018626357264445  0.12200942731642204
9.75  0.3728917074888528  0.12046836093078234
9.76  0.3729548253251667  0.11890815301495651
9.77  0.37037745549339957  0.11732742089866202
9.78  0.36518057913091845  0.11572451738647287
9.790000000000001  0.3574043310484169  0.11409746835028688
9.8  0.34710791912196176  0.11244389185728594
9.81  0.3343694673331121  0.11076089214479595
9.82  0.3192858044992691  0.10904491884134798
9.83  0.3019722306628083  0.10729157741732605
9.84  0.28256230801991866  0.10549537001691292
9.85  0.26120774642706646  0.10364933501857887
9.86  0.23807849067761455  0.10174453616303053
9.870000000000001  0.21336317835736418  0.09976932293940619
9.88  0.18727024285932833  0.09770823391098753
9.89  0.16003012455519242  0.0955403259145011
9.9  0.13189940269911937  0.09323654846799431
9.91  0.10316833943969249  0.09075546785315812
9.92  0.07417471529445513  0.0880360088620085
9.93  0.04532984660193234  0.08498452166200972
9.94  0.017169668193457176  0.0814503827198409
9.950000000000001  -0.009538686144308068  0.07717676985225384
9.96  -0.033556435434854946  0.07169340266582504
9.97  -0.05257908715971291  0.0640635619184985
9.98  -0.061656265819099755  0.05226505952354852
9.99  -0.049477740123046614  0.032068667864996826
10.0  -2.6250148117922647e-15  1.3756776808821495e-15
