0.0  0.0  0.0
0.01  0.9266500144306148  -2.014085303396517
0.02  1.5392214963761215  -3.1701302420622173
0.03  1.9207966144297197  -3.750806917646674
0.04  2.1862151323932997  -4.04949574133649
0.05  2.391329600968637  -4.202972593912258
0.06  2.562184032688883  -4.273957231160914
0.07  2.7118959879020688  -4.2937853535241555
0.08  2.8476394368921993  -4.279535865965798
0.09  2.9736226449130285  -4.241228053026151
0.1  3.092459637428957  -4.185106581039133
0.11  3.2058516155848498  -4.115263651606709
0.12  3.314948784345465  -4.034496470061845
0.13  3.4205536887708834  -3.9447874329660975
0.14  3.523241130346055  -3.8475865186083396
0.15  3.6234318656806024  -3.7439844320140465
0.16  3.7214395398290363  -3.6348226445591023
0.17  3.817501512139894  -3.5207655367166564
0.18  3.9117996576205902  -3.4023489977617145
0.19  4.004474742554216  -3.280013957322567
0.2  4.095636572024378  -3.154130015322252
0.21  4.18537128978724  -3.0250124108101355
0.22  4.273746719744408  -2.8929344144362386
0.23  4.360816334989629  -2.7581365167340546
0.24  4.446622248543466  -2.620833334159948
0.25  4.531197495821266  -2.4812188640266064
0.26  4.614567797028811  -2.339470527809304
0.27  4.696752932686402  -2.1957523136516017
0.28  4.777767827909861  -2.0502172410740402
0.29  4.857623415008972  -1.9030093100034946
0.3  4.936327325618894  -1.7542650534233557
0.31  5.013884450499367  -1.6041147824334716
0.32  5.0902973956946465  -1.452683590498776
0.33  5.165566856854208  -1.3000921676059634
0.34  5.239691928428472  -1.146457463204528
0.35000000000000003  5.312670360663924  -0.9918932279875409
0.36  5.384498774471689  -0.8365104579360524
0.37  5.45517284208093  -0.6804177590217158
0.38  5.52468743973415  -0.5237216471165338
0.39  5.593036777406149  -0.36652679469502336
0.4  5.660214509538066  -0.2089362336136176
0.41000000000000003  5.726213830003569  -0.05105152145376213
0.42  5.791027553914835  0.10702712249968116
0.43  5.854648188393265  0.2652007066933593
0.44  5.917067994045446  0.42337137809443914
0.45  5.978279038576852  0.5814423509890624
0.46  6.038273243727699  0.7393178510208417
0.47000000000000003  6.097042426514665  0.8969030721657302
0.48  6.15457833559878  1.054104144718219
0.49  6.2108726834663806  1.2108281126732936
0.5  6.265917175000522  1.3669829191424792
0.51  6.31970353292986  1.522477398651708
0.52  6.372223520567406  1.6772212753419125
0.53  6.423468962189409  1.8311251662372865
0.54  6.473431761352822  1.9841005888661707
0.55  6.522103917406592  2.136059972620108
0.56  6.569477540415496  2.2869166733210284
0.5700000000000001  6.615544864684679  2.436584990537763
0.58  6.6602982610470765  2.584980187253307
0.59  6.7037302480539624  2.7320185115353564
0.6  6.745833502190169  2.8776172199061625
0.61  6.786600867219573  3.0216946021449136
0.62  6.826025362752848  3.164170007287667
0.63  6.864100192117756  3.304963870617188
0.64  6.900818749602241  3.443997741458623
0.65  6.936174627131923  3.581194311617263
0.66  6.970161620436102  3.716477444312313
0.67  7.002773734749915  3.8497722034758612
0.68  7.03400519009468  3.9810048832996463
0.6900000000000001  7.063850426173577  4.110103037923838
0.7000000000000001  7.0923041069155195  4.2369955111722994
0.71  7.119361124696423  4.3616124662477525
0.72  7.145016604263765  4.483885415308234
0.73  7.169265906387514  4.603747248853146
0.74  7.1921046312579735  4.721132264853492
0.75  7.213528621648924  4.835976197566322
0.76  7.233533965862471  4.9482162459784105
0.77  7.252117000470315  5.057791101828481
0.78  7.269274312864626  5.164640977161332
0.79  7.285002743630388  5.268707631370733
0.8  7.299299388749869  5.369934397691119
0.81  7.3121616016488495  5.468266209101112
0.8200000000000001  7.323586995093229  5.563649623604442
0.8300000000000001  7.333573442943911  5.656032848856311
0.84  7.342119081777  5.7453657661054205
0.85  7.349222312375757  5.83159995342391
0.86  7.354881801100165  5.914688708199333
0.87  7.359096481139337  5.9945870688645
0.88  7.361865553651666  6.071251835842655
0.89  7.363188488797052  6.144641591686909
0.9  7.363065026665234  6.214716720394267
0.91  7.361495178103891  6.281439425875908
0.92  7.35847922544988  6.344773749566589
0.93  7.354017723166639  6.404685587157211
0.9400000000000001  7.34811149839065  6.461142704435709
0.9500000000000001  7.3407616513894824  6.51411475222246
0.96  7.331969555933875  6.563573280387388
0.97  7.321736859586017  6.6094917509369635
0.98  7.310065483906091  6.651845550160123
0.99  7.29695762457897  6.690611999823092
1.0  7.282415751462801  6.725770367403925
1.01  7.266442608561139  6.757301875358351
1.02  7.249041213920119  6.785189709409391
1.03  7.230214859452106  6.8094190258539165
1.04  7.209967110687125  6.829976957880109
1.05  7.188301806453354  6.846852620890481
1.06  7.165223058487809  6.860037116825855
1.07  7.14073525097834  6.869523537486395
1.08  7.114843040037979  6.875306966846447
1.09  7.087551353112623  6.8773844823606
1.1  7.05886538832298  6.875755155259123
1.11  7.0287906137416645  6.8704200498314005
1.12  6.99733276660631  6.861382221696844
1.1300000000000001  6.964497852469471  6.8486467150631505
1.1400000000000001  6.930292144286129  6.8322205589725815
1.1500000000000001  6.894722181439517  6.81211276253738
1.16  6.857794768706006  6.788334309166169
1.17  6.819516975159728  6.76089814978364
1.18  6.7798961330176155  6.729819195046493
1.19  6.738939836425517  6.695114306559125
1.2  6.696655940185997  6.6568022870931225
1.21  6.6530525584284765  6.6149038698151585
1.22  6.608138063222286  6.569441706528472
1.23  6.561921083133239  6.520440354933569
1.24  6.514410501724302  6.467926264914424
1.25  6.465615456000937  6.41192776385685
1.26  6.415545334801676  6.352475041006351
1.27  6.3642097771344845  6.289600130873154
1.28  6.311618670459462  6.223336895692745
1.29  6.257782148918429  6.1537210069505885
1.3  6.202710591511928  6.0807899259803255
1.31  6.146414620224201  6.0045828836451545
1.32  6.088905098096635  5.925140859112546
1.33  6.030193127250263  5.842506557733015
1.34  5.970290046857797  5.756724388033992
1.35  5.90920743106574  5.66784043784043
1.36  5.846957086867138  5.5759024495340865
1.37  5.783551051925439  5.4809597944639865
1.3800000000000001  5.7190015923500495  5.383063446520896
1.3900000000000001  5.653321200424063  5.282265954889156
1.4000000000000001  5.586522592284737  5.178621415989518
1.41  5.518618705557227  5.07218544462719
1.42  5.449622696942113  4.963015144359525
1.43  5.379547939757258  4.851169077098344
1.44  5.308408021434551  4.736707231962123
1.45  5.236216740972043  4.619690993393763
1.46  5.162988106342043  4.500183108559962
1.47  5.088736331855745  4.378247654048595
1.48  5.013475835484878  4.253950001880859
1.49  4.93722123614097  4.127356784855266
1.5  4.859987350912804  3.998535861240937
1.51  4.7817891922625675  3.867556278837941
1.52  4.702641965181321  3.734488238422745
1.53  4.622561064304331  3.5994030565971964
1.54  4.541562070986798  3.462373128059689
1.55  4.459660750340656  3.323471887317506
1.56  4.37687304823292  3.182773769859592
1.57  4.293215088246236  3.0403541728093137
1.58  4.2087031686022  2.896289415076973
1.59  4.12335375904803  2.7506566970321535
1.6  4.037183497707208  2.6035340597161825
1.61  3.950209187894697  2.455000343615265
1.62  3.862447794897321  2.305135147015025
1.6300000000000001  3.773916442719937  2.154018783957464
1.6400000000000001  3.684632410798019  2.0017322418215056
1.6500000000000001  3.5946131306772506  1.8483571385485045
1.6600000000000001  3.503876182660793  1.693975679534328
1.67  3.4124392924248226  1.5386706142097064
1.68  3.320320327602994  1.3825251923308257
1.69  3.227537294340463  1.2256231200022036
1.7  3.1341083338181144  1.0680485154540824
1.71  3.0400517187476512  0.909885864596693
1.72  2.9453858498381766  0.7512199763738906
1.73  2.8501292522349826  0.5921359379387547
1.74  2.754300571931118  0.4327190696738536
1.75  2.6579185721525076  0.27305488007901757
1.76  2.5610021297172127  0.11322902054945486
1.77  2.4635702313695687  -0.04667275993278947
1.78  2.36564197008983  -0.20656466017100722
1.79  2.2672365413800684  -0.36636087216656416
1.8  2.1683732395269435  -0.5259756265490766
1.81  2.0690714538421204  -0.685323238000863
1.82  1.9693506648809649  -0.8443181506525145
1.83  1.869230440640269  -1.002874983426382
1.84  1.768730432735698  -1.1609085753048167
1.85  1.667870372559647  -1.31833403049998
1.86  1.5666700674202816  -1.475066763502085
1.87  1.4651493966624314  -1.6310225439829535
1.8800000000000001  1.3633283077710847  -1.7861175415318271
1.8900000000000001  1.2612268124582313  -1.9402683702004189
1.9000000000000001  1.1588649827337263  -2.0933921328342597
1.9100000000000001  1.0562629469609983  -2.245406465167482
1.92  0.953440885898277  -2.3962295796582556
1.93  0.8504190287261145  -2.5457803090422395
1.94  0.747217649061945  -2.693978149581392
1.95  0.6438570609624367  -2.840743303985831
1.96  0.5403576149143914  -2.9859967239863177
1.97  0.43673969381495475  -3.129660152535285
1.98  0.33302370894189776  -3.2716561656143504
1.99  0.22923009591475643  -3.4119082136264938
2.0  0.125379310647551  -3.5503406623512475
2.0100000000000002  0.021491825293919926  -3.6868788334413938
2.02  -0.0824118758145652  -3.8214490444398983
2.0300000000000002  -0.18631130023620623  -3.953978648296083
2.04  -0.29018595149215193  -4.084396072360036
2.05  -0.39401533314394854  -4.212630856834809
2.06  -0.4977789528747394  -4.338613692665947
2.07  -0.601456326573336  -4.4622764588481685
2.08  -0.7050269824204592  -4.58355225912952
2.09  -0.808470464976228  -4.702375458093164
2.1  -0.9117663392681852  -4.8186817165977684
2.11  -1.0148941948789936  -4.932408026557216
2.12  -1.1178336500330834  -5.043492745041179
2.13  -1.2205643556813106  -5.151875627677937
2.14  -1.3230659995829646  -5.2574978613415855
2.15  -1.42531831038419  -5.360302096105662
2.16  -1.5273010616921183  -5.460232476446046
2.17  -1.6289940761437516  -5.557234671675852
2.18  -1.7303772294689748  -5.651255905595822
2.19  -1.831430454546663  -5.742244985343787
2.2  -1.9321337454532599  -5.8301523294273325
2.21  -2.0324671615028462  -5.914929994924092
2.22  -2.132410831278019  -5.996531703834561
2.23  -2.2319449566506053  -6.07491286857265
2.24  -2.3310498167915403  -6.1500306165796985
2.25  -2.4297057721689703  -6.221843814048051
2.2600000000000002  -2.527893268533815  -6.290313088740678
2.27  -2.625592840891926  -6.355400851893914
2.2800000000000002  -2.722785117462082  -6.417071319190639
2.29  -2.8194508236188796  -6.475290530791862
2.3000000000000003  -2.9155707858198263  -6.530026370414997
2.31  -3.011125935515709  -6.581248583447673
2.32  -3.1060973130434646  -6.628928794086387
2.33  -3.200466071500716  -6.673040521489734
2.34  -3.2942134806011163  -6.71355919493652
2.35  -3.3873209305097665  -6.750462167979521
2.36  -3.479769935657758  -6.783728731586144
2.37  -3.571542138535161  -6.8133401262578
2.38  -3.662619313461485  -6.839279553120251
2.39  -3.7529833703329425  -6.861532183977811
2.4  -3.842616358345598  -6.880085170324679
2.41  -3.9315004696936278  -6.894927651307351
2.42  -4.019618043241859  -6.9060507606324775
2.43  -4.106951568171834  -6.9134476324151795
2.44  -4.19348368760048  -6.917113405963278
2.45  -4.2791972021707245  -6.917045229493537
2.46  -4.364075073613115  -6.913242262776516
2.47  -4.44810042827777  -6.905705678707195
2.48  -4.531256560635728  -6.894438663799121
2.49  -4.613526936749079  -6.879446417600362
2.5  -4.694895197708885  -6.860736151030138
2.5100000000000002  -4.775345163040295  -6.838317083635547
2.52  -4.854860834073945  -6.81220043976842
2.5300000000000002  -4.933426397282948  -6.782399443682835
2.54  -5.011026227584608  -6.74892931355451
2.5500000000000003  -5.087644891606244  -6.7118072544237375
2.56  -5.1632671509141685  -6.67105245006421
2.57  -5.237877965205254  -6.626686053780595
2.58  -5.311462495460198  -6.57873117813835
2.59  -5.384006107057804  -6.527212883629805
2.6  -5.4554943728495395  -6.472158166281103
2.61  -5.525913076193613  -6.413595944205267
2.62  -5.595248213947876  -6.3515570431070625
2.63  -5.663485999420777  -6.2860741807461435
2.64  -5.730612865279737  -6.217181950365231
2.65  -5.796615466416132  -6.144916803091018
2.66  -5.8614806827663095  -6.069317029315641
2.67  -5.925195622087809  -5.9904227390675935
2.68  -5.987747622690251  -5.908275841381031
2.69  -6.049124256120071  -5.822920022673463
2.7  -6.109313329798542  -5.734400724141901
2.71  -6.168302889612381  -5.642765118188592
2.72  -6.226081222456287  -5.5480620838875
2.73  -6.2826368587267645  -5.45034218150372
2.74  -6.337958574766647  -5.349657626078142
2.75  -6.39203539525961  -5.246062260090564
2.7600000000000002  -6.444856595574151  -5.1396115252147
2.77  -6.496411704056373  -5.0303624331792385
2.7800000000000002  -6.546690504271008  -4.91837353574955
2.79  -6.595683037190053  -4.803704893845155
2.8000000000000003  -6.643379603328536  -4.686418045808582
2.81  -6.689770764826723  -4.566575974841751
2.82  -6.7348473474783415  -4.444243075626485
2.83  -6.778600442704189  -4.319485120146209
2.84  -6.8210214094706245  -4.192369222726537
2.85  -6.862101876152466  -4.062963804312552
2.86  -6.90183374233972  -3.931338556001562
2.87  -6.940209180587702  -3.7975644018499652
2.88  -6.977220638110038  -3.661713460973903
2.89  -7.01286083841412  -3.523859008963271
2.9  -7.047122782878475  -3.384075438629454
2.91  -7.079999752271734  -3.2424382201073754
2.92  -7.111485308212625  -3.0990238603329106
2.93  -7.141573294570712  -2.9539098619170887
2.94  -7.170257838807367  -2.80717468143888
2.95  -7.197533353256666  -2.658897687178751
2.96  -7.22339453634578  -2.5091591163154994
2.97  -7.247836373754555  -2.3580400316092516
2.98  -7.270854139513858  -2.2056222775938
2.99  -7.2924433970424625  -2.051988436301807
3.0  -7.312600000122055  -1.897221782546712
3.0100000000000002  -7.331320093810144  -1.741406238785435
3.02  -7.348600115290521  -1.5846263295862861
3.0300000000000002  -7.364436794661055  -1.426967135726708
3.04  -7.378827155658533  -1.2685142479458986
3.0500000000000003  -7.3917685163203375  -1.1093537203772106
3.06  -7.4032584895826945  -0.9495720236860613
3.0700000000000003  -7.413294983815353  -0.7892559979385717
3.08  -7.421876203292419  -0.6284928052271036
3.09  -7.429000648599267  -0.46736988207830044
3.1  -7.434667116975299  -0.30597489167011666
3.11  -7.438874702592445  -0.14439567588388846
3.12  -7.441622796769271  0.01727979278198551
3.13  -7.442911088120615  0.17896345941022979
3.14  -7.442739562642615  0.34056723494806507
3.15  -7.441108503733116  0.5020030445489895
3.16  -7.438018492147357  0.6631828759461693
3.17  -7.433470405888928  0.8240188278303869
3.18  -7.427465420035985  0.9844231582058559
3.19  -7.420005006502708  1.1443083326965462
3.2  -7.411090933736016  1.3035870727764154
3.21  -7.400725266347623  1.462172403896137
3.22  -7.38891036468143  1.6199777034797225
3.23  -7.375648884316386  1.776916748763694
3.24  -7.360943775504857  1.9329037644522755
3.25  -7.34479828254667  2.087853470161364
3.2600000000000002  -7.32721594309893  2.2416811276248936
3.27  -7.308200587421783  2.3943025876365436
3.2800000000000002  -7.287756337560252  2.545634336700581
3.29  -7.265887606462424  2.695593543365044
3.3000000000000003  -7.2425990970340886  2.844098104211333
3.31  -7.217895801130152  2.991066689473705
3.3200000000000003  -7.1917829984830215  3.1364187882630663
3.33  -7.164266255568237  3.2800747533689716
3.34  -7.135351424407669  3.421955845614498
3.35  -7.105044641310549  3.561984277738559
3.36  -7.073352325552689  3.700083257780478
3.37  -7.040281177994237  3.836177031942188
3.38  -7.005838179636341  3.9701909269031805
3.39  -6.97003059011708  4.102051391564209
3.4  -6.932865946147133  4.231686038195459
3.41  -6.894352059885551  4.359023682965777
3.42  -6.854497017256163  4.483994385829323
3.43  -6.813309176204968  4.606529489746933
3.44  -6.770797164899188  4.726561659219208
3.45  -6.726969879868286  4.844024918109405
3.46  -6.681836484087674  4.958854686733891
3.47  -6.635406405005559  5.070987818198976
3.48  -6.587689332513527  5.180362633962768
3.49  -6.538695216861508  5.286918958601699
3.5  -6.48843426651769  5.39059815376119
3.5100000000000002  -6.436916945974073  5.491343151271053
3.52  -6.384153973498319  5.589098485406007
3.5300000000000002  -6.330156318832536  5.683810324272818
3.54  -6.2749352008398604  5.77542650030551
3.5500000000000003  -6.218502085099347  5.863896539851047
3.56  -6.160868681450176  5.949171691828019
3.5700000000000003  -6.102046941485749  6.031204955441786
3.58  -6.04204905599862  6.109951106939646
3.59  -5.98088745237705  6.185366725390606
3.6  -5.918574791954004  6.257410217474466
3.61  -5.855123967309568  6.326041841265781
3.62  -5.7905480995275775  6.391223728998835
3.63  -5.724860535407504  6.4529199088001254
3.64  -5.658074844632461  6.511096325375805
3.65  -5.590204816894408  6.565720859641787
3.66  -5.5212644589774955  6.616763347285194
3.67  -5.451267991800658  6.664195596246098
3.68  -5.380229847420444  6.707991403109513
3.69  -5.308164665995327  6.748126568397901
3.7  -5.235087292712465  6.784578910755397
3.71  -5.161012774678209  6.817328280015394
3.72  -5.085956357773507  6.846356569144021
3.73  -5.009933483475433  6.871647725052481
3.74  -4.932959785646136  6.893187758272141
3.75  -4.855051087290503  6.910964751486767
3.7600000000000002  -4.776223397283891  6.924968866917137
3.77  -4.696492907071331  6.935192352553864
3.7800000000000002  -4.615875987339544  6.941629547235041
3.79  -4.534389184663453  6.944276884565986
3.8000000000000003  -4.4520492181284075  6.943132895679162
3.81  -4.368872975930022  6.938198210832932
3.8200000000000003  -4.284877511952972  6.929475559848732
3.83  -4.200080042330605  6.916969771386809
3.84  -4.114497941987009  6.900687771061475
3.85  -4.028148741163387  6.880638578397658
3.86  -3.9410501219305702  6.856833302631097
3.87  -3.853219914689594  6.82928513735545
3.88  -3.764676094662386  6.798009354020276
3.89  -3.675436778374606  6.7630232942845705
3.9  -3.585520220132818  6.7243463612314125
3.91  -3.494944808498272  6.682000009449909
3.92  -3.403729062759669  6.636007733991567
3.93  -3.311891629407245  6.586395058208809
3.94  -3.2194512786110185  6.533189520484351
3.95  -3.126426900705527  6.476420659860733
3.96  -3.0328375026842855  6.416120000580324
3.97  -2.938702204706571  6.3523210355466615
3.98  -2.844040236619918  6.285059208719105
3.99  -2.7488709345014923  6.2143718964532955
4.0  -2.653213737221847  6.140298387801029
4.01  -2.557088183034724  6.062879863783741
4.0200000000000005  -2.4605139061967893  5.982159375654852
4.03  -2.3635106336214524  5.89818182216705
4.04  -2.266098181571051  5.810993925861257
4.05  -2.1682964523921515  5.720644208395335
4.0600000000000005  -2.070125431298903  5.627182964931123
4.07  -1.9716051832096955  5.530662237599569
4.08  -1.8727558496427754  5.431135788064567
4.09  -1.7735976456769633  5.328659069207181
4.1  -1.674150856983854  5.223289195952985
4.11  -1.5744358369386178  5.115084915266201
4.12  -1.4744730038168203  5.004106575335629
4.13  -1.3742828380853922  4.890416093978163
4.14  -1.2738858797965853  4.774076926287428
4.15  -1.173302726094324  4.655154031555854
4.16  -1.072554028843316  4.533713839500171
4.17  -0.9716604923919494  4.409824215821435
4.18  -0.8706428714813659  4.283554427132642
4.19  -0.7695219693137071  4.154975105288189
4.2  -0.6683186357941906  4.024158211151427
4.21  -0.567053765962662  3.8911769978382735
4.22  -0.46574829863209644  3.756105973477034
4.23  -0.36442321525291416  3.6190208635266803
4.24  -0.26309953902416405  3.479998572698279
4.25  -0.16179833427434964  3.339117146526784
4.26  -0.06054070613748334  3.1964557326434444
4.2700000000000005  0.040652199447743106  3.0520945418022083
4.28  0.1417591953845714  2.9061148087170077
4.29  0.24275905267629444  2.7585987527706206
4.3  0.3436304992575692  2.609629538660376
4.3100000000000005  0.44435221835647515  2.459291237050709
4.32  0.5449028463399749  2.3076687853080626
4.33  0.6452609699899212  2.1548479483996155
4.34  0.7454051231503381  2.000915280044689
4.3500000000000005  0.8453137826798198  1.8459580842148715
4.36  0.9449653636343673  1.690064377088496
4.37  1.044338213597265  1.5333228495745328
4.38  1.1434106060611129  1.3758228305331701
4.39  1.2421607327557174  1.2176542508328685
4.4  1.3405666948009287  1.058907608399429
4.41  1.4386064925474935  0.8996739344296116
4.42  1.5362580139503992  0.740044760961953
4.43  1.6334990212971374  0.5801120900207359
4.44  1.7303071360886562  0.41996836457589465
4.45  1.826659821841083  0.2597064415928053
4.46  1.922534364542509  0.09941956748218955
4.47  2.01790785045895  -0.06079864369667275
4.48  2.1127571409370685  -0.22085422887704664
4.49  2.2070588437959326  -0.3806528910084238
4.5  2.3007892808355614  -0.5401000099327012
4.51  2.3939244509127935  -0.699100648500249
4.5200000000000005  2.48643998794421  -0.857559553217007
4.53  2.5783111130870857  -1.0153811485974245
4.54  2.669512580219883  -1.1724695242607668
4.55  2.7600186136878566  -1.3287284136419528
4.5600000000000005  2.8498028370925823  -1.4840611629895182
4.57  2.938838191677472  -1.6383706890816319
4.58  3.0270968425871416  -1.7915594237995174
4.59  3.1145500709435554  -1.9435292433407394
4.6000000000000005  3.2011681492726667  -2.094181379419192
4.61  3.2869201973113427  -2.2434163092623263
4.62  3.371774014602501  -2.3911336205534797
4.63  3.4556958855131374  -2.537231846644214
4.64  3.5386503513453267  -2.681608266334102
4.65  3.620599942998523  -2.824158661225204
4.66  3.7015048661111245  -2.9647770220283536
4.67  3.781322628664738  -3.1033551931277206
4.68  3.860007598545999  -3.2397824420596275
4.69  3.9375104753564716  -3.3739449371489596
4.7  4.013777656602044  -3.505725112116551
4.71  4.088750472955147  -3.6350008906794415
4.72  4.16236426011252  -3.761644736528227
4.73  4.234547225234146  -3.8855224839084403
4.74  4.305219053145082  -4.006491890395123
4.75  4.3742891801207335  -4.124400834959233
4.76  4.44165463928394  -4.239085059083473
4.7700000000000005  4.5071973486635715  -4.350365313560409
4.78  4.570780666688074  -4.458043724318117
4.79  4.632244974090094  -4.561899120539713
4.8  4.691401946300696  -4.661680967271549
4.8100000000000005  4.748027041413125  -4.757101396673763
4.82  4.801849521750002  -4.847824611554362
4.83  4.852539012955184  -4.933452600287932
4.84  4.899687118315863  -5.013505584392324
4.8500000000000005  4.942781836595324  -5.087394800597151
4.86  4.981171283973519  -5.154383890475262
4.87  5.014011141916051  -5.213532956885997
4.88  5.040186683036006  -5.26361554490252
4.89  5.058193885493325  -5.302992051732207
4.9  5.065952441900138  -5.329410606179131
4.91  5.060500908095767  -5.339682434789612
4.92  5.037478549412374  -5.329130084037745
4.93  4.990200551297092  -5.290602641299711
4.94  4.907909630837729  -5.212614012357591
4.95  4.772238421865857  -5.075576254165027
4.96  4.549468372998575  -4.843558161779535
4.97  4.17214463696813  -4.444715615706044
4.98  3.4934509452851037  -3.7227462937296907
4.99  2.200161323576168  -2.344411551307988
5.0  4.8443302725415964e-14  -5.1597968602335333e-14
5.01  -2.237538629597743  2.3814433398289534
5.0200000000000005  -3.6131890445342507  3.84135636917166
5.03  -4.3885740204434045  4.659042329626953
5.04  -4.867038798426446  5.157912376609003
5.05  -5.192571531838469  5.49142963217989
5.0600000000000005  -5.431669300691724  5.730452419794566
5.07  -5.617661047889972  5.910489257772964
5.08  -5.768728229712427  6.050907396114645
5.09  -5.895526045202629  6.163055473492656
5.1000000000000005  -6.004675702965289  6.253985274326573
5.11  -6.100493599877654  6.32829444145161
5.12  -6.185907196396771  6.389102447202188
5.13  -6.26296871468799  6.4385979810522755
5.14  -6.33315762164471  6.478361261563236
5.15  -6.397566294797497  6.509561868391123
5.16  -6.457018133358275  6.533084589289359
5.17  -6.51214506248066  6.549611997832205
5.18  -6.563439791089733  6.559680129410032
5.19  -6.61129190046964  6.563716927708147
5.2  -6.656013301530868  6.562069362516481
5.21  -6.697856536477462  6.555022922319634
5.22  -6.737028162244267  6.542815865602175
5.23  -6.773698689070952  6.525649800737368
5.24  -6.808010064603737  6.503697649709823
5.25  -6.840081381788051  6.477109718349929
5.26  -6.870013283014255  6.446018376478857
5.2700000000000005  -6.89789139477671  6.410541704111544
5.28  -6.92378903272905  6.3707863593089815
5.29  -6.94776935156647  6.32684985353444
5.3  -6.969887068122704  6.27882237131204
5.3100000000000005  -6.9901898532503255  6.2267882360191615
5.32  -7.0087194643716595  6.170827098413739
5.33  -7.025512673304596  6.111014906083743
5.34  -7.040602031219084  6.047424698424302
5.3500000000000005  -7.054016503082964  5.9801272616296
5.36  -7.06578199681444  5.9091916705787755
5.37  -7.075921806941526  5.834685738724079
5.38  -7.084456988425919  5.756676392676269
5.39  -7.091406673115721  5.675229984780722
5.4  -7.096788338812371  5.590412554336946
5.41  -7.100618038998966  5.5022900460499065
5.42  -7.10291059975219  5.410928492676891
5.43  -7.103679789152344  5.31639416754799
5.44  -7.1029384635441986  5.218753711613476
5.45  -7.100698694231016  5.11807423885135
5.46  -7.096971877563636  5.01442342320749
5.47  -7.091768830884512  4.907869569706741
5.48  -7.085099876378206  4.798481671938171
5.49  -7.07697491454614  4.6863294577629375
5.5  -7.067403488749704  4.571483424801685
5.51  -7.056394842039973  4.454014867018364
5.5200000000000005  -7.043957967305671  4.333995893518806
5.53  -7.030101651615782  4.211499440517293
5.54  -7.014834515503782  4.086599277286854
5.55  -6.998165047832333  3.9593700067940802
5.5600000000000005  -6.980101636786162  3.8298870616225877
5.57  -6.960652597464394  3.69822669570794
5.58  -6.939826196478706  3.5644659723380525
5.59  -6.917630673908877  3.4286827488149703
5.6000000000000005  -6.894074262920529  3.2909556581243917
5.61  -6.8691652073100595  3.15136408791707
5.62  -6.842911777207692  3.0099881570700755
5.63  -6.815322283140394  2.866908690065347
5.64  -6.7864050886312475  2.722207189395885
5.65  -6.75616862149029  2.5759658061875954
5.66  -6.72462138393307  2.4282673092047107
5.67  -6.691771961646998  2.2791950523896998
5.68  -6.657629031911554  2.1288329410738043
5.69  -6.622201370866131  1.977265396981504
5.7  -6.585497860008676  1.8245773221408612
5.71  -6.5475274919989275  1.670854061801895
5.72  -6.508299375831997  1.5161813664566393
5.73  -6.4678227414407745  1.360645353047043
5.74  -6.426106943779464  1.2043324654401393
5.75  -6.383161466434904  1.0473294342439878
5.76  -6.338995924807632  0.8897232360332346
5.7700000000000005  -6.293620068900125  0.7316010520478162
5.78  -6.247043785746055  0.5730502264251511
5.79  -6.199277101510803  0.41415822402174385
5.8  -6.150330183290645  0.2550125878777206
5.8100000000000005  -6.100213340635297  0.09570089637419271
5.82  -6.048937026816095  -0.06368927986844103
5.83  -5.996511839859999  -0.22307042130622587
5.84  -5.942948523367675  -0.3823551029576522
5.8500000000000005  -5.888257967132348  -0.5414560380188297
5.86  -5.832451207574377  -0.700286121567639
5.87  -5.775539428005317  -0.8587584743189611
5.88  -5.717533958733969  -1.0167864863938227
5.89  -5.658446277025811  -1.1742838610669775
5.9  -5.598288006926073  -1.3311646584586339
5.91  -5.537070918956176  -1.4873433391367
5.92  -5.474806929692007  -1.6427348075975845
5.93  -5.411508101232082  -1.7972544555937733
5.94  -5.347186640562915  -1.9508182052780383
5.95  -5.281854898828252  -2.1033425521341784
5.96  -5.2155253705082805  -2.2547446076657196
5.97  -5.148210692514499  -2.404942141813975
5.98  -5.079923643205498  -2.553853625078288
5.99  -5.01067714132842  -2.701398270311209
6.0  -4.940484244890373  -2.847496074162703
6.01  -4.869358149964116  -2.992067858147355
6.0200000000000005  -4.797312189431648  -3.1350353093098615
6.03  -4.724359831669152  -3.2763210204639135
6.04  -4.6505146791765535  -3.4158485299808468
6.05  -4.575790467154722  -3.5535423611043195
6.0600000000000005  -4.500201062033004  -3.6893280607682195
6.07  -4.423760459949656  -3.8231322378954045
6.08  -4.346482785187531  -3.954882601155315
6.09  -4.268382288567352  -4.084507996158978
6.1000000000000005  -4.189473345800355  -4.211938442070523
6.11  -4.109770455802531  -4.337105167614778
6.12  -4.029288238971887  -4.459940646460933
6.13  -3.9480414354307034  -4.580378631962719
6.140000000000001  -3.86604490323397  -4.698354191236145
6.15  -3.7833136165457772  -4.813803738556242
6.16  -3.6998626637846903  -4.926665068054716
6.17  -3.61570724573947  -5.036877385700855
6.18  -3.53086267365631  -5.144381340548625
6.19  -3.4453443672986492  -5.249119055233236
6.2  -3.3591678529804647  -5.351034155701037
6.21  -3.27234876157405  -5.450071800157008
6.22  -3.184902826493256  -5.546178707214557
6.23  -3.0968458816527122  -5.6393031832329115
6.24  -3.0081938594041557  -5.729395148827825
6.25  -2.9189627884501954  -5.816406164541799
6.26  -2.829168791736545  -5.900289455660425
6.2700000000000005  -2.7388280843229644  -5.980999936162096
6.28  -2.64795697123385  -6.058494231788713
6.29  -2.5565718452887167  -6.132730702225527
6.3  -2.4646891849131993  -6.203669462378703
6.3100000000000005  -2.3723255519310937  -6.271272402739815
6.32  -2.279497589337799  -6.335503208826766
6.33  -2.1862220190555597  -6.396327379691425
6.34  -2.0925156396709097  -6.453712245484392
6.3500000000000005  -1.9983953241547259  -6.507626984068156
6.36  -1.9038780175652728  -6.5580426366701365
6.37  -1.8089807347342302  -6.604932122567889
6.38  -1.713720557936484  -6.648270252798914
6.390000000000001  -1.618114634543632  -6.688033742888316
6.4  -1.5221801746615167  -6.724201224587878
6.41  -1.4259344487520709  -6.756753256620812
6.42  -1.3293947852397312  -6.785672334426657
6.43  -1.2325785681026418  -6.810942898901668
6.44  -1.1355032344486684  -6.832551344130229
6.45  -1.038186272076768  -6.850486024103594
6.46  -0.9406452170235606  -6.864737258422573
6.47  -0.8428976510954344  -6.8752973369814026
6.48  -0.744961199386391  -6.882160523630536
6.49  -0.6468535277817391  -6.885323058816552
6.5  -0.5485923404477403  -6.884783161198003
6.51  -0.4501953773073955  -6.880541028236364
6.5200000000000005  -0.3516804115026472  -6.87259883576193
6.53  -0.2530652468429061  -6.8609607365149365
6.54  -0.15436771524016324  -6.8456328576626255
6.55  -0.055605674130876304  -6.826623297293667
6.5600000000000005  0.04320299611530262  -6.803942119891628
6.57  0.14204039479987665  -6.777601350789908
6.58  0.24088860351274943  -6.747614969610853
6.59  0.33972968876210036  -6.713998902692458
6.6000000000000005  0.43854570461708436  -6.676771014506409
6.61  0.5373186953628156  -6.635951098071848
6.62  0.6360306981679171  -6.591560864369573
6.63  0.7346637457640874  -6.543623930762094
6.640000000000001  0.8331998691379555  -6.492165808425256
6.65  0.9316211002346829  -6.437213888797752
6.66  1.0299094746734931  -6.378797429055296
6.67  1.1280470344748286  -6.316947536616641
6.68  1.2260158307989493  -6.251697152689281
6.69  1.3237979266958653  -6.183081034862922
6.7  1.4213753998664844  -6.111135738759514
6.71  1.518730345434761  -6.0358995987487996
6.72  1.6158448787306057  -5.957412707739196
6.73  1.7127011380834514  -5.8757168960538815
6.74  1.809281287626299  -5.790855709402765
6.75  1.905567520110043  -5.702874385961058
6.76  2.001542059727716  -5.611819832566129
6.7700000000000005  2.0971871649487537  -5.5177406000442675
6.78  2.1924851313626887  -5.4206868576797484
6.79  2.2874182945324195  -5.3207103668388225
6.8  2.3819690328564422  -5.217864453761762
6.8100000000000005  2.476119770440191  -5.1122039815365765
6.82  2.5698529799758294  -5.003785321268271
6.83  2.6631511856305696  -4.8926663224579965
6.84  2.7559969659430834  -4.778906282606845
6.8500000000000005  2.8483729567276925  -4.662565916059491
6.86  2.9402618539860996  -4.543707322103166
6.87  3.0316464168263937  -4.422393952337792
6.88  3.122509470388981  -4.298690577333661
6.890000000000001  3.2128339087790048  -4.172663252593246
6.9  3.3026026980051175  -4.0443792838341786
6.91  3.3917988789241424  -3.9139071916105976
6.92  3.4804055701912398  -3.781316675290748
6.93  3.568405971215241  -3.6466785764086866
6.94  3.65578336511887  -3.5100648414086035
6.95  3.7425211217032266  -3.3715484838001077
6.96  3.828602700416355  -3.231203545743853
6.97  3.9140116533253986  -3.089105059086445
6.98  3.9987316280918286  -2.9453290058644366
6.99  4.0827463709494  -2.7999522782969093
7.0  4.1660397296844005  -2.6530526382872055
7.01  4.2485956566176695  -2.504708676453842
7.0200000000000005  4.330398211587904  -2.3549997707113777
7.03  4.41143156493572  -2.2040060444222194
7.04  4.491680000488227  -2.0518083241401555
7.05  4.5711279185432065  -1.898488096967419
7.0600000000000005  4.649759838852621  -1.7441274675464873
7.07  4.7275604036048975  -1.5888091147086734
7.08  4.804514380405397  -1.432616247801109
7.09  4.880606665254462  -1.275632562714759
7.1000000000000005  4.9558222855225065  -1.1179421976354211
7.11  5.0301464029216145  -0.9596296885405271
7.12  5.103564316473003  -0.8007799244640104
7.13  5.1760614654696395  -0.6414781025525496
7.140000000000001  5.247623432433625  -0.4818096829357505
7.15  5.318235946067423  -0.32186034343363457
7.16  5.387884884198586  -0.16171593412424395
7.17  5.456556276717012  -0.0014624317951325695
7.18  5.524236308504381  0.15881410569821222
7.19  5.590911322354779  0.3190275851434369
7.2  5.65656782188608  0.4790919237282139
7.21  5.721192474441248  0.6389210948197115
7.22  5.784772113978846  0.7984291737425092
7.23  5.847293743952062  0.957530383531669
7.24  5.908744540175544  1.116139140636938
7.25  5.96911185367927  1.2741701005547663
7.26  6.028383213548637  1.4315382033639081
7.2700000000000005  6.086546329750177  1.588158719141283
7.28  6.143589095941902  1.7439472932341105
7.29  6.199499592267744  1.8988199913650325
7.3  6.254266088135042  2.052693344546119
7.3100000000000005  6.307877044974544  2.205484393778585
7.32  6.36032111898186  2.3571107345144293
7.33  6.411587163839762  2.507490560856958
7.34  6.461664233420396  2.656542709476394
7.3500000000000005  6.510541584466599  2.804186703217729
7.36  6.558208679251471  2.9503427943774447
7.37  6.604655188215426  3.0949320076264604
7.38  6.649870992579794  3.237876182556052
7.390000000000001  6.693846186936148  3.379098015824383
7.4  6.736571081810496  3.518521102880882
7.41  6.778036206201514  3.6560699792464484
7.42  6.818232310091857  3.7916701613268935
7.43  6.85715036693173  3.925248186737986
7.44  6.894781576093891  4.056731654120222
7.45  6.931117365299072  4.186049262421704
7.46  6.9661493930110545  4.313130849628124
7.47  6.999869550800462  4.437907430918387
7.48  7.032269965676353  4.5603112362254095
7.49  7.063343002384758  4.6802757471813266
7.5  7.09308126567326  4.797735733427168
7.51  7.121477602520732  4.912627288266631
7.5200000000000005  7.148525104331276  5.024887863644648
7.53  7.174217109091527  5.134456304431146
7.54  7.1985472034904445  5.241272881991264
7.55  7.221509225000608  5.3452793270230075
7.5600000000000005  7.243097263920175  5.446418861644253
7.57  7.263305665374637  5.544636230710961
7.58  7.282129031277421  5.639877732349164
7.59  7.299562222248484  5.73209124768325
7.6000000000000005  7.3156003594899985  5.821226269743889
7.61  7.330238826618254  5.90723393153897
7.62  7.343473271450908  5.990067033271758
7.63  7.3552996077486785  6.069680068690314
7.640000000000001  7.365714016910649  6.146029250553221
7.65  7.3747129496222845  6.219072535196709
7.66  7.382293127455331  6.2887696461889755
7.67  7.388451544418731  6.355082097057684
7.68  7.393185468459717  6.417973213077343
7.69  7.396492442914239  6.477408152103607
7.7  7.398370287905912  6.533353924441965
7.71  7.398817101692638  6.5857794117390185
7.72  7.397831261960119  6.634655384884689
7.73  7.395411427061447  6.679954520914507
7.74  7.391556537201964  6.721651418901456
7.75  7.386265815568649  6.759722614827549
7.76  7.379538769403207  6.794146595425552
7.7700000000000005  7.37137519101816  6.824903810982146
7.78  7.361775158755159  6.851976687094053
7.79  7.350739037884761  6.875349635369451
7.8  7.3382674814470255  6.895009063067338
7.8100000000000005  7.324361431032127  6.910943381668207
7.82  7.309022117500372  6.923143014369915
7.83  7.292251061640882  6.931600402503161
7.84  7.274050074768313  6.936310010861633
7.8500000000000005  7.254421259256952  6.93726833194236
7.86  7.233367009011545  6.934473889092516
7.87  7.210890009874281  6.92792723855938
7.88  7.186993239967248  6.917630970440837
7.890000000000001  7.161679969969883  6.903589708534361
7.9  7.134953763330802  6.885810109082989
7.91  7.106818476413403  6.864300858417474
7.92  7.077278258574832  6.839072669494315
7.930000000000001  7.0463375521777385  6.81013827733002
7.94  7.01400109253431  6.77751243333257
7.95  6.980273907782146  6.741211898531558
7.96  6.945161318691544  6.701255435709286
7.97  6.908668938403751  6.657663800435466
7.98  6.8708026720996935  6.610459731008958
7.99  6.831568716598994  6.559667937310561
8.0  6.79097355988869  6.505315088571322
8.01  6.749023980581461  6.447429800061717
8.02  6.705727047302994  6.386042618707384
8.03  6.661090118008227  6.321186007637884
8.040000000000001  6.615120839226101  6.252894329675447
8.05  6.567827145232757  6.181203829771432
8.06  6.519217257152697  6.106152616398432
8.07  6.4692996819880095  6.027780641907212
8.08  6.418083211575208  5.946129681857559
8.09  6.365576921469726  5.8612433133331905
8.1  6.31179016975789  5.773166892251218
8.11  6.256732595796186  5.681947529677365
8.120000000000001  6.20041411887789  5.5876340671586
8.13  6.142844936826974  5.490277051085593
8.14  6.084035524519157  5.389928706097695
8.15  6.023996632330267  5.286642907543958
8.16  5.962739284511876  5.180475153014217
8.17  5.900274777494309  5.071482532954633
8.18  5.836614678117001  4.959723700382852
8.19  5.771770821786498  4.845258839718305
8.2  5.705755310562158  4.728149634743834
8.21  5.638580511169638  4.608459235715187
8.22  5.570259052942642  4.486252225635795
8.23  5.500803825692753  4.361594585713886
8.24  5.430227977508085  4.23455366002085
8.25  5.358544912480618  4.105198119368893
8.26  5.285768288362826  3.9735979244273265
8.27  5.211912014153858  3.839824288096993
8.28  5.13699024761553  3.7039496371628626
8.290000000000001  5.061017392718786  3.5660475732452124
8.3  4.984008097020829  3.42619283307042
8.31  4.905977248973535  3.2844612480824495
8.32  4.826939975163563  3.1409297034168997
8.33  4.7469116374847715  2.995676096259804
8.34  4.665907830243479  2.8487792936135343
8.35  4.5839443771970245  2.7003190894927536
8.36  4.501037328526516  2.5503761615736797
8.370000000000001  4.4172029577440926  2.399032027320209
8.38  4.332457758535766  2.2463689996109526
8.39  4.246818441540069  2.0924701418911043
8.4  4.160301931063729  1.9374192228742635
8.41  4.0729253617348915  1.7813006708183863
8.42  3.9847060750946266  1.6241995274016179
8.43  3.895661616127829  1.4662014012230198
8.44  3.805809729734044  1.3073924209539918
8.45  3.7151683571393974  1.1478591881662747
8.46  3.6237556322504236  0.9876887298625991
8.47  3.5315898779507187  0.826968450736466
8.48  3.438689602341507  0.6657860851873209
8.49  3.3450734949270324  0.5042296491179732
8.5  3.250760422746004  0.34238739154121806
8.51  3.15576942644992  0.18034774602246292
8.52  3.0601197163296154  0.018199281985617016
8.53  2.963830668291128  -0.1439693440905488
8.540000000000001  2.866921819781877  -0.30606943755820964
8.55  2.7694128656687647  -0.4680123145409213
8.56  2.6713236540688787  -0.6297093509015401
8.57  2.572674182134712  -0.7910720312094763
8.58  2.4734845917946355  -0.952011997680398
8.59  2.373775165450366  -1.11244109906018
8.6  2.2735663216326283  -1.272271439425873
8.61  2.172878610616371  -1.4314154268759733
8.620000000000001  2.071732709997119  -1.589785822082485
8.63  1.9701494202299548  -1.7472957866771421
8.64  1.8681496601323675  -1.9038589314447112
8.65  1.7657544623528405  -2.059389364295572
8.66  1.6629849688066183  -2.2138017379905492
8.67  1.559862426080321  -2.3670112975910773
8.68  1.4564081808068963  -2.518933927607259
8.69  1.352643675012865  -2.6694861988173066
8.700000000000001  1.2485904414394318  -2.8185854147316087
8.71  1.1442700988393004  -2.9661496576747846
8.72  1.0397043472508274  -3.112097834459794
8.73  0.9349149632517286  -3.2563497216276014
8.74  0.8299237951939736  -3.3988260102267556
8.75  0.724752758421789  -3.5394483501075023
8.76  0.6194238304749651  -3.67813939370469
8.77  0.5139590462794111  -3.814822839284781
8.78  0.40838049332691384  -3.94942347363207
8.790000000000001  0.30271030684656586  -4.081867214149771
8.8  0.19697066496973745  -4.212081150351757
8.81  0.09118378389108384  -4.339993584721503
8.82  -0.014628086972242122  -4.4655340729145125
8.83  -0.12044266982063942  -4.588633463281392
8.84  -0.22623766330897432  -4.70922393568916
8.85  -0.3319907473779778  -4.8272390396182665
8.86  -0.43767958807717233  -4.942613731513812
8.870000000000001  -0.5432818423770901  -5.055284411369592
8.88  -0.6487751629674735  -5.165188958524027
8.89  -0.7541372030392264  -5.272266766647825
8.9  -0.8593456210465277  -5.376458777903175
8.91  -0.9643780854463847  -5.477707516255332
8.92  -1.0692122794124739  -5.575957119917532
8.93  -1.1738259055196552  -5.671153372911147
8.94  -1.2781966903960995  -5.7632437357229644
8.950000000000001  -1.382302389339131  -5.85217737504263
8.96  -1.4861207908911007  -5.937905192563393
8.97  -1.5896297213717094  -6.020379852830346
8.98  -1.6928070493620906  -6.099555810120386
8.99  -1.7956306901369903  -6.17538933433932
9.0  -1.8980786100400309  -6.247838535921729
9.01  -2.000128830797752  -6.31686338972024
9.02  -2.1017594337671275  -6.382425757871093
9.03  -2.2029485641114106  -6.444489411623967
9.040000000000001  -2.3036744348989053  -6.503020052124508
9.05  -2.4039153311183603  -6.557985330138697
9.06  -2.5036496136053183  -6.609354864709182
9.07  -2.6028557228721905  -6.657100260734013
9.08  -2.701512182835305  -6.701195125459445
9.09  -2.7995976044313906  -6.741615083878879
9.1  -2.89709068911514  -6.778337793031155
9.11  -2.9939702322295427  -6.811342955191869
9.120000000000001  -3.09021512623939  -6.84061232995259
9.13  -3.1858043638180003  -6.866129745183432
9.14  -3.28071704077668  -6.887881106875588
9.15  -3.3749323588247266  -6.905854407861106
9.16  -3.468429628147935  -6.9200397354083565
9.17  -3.561188269791483  -6.930429277692479
9.18  -3.6531878178327624  -6.9370173291412165
9.19  -3.7444079213277006  -6.939800294657555
9.200000000000001  -3.834828346013133  -6.938776692721684
9.21  -3.9244289757460424  -6.9339471573760205
9.22  -4.013189813658547  -6.925314439098137
9.23  -4.101090983005722  -6.912883404567829
9.24  -4.188112727680753  -6.896661035335794
9.25  -4.2742354123698965  -6.876656425402859
9.26  -4.35943952231628  -6.852880777720219
9.27  -4.443705662658822  -6.825347399622655
9.28  -4.527014557308896  -6.794071697208562
9.290000000000001  -4.609347047323032  -6.759071168682313
9.3  -4.6906840887256775  -6.720365396676596
9.31  -4.771006749730897  -6.6779760395743795
9.32  -4.850296207305726  -6.631926821852686
9.33  -4.928533743011493  -6.58224352347274
9.34  -5.005700738051856  -6.528953968344005
9.35  -5.081778667447731  -6.472088011892721
9.36  -5.1567490932492905  -6.411677527768857
9.370000000000001  -5.230593656684249  -6.347756393729508
9.38  -5.303294069128696  -6.280360476740901
9.39  -5.374832101772149  -6.209527617345869
9.4  -5.445189573831268  -6.135297613349527
9.41  -5.514348339147522  -6.057712202881631
9.42  -5.582290270981464  -5.976815046901372
9.43  -5.648997244790018  -5.89265171121847
9.44  -5.714451118743087  -5.805269648113281
9.450000000000001  -5.778633711700708  -5.714718177649861
9.46  -5.841526778330415  -5.621048468787687
9.47  -5.903111980997243  -5.524313520412173
9.48  -5.9633708580015705  -5.424568142420957
9.49  -6.022284787674625  -5.321868937022038
9.5  -6.079834947762751  -5.216274280422908
9.51  -6.1360022694394045  -5.107844305116575
9.52  -6.190767385174204  -4.996640883002402
9.53  -6.2441105695574  -4.882727609617079
9.540000000000001  -6.296011672022522  -4.766169789796649
9.55  -6.346450040222176  -4.647034425144055
9.56  -6.395404432587284  -4.525390203741393
9.57  -6.442852918327022  -4.401307492624889
9.58  -6.488772762796852  -4.2748583336348025
9.59  -6.533140295759175  -4.1461164433683875
9.6  -6.575930759568192  -4.015157218105155
9.61  -6.617118133704957  -3.88205774474754
9.620000000000001  -6.656674931339495  -3.746896819034225
9.63  -6.694571962667259  -3.609754972550568
9.64  -6.730778058606286  -3.470714510392236
9.65  -6.765259746983477  -3.3298595617569102
9.66  -6.797980871497926  -3.187276146265836
9.67  -6.828902141409147  -3.043052259488137
9.68  -6.857980596905803  -2.8972779819990624
9.69  -6.885168971255156  -2.750045617409366
9.700000000000001  -6.910414925832105  -2.601449866238297
9.71  -6.933660127586113  -2.451588044381611
9.72  -6.954839129881578  -2.3005603574022535
9.73  -6.973878006179181  -2.148470245169281
9.74  -6.990692670630898  -1.9954248157979764
9.75  -7.0051867987891665  -1.8415353938524495
9.76  -7.017249233029509  -1.686918216010335
9.77  -7.0267507176456085  -1.5316953188165596
9.78  -7.033539752958586  -1.3759956791999595
9.790000000000001  -7.037437278712779  -1.2199566912602964
9.8  -7.03822978300717  -1.0637260957960604
9.81  -7.035660266023363  -0.9074645273686094
9.82  -7.029416239114473  -0.7513489157602086
9.83  -7.019113562586123  -0.5955770881345333
9.84  -7.004274341699385  -0.44037408784912657
9.85  -6.984296176781758  -0.28600099471054247
9.86  -6.958408565955824  -0.13276746812234355
9.870000000000001  -6.925609764927967  0.018950036550113573
9.88  -6.884573126807443  0.16868117375586703
9.89  -6.833504342042628  0.31582029726838623
9.9  -6.769916972360643  0.45956116010961723
9.91  -6.690266652089325  0.5987901535759262
9.92  -6.589329648207152  0.7319042475410877
9.93  -6.4590944105630825  0.8564847519481971
9.94  -6.2866676302762325  0.9686773926709673
9.950000000000001  -6.0500420413953195  1.061929406141665
9.96  -5.708850044844214  1.1241987964673146
9.97  -5.182460113229298  1.1312213205214008
9.98  -4.295902014420948  1.0292785574997891
9.99  -2.6786099705777553  0.698776852310056
10.0  -1.1678949773324077e-13  3.294775036804329e-14
