0.0  -0.19537050899638478  0.16660498644248417
0.01  -0.19507343749920034  0.16682348961772916
0.02  -0.194765731676249  0.1670415822575019
0.03  -0.1944474083019518  0.16725926382509884
0.04  -0.19411848472953988  0.16747653378482796
0.05  -0.19377897889010867  0.16769339160201022
0.06  -0.19342890929164033  0.16790983674298082
0.07  -0.1930682950179947  0.16812586867509052
0.08  -0.19269715572786916  0.16834148686670686
0.09  -0.19231551165372673  0.1685566907872157
0.1  -0.1919233836006932  0.16877147990702218
0.11  -0.19152079294542304  0.16898585369755245
0.12  -0.1911077616349339  0.16919981163125458
0.13  -0.19068431218541024  0.16941335318160014
0.14  -0.19025046768097595  0.1696264778230852
0.15  -0.1898062517724358  0.169839185031232
0.16  -0.18935168867598626  0.17005147428258988
0.17  -0.18888680317189524  0.17026334505473686
0.18  -0.1884116206031513  0.1704747968262807
0.19  -0.1879261668740821  0.1706858290768603
0.2  -0.18743046844894212  0.17089644128714698
0.21  -0.18692455235047012  0.17110663293884576
0.22  -0.1864084461584159  0.1713164035146965
0.23  -0.18588217800803683  0.17152575249847546
0.24  -0.18534577658856416  0.17173467937499617
0.25  -0.1847992711416389  0.17194318363011116
0.26  -0.18424269145971794  0.17215126475071282
0.27  -0.1836760678844495  0.1723589222247349
0.28  -0.1830994313050197  0.17256615554115365
0.29  -0.1825128131564681  0.17277296418998922
0.3  -0.18191624541797424  0.17297934766230677
0.31  -0.18130976061111445  0.17318530545021768
0.32  -0.18069339179808871  0.17339083704688113
0.33  -0.18006717257991847  0.17359594194650485
0.34  -0.17943113709461472  0.17380061964434682
0.35000000000000003  -0.17878532001531725  0.17400486963671624
0.36  -0.17812975654840416  0.17420869142097484
0.37  -0.17746448243157273  0.17441208449553813
0.38  -0.17678953393189137  0.17461504835987673
0.39  -0.17610494784382222  0.1748175825145173
0.4  -0.17541076148721557  0.17501968646104415
0.41000000000000003  -0.17470701270527522  0.17522135970210026
0.42  -0.17399373986249556  0.17542260174138843
0.43  -0.1732709818425703  0.17562341208367271
0.44  -0.17253877804627238  0.17582379023477948
0.45  -0.17179716838930637  0.17602373570159868
0.46  -0.17104619330013235  0.17622324799208505
0.47000000000000003  -0.17028589371776204  0.17642232661525936
0.48  -0.16951631108952697  0.17662097108120953
0.49  -0.16873748736881908  0.17681918090109197
0.5  -0.16794946501280356  0.17701695558713262
0.51  -0.16715228698010431  0.1772142946526284
0.52  -0.16634599672846226  0.177411197611948
0.53  -0.16553063821236602  0.17760766398053357
0.54  -0.16470625588065593  0.1778036932749015
0.55  -0.1638728946741009  0.17799928501264387
0.56  -0.16303060002294847  0.17819443871242946
0.5700000000000001  -0.1621794178444482  0.17838915389400511
0.58  -0.16131939454034852  0.17858343007819671
0.59  -0.16045057699436716  0.17877726678691058
0.6  -0.15957301256963535  0.17897066354313443
0.61  -0.15868674910611574  0.17916361987093876
0.62  -0.15779183491799462  0.17935613529547786
0.63  -0.15688831879104786  0.179548209342991
0.64  -0.15597624997998155  0.17973984154080372
0.65  -0.15505567820574692  0.17993103141732886
0.66  -0.15412665365282963  0.1801217785020678
0.67  -0.15318922696651416  0.1803120823256115
0.68  -0.15224344925012298  0.18050194241964182
0.6900000000000001  -0.1512893720622304  0.18069135831693253
0.7000000000000001  -0.15032704741385214  0.1808803295513507
0.71  -0.14935652776560995  0.18106885565785735
0.72  -0.14837786602487152  0.18125693617250924
0.73  -0.1473911155428666  0.18144457063245945
0.74  -0.14639633011177827  0.18163175857595892
0.75  -0.14539356396181075  0.1818184995423573
0.76  -0.14438287175823286  0.18200479307210427
0.77  -0.14336430859839808  0.18219063870675062
0.78  -0.14233793000874095  0.18237603598894925
0.79  -0.14130379194175005  0.18256098446245655
0.8  -0.1402619507729178  0.18274548367213336
0.81  -0.13921246329766707  0.182929533163946
0.8200000000000001  -0.13815538672825523  0.18311313248496763
0.8300000000000001  -0.13709077869065503  0.18329628118337912
0.84  -0.1360186972214133  0.1834789788084704
0.85  -0.13493920076448707  0.18366122491064132
0.86  -0.13385234816805738  0.18384301904140302
0.87  -0.13275819868132152  0.18402436075337875
0.88  -0.13165681195126286  0.1842052496003052
0.89  -0.1305482480193992  0.18438568513703354
0.9  -0.12943256731850986  0.1845656669195304
0.91  -0.12830983066934099  0.18474519450487914
0.92  -0.12718009927729  0.18492426745128077
0.93  -0.12604343472906912  0.18510288531805516
0.9400000000000001  -0.12489989898934795  0.18528104766564213
0.9500000000000001  -0.12374955439737532  0.18545875405560242
0.96  -0.1225924636635813  0.18563600405061886
0.97  -0.12142868986615812  0.18581279721449742
0.98  -0.12025829644762182  0.1859891331121683
0.99  -0.11908134721135352  0.1861650113096869
1.0  -0.1178979063181214  0.18634043137423514
1.01  -0.1167080382825828  0.1865153928741222
1.02  -0.11551180796976737  0.18668989537878578
1.03  -0.114309280591541  0.1868639384587932
1.04  -0.11310052170305075  0.1870375216858423
1.05  -0.11188559719915118  0.18721064463276257
1.06  -0.11066457331081211  0.18738330687351623
1.07  -0.10943751660150816  0.1875555079831992
1.08  -0.10820449396358997  0.18772724753804235
1.09  -0.1069655726146376  0.18789852511541216
1.1  -0.10572082009379627  0.18806934029381214
1.11  -0.10447030425809449  0.1882396926528837
1.12  -0.10321409327874481  0.18840958177340722
1.1300000000000001  -0.10195225563742759  0.18857900723730292
1.1400000000000001  -0.10068486012255765  0.1887479686276322
1.1500000000000001  -0.09941197582553436  0.18891646552859845
1.16  -0.09813367213697524  0.1890844975255481
1.17  -0.09685001874293295  0.1892520642049716
1.18  -0.0955610856210966  0.18941916515450463
1.19  -0.09426694303697694  0.1895857999629289
1.2  -0.09296766154007573  0.18975196822017326
1.21  -0.0916633119600399  0.1899176695173147
1.22  -0.09035396540280027  0.19008290344657938
1.23  -0.08903969324669522  0.1902476696013435
1.24  -0.08772056713857954  0.19041196757613452
1.25  -0.08639665898991866  0.19057579696663202
1.26  -0.08506804097286849  0.19073915736966865
1.27  -0.08373478551634093  0.19090204838323127
1.28  -0.08239696530205537  0.19106446960646184
1.29  -0.08105465326057665  0.1912264206396584
1.3  -0.07970792256733913  0.19138790108427606
1.31  -0.07835684663865775  0.19154891054292805
1.32  -0.07700149912772558  0.19170944861938669
1.33  -0.0756419539205988  0.19186951491858417
1.34  -0.07427828513216876  0.19202910904661383
1.35  -0.07291056710212167  0.1921882306107309
1.36  -0.07153887439088602  0.19234687921935356
1.37  -0.070163281775568  0.19250505448206384
1.3800000000000001  -0.06878386424587499  0.19266275600960875
1.3900000000000001  -0.06740069700002749  0.19281998341390091
1.4000000000000001  -0.06601385544065991  0.19297673630801995
1.41  -0.06462341517070994  0.19313301430621305
1.42  -0.06322945198929691  0.19328881702389605
1.43  -0.06183204188759  0.19344414407765456
1.44  -0.06043126104466534  0.19359899508524464
1.45  -0.059027185823353305  0.1937533696655938
1.46  -0.05761989276607551  0.1939072674388021
1.47  -0.05620945859067223  0.19406068802614293
1.48  -0.05479596018622017  0.194213631050064
1.49  -0.053379474608840835  0.1943660961341882
1.5  -0.05196007907749988  0.19451808290331463
1.51  -0.05053785096979759  0.19466959098341946
1.52  -0.04911286781775069  0.1948206200016569
1.53  -0.04768520730356562  0.19497116958636002
1.54  -0.046254947255403876  0.19512123936704176
1.55  -0.04482216564313914  0.1952708289743958
1.56  -0.043386940574106865  0.19541993804029748
1.57  -0.04194935028884624  0.19556856619780472
1.58  -0.04050947315683497  0.19571671308115887
1.59  -0.039067387672217034  0.1958643783257857
1.6  -0.037623172449523554  0.1960115615682962
1.61  -0.0361769062193872  0.19615826244648749
1.62  -0.03472866782425032  0.19630448059934386
1.6300000000000001  -0.03327853621406671  0.19645021566703735
1.6400000000000001  -0.0318265904419978  0.196595467290929
1.6500000000000001  -0.030372909660103108  0.19674023511356944
1.6600000000000001  -0.028917573115025304  0.19688451877869997
1.67  -0.027460660143670164  0.1970283179312533
1.68  -0.026002250168881393  0.19717163221735445
1.69  -0.024542422695111137  0.19731446128432176
1.7  -0.02308125730408575  0.19745680478066752
1.71  -0.02161883365046742  0.19759866235609896
1.72  -0.020155231457511878  0.1977400336615192
1.73  -0.018690530512722292  0.19788091834902805
1.74  -0.017224810663499707  0.19802131607192264
1.75  -0.015758151812790208  0.19816122648469867
1.76  -0.014290633914729046  0.198300649243051
1.77  -0.012822336970282032  0.19843958400387446
1.78  -0.011353341022884211  0.19857803042526498
1.79  -0.009883726154076435  0.19871598816652003
1.8  -0.008413572479139757  0.19885345688813988
1.81  -0.006942960142727904  0.19899043625182802
1.82  -0.005471969314498372  0.19912692592049244
1.83  -0.004000680184741867  0.19926292555824598
1.84  -0.0025291729600108795  0.19939843483040753
1.85  -0.0010575278587472217  0.1995334534035027
1.86  0.00041417489309101413  0.19966798094526464
1.87  0.0018858550664029583  0.19980201712463488
1.8800000000000001  0.00335743243331859  0.19993556161176418
1.8900000000000001  0.004828826771572328  0.20006861407801324
1.9000000000000001  0.006299957868876306  0.20020117419595362
1.9100000000000001  0.007770745527293139  0.20033324163936853
1.92  0.00924110956760765  0.2004648160832535
1.93  0.010710969833698257  0.20059589720381735
1.94  0.012180246196906185  0.20072648467848292
1.95  0.013648858560403848  0.20085657818588779
1.96  0.015116726863561268  0.2009861774058853
1.97  0.01658377108631054  0.20111528201954504
1.98  0.01804991125350803  0.20124389170915383
1.99  0.019515067439294237  0.2013720061582164
2.0  0.0209791597714509  0.20149962505145622
2.0100000000000002  0.022442108435755205  0.2016267480748164
2.02  0.023903833680330618  0.20175337491546017
2.0300000000000002  0.02536425581999501  0.2018795052617719
2.04  0.02682329524060395  0.20200513880335777
2.05  0.0282808724033915  0.20213027523104649
2.06  0.02973690784930592  0.20225491423689024
2.07  0.031191322203341088  0.2023790555141652
2.08  0.03264403617886422  0.20250269875737242
2.09  0.03409497058193742  0.2026258436622386
2.1  0.03554404631563557  0.20274848992571676
2.11  0.03699118438435767  0.20287063724598706
2.12  0.03843630589813364  0.2029922853224575
2.13  0.03987933207692482  0.2031134338557646
2.14  0.04132018425491861  0.20323408254777436
2.15  0.042758783884816944  0.20335423110158266
2.16  0.04419505254211821  0.2034738792215163
2.17  0.04562891192939254  0.2035930266131335
2.18  0.04706028388055017  0.2037116729832248
2.19  0.04848909036510259  0.20382981803981368
2.2  0.04991525349241635  0.20394746149215726
2.21  0.051338695515959265  0.2040646030507471
2.22  0.052759338837538666  0.2041812424273099
2.23  0.05417710601153154  0.20429737933480807
2.24  0.05559191974910681  0.20441301348744062
2.25  0.05700370292243811  0.20452814460064378
2.2600000000000002  0.058412378568909004  0.2046427723910918
2.27  0.059817869895307935  0.2047568965766973
2.2800000000000002  0.0612201002820152  0.2048705168766125
2.29  0.06261899328717918  0.20498363301122952
2.3000000000000003  0.06401447265088417  0.20509624470218107
2.31  0.06540646229930701  0.2052083516723414
2.32  0.0667948863488648  0.20531995364582678
2.33  0.06817966911035137  0.20543105034799625
2.34  0.0695607350930632  0.20554164150545218
2.35  0.07093800900891531  0.20565172684604108
2.36  0.07231141577654501  0.2057613060988543
2.37  0.07368088052540539  0.20587037899422853
2.38  0.07504632859984633  0.20597894526374655
2.39  0.07640768556318493  0.20608700464023794
2.4  0.0777648772017628  0.20619455685777965
2.41  0.07911782952899214  0.2063016016516968
2.42  0.08046646878938898  0.2064081387585631
2.43  0.08181072146259391  0.20651416791620164
2.44  0.08315051426738002  0.20661968886368556
2.45  0.08448577416564773  0.2067247013413387
2.46  0.08581642836640654  0.2068292050907361
2.47  0.08714240432974307  0.20693319985470474
2.48  0.08846362977077565  0.20703668537732423
2.49  0.08978003266359477  0.20713966140392737
2.5  0.09109154124518964  0.20724212768110065
2.5100000000000002  0.09239808401936031  0.2073440839566851
2.52  0.09369958976061502  0.20744552997977686
2.5300000000000002  0.09499598751805349  0.20754646550072767
2.54  0.0962872066192342  0.20764689027114547
2.5500000000000003  0.09757317667402765  0.2077468040438954
2.56  0.09885382757845303  0.2078462065730998
2.57  0.10012908951850041  0.20794509761413926
2.58  0.1013988929739365  0.20804347692365316
2.59  0.10266316872209413  0.20814134425954006
2.6  0.10392184784164649  0.20823869938095851
2.61  0.10517486171636373  0.2083355420483276
2.62  0.10642214203885414  0.2084318720233274
2.63  0.10766362081428738  0.2085276890688998
2.64  0.10889923036410154  0.20862299294924885
2.65  0.11012890332969227  0.2087177834298415
2.66  0.11135257267608527  0.20881206027740817
2.67  0.11257017169559003  0.20890582325994314
2.68  0.11378163401143702  0.20899907214670538
2.69  0.11498689358139566  0.20909180670821895
2.7  0.116185884701375  0.2091840267162736
2.71  0.1173785420090051  0.2092757319439254
2.72  0.11856480048720078  0.2093669221654972
2.73  0.11974459546770524  0.20945759715657922
2.74  0.12091786263461639  0.20954775669402964
2.75  0.12208453802789193  0.20963740055597507
2.7600000000000002  0.12324455804683714  0.20972652852181115
2.77  0.124397859453571  0.20981514037220317
2.7800000000000002  0.12554437937647464  0.20990323588908644
2.79  0.1266840553136177  0.20999081485566695
2.8000000000000003  0.1278168251361666  0.21007787705642186
2.81  0.12894262709177037  0.21016442227710003
2.82  0.13006139980792827  0.21025045030472256
2.83  0.13117308229533448  0.21033596092758333
2.84  0.13227761395120324  0.21042095393524943
2.85  0.13337493456257282  0.21050542911856185
2.86  0.13446498430958764  0.21058938626963586
2.87  0.13554770376875952  0.21067282518186145
2.88  0.13662303391620698  0.2107557456499041
2.89  0.13769091613087306  0.21083814746970503
2.9  0.13875129219772098  0.21092003043848181
2.91  0.13980410431090753  0.2110013943547289
2.92  0.14084929507693444  0.21108223901821804
2.93  0.14188680751777746  0.21116256422999885
2.94  0.14291658507399174  0.2112423697923992
2.95  0.14393857160779605  0.2113216555090257
2.96  0.14495271140613222  0.21140042118476457
2.97  0.14595894918370317  0.2114786666257814
2.98  0.14695723008598582  0.21155639163952222
2.99  0.14794749969222254  0.21163359603471388
3.0  0.14892970401838673  0.21171027962136413
3.0100000000000002  0.14990378952012673  0.21178644221076257
3.02  0.15086970309568393  0.21186208361548098
3.0300000000000002  0.1518273920887884  0.21193720364937357
3.04  0.15277680429152857  0.21201180212757767
3.0500000000000003  0.1537178879471981  0.21208587886651406
3.06  0.15465059175311668  0.2121594336838875
3.0700000000000003  0.15557486486342745  0.2122324663986872
3.08  0.1564906568918681  0.2123049768311871
3.09  0.15739791791451843  0.21237696480294643
3.1  0.1582965984725212  0.21244843013681028
3.11  0.1591866495747789  0.21251937265690976
3.12  0.16006802270062412  0.21258979218866259
3.13  0.16094066980246485  0.21265968855877354
3.14  0.1618045433084036  0.21272906159523491
3.15  0.162659596124831  0.21279791112732666
3.16  0.16350578163899276  0.21286623698561724
3.17  0.16434305372153096  0.21293403900196367
3.18  0.1651713667289988  0.21300131700951225
3.19  0.16599067550634858  0.21306807084269863
3.2  0.1668009353893936  0.21313430033724853
3.21  0.1676021022072428  0.2132000053301779
3.22  0.1683941322847089  0.21326518565979358
3.23  0.1691769824446889  0.21332984116569348
3.24  0.16995061001051864  0.21339397168876695
3.25  0.17071497280829837  0.21345757707119545
3.2600000000000002  0.17147002916919263  0.21352065715645258
3.27  0.17221573793170122  0.2135832117893048
3.2800000000000002  0.17295205844390363  0.2136452408158116
3.29  0.1736789505656745  0.2137067440833258
3.3000000000000003  0.17439637467087263  0.21376772144049433
3.31  0.17510429164950034  0.21382817273725807
3.3200000000000003  0.17580266290983634  0.21388809782485269
3.33  0.1764914503805388  0.21394749655580855
3.34  0.17717061651272142  0.2140063687839516
3.35  0.17784012428199997  0.2140647143644033
3.36  0.17849993719051083  0.21412253315358115
3.37  0.17915001926890048  0.21417982500919908
3.38  0.17979033507828673  0.21423658979026766
3.39  0.18042084971219013  0.2142928273570947
3.4  0.1810415287984374  0.21434853757128525
3.41  0.18165233850103482  0.2144037202957422
3.42  0.18225324552201294  0.2144583753946665
3.43  0.18284421710324178  0.21451250273355765
3.44  0.18342522102821673  0.2145661021792138
3.45  0.18399622562381454  0.21461917359973215
3.46  0.18455719976202034  0.21467171686450948
3.47  0.18510811286162418  0.21472373184424218
3.48  0.18564893488988846  0.21477521841092664
3.49  0.18617963636418491  0.2148261764378599
3.5  0.18670018835360208  0.2148766057996393
3.5100000000000002  0.1872105624805222  0.21492650637216348
3.52  0.1877107309221684  0.21497587803263218
3.5300000000000002  0.18820066641212135  0.21502472065954692
3.54  0.18868034224180566  0.21507303413271087
3.5500000000000003  0.1891497322619461  0.21512081833322963
3.56  0.18960881088399256  0.21516807314351116
3.5700000000000003  0.1900575530815158  0.21521479844726626
3.58  0.190495934391571  0.21526099412950872
3.59  0.19092393091603185  0.21530666007655572
3.6  0.1913415193228931  0.21535179617602807
3.61  0.1917486768475425  0.21539640231685042
3.62  0.19214538129400194  0.21544047838925168
3.63  0.19253161103613733  0.21548402428476518
3.64  0.19290734501883755  0.21552703989622893
3.65  0.19327256275916235  0.21556952511778588
3.66  0.19362724434745882  0.21561147984488432
3.67  0.19397137044844687  0.21565290397427794
3.68  0.1943049223022732  0.21569379740402628
3.69  0.1946278817255341  0.21573416003349472
3.7  0.19494023111226663  0.21577399176335504
3.71  0.19524195343490836  0.2158132924955854
3.72  0.19553303224522564  0.21585206213347075
3.73  0.1958134516752104  0.21589030058160302
3.74  0.19608319643794497  0.21592800774588128
3.75  0.19634225182843562  0.21596518353351207
3.7600000000000002  0.19659060372441406  0.21600182785300964
3.77  0.1968282385871075  0.21603794061419604
3.7800000000000002  0.1970551434619763  0.2160735217282015
3.79  0.19727130597942083  0.21610857110746454
3.8000000000000003  0.19747671435545514  0.21614308866573223
3.81  0.1976713573923497  0.21617707431806044
3.8200000000000003  0.19785522447924186  0.21621052798081392
3.83  0.19802830559271414  0.2162434495716667
3.84  0.1981905912973408  0.21627583900960207
3.85  0.19834207274620194  0.21630769621491294
3.86  0.19848274168136618  0.2163390211092021
3.87  0.1986125904343406  0.21636981361538213
3.88  0.19873161192648872  0.21640007365767583
3.89  0.19883979966941656  0.21642980116161634
3.9  0.19893714776532628  0.21645899605404734
3.91  0.19902365090733767  0.21648765826312322
3.92  0.19909930437977746  0.21651578771830923
3.93  0.19916410405843643  0.21654338435038162
3.94  0.19921804641079416  0.21657044809142795
3.95  0.19926112849621178  0.21659697887484713
3.96  0.19929334796609205  0.21662297663534963
3.97  0.1993147030640075  0.2166484413089576
3.98  0.19932519262579623  0.21667337283300517
3.99  0.1993248160796253  0.2166977711461383
4.0  0.19931357344602194  0.21672163618831536
4.01  0.19929146533787234  0.21674496790080688
4.0200000000000005  0.1992584929603885  0.21676776622619592
4.03  0.1992146581110421  0.21679003110837816
4.04  0.19915996317946696  0.216811762492562
4.05  0.19909441114732845  0.21683296032526872
4.0600000000000005  0.19901800558816107  0.21685362455433266
4.07  0.19893075066717375  0.2168737551289012
4.08  0.1988326511410225  0.21689335199943519
4.09  0.1987237123575514  0.21691241511770862
4.1  0.19860394025550085  0.21693094443680921
4.11  0.19847334136418396  0.21694893991113817
4.12  0.19833192280313058  0.21696640149641044
4.13  0.19817969228169907  0.21698332914965499
4.14  0.19801665809865626  0.21699972282921443
4.15  0.19784282914172474  0.21701558249474567
4.16  0.19765821488709867  0.21703090810721976
4.17  0.19746282539892693  0.2170456996289219
4.18  0.19725667132876465  0.21705995702345166
4.19  0.19703976391499237  0.21707368025572304
4.2  0.19681211498220372  0.21708686929196463
4.21  0.19657373694056035  0.21709952409971955
4.22  0.19632464278511574  0.21711164464784555
4.23  0.19606484609510666  0.2171232309065153
4.24  0.19579436103321293  0.21713428284721614
4.25  0.19551320234478536  0.21714480044275045
4.26  0.19522138535704184  0.21715478366723545
4.2700000000000005  0.19491892597823182  0.21716423249610348
4.28  0.19460584069676917  0.2171731469061019
4.29  0.1942821465803332  0.21718152687529332
4.3  0.1939478612749383  0.21718937238305547
4.3100000000000005  0.19360300300397187  0.2171966834100813
4.32  0.19324759056720117  0.21720345993837925
4.33  0.19288164333974803  0.21720970195127287
4.34  0.19250518127103294  0.21721540943340129
4.3500000000000005  0.1921182248836874  0.21722058237071887
4.36  0.19172079527243527  0.21722522075049566
4.37  0.19131291410294252  0.21722932456131705
4.38  0.19089460361063648  0.21723289379308397
4.39  0.19046588659949346  0.2172359284370129
4.4  0.1900267864407956  0.2172384284856359
4.41  0.18957732707185698  0.21724039393280065
4.42  0.1891175329947185  0.2172418247736703
4.43  0.1886474292748123  0.21724272100472375
4.44  0.18816704153959513  0.21724308262375544
4.45  0.18767639597715166  0.21724290962987552
4.46  0.18717551933476637  0.21724220202350963
4.47  0.18666443891746587  0.21724095980639924
4.48  0.18614318258652987  0.21723918298160116
4.49  0.1856117787579732  0.2172368715534881
4.5  0.18507025640099567  0.21723402552774818
4.51  0.18451864503640356  0.21723064491138522
4.5200000000000005  0.18395697473500008  0.2172267297127185
4.53  0.18338527611594613  0.217222279941383
4.54  0.18280358034509092  0.21721729560832914
4.55  0.18221191913327325  0.21721177672582279
4.5600000000000005  0.18161032473459263  0.21720572330744542
4.57  0.18099882994465116  0.21719913536809382
4.58  0.18037746809876534  0.21719201292398027
4.59  0.1797462730701492  0.2171843559926323
4.6000000000000005  0.17910527926806738  0.21717616459289296
4.61  0.1784545216359598  0.2171674387449204
4.62  0.17779403564953605  0.21715817847018792
4.63  0.17712385731484212  0.21714838379148427
4.64  0.17644402316629726  0.21713805473291303
4.65  0.175754570264702  0.21712719131989303
4.66  0.17505553619521863  0.21711579357915795
4.67  0.17434695906532133  0.2171038615387565
4.68  0.1736288775027195  0.21709139522805218
4.69  0.1729013306532514  0.21707839467772333
4.7  0.17216435817875075  0.21706485991976293
4.71  0.17141800025488396  0.2170507909874787
4.72  0.1706622975689605  0.21703618791549276
4.73  0.16989729131771433  0.21702105073974176
4.74  0.16912302320505887  0.21700537949747684
4.75  0.16833953543981253  0.21698917422726322
4.76  0.16754687073339855  0.21697243496898042
4.7700000000000005  0.16674507229751592  0.21695516176382207
4.78  0.1659341838417847  0.21693735465429573
4.79  0.16511424957136203  0.2169190136842229
4.8  0.1642853141845331  0.21690013889873874
4.8100000000000005  0.1634474228702742  0.21688073034429228
4.82  0.16260062130578942  0.2168607880686459
4.83  0.16174495565402017  0.21684031212087546
4.84  0.16088047256112914  0.21681930255137022
4.8500000000000005  0.16000721915395702  0.2167977594118326
4.86  0.15912524303745387  0.21677568275527798
4.87  0.1582345922920833  0.21675307263603477
4.88  0.1573353154712019  0.2167299291097442
4.89  0.15642746159841225  0.21670625223336004
4.9  0.15551108016489026  0.21668204206514874
4.91  0.15458622112668757  0.2166572986646889
4.92  0.15365293490200782  0.21663202209287163
4.93  0.1527112723684583  0.21660621241189987
4.94  0.15176128486027626  0.21657986968528867
4.95  0.15080302416553082  0.2165529939778647
4.96  0.14983654252329934  0.21652558535576638
4.97  0.14886189262081984  0.21649764388644352
4.98  0.14787912759061864  0.21646916963865714
4.99  0.14688830100761416  0.2164401626824795
5.0  0.145889466886196  0.2164106230892937
5.01  0.1448826796772807  0.21638055093179365
5.0200000000000005  0.14386799426534266  0.2163499462839839
5.03  0.14284546596542347  0.21631880922117924
5.04  0.14181515052011492  0.21628713982000486
5.05  0.1407771040965213  0.21625493815839586
5.0600000000000005  0.1397313832831968  0.21622220431559727
5.07  0.13867804508706144  0.21618893837216369
5.08  0.13761714693029237  0.21615514040995917
5.09  0.13654874664719427  0.21612081051215704
5.1000000000000005  0.135472902481046  0.21608594876323967
5.11  0.13438967308092636  0.21605055524899822
5.12  0.1332991174985157  0.2160146300565325
5.13  0.13220129518487755  0.2159781732742507
5.14  0.13109626598721769  0.21594118499186923
5.15  0.1299840901456209  0.2159036653004125
5.16  0.128864828289768  0.21586561429221254
5.17  0.12773854143562985  0.21582703206090903
5.18  0.1266052909821416  0.21578791870144884
5.19  0.12546513870785497  0.21574827431008595
5.2  0.12431814676757126  0.21570809898438115
5.21  0.12316437768895235  0.21566739282320174
5.22  0.12200389436911227  0.2156261559267214
5.23  0.12083676007118824  0.21558438839641997
5.24  0.11966303842089232  0.21554209033508304
5.25  0.11848279340304246  0.21549926184680174
5.26  0.11729608935807459  0.2154559030369726
5.2700000000000005  0.11610299097853494  0.21541201401229718
5.28  0.11490356330555387  0.21536759488078192
5.29  0.11369787172529952  0.21532264575173765
5.3  0.11248598196541393  0.21527716673577968
5.3100000000000005  0.11126796009142918  0.21523115794482708
5.32  0.11004387250316686  0.21518461949210282
5.33  0.10881378593111748  0.2151375514921333
5.34  0.1075777674328031  0.2150899540607479
5.3500000000000005  0.10633588438912123  0.2150418273150791
5.36  0.10508820450067288  0.2149931713735619
5.37  0.10383479578407002  0.21494398635593348
5.38  0.10257572656822936  0.21489427238323316
5.39  0.10131106549064622  0.214844029577802
5.4  0.10004088149365367  0.21479325806328226
5.41  0.0987652438206638  0.2147419579646175
5.42  0.09748422201239304  0.214690129408052
5.43  0.0961978859030707  0.21463777252113042
5.44  0.09490630561663274  0.21458488743269777
5.45  0.093609551562899  0.21453147427289881
5.46  0.0923076944337338  0.2144775331731778
5.47  0.09100080519919337  0.21442306426627827
5.48  0.08968895510365633  0.21436806768624264
5.49  0.08837221566194062  0.21431254356841178
5.5  0.08705065865540329  0.2142564920494249
5.51  0.08572435612802917  0.214199913267219
5.5200000000000005  0.08439338038250224  0.21414280736102861
5.53  0.08305780397626499  0.2140851744713856
5.54  0.08171769971756226  0.21402701474011848
5.55  0.080373140661472  0.21396832831035248
5.5600000000000005  0.07902420010592343  0.2139091153265088
5.57  0.07767095158770124  0.21384937593430453
5.58  0.07631346887843608  0.21378911028075218
5.59  0.07495182598058306  0.21372831851415933
5.6000000000000005  0.07358609712338801  0.21366700078412826
5.61  0.07221635675884103  0.21360515724155568
5.62  0.07084267955761714  0.21354278803863214
5.63  0.0694651404050056  0.2134798933288418
5.64  0.06808381439682837  0.21341647326696214
5.65  0.06669877683534559  0.2133525280090634
5.66  0.06531010322515132  0.21328805771250828
5.67  0.0639178692690561  0.21322306253595158
5.68  0.06252215086396129  0.21315754263933975
5.69  0.06112302409672099  0.21309149818391052
5.7  0.05972056523999497  0.21302492933219247
5.71  0.05831485074808909  0.2129578362480048
5.72  0.056905957252789144  0.21289021909645667
5.73  0.05549396155918227  0.21282207804394682
5.74  0.054078940641471014  0.21275341325816355
5.75  0.052660971638775395  0.21268422490808375
5.76  0.05124013185092938  0.2126145131639729
5.7700000000000005  0.049816498734265975  0.21254427819738433
5.78  0.0483901498973957  0.21247352018115923
5.79  0.04696116309697412  0.2124022392894257
5.8  0.045529616233464694  0.21233043569759874
5.8100000000000005  0.044095587346890966  0.21225810958237962
5.82  0.04265915461258327  0.21218526112175545
5.83  0.04122039633691599  0.21211189049499884
5.84  0.039779390953038916  0.2120379978826673
5.8500000000000005  0.03833621701660204  0.21196358346660304
5.86  0.03689095320147323  0.2118886474299323
5.87  0.035443678295448665  0.21181318995706488
5.88  0.03399447119595771  0.21173721123369393
5.89  0.032543410905762724  0.21166071144679527
5.9  0.03109057652865152  0.21158369078462702
5.91  0.029636047265125982  0.21150614943672916
5.92  0.028179902408082755  0.2114280875939229
5.93  0.026722221338492468  0.21134950544831047
5.94  0.025263083521071178  0.21127040319327445
5.95  0.0238025684999495  0.21119078102347738
5.96  0.022340755894334548  0.21111063913486122
5.97  0.020877725394171237  0.2110299777246469
5.98  0.019413556755797028  0.2109487969913339
5.99  0.017948329797595107  0.21086709713469967
6.0  0.01648212439564134  0.21078487835579918
6.01  0.015015020479351639  0.21070214085696437
6.0200000000000005  0.013547098027123589  0.2106188848418037
6.03  0.012078437061977566  0.21053511051520174
6.04  0.01060911764719251  0.21045081808331845
6.05  0.009139219881943113  0.21036600775358888
6.0600000000000005  0.007668823896932173  0.21028067973472248
6.07  0.006198009850023389  0.21019483423670282
6.08  0.004726857921869811  0.21010847147078676
6.09  0.0032554483115446523  0.2100215916495043
6.1000000000000005  0.0017838612321681435  0.20993419498665772
6.11  0.00031217690653568414  0.20984628169732117
6.12  -0.0011595244372563374  0.2097578519978403
6.13  -0.00263116257018417  0.2096689061058315
6.140000000000001  -0.004102657266669592  0.20957944424018143
6.15  -0.005573928308953417  0.20948946662104662
6.16  -0.007044895491469166  0.2093989734698527
6.17  -0.008515478625215529  0.20930796500929405
6.18  -0.009985597542126814  0.2092164414633331
6.19  -0.011455172099444265  0.2091244030571999
6.2  -0.012924122184083883  0.20903185001739158
6.21  -0.014392367717005514  0.20893878257167162
6.22  -0.01585982865757659  0.20884520094906942
6.23  -0.01732642500793652  0.20875110537987976
6.24  -0.01879207681735668  0.2086564960956622
6.25  -0.02025670418660067  0.2085613733292404
6.26  -0.021720227272278195  0.20846573731470183
6.2700000000000005  -0.023182566291198765  0.2083695882873968
6.28  -0.02464364152471993  0.20827292648393822
6.29  -0.026103373323094925  0.20817575214220085
6.3  -0.027561682109812913  0.2080780655013208
6.3100000000000005  -0.029018488385938172  0.20797986680169483
6.32  -0.030473712734442823  0.20788115628497983
6.33  -0.031927275824538  0.2077819341940923
6.34  -0.03337909841599676  0.20768220077320754
6.3500000000000005  -0.034829101363474904  0.20758195626775933
6.36  -0.03627720562082442  0.20748120092443906
6.37  -0.03772333224540447  0.20737993499119528
6.38  -0.039167402402383145  0.2072781587172331
6.390000000000001  -0.040609337369036075  0.20717587235301338
6.4  -0.04204905853903702  0.20707307615025244
6.41  -0.04348648742674473  0.20696977036192116
6.42  -0.04492154567147981  0.20686595524224438
6.43  -0.046354155041797414  0.20676163104670062
6.44  -0.04778423743975194  0.20665679803202086
6.45  -0.0492117149051537  0.20655145645618844
6.46  -0.05063650961982053  0.2064456065784382
6.47  -0.052058543911818356  0.20633924865925574
6.48  -0.05347774025969641  0.206232382960377
6.49  -0.05489402129671229  0.20612500974478748
6.5  -0.05630730981505122  0.20601712927672167
6.51  -0.057717528770033374  0.2059087418216623
6.5200000000000005  -0.059124601284314855  0.20579984764633974
6.53  -0.06052845065207768  0.20569044701873143
6.54  -0.06192900034321297  0.205580540208061
6.55  -0.06332617400749137  0.20547012748479787
6.5600000000000005  -0.06471989547872613  0.20535920912065642
6.57  -0.06611008877892433  0.2052477853885953
6.58  -0.06749667812243047  0.20513585656281694
6.59  -0.06887958792005616  0.2050234229187666
6.6000000000000005  -0.07025874278320185  0.204910484733132
6.61  -0.0716340675279656  0.20479704228384238
6.62  -0.07300548717924338  0.20468309585006794
6.63  -0.07437292697481457  0.20456864571221922
6.640000000000001  -0.07573631236941863  0.20445369215194614
6.65  -0.07709556903881795  0.20433823545213772
6.66  -0.07845062288385113  0.20422227589692102
6.67  -0.07980140003447087  0.20410581377166048
6.68  -0.08114782685377181  0.20398884936295758
6.69  -0.08248982994200459  0.2038713829586496
6.7  -0.08382733614057723  0.20375341484780934
6.71  -0.08516027253604333  0.20363494532074422
6.72  -0.08648856646407688  0.20351597466899557
6.73  -0.08781214551343372  0.20339650318533795
6.74  -0.08913093752989817  0.20327653116377836
6.75  -0.09044487062021808  0.20315605889955562
6.76  -0.09175387315602249  0.20303508668913972
6.7700000000000005  -0.0930578737777273  0.20291361483023074
6.78  -0.09435680139842452  0.2027916436217584
6.79  -0.09565058520775908  0.20266917336388143
6.8  -0.09693915467578748  0.2025462043579865
6.8100000000000005  -0.09822243955682351  0.20242273690668772
6.82  -0.09950036989326695  0.20229877131382576
6.83  -0.10077287601941856  0.20217430788446727
6.84  -0.10203988856527657  0.20204934692490392
6.8500000000000005  -0.10330133846031908  0.20192388874265182
6.86  -0.10455715693726855  0.20179793364645066
6.87  -0.10580727553584218  0.20167148194626303
6.88  -0.10705162610648247  0.2015445339532735
6.890000000000001  -0.10829014081407312  0.2014170899798881
6.9  -0.10952275214163634  0.20128915033973335
6.91  -0.11074939289401488  0.20116071534765556
6.92  -0.11196999620153356  0.20103178531972002
6.93  -0.1131844955236456  0.20090236057321031
6.94  -0.11439282465255965  0.20077244142662748
6.95  -0.11559491771684932  0.20064202819968913
6.96  -0.11679070918504393  0.20051112121332887
6.97  -0.117980133869201  0.20037972078969535
6.98  -0.11916312692845991  0.20024782725215146
6.99  -0.12033962387257677  0.20011544092527367
7.0  -0.12150956056543988  0.1999825621348512
7.01  -0.12267287322856624  0.19984919120788497
7.0200000000000005  -0.12382949844457848  0.19971532847258724
7.03  -0.12497937316066136  0.19958097425838045
7.04  -0.12612243469200035  0.19944612889589647
7.05  -0.1272586207251976  0.19931079271697594
7.0600000000000005  -0.12838786932166973  0.19917496605466717
7.07  -0.12951011892102346  0.1990386492432258
7.08  -0.13062530834441294  0.19890184261811342
7.09  -0.1317333767978737  0.198764546515997
7.1000000000000005  -0.1328342638756373  0.1986267612747483
7.11  -0.13392790956342376  0.19848848723344253
7.12  -0.13501425424171448  0.19834972473235796
7.13  -0.13609323868900103  0.19821047411297485
7.140000000000001  -0.1371648040850143  0.19807073571797462
7.15  -0.13822889201393032  0.19793050989123917
7.16  -0.13928544446755617  0.19778979697784982
7.17  -0.14033440384849083  0.19764859732408657
7.18  -0.1413757129732658  0.19750691127742734
7.19  -0.14240931507546215  0.1973647391865469
7.2  -0.14343515380880545  0.1972220814013161
7.21  -0.14445317325023704  0.1970789382728012
7.22  -0.1454633179029629  0.1969353101532627
7.23  -0.14646553269947904  0.19679119739615458
7.24  -0.14745976300457328  0.19664660035612366
7.25  -0.1484459546183039  0.19650151938900828
7.26  -0.14942405377895418  0.19635595485183788
7.2700000000000005  -0.1503940071659632  0.19620990710283176
7.28  -0.1513557619028326  0.1960633765013985
7.29  -0.1523092655600091  0.19591636340813484
7.3  -0.15325446615774274  0.19576886818482492
7.3100000000000005  -0.15419131216892049  0.19562089119443926
7.32  -0.1551197525218751  0.19547243280113408
7.33  -0.15603973660316944  0.1953234933702503
7.34  -0.15695121426035552  0.19517407326831243
7.3500000000000005  -0.15785413580470883  0.1950241728630281
7.36  -0.15874845201393628  0.19487379252328677
7.37  -0.1596341141348607  0.19472293261915902
7.38  -0.16051107388607772  0.19457159352189554
7.390000000000001  -0.16137928346058816  0.19441977560392631
7.4  -0.16223869552840378  0.19426747923885967
7.41  -0.1630892632391283  0.19411470480148138
7.42  -0.16393094022451063  0.1939614526677535
7.43  -0.16476368060097296  0.19380772321481388
7.44  -0.1655874389721119  0.1936535168209749
7.45  -0.16640217043117353  0.19349883386572264
7.46  -0.1672078305635011  0.193343674729716
7.47  -0.16800437544895666  0.19318803979478566
7.48  -0.16879176166431498  0.19303192944393316
7.49  -0.16956994628563102  0.1928753440613301
7.5  -0.17033888689057972  0.19271828403231697
7.51  -0.17109854156076876  0.19256074974340243
7.5200000000000005  -0.17184886888402368  0.19240274158226214
7.53  -0.17258982795664526  0.19224425993773797
7.54  -0.17332137838563982  0.19208530519983696
7.55  -0.1740434802909207  0.1919258777597304
7.5600000000000005  -0.17475609430748262  0.19176597800975287
7.57  -0.17545918158754759  0.19160560634340115
7.58  -0.17615270380268258  0.1914447631553335
7.59  -0.1768366231458891  0.19128344884136847
7.6000000000000005  -0.17751090233366412  0.19112166379848408
7.61  -0.1781755046080326  0.19095940842481657
7.62  -0.17883039373855145  0.19079668311965986
7.63  -0.17947553402428437  0.19063348828346416
7.640000000000001  -0.18011089029574837  0.1904698243178352
7.65  -0.18073642791683048  0.19030569162553324
7.66  -0.18135211278667676  0.1901410906104719
7.67  -0.18195791134155057  0.1899760216777174
7.68  -0.1825537905566625  0.18981048523348748
7.69  -0.18313971794797082  0.18964448168515025
7.7  -0.1837156615739522  0.18947801144122342
7.71  -0.18428159003734296  0.18931107491137317
7.72  -0.18483747248685095  0.18914367250641315
7.73  -0.18538327861883686  0.18897580463830346
7.74  -0.18591897867896678  0.1888074717201497
7.75  -0.1864445434638339  0.18863867416620186
7.76  -0.18695994432255061  0.1884694123918535
7.7700000000000005  -0.18746515315831036  0.1882996868136403
7.78  -0.18796014242991937  0.18812949784923955
7.79  -0.1884448851532981  0.1879588459174688
7.8  -0.18891935490295209  0.18778773143828498
7.8100000000000005  -0.1893835258134127  0.18761615483278316
7.82  -0.18983737258064703  0.18744411652319576
7.83  -0.1902808704634375  0.18727161693289146
7.84  -0.1907139952847304  0.18709865648637397
7.8500000000000005  -0.19113672343295415  0.18692523560928115
7.86  -0.19154903186330624  0.18675135472838406
7.87  -0.19195089809900956  0.18657701427158563
7.88  -0.19234230023253787  0.18640221466791979
7.890000000000001  -0.1927232169268098  0.18622695634755046
7.9  -0.19309362741635233  0.18605123974177037
7.91  -0.19345351150843257  0.185875065283
7.92  -0.19380284958415858  0.1856984334047866
7.930000000000001  -0.19414162259954923  0.1855213445418031
7.94  -0.19446981208657171  0.185343799129847
7.95  -0.194787400154149  0.18516579760583926
7.96  -0.1950943694891347  0.18498734040782347
7.97  -0.19539070335725708  0.18480842797496438
7.98  -0.19567638560403136  0.1846290607475471
7.99  -0.1959514006556402  0.184449239166976
8.0  -0.1962157335197828  0.18426896367577347
8.01  -0.1964693697864922  0.184088234717579
8.02  -0.19671229562892087  0.18390705273714802
8.03  -0.1969444978040943  0.1837254181803508
8.040000000000001  -0.19716596365363329  0.18354333149417115
8.05  -0.1973766811044434  0.1833607931267059
8.06  -0.19757663866937383  0.18317780352716315
8.07  -0.1977658254478432  0.18299436314586148
8.08  -0.19794423112643383  0.18281047243422888
8.09  -0.19811184597945405  0.18262613184480145
8.1  -0.1982686608694684  0.1824413418312225
8.11  -0.19841466724779563  0.18225610284824123
8.120000000000001  -0.19854985715497497  0.1820704153517117
8.13  -0.19867422322119974  0.1818842797985919
8.14  -0.19878775866671924  0.1816976966469422
8.15  -0.1988904573022085  0.1815106663559246
8.16  -0.19898231352910548  0.1813231893858015
8.17  -0.19906332233991622  0.18113526619793438
8.18  -0.19913347931848813  0.1809468972547829
8.19  -0.1991927806402504  0.18075808301990376
8.2  -0.19924122307242273  0.18056882395794932
8.21  -0.19927880397419137  0.18037912053466668
8.22  -0.19930552129685328  0.18018897321689653
8.23  -0.1993213735839277  0.1799983824725719
8.24  -0.1993263599712355  0.17980734877071702
8.25  -0.19932048018694642  0.17961587258144618
8.26  -0.1993037345515938  0.17942395437596262
8.27  -0.19927612397805713  0.17923159462655733
8.28  -0.19923764997151233  0.17903879380660798
8.290000000000001  -0.19918831462934958  0.1788455523905774
8.3  -0.19912812064105911  0.17865187085401302
8.31  -0.19905707128808448  0.1784577496735452
8.32  -0.1989751704436438  0.17826318932688615
8.33  -0.19888242257251845  0.17806819029282894
8.34  -0.19877883273080987  0.17787275305124617
8.35  -0.19866440656566373  0.17767687808308882
8.36  -0.19853915031496217  0.17748056587038502
8.370000000000001  -0.19840307080698374  0.17728381689623898
8.38  -0.19825617546003133  0.17708663164482977
8.39  -0.19809847228202732  0.17688901060140996
8.4  -0.1979299698700775  0.17669095425230472
8.41  -0.19775067741000216  0.17649246308491032
8.42  -0.1975606046758354  0.17629353758769312
8.43  -0.19735976202929226  0.1760941782501884
8.44  -0.1971481604192039  0.175894385562999
8.45  -0.19692581138092075  0.17569416001779417
8.46  -0.1966927270356835  0.17549350210730838
8.47  -0.1964489200899627  0.1752924123253402
8.48  -0.19619440383476552  0.17509089116675092
8.49  -0.19592919214491175  0.1748889391274634
8.5  -0.19565329947827706  0.17468655670446084
8.51  -0.19536674087500486  0.17448374439578565
8.52  -0.19506953195668664  0.17428050270053802
8.53  -0.19476168892551016  0.17407683211887492
8.540000000000001  -0.19444322856337612  0.1738727331520087
8.55  -0.19411416823098368  0.17366820630220603
8.56  -0.19377452586688365  0.17346325207278646
8.57  -0.19342431998650067  0.17325787096812126
8.58  -0.19306356968112395  0.17305206349363222
8.59  -0.19269229461686657  0.17284583015579041
8.6  -0.1923105150335932  0.1726391714621149
8.61  -0.19191825174381694  0.17243208792117154
8.620000000000001  -0.19151552613156433  0.17222458004257157
8.63  -0.19110236015121043  0.17201664833697064
8.64  -0.19067877632628114  0.17180829331606726
8.65  -0.19024479774822556  0.17159951549260183
8.66  -0.18980044807515756  0.171390315380355
8.67  -0.18934575153056565  0.17118069349414688
8.68  -0.18888073290199262  0.17097065034983533
8.69  -0.18840541753968426  0.17076018646431496
8.700000000000001  -0.18791983135520732  0.17054930235551571
8.71  -0.18742400082003713  0.17033799854240186
8.72  -0.18691795296411434  0.17012627554497028
8.73  -0.18640171537437136  0.16991413388424959
8.74  -0.18587531619322867  0.16970157408229855
8.75  -0.18533878411706062  0.169488596662205
8.76  -0.18479214839463093  0.16927520214808459
8.77  -0.18423543882549823  0.16906139106507923
8.78  -0.18366868575839176  0.16884716393935603
8.790000000000001  -0.1830919200895564  0.16863252129810594
8.8  -0.18250517326106935  0.16841746366954244
8.81  -0.18190847725912496  0.16820199158290036
8.82  -0.1813018646122916  0.16798610556843424
8.83  -0.18068536838973864  0.1677698061574175
8.84  -0.18005902219943296  0.1675530938821407
8.85  -0.17942286018630754  0.16733596927591052
8.86  -0.17877691703039975  0.16711843287304828
8.870000000000001  -0.17812122794496035  0.1669004852088887
8.88  -0.17745582867453522  0.1666821268197787
8.89  -0.17678075549301517  0.16646335824307582
8.9  -0.17609604520165925  0.16624418001714697
8.91  -0.17540173512708862  0.16602459268136732
8.92  -0.17469786311925162  0.16580459677611872
8.93  -0.17398446754936023  0.16558419284278852
8.94  -0.17326158730779848  0.1653633814237681
8.950000000000001  -0.17252926180200195  0.1651421630624518
8.96  -0.1717875309543106  0.1649205383032352
8.97  -0.171036435199791  0.164698507691514
8.98  -0.17027601548403273  0.1644760717736829
8.99  -0.16950631326091645  0.16425323109713372
9.0  -0.16872737049035366  0.1640299862102545
9.01  -0.16793922963599955  0.16380633766242803
9.02  -0.16714193366293792  0.16358228600403033
9.03  -0.1663355260353392  0.16335783178642957
9.040000000000001  -0.1655200507140903  0.16313297556198444
9.05  -0.16469555215439977  0.16290771788404315
9.06  -0.16386207530337224  0.16268205930694166
9.07  -0.1630196655975596  0.1624560003860025
9.08  -0.1621683689604835  0.1622295416775335
9.09  -0.1613082318001321  0.1620026837388262
9.1  -0.16043930100642995  0.16177542712815482
9.11  -0.15956162394868195  0.16154777240477447
9.120000000000001  -0.15867524847299058  0.16131972012891996
9.13  -0.15778022289964885  0.1610912708618046
9.14  -0.15687659602050466  0.16086242516561858
9.15  -0.15596441709630154  0.16063318360352766
9.16  -0.1550437358539934  0.16040354673967172
9.17  -0.15411460248403366  0.16017351513916356
9.18  -0.15317706763763891  0.15994308936808727
9.19  -0.15223118242402794  0.159712269993497
9.200000000000001  -0.1512769984076348  0.1594810575834155
9.21  -0.1503145676052995  0.15924945270683286
9.22  -0.14934394248343058  0.1590174559337048
9.23  -0.1483651759551453  0.15878506783495164
9.24  -0.14737832137738602  0.1585522889824565
9.25  -0.14638343254801056  0.15831911994906434
9.26  -0.14538056370285976  0.15808556130858006
9.27  -0.144369769512801  0.1578516136357676
9.28  -0.14335110508074725  0.15761727750634819
9.290000000000001  -0.14232462593865372  0.1573825534969988
9.3  -0.14129038804449115  0.1571474421853513
9.31  -0.14024844777919354  0.15691194414999038
9.32  -0.13919886194358605  0.1566760599704525
9.33  -0.13814168775528807  0.15643979022722446
9.34  -0.13707698284559405  0.15620313550174178
9.35  -0.13600480525633177  0.15596609637638745
9.36  -0.13492521343669817  0.1557286734344904
9.370000000000001  -0.1338382662400726  0.15549086726032402
9.38  -0.13274402292081017  0.15525267843910506
9.39  -0.1316425431310089  0.15501410755699163
9.4  -0.13053388691725987  0.15477515520108215
9.41  -0.1294181147173731  0.1545358219594139
9.42  -0.12829528735708268  0.1542961084209613
9.43  -0.12716546604673123  0.15405601517563486
9.44  -0.12602871237793284  0.15381554281427934
9.450000000000001  -0.12488508832021498  0.15357469192867246
9.46  -0.12373465621764183  0.1533334631115236
9.47  -0.1225774787854138  0.15309185695647207
9.48  -0.1214136191064492  0.1528498740580858
9.49  -0.120243140627946  0.1526075150118599
9.5  -0.11906610715792237  0.15236478041421497
9.51  -0.11788258286173839  0.15212167086249603
9.52  -0.11669263225859823  0.15187818695497066
9.53  -0.11549632021803241  0.15163432929082776
9.540000000000001  -0.11429371195636198  0.1513900984701759
9.55  -0.11308487303314409  0.15114549509404224
9.56  -0.11186986934759569  0.1509005197643704
9.57  -0.11064876713500336  0.15065517308401963
9.58  -0.10942163296311151  0.1504094556567628
9.59  -0.10818853372849357  0.15016336808728528
9.6  -0.10694953665290531  0.14991691098118337
9.61  -0.10570470927962025  0.14967008494496262
9.620000000000001  -0.10445411946974684  0.14942289058603653
9.63  -0.10319783539853122  0.14917532851272514
9.64  -0.10193592555163768  0.14892739933425314
9.65  -0.10066845872141739  0.14867910366074888
9.66  -0.09939550400315755  0.1484304421032425
9.67  -0.09811713079131458  0.14818141527366452
9.68  -0.09683340877573118  0.14793202378484438
9.69  -0.09554440793783756  0.14768226825050895
9.700000000000001  -0.09425019854683525  0.14743214928528084
9.71  -0.09295085115586896  0.1471816675046773
9.72  -0.09164643659817712  0.14693082352510817
9.73  -0.09033702598323293  0.14667961796387471
9.74  -0.08902269069286683  0.14642805143916804
9.75  -0.08770350237737543  0.14617612457006746
9.76  -0.0863795329516153  0.14592383797653927
9.77  -0.085050854591083  0.1456711922794347
9.78  -0.08371753972797968  0.14541818810048898
9.790000000000001  -0.08237966104726313  0.14516482606231929
9.8  -0.08103729148268624  0.14491110678842367
9.81  -0.07969050421281862  0.14465703090317916
9.82  -0.07833937265705951  0.14440259903184044
9.83  -0.07698397047163455  0.1441478118005382
9.84  -0.07562437154558041  0.14389266983627766
9.85  -0.0742606499967171  0.14363717376693694
9.86  -0.07289288016760673  0.14338132422126562
9.870000000000001  -0.07152113662150139  0.14312512182888315
9.88  -0.07014549413827934  0.14286856722027738
9.89  -0.06876602771036577  0.1426116610268028
9.9  -0.06738281253864711  0.14235440388067916
9.91  -0.06599592402837035  0.1420967964149899
9.92  -0.06460543778503267  0.14183883926368043
9.93  -0.06321142961025969  0.14158053306155693
9.94  -0.06181397549767348  0.14132187844428443
9.950000000000001  -0.06041315162874876  0.14106287604838522
9.96  -0.05900903436866244  0.14080352651123776
9.97  -0.05760170026212721  0.14054383047107452
9.98  -0.05619122602922127  0.14028378856698087
9.99  -0.05477768856120503  0.14002340143889316
10.0  -0.053361164916329536  0.13976266972759735
