0.0  3.1993220237484996  5.822174399242873
0.005  3.2714751034395873  6.07153799682833
0.01  3.3421708553422063  6.310179320898306
0.015  3.4114372049200146  6.537711867771587
0.02  3.4793037285577966  6.7537687562859405
0.025  3.5458014374989264  6.958003346382882
0.03  3.610962557487125  7.150089821890691
0.035  3.6748203050515515  7.329723736508348
0.04  3.7374086613875903  7.496622522058194
0.045  3.798762144795283  7.650525958141897
0.05  3.8589155826429646  7.791196602402673
0.055  3.917903883825401  7.918420180666195
0.06  3.9757618126835794  8.032005936303625
0.065  4.032523765347177  8.131786938232102
0.07  4.088223549450768  8.217620347041048
0.075  4.142894168161034  8.28938763880643
0.08  4.1965676094345685  8.3469947862297
0.085  4.24927464140457  8.390372396813309
0.09  4.301044614769696  8.41947580786018
0.095  4.351905273029818  8.434285138160687
0.1  4.401882571381469  8.434805296306543
0.105  4.451000505050467  8.421065945647458
0.11  4.499280947800756  8.393121425982338
0.115  4.54674350131707  8.351050632152878
0.12  4.593405356114655  8.29495684978284
0.125  4.639281164582331  8.224967548481501
0.13  4.6843829267156565  8.1412341329042
0.135  4.728719889045157  8.043931652136703
0.14  4.772298457210744  7.9332584679429505
0.145  4.815122122577622  7.80943588248773
0.15  4.857191403231592  7.672707726216486
0.155  4.898503799632819  7.523339906644143
0.16  4.93905376514703  7.36161991887287
0.165  4.978832691612154  7.187856318725484
0.17  5.0178289100366475  7.00237815944625
0.17500000000000002  5.056027706463535  6.805534392984188
0.18  5.093411352971835  6.597693236935595
0.185  5.129959153724548  6.379241508282036
0.19  5.165647505910353  6.150583925117728
0.195  5.200449975364437  5.9121423776155995
0.2  5.234337386593165  5.664355169534587
0.20500000000000002  5.267277926867359  5.407676231621568
0.21  5.29923726399042  5.142574308309881
0.215  5.330178677290455  4.869532119162248
0.22  5.360063201330081  4.589045496549465
0.225  5.3888497817742715  4.301622501096864
0.23  5.416495442805156  4.007782516468625
0.23500000000000001  5.442955465423846  3.708055325095327
0.24  5.468183575932919  3.4029801664824015
0.245  5.492132143849539  3.0931047797668048
0.25  5.51475238845848  2.7789844322156547
0.255  5.535994593176641  2.4611809353842418
0.26  5.555808326866261  2.1402616506712278
0.265  5.574142671202977  1.8167984860264035
0.27  5.590946453177386  1.4913668855807165
0.275  5.606168481784802  1.1645448139794232
0.28  5.619757787937807  0.836911737207412
0.28500000000000003  5.63166386661973  0.50904760170069
0.29  5.641836920284749  0.1815318135396976
0.295  5.650228102501728  -0.14505778048115459
0.3  5.656789760834319  -0.4701459081178193
0.305  5.661475677949239  -0.7931608814927991
0.31  5.664241309948096  -1.1135355996917187
0.315  5.665044020925506  -1.4307085423828618
0.32  5.663843312767648  -1.744124752719261
0.325  5.660601049220773  -2.053236807802892
0.33  5.655281673278321  -2.357505775013657
0.335  5.647852416958412  -2.65640215253179
0.34  5.638283502570211  -2.949406792411356
0.34500000000000003  5.6265483345980085  -3.2360118045942694
0.35000000000000003  5.612623681365913  -3.5157214402888814
0.355  5.596489845683206  -3.788052953174617
0.36  5.578130823711066  -4.052537436934186
0.365  5.557534451335025  -4.3087206376574585
0.37  5.53469253737407  -4.556163739706512
0.375  5.509600983006696  -4.7944441236787885
0.38  5.482259886846088  -5.023156095155427
0.385  5.452673635150939  -5.241911582974136
0.39  5.420850976714827  -5.450340805820409
0.395  5.386805082035442  -5.648092905987456
0.4  5.3505535864251  -5.834836549213762
0.405  5.312118616785504  -6.010260489567678
0.41000000000000003  5.27152680183265  -6.174074098410487
0.41500000000000004  5.22880926562146  -6.3260078565334705
0.42  5.184001604284494  -6.4658138086296875
0.425  5.137143845964041  -6.5932659793281845
0.43  5.088280393982364  -6.7081607500864004
0.435  5.03745995336013  -6.810317196305968
0.44  4.984735440858237  -6.89957738410743
0.445  4.930163878782785  -6.975806626270866
0.45  4.873806272856773  -7.038893696921489
0.455  4.815727474524945  -7.0887510046122655
0.46  4.755996028119759  -7.125314723528949
0.465  4.694684003376466  -7.148544882616839
0.47000000000000003  4.631866813843704  -7.158425412502791
0.47500000000000003  4.567623021792273  -7.154964150160241
0.48  4.502034130279016  -7.1381928013395335
0.485  4.4351843630744465  -7.108166860860023
0.49  4.367160433211974  -7.064965490934629
0.495  4.2980513009629515  -7.008691357771102
0.5  4.227947922085078  -6.939470426767686
0.505  4.1569429872320836  -6.857451716693381
0.51  4.085130653449347  -6.7628070133149745
0.515  4.012606268713681  -6.6557305430040685
0.52  3.939466090505328  -6.536438606927382
0.525  3.8658069994262756  -6.405169176492574
0.53  3.7917262089014017  -6.262181450789587
0.535  3.7173209720172316  -6.107755376833836
0.54  3.6426882865675356  -5.942191133482573
0.545  3.5679245993852415  -5.76580857995905
0.55  3.4931255110464314  -5.578946669980804
0.555  3.4183854820341493  -5.381962832548192
0.56  3.3437975414477736  -5.17523232050741
0.5650000000000001  3.2694529993373878  -4.959147528058052
0.5700000000000001  3.1954411637322675  -4.734117278429257
0.5750000000000001  3.1218490634181357  -4.500566083000139
0.58  3.0487611774992596  -4.258933373189657
0.585  2.976259172759077  -4.0096727064880175
0.59  2.9044216498065407  -3.753250948046592
0.595  2.833323898965158  -3.490147429284989
0.6  2.763037666827895  -3.2208530850138746
0.605  2.6936309343635036  -2.9458695706086533
0.61  2.6251677074190014  -2.665708360803409
0.615  2.5577078204187726  -2.380889831705734
0.62  2.4913067540135314  -2.0919423276616973
0.625  2.426015467382002  -1.7994012146256662
0.63  2.3618802458352883  -1.503807921712533
0.635  2.2989425643182617  -1.2057089726295345
0.64  2.237238967344421  -0.9056550087016343
0.645  2.176800965840647  -0.6041998052181186
0.65  2.11765495131633  -0.3018992828387095
0.655  2.0598221277077844  0.0006894841947912567
0.66  2.003318461183814  0.3030092612910019
0.665  1.9481546481321228  0.604503646433597
0.67  1.8943361014791487  0.9046180610478511
0.675  1.8418629554280712  1.2028007370635039
0.68  1.7907300886316297  1.4985036984361966
0.685  1.7409271657479004  1.7911837354003959
0.6900000000000001  1.6924386972590977  2.0803033697408155
0.6950000000000001  1.6452441173654306  2.3653318093859337
0.7000000000000001  1.5993178796988856  2.645745890647214
0.705  1.5546295705354596  2.921031006450258
0.71  1.5111440391189919  3.190682018929922
0.715  1.4688215446460928  3.45420415478961
0.72  1.4276179193993053  3.71111388185668
0.725  1.3874847474553078  3.9609397652994893
0.73  1.348369558336806  4.203223302008535
0.735  1.3102160349207046  4.437519731683358
0.74  1.2729642348618602  4.663398823208749
0.745  1.2365508247410202  4.880445634948007
0.75  1.2009093260978285  5.088261247627788
0.755  1.1659703724652295  5.286463468537961
0.76  1.1316619764802383  5.474687505821119
0.765  1.0979098061082189  5.652586611679671
0.77  1.064637468983574  5.8198326933837805
0.775  1.031766803839135  5.976116891020679
0.78  0.9992181779699548  6.12115012098494
0.785  0.9669107896543647  6.254663584270098
0.79  0.9347629744364981  6.376409238684441
0.795  0.902692514159912  6.486160234177648
0.8  0.870616947631398  6.583711310530314
0.805  0.8384538817879988  6.668879156724935
0.81  0.8061213022380712  6.741502731384604
0.8150000000000001  0.7735378820496676  6.80144354373457
0.8200000000000001  0.7406232876658168  6.8485858946113085
0.8250000000000001  0.7072984808370663  6.882837077114358
0.8300000000000001  0.6734860154765103  6.9041275365672
0.835  0.6391103283614039  6.912410989525237
0.84  0.6040980226285977  6.907664501640905
0.845  0.5683781430378896  6.889888524268402
0.85  0.5318824420082642  6.859106889763031
0.855  0.4945456354665553  6.815366765502732
0.86  0.4563056475861827  6.758738566731838
0.865  0.41710384353528257  6.689315828399338
0.87  0.3768852493984711  6.60721503623593
0.875  0.3355987584845035  6.512575417385437
0.88  0.2931973232831727  6.405558690977133
0.885  0.24963813238846722  6.286348779095563
0.89  0.20488277176139985  6.1551514786737656
0.895  0.15889736976454646  6.012194094904085
0.9  0.11165272546106714  5.857725036827977
0.905  0.06312441973370589  5.692013375832327
0.91  0.013292908843485995  5.515348367844338
0.915  -0.03785639988644862  5.3280389400805355
0.92  -0.090333090509537  5.130413143266994
0.925  -0.14414169919706138  4.922817570308112
0.93  -0.19928169339350477  4.705616742439539
0.935  -0.25574746942891624  4.479192463957423
0.9400000000000001  -0.31352836856216526  4.243943146670591
0.9450000000000001  -0.37260871136039925  4.00028310527489
0.9500000000000001  -0.43296785025159923  3.748641824899239
0.9550000000000001  -0.4945802400194667  3.4894632021210645
0.96  -0.5574155259432566  3.2232047607946885
0.965  -0.6214386492194623  2.9503368440797386
0.97  -0.6866099692382568  2.671341784097482
0.975  -0.7528854022250866  2.38671305068174
0.98  -0.8202165756972372  2.096954380726726
0.985  -0.8885509981268269  1.8025788896673463
0.99  -0.9578322431455764  1.5041081666583889
0.995  -1.028000147573219  1.2020713550461912
1.0  -1.0989910225007147  0.8970042197520479
1.0050000000000001  -1.170737876611629  0.5894482032079816
1.01  -1.243170650880442  0.2799494715054901
1.0150000000000001  -1.3162164637452531  -0.03094204756662855
1.02  -1.3897998658144235  -0.3426736329050537
1.025  -1.4638431031326007  -0.6546907431954848
1.03  -1.5382663880008702  -0.9664379930289339
1.035  -1.6129881763192717  -1.2773601303187887
1.04  -1.6879254503971874  -1.5869030133053799
1.045  -1.7629940061582519  -1.8945145854355734
1.05  -1.8381087436521426  -2.1996458464107667
1.055  -1.9131839597748472  -2.5017518177028535
1.06  -1.9881336420930174  -2.8002925008494772
1.065  -2.062871762665767  -3.0947338268523508
1.07  -2.137312570759593  -3.3845485950197465
1.075  -2.211370883358326  -3.669217399612713
1.08  -2.284962372380638  -3.9482295426775407
1.085  -2.358003847532225  -4.2210839314712025
1.09  -2.4304135337385486  -4.4872899589149995
1.095  -2.5021113421266583  -4.746368365541357
1.1  -2.5730191335513517  -4.997852081432671
1.105  -2.6430609736911004  -5.241287046685881
1.11  -2.712163378773548  -5.476233008975821
1.115  -2.7802555510276594  -5.702264296830123
1.12  -2.847269603000891  -5.918970567272423
1.125  -2.9131407699237606  -6.125957526535484
1.1300000000000001  -2.9778076093516255  -6.3228476225940895
1.135  -3.0412121873635174  -6.509280708316958
1.1400000000000001  -3.10330025065083  -6.6849146740893755
1.145  -3.164021383883813  -6.849426048811632
1.1500000000000001  -3.223329151801553  -7.002510568234696
1.155  -3.2811812255305073  -7.143883709651673
1.16  -3.3375394926982653  -7.27328119202323
1.165  -3.39237015097195  -7.390459440675798
1.17  -3.445643784715082  -7.495196015773648
1.175  -3.4973354245220385  -7.587290003829922
1.18  -3.547424589455334  -7.666562371586148
1.185  -3.5958953118777486  -7.732856281656247
1.19  -3.642736144838297  -7.78603736939778
1.195  -3.6879401520381263  -7.825993980541413
1.2  -3.731504880469273  -7.852637369178081
1.205  -3.773432315885633  -7.86590185577293
1.21  -3.8137288213310967  -7.865744944944918
1.215  -3.852405059014555  -7.852147402821353
1.22  -3.8894758958849147  -7.825113293847342
1.225  -3.9249602933212895  -7.7846699770008065
1.23  -3.958881181413721  -7.730868061434705
1.235  -3.9912653183683386  -7.66378132163879
1.24  -4.022143135626849  -7.583506572283838
1.245  -4.051548569344227  -7.490163502981492
1.25  -4.0795188789196635  -7.383894473262719
1.2550000000000001  -4.106094453324336  -7.264864268147009
1.26  -4.131318606015059  -7.13325981474309
1.2650000000000001  -4.155237359265321  -6.989289860389523
1.27  -4.177899218784287  -6.8331846129105
1.2750000000000001  -4.1993549395300445  -6.665195343627695
1.28  -4.219657283655468  -6.4855939538339
1.285  -4.2388607715535604  -6.29467250549718
1.29  -4.2570214269936875  -6.092742717026473
1.295  -4.27419651736092  -5.880135424990024
1.3  -4.290444290027518  -5.657200012736537
1.305  -4.305823705898354  -5.42430380692675
1.31  -4.320394171180764  -5.1818314430378045
1.315  -4.334215268434024  -4.9301842009569645
1.32  -4.3473464879541295  -4.669779311832089
1.325  -4.3598469605460055  -4.4010492373964105
1.33  -4.371775192727677  -4.124440923031749
1.335  -4.383188805399177  -3.840415025880093
1.34  -4.394144276993373  -3.549445119355509
1.345  -4.4046966921062625  -3.2520168754494696
1.35  -4.414899496580842  -2.9486272262597764
1.355  -4.424804259991509  -2.6397835062096617
1.36  -4.43446044644509  -2.326002576455352
1.365  -4.443915194580317  -2.0078099330117003
1.37  -4.453213107609799  -1.685738800152049
1.375  -4.462396054207728  -1.3603292106641014
1.3800000000000001  -4.471502981002428  -1.0321270745648148
1.385  -4.480569737386165  -0.7016832378973745
1.3900000000000001  -4.489628913304977  -0.3695525332488082
1.395  -4.498709690639231  -0.03629282364122233
1.4000000000000001  -4.507837708731391  0.297535958540647
1.405  -4.517034944560882  0.6313727759142033
1.41  -4.526319608007887  0.9646564520808586
1.415  -4.535706052587806  1.2968266375470863
1.42  -4.5452047019770045  1.627324773908068
1.425  -4.554821992587977  1.9555950546217122
1.43  -4.564560332388708  2.2810853807067346
1.435  -4.574418076097138  2.6032483097092878
1.44  -4.584389516817157  2.921541996294314
1.445  -4.594464894118103  3.2354311228341133
1.45  -4.604630418495327  3.5443878183841173
1.455  -4.614868312085264  3.8478925644577235
1.46  -4.625156865445092  4.145435086035129
1.465  -4.635470510144373  4.436515226268396
1.47  -4.645779906854649  4.7206438033734175
1.475  -4.65605204856274  4.997343448232114
1.48  -4.666250378474971  5.266149421261535
1.485  -4.676334922122664  5.526610407144552
1.49  -4.6862624331246066  5.778289286054984
1.495  -4.695986552009524  6.020763880052494
1.5  -4.705457977451556  6.253627673365833
1.5050000000000001  -4.714624649224274  6.476490505329715
1.51  -4.723431942134049  6.688979234788164
1.5150000000000001  -4.7318228701519764  6.890738374828116
1.52  -4.739738299924928  7.081430696758604
1.5250000000000001  -4.74711717281119  7.26073780230544
1.53  -4.753896734554131  7.428360663046684
1.5350000000000001  -4.7600127716792855  7.584020126171988
1.54  -4.765399853675382  7.727457385707635
1.545  -4.76999157999919  7.858434418409794
1.55  -4.7737208309267585  7.976734383590154
1.555  -4.776520021260644  8.082161986201267
1.56  -4.778321355893359  8.174543802573092
1.565  -4.779057086221999  8.253728568257324
1.57  -4.778659766407724  8.319587427502393
1.575  -4.777062508476422  8.372014143948691
1.58  -4.774199235263487  8.410925272201315
1.585  -4.770004930216293  8.43626029000558
1.59  -4.7644158830821945  8.447981690819201
1.595  -4.7573699305284505  8.446075036643844
1.6  -4.748806690762186  8.43054897104777
1.605  -4.738667791244373  8.40143519238049
1.61  -4.726897088620929  8.35878838724932
1.615  -4.71344088002676  8.302686124396729
1.62  -4.698248104954445  8.233228709185877
1.625  -4.681270536918391  8.150538998970099
1.6300000000000001  -4.662462964187395  8.054762179689572
1.635  -4.641783358903439  7.946065504105705
1.6400000000000001  -4.6191930339520475  7.824637992149789
1.645  -4.594656786999693  7.690690093928149
1.6500000000000001  -4.568143031165783  7.5444533159901965
1.655  -4.539623911851223  7.3861798115293755
1.6600000000000001  -4.50907540930157  7.216141935248847
1.665  -4.476477426540553  7.034631763684857
1.67  -4.441813862368806  6.841960581839879
1.675  -4.405072669182817  6.638458337035678
1.68  -4.366245895430346  6.424473060952616
1.685  -4.325329712580107  6.2003702608759825
1.69  -4.282324426545894  5.966532281223167
1.695  -4.2372344735674154  5.723357636475848
1.7  -4.1900684006125575  5.471260316690762
1.705  -4.14083883042739  5.2106690668088405
1.71  -4.089562411421852  4.942026641027686
1.715  -4.036259752639154  4.665789033544185
1.72  -3.9809553441166803  4.3824246870147725
1.725  -3.92367746300397  4.092413680117876
1.73  -3.864458065860104  3.7962468956393196
1.735  -3.803332667607474  3.494425170533099
1.74  -3.74034020767188  3.187458429441469
1.745  -3.6755229038893944  2.8758648031848333
1.75  -3.608926094808747  2.5601697337579488
1.7550000000000001  -3.540598071063636  2.240905067390364
1.76  -3.4705898965323367  1.9186081372496022
1.7650000000000001  -3.398955220041832  1.5938208373815435
1.77  -3.325750078410783  1.267088689497439
1.7750000000000001  -3.2510326916591676  0.9389599042274643
1.78  -3.1748632512428228  0.6099844384700194
1.7850000000000001  -3.0973037021978844  0.280713050470795
1.79  -3.01841752010348  -0.04830364573079776
1.795  -2.93826948379047  -0.3765161248508293
1.8  -2.856925444739895  -0.7033768922712929
1.805  -2.774452094126862  -1.028341421683106
1.81  -2.6909167284735487  -1.3508690868417732
1.815  -2.6063870148795094  -1.670424085826631
1.82  -2.5209307567974886  -1.9864763562094643
1.825  -2.434615661319741  -2.2985024795542937
1.83  -2.347509108931961  -2.6059865736906342
1.835  -2.2596779266810243  -2.9084211712239654
1.84  -2.171188165687233  -3.205308082772884
1.845  -2.0821048839131024  -3.4961592434492235
1.85  -1.9924919350780148  -3.7804975411282955
1.855  -1.902411764581945  -4.057857625088088
1.86  -1.8119252132717576  -4.327786693632409
1.865  -1.7210913298506605  -4.5898452593492625
1.87  -1.6299671926950283  -4.843607890696463
1.875  -1.538607741803588  -5.088663928647633
1.8800000000000001  -1.4470656215615485  -5.324618177176694
1.885  -1.3553910349574647  -5.551091566404364
1.8900000000000001  -1.2636316098427125  -5.767721787279254
1.895  -1.1718322777737817  -5.974163896715556
1.9000000000000001  -1.080035165925143  -6.170090892162005
1.905  -0.988279502506479  -6.355194254629943
1.9100000000000001  -0.8966015360619572  -6.529184459264261
1.915  -0.8050344689719684  -6.691791452597469
1.92  -0.7136084054187634  -6.842765095685898
1.925  -0.6223503140177052  -6.981875572386565
1.93  -0.5312840052551158  -7.1089137620943905
1.935  -0.4404301238123447  -7.223691576321515
1.94  -0.3498061557942267  -7.326042258563488
1.945  -0.25942645081807414  -7.415820646961597
1.95  -0.16930225885813532  -7.492903399334931
1.955  -0.07944178167878913  -7.5571891802219096
1.96  0.010149761370356725  -7.608598809636764
1.965  0.09947005348438609  -7.647075373313322
1.97  0.18851958680318515  -7.672584294275323
1.975  0.27730155548437696  -7.685113365639766
1.98  0.36582173590714473  -7.684672744627072
1.985  0.4540883545190463  -7.6712949078192025
1.99  0.5421119438894787  -7.645034567774091
1.995  0.6299051875832559  -7.605968551171704
2.0  0.7174827545146897  -7.554195638733683
2.005  0.8048611234873232  -7.4898363672246795
2.0100000000000002  0.8920583986658838  -7.413032793909107
2.015  0.9790941167659907  -7.323948223901931
2.02  1.0659890467827364  -7.222766900915998
2.025  1.1527649831114348  -7.109693661972088
2.0300000000000002  1.2394445329429784  -6.98495355669926
2.035  1.3260508988414363  -6.8487914319149805
2.04  1.4126076574336093  -6.7014714822332735
2.045  1.4991385351578232  -6.543276767508689
2.05  1.5856671820340495  -6.3745086979798
2.055  1.6722169444274386  -6.195486488032341
2.06  1.758810637783986  -6.006546579555169
2.065  1.8454703203197127  -5.808042035914879
2.07  1.9322170686431228  -5.600341907624821
2.075  2.0190707562855543  -5.383830570832945
2.08  2.106049836104678  -5.158907039799274
2.085  2.193171127513354  -4.925984254577486
2.09  2.280449609468773  -4.6854883451587535
2.095  2.3678982201363103  -4.437857873374177
2.1  2.4555276641177355  -4.183543053891648
2.105  2.5433462281055297  -3.9230049556764994
2.11  2.6313596057930986  -3.656714685320383
2.115  2.7195707328359298  -3.385152553671155
2.12  2.8079796326201985  -3.1088072272266483
2.125  2.8965832735540986  -2.8281748657785433
2.13  2.985375438552627  -2.543758247817591
2.1350000000000002  3.074346607339545  -2.256065885229987
2.14  3.163483852140393  -1.9656111288328768
2.145  3.2527707472884373  -1.6729112663121155
2.15  3.3421872932108503  -1.378486614136891
2.1550000000000002  3.4317098552063094  -1.0828596050360646
2.16  3.5213111173669156  -0.7865538726266701
2.165  3.6109600519379343  -0.4900933347899462
2.17  3.7006219043474884  -0.19400127739051776
2.1750000000000003  3.7902581940767726  0.10120056006644007
2.18  3.879826731478123  0.394992895250726
2.185  3.96928165058516  0.6868598087120923
2.19  4.058573457895084  0.9762896429022399
2.195  4.147649097039744  1.2627758929533348
2.2  4.236452029198095  1.5458180876683931
2.205  4.324922329039617  1.8249226591968575
2.21  4.412996795925612  2.09960379988894
2.215  4.500609080033549  2.3693843048461525
2.22  4.587689823009271  2.6337963987105226
2.225  4.674166812692602  2.892382545264281
2.23  4.7599651514046775  3.144696238441618
2.235  4.845007437229393  3.3903027733880995
2.24  4.929213957668136  3.628779996238122
2.245  5.012502894995594  3.8597190313194947
2.25  5.094790542595844  4.082724984533463
2.255  5.175991531511775  4.297417621701286
2.2600000000000002  5.256019066397876  4.503432020712275
2.265  5.334785170026369  4.700419196354752
2.27  5.412200935459793  4.888046696759929
2.275  5.4881767849696494  5.065999170437488
2.2800000000000002  5.562622734750803  5.233978902935081
2.285  5.635448664454982  5.391706322205703
2.29  5.706564590544218  5.538920471823485
2.295  5.775880942446065  5.675379451243154
2.3000000000000003  5.843308840477944  5.800860822357853
2.305  5.9087603744967785  5.9151619816676675
2.31  5.972148882223544  6.01810049743259
2.315  6.033389226189268  6.109514411243803
2.32  6.0923980682506516  6.189262503510365
2.325  6.149094140628627  6.257224522420702
2.33  6.203398512432772  6.313301376002458
2.335  6.255234850647995  6.3574152869686404
2.34  6.304529674577261  6.389509910102621
2.345  6.351212602755764  6.409550412000224
2.35  6.3952165913770544  6.4175235130524095
2.355  6.436478163300833  6.413437491617978
2.36  6.4749376267446435  6.397322150401432
2.365  6.510539282798135  6.369228745116869
2.37  6.543231620938054  6.329229875584443
2.375  6.572967501765153  6.277419339470978
2.38  6.599704326230078  6.213911948951492
2.3850000000000002  6.623404190664292  6.138843310632435
2.39  6.644034026983745  6.0523695691414305
2.395  6.6615657274871785  5.954667114851157
2.4  6.67597625372746  5.84593225626714
2.4050000000000002  6.687247728993053  5.726380857670668
2.41  6.695367513997251  5.596247942667786
2.415  6.7003282654350675  5.455787264354734
2.42  6.7021279771312345  5.305270842867552
2.4250000000000003  6.700770003567747  5.144988471140338
2.43  6.6962630656450575  4.975247189751055
2.435  6.688621238597573  4.796370731787671
2.44  6.677863922050967  4.608698938718607
2.445  6.664015792275937  4.4125871483019905
2.45  6.6471067367600485  4.208405555615943
2.455  6.627171771285919  3.9965385483384526
2.46  6.60425093977014  3.7773840174499793
2.465  6.578389197182506  3.551352644573671
2.47  6.549636275929261  3.318867167208849
2.475  6.51804653614685  3.080361623150381
2.48  6.4836788004138075  2.836280575423218
2.485  6.446596173447828  2.5870783190938065
2.49  6.406865847412322  2.333218071351924
2.495  6.364558893511754  2.0751711462839477
2.5  6.319750040607609  1.8134161157856192
2.505  6.272517441636704  1.5484379580851058
2.5100000000000002  6.222942428660349  1.2807271953686772
2.515  6.171109257416913  1.0107790220194433
2.52  6.117104842290722  0.7390924249947044
2.525  6.061018482647695  0.46616929788221245
2.5300000000000002  6.0029415815214975  0.19251355018376315
2.535  5.942967357664217  -0.0813697866153962
2.54  5.881190552001427  -0.3549754546302808
2.545  5.817707129554149  -0.6277988652470781
2.5500000000000003  5.752613977908094  -0.8993369933183197
2.555  5.6860086033250345  -1.1690892683201
2.56  5.6179888256010395  -1.436558460917435
2.565  5.54865247278238  -1.701251563389777
2.57  5.478097076851388  -1.962680662382424
2.575  5.406419571492279  -2.2203638024615318
2.58  5.333715993040019  -2.4738258389678056
2.585  5.260081185704562  -2.722599278683622
2.59  5.18560851214775  -2.966225106848206
2.595  5.110389570470952  -3.2042535990820236
2.6  5.034513918648535  -3.4362451168060764
2.605  4.958068807414971  -3.6617708847729897
2.61  4.881138922582768  -3.880413749356183
2.615  4.803806137733552  -4.091768916279425
2.62  4.726149278186543  -4.295444666503233
2.625  4.648243897106991  -4.491063049024893
2.63  4.5701620645722  -4.678260549387441
2.6350000000000002  4.491972170364748  -4.856688732737003
2.64  4.4137387412115014  -5.026014860311932
2.645  4.335522273133111  -5.185922478293398
2.65  4.257379079512834  -5.33611197799603
2.6550000000000002  4.179361155434368  -5.476301126426643
2.66  4.101516058778142  -5.606225566291549
2.665  4.023886808502562  -5.725639284585652
2.67  3.9465118004726953  -5.834315048951844
2.6750000000000003  3.8694247411332086  -5.932044811055012
2.68  3.7926545992554894  -6.018640076272977
2.685  3.7162255759212854  -6.093932239064877
2.69  3.640157092837028  -6.157772883437717
2.695  3.5644637990039674  -6.210034047992311
2.7  3.4891555957009097  -6.2506084550916565
2.705  3.4142376796672465  -6.279409703757249
2.71  3.3397106043060503  -6.296372425961796
2.715  3.2655703586593523  -6.301452406050638
2.72  3.191808463840858  -6.294626663088131
2.725  3.1184120865463205  -6.275893495989892
2.73  3.0453641691972204  -6.245272491366247
2.735  2.972643576211464  -6.202804494067248
2.74  2.9002252558341546  -6.148551540484226
2.745  2.8280804169031173  -6.082596754727648
2.75  2.7561767198680416  -6.00504420786544
2.755  2.684478481328569  -5.9160187404700535
2.7600000000000002  2.6129468913061893  -5.815665748786297
2.765  2.541540242417099  -5.704150934895088
2.77  2.4702141700684743  -5.581660021310434
2.775  2.398921902759969  -5.448398430509279
2.7800000000000002  2.327614521533925  -5.304590929953859
2.785  2.256241227584241  -5.150481243226903
2.79  2.1847496170031033  -4.98633162795771
2.795  2.113085961618605  -4.812422421275985
2.8000000000000003  2.041195494853759  -4.6290515535851915
2.805  1.9690227015187187  -4.436534031503399
2.81  1.8965116104339705  -4.235201390871648
2.815  1.8236060887720875  -4.02540112078319
2.82  1.7502501369993795  -3.8074960596356267
2.825  1.6763881832975758  -3.5818637642576383
2.83  1.60196537634764  -3.348895853208011
2.835  1.5269278753650284  -3.1089973253889713
2.84  1.4512231362864707  -2.862585855159901
2.845  1.3748001930232607  -2.6100910651763325
2.85  1.29760993271577  -2.351953778219542
2.855  1.2196053639465056  -2.088625249316399
2.86  1.1407418768966477  -1.820566379485399
2.865  1.0609774944618673  -1.5482469124743246
2.87  0.9802731133777911  -1.2721446158865237
2.875  0.8985927344439473  -0.9927444481175303
2.88  0.81590368097656  -0.7105377125507022
2.8850000000000002  0.7321768046656931  -0.4260212004801086
2.89  0.647386678060243  -0.13969632425047185
2.895  0.5615117729549695  0.14793175788078705
2.9  0.4745346240081085  0.4363550236391588
2.9050000000000002  0.3864419769734882  0.7250634738544222
2.91  0.2972249209902609  1.01354602326771
2.915  0.2068790044333793  1.3012913934768495
2.92  0.11540433389063526  1.5877890064697882
2.9250000000000003  0.02280565589607858  1.872529877194086
2.93  -0.07090757888532367  2.155007503613232
2.935  -0.16572116926023162  2.434718752703886
2.94  -0.26161613506778314  2.7111647408560753
2.945  -0.35856870680241804  2.9838517071473962
2.95  -0.4565503333335188  3.2522918779751575
2.955  -0.5555277076890388  3.516004321545353
2.96  -0.6554628108018401  3.774515790734528
2.965  -0.7563129730498597  4.027361552861327
2.97  -0.8580309533546218  4.274086204926499
2.975  -0.9605650355361223  4.514244472906221
2.98  -1.0638591415579826  4.747401993710231
2.985  -1.1678529612330069  4.97313607844711
2.99  -1.2724820978978686  5.1910364556705755
2.995  -1.3776782295061512  5.400705993316292
3.0  -1.4833692845312743  5.601761398074555
3.005  -1.5894796320158606  5.793833890984042
3.0100000000000002  -1.6959302850515008  5.976569858072392
3.015  -1.802639116923174  6.149631474912761
3.02  -1.9095210891061036  6.312697304011062
3.025  -2.0164884902585203  6.465462863984328
3.0300000000000002  -2.1234511853144085  6.6076411695410595
3.035  -2.230316873742704  6.738963241323292
3.04  -2.3369913560067586  6.859178584723724
3.045  -2.4433788072280254  6.968055636843387
3.0500000000000003  -2.5493820570323136  7.065382180811817
3.055  -2.6549028745354453  7.1509657267468505
3.06  -2.7598422574071457  7.224633858689993
3.065  -2.8641007239383205  7.28623454691093
3.0700000000000003  -2.9675786070277144  7.335636425035694
3.075  -3.0701763489979115  7.37272903151294
3.08  -3.1717947961500763  7.397423014994916
3.085  -3.2723354919692484  7.409650303271888
3.09  -3.3717009678992813  7.409364235461649
3.095  -3.469795030617854  7.3965396572194875
3.1  -3.56652304475685  7.371172978797621
3.105  -3.661792210033143  7.33328219584746
3.11  -3.755511831777655  7.28290687292233
3.115  -3.8475935838776385  7.2201080897027845
3.12  -3.9379517631780727  7.144968350031033
3.125  -4.0265035344221385  7.0575914539051485
3.13  -4.113169164848738  6.9581023326479166
3.1350000000000002  -4.197872247605959  6.8466468475286355
3.14  -4.280539913183713  6.723391552179329
3.145  -4.361103028116266  6.588523419209477
3.15  -4.439496380254742  6.442249531485068
3.1550000000000002  -4.515658849963072  6.284796738599083
3.16  -4.589533566645207  6.116411279120269
3.165  -4.661068050069  5.937358369266547
3.17  -4.730214336011047  5.747921758707154
3.1750000000000003  -4.79692908580755  5.548403254254723
3.18  -4.86117367945881  5.3391222122634625
3.185  -4.922914291998219  5.120415000604284
3.19  -4.982121952901175  4.892634431139773
3.1950000000000003  -5.038772588374805  4.656149163673292
3.2  -5.09284704643472  4.41134308239568
3.205  -5.144331104741394  4.158614645899947
3.21  -5.193215461234365  3.8983762118815077
3.215  -5.239495707668188  3.6310533376834613
3.22  -5.2831722862193  3.3570840578897476
3.225  -5.324250429396995  3.076918140207588
3.23  -5.362740083555269  2.791016320918877
3.235  -5.398655816364084  2.499849521215081
3.24  -5.432016708659063  2.2038980457638293
3.245  -5.46284623114755  1.903650764885291
3.25  -5.491172106505433  1.5996042817457243
3.255  -5.5170261574538655  1.2922620860008496
3.2600000000000002  -5.54044414145709  0.9821336953456691
3.265  -5.561465572732024  0.6697337864482026
3.27  -5.580133532307267  0.3555813167622305
3.275  -5.5964944669125956  0.04019863873196983
3.2800000000000002  -5.610597977520986  -0.2758893920877556
3.285  -5.622496598402363  -0.5921563134590244
3.29  -5.632245567582261  -0.9080749558939025
3.295  -5.639902589629006  -1.22311834354283
3.3000000000000003  -5.645527591719585  -1.5367605949881775
3.305  -5.649182473957515  -1.8484778223903926
3.31  -5.650930854934924  -2.1577490274392637
3.315  -5.650837813546311  -2.464056992565658
3.3200000000000003  -5.64896962807275  -2.7668891658796464
3.325  -5.645393513562257  -3.065738538309444
3.33  -5.640177358535469  -3.3601045114305874
3.335  -5.633389462044759  -3.649493754489682
3.34  -5.625098272110036  -3.9334210491456263
3.345  -5.6153721265456245  -4.211410120473146
3.35  -5.604278997179763  -4.4829944527954115
3.355  -5.591886238451428  -4.747718088940697
3.36  -5.57826034134877  -5.005136411543991
3.365  -5.5634666936288895  -5.254816905047724
3.37  -5.54756934723097  -5.496339897086842
3.375  -5.53063079376302  -5.729299277980794
3.38  -5.5127117489078845  -5.9533031970906105
3.3850000000000002  -5.493870946555712  -6.167974734840966
3.39  -5.474164943429087  -6.37295254924736
3.395  -5.453647934922732  -6.5678914958335
3.4  -5.432371582832727  -6.752463219869144
3.4050000000000002  -5.410384855600762  -6.9263567199062335
3.41  -5.387733881647091  -7.089278881641027
3.415  -5.364461816311649  -7.24095498118041
3.42  -5.3406087228671355  -7.3811291568436
3.4250000000000003  -5.316211468009874  -7.509564848684263
3.43  -5.29130363217524  -7.626045204974066
3.435  -5.265915434964077  -7.73037345494506
3.44  -5.240073675904842  -7.82237324714674
3.4450000000000003  -5.2138016907143285  -7.901888952832563
3.45  -5.187119323156826  -7.9687859338510325
3.455  -5.16004291253865  -8.022950774577719
3.46  -5.132585296812038  -8.064291477486048
3.465  -5.104755831199491  -8.092737622017847
3.47  -5.07656042218732  -8.108240486477452
3.475  -5.048001576675652  -8.110773132737037
3.48  -5.019078466011374  -8.10033045360486
3.485  -4.9897870045711485  -8.076929182772368
3.49  -4.960119942503641  -8.040607867320686
3.495  -4.9300669721836154  -7.9914268028314
3.5  -4.8996148478763155  -7.929467931211057
3.505  -4.868747518058046  -7.854834701403003
3.5100000000000002  -4.837446269788886  -7.767651893224178
3.515  -4.805689884485929  -7.66806540462809
3.52  -4.773454804400521  -7.5562420027579105
3.525  -4.740715309061117  -7.432369039216687
3.5300000000000002  -4.707443700904259  -7.296654130042511
3.535  -4.673610499280545  -7.1493248009382775
3.54  -4.63918464198984  -6.990628098364498
3.545  -4.604133693471088  -6.820830167163727
3.5500000000000003  -4.568424058746627  -6.6402157954415735
3.555  -4.532021202198914  -6.449087927487093
3.56  -4.494889870239755  -6.247767145568984
3.565  -4.456994316917719  -6.03659112149936
3.5700000000000003  -4.418298531498978  -5.815914038907437
3.575  -4.378766467050473  -5.586105987217329
3.58  -4.338362269051504  -5.347552328372009
3.585  -4.297050503061388  -5.100653037393057
3.59  -4.254796380476002  -4.84582201791106
3.595  -4.211565981415044  -4.583486393844034
3.6  -4.167326473795237  -4.314085778443663
3.605  -4.122046327661074  -4.038071521966512
3.61  -4.0756955238655  -3.7559059392664444
3.615  -4.028245756217198  -3.468061518636854
3.62  -3.9796706262385806  -3.175020113266017
3.625  -3.9299458297101006  -2.877272116696568
3.63  -3.879049334210737  -2.5753156237101322
3.6350000000000002  -3.8269615469023366  -2.2696555780816046
3.64  -3.773665471846112  -1.9608029086708951
3.645  -3.7191468561829595  -1.6492736553404534
3.65  -3.663394324555869  -1.335588086203961
3.6550000000000002  -3.6063995012008982  -1.020269807727245
3.66  -3.5481571191846606  -0.7038448692141056
3.665  -3.488665116318922  -0.3868408632202898
3.67  -3.427924717338225  -0.06978602344537199
3.6750000000000003  -3.365940501982929  0.24679167834262133
3.68  -3.3027204586880488  0.5623654347941938
3.685  -3.238276023637656  0.8764105033211342
3.69  -3.172622105004825  1.188405102743837
3.6950000000000003  -3.1057770922578705  1.4978313046973888
3.7  -3.0377628504753313  1.8041759182600376
3.705  -2.968604699673466  2.106931366279862
3.71  -2.8983313792119145  2.4055965518878413
3.715  -2.826974997404525  2.699677713704803
3.72  -2.754570966522936  2.9886892682669686
3.725  -2.6811579234410634  3.2721546382184097
3.73  -2.606777636227304  3.5496070648421596
3.735  -2.531474897049446  3.820590403529288
3.74  -2.4552974018136844  4.084659900814088
3.745  -2.37829561701366  4.341382951635984
3.75  -2.300522634318549  4.590339835522078
3.755  -2.2220340134797603  4.831124430421131
3.7600000000000002  -2.1428876141843025  5.063344902957872
3.765  -2.0631434175287486  5.286624373917376
3.77  -1.982863337830668  5.500601557812411
3.775  -1.9021110255352731  5.704931375430038
3.7800000000000002  -1.8209516620115722  5.899285538302108
3.785  -1.7394517470670683  6.083353104091
3.79  -1.6576788800403208  6.2568410019337835
3.795  -1.575701535358264  6.419474526838215
3.8000000000000003  -1.4935888334689658  6.570997802278787
3.805  -1.4114103080803626  6.711174210194911
3.81  -1.329235670652103  6.839786787650448
3.815  -1.2471345731002417  6.956638589470472
3.8200000000000003  -1.1651763696828672  7.061553016230844
3.825  -1.083429879040106  7.154374107035184
3.83  -1.001963147362322  7.234966796575363
3.835  -0.9208432136576309  7.303217136032836
3.84  -0.8401358780828866  7.359032477440859
3.845  -0.7599054742912469  7.402341621190866
3.85  -0.6802146467351344  7.4330949264297175
3.855  -0.6011241338445539  7.451264384159051
3.86  -0.5226925579788009  7.45684365291209
3.865  -0.4449762230238289  7.449848056948332
3.87  -0.36802892047791347  7.4303145469711245
3.875  -0.2919017448357668  7.398301623438156
3.88  -0.2166429190450413  7.353889222599464
3.8850000000000002  -0.14229763077005542  7.297178565462136
3.89  -0.068907880155326  7.2282919699453405
3.895  0.0034876602638099774  7.147372626552218
3.9  0.07485377290324613  7.054584337949612
3.9050000000000002  0.14515880917556967  6.950111222907885
3.91  0.21437478974144497  6.834157385115612
3.915  0.2824774905243911  6.706946547444523
3.92  0.3494465141025441  6.568721652299983
3.9250000000000003  0.41526534614895955  6.419744428750859
3.93  0.4799213966516226  6.260294927191218
3.935  0.5434060257047191  6.090671022340463
3.94  0.6057145537240545  5.911187885446493
3.9450000000000003  0.6668462560021549  5.722177426606931
3.95  0.7268043415805603  5.5239877081773265
3.955  0.7855959164801427  5.316982330284667
3.96  0.8432319313927497  5.101539789512821
3.9650000000000003  0.8997271139998284  4.878052811874056
3.97  0.9550998861458508  4.6469276612240495
3.975  1.0093722661551476  4.408583424321904
3.98  1.062569756640825  4.16345127377644
3.985  1.1147212182134132  3.9119737101589527
3.99  1.1658587295537062  3.654603784598347
3.995  1.2160174343701509  3.391804303210119
4.0  1.265235375814309  3.1240470147391397
4.005  1.3135533189795086  2.8518117828300507
4.01  1.3610145621564889  2.5755857443614194
4.015  1.4076647375663671  2.2958624553069944
4.0200000000000005  1.4535516023348967  2.013141025608843
4.025  1.4987248205122374  1.7279252445652813
4.03  1.5432357369805736  1.4407226982540848
4.035  1.5871371441256672  1.152043880525662
4.04  1.6304830421793925  0.8624012991121106
4.045  1.673328394168  0.5723085784058596
4.05  1.7157288764238992  0.2822795604691988
4.055  1.7577406256393364  -0.007172594162082269
4.0600000000000005  1.7994199834558993  -0.2955363043157455
4.065  1.8408232395964863  -0.5823024630992318
4.07  1.8820063745543094  -0.8669653283372725
4.075  1.9230248028579249  -1.149023406980569
4.08  1.963933117931529  -1.4279803319456756
4.085  2.004784839566183  -1.703345729859802
4.09  2.045632165009545  -1.9746360781987427
4.095  2.086525724670352  -2.241375550324157
4.1  2.1275143434178907  -2.503096846948729
4.105  2.168644808437523  -2.759342012579149
4.11  2.2099616445794177  -3.0096632355139317
4.115  2.2515068981112085  -3.2536236300008423
4.12  2.293319929754052  -3.4907979991896703
4.125  2.335437217847433  -3.720773577549017
4.13  2.3778921724507485  -3.9431507514515407
4.135  2.420714961148355  -4.157543756668929
4.14  2.4639323472811503  -4.363581351559139
4.1450000000000005  2.507567541280893  -4.560907464769258
4.15  2.551640065733445  -4.749181816321401
4.155  2.59616563474561  -4.92808051099659
4.16  2.6411560481351333  -5.097296602977258
4.165  2.6866191009069817  -5.256540630760802
4.17  2.7325585084206487  -5.405541121406559
4.175  2.7789738475925407  -5.544045063233038
4.18  2.8258605144161404  -5.671818346135782
4.1850000000000005  2.873209698019337  -5.788646168753227
4.19  2.9210083714146733  -5.894333411764608
4.195  2.969239299033341  -5.988704976663903
4.2  3.017881061068631  -6.071606089412377
4.205  3.066908094589183  -6.14290256843419
4.21  3.116290751317095  -6.202481056481274
4.215  3.1659953719005176  -6.250249215956261
4.22  3.215984376446249  -6.28613588734597
4.225  3.266216371013609  -6.3100912104819535
4.23  3.31664626970857  -6.322086708409417
4.235  3.3672254319551125  -6.322115333710802
4.24  3.4179018144614473  -6.310191477195589
4.245  3.4686201373400323  -6.286350938933651
4.25  3.5193220637842493  -6.250650861674834
4.255  3.569946392650849  -6.203169626763068
4.26  3.6204292632452697  -6.144006712718886
4.265  3.670704371558258  -6.073282516728963
4.2700000000000005  3.7207031971560416  -5.991138139346312
4.275  3.7703552398828837  -5.897735132768908
4.28  3.8195882654953346  -5.793255213128046
4.285  3.868328559310385  -5.677899937280645
4.29  3.9165011869167095  -5.5518903446618495
4.295  3.96403026096882  -5.415466564815088
4.3  4.010839213057737  -5.268887391277422
4.305  4.056851069630072  -5.112429822556007
4.3100000000000005  4.101988730909211  -4.946388570989966
4.315  4.146175251758178  -4.771075540347777
4.32  4.189334123413894  -4.586819273065389
4.325  4.231389555016376  -4.393964368083264
4.33  4.27226675385486  -4.192870870292294
4.335  4.311892203255155  -3.9839136326489664
4.34  4.35019393703889  -3.7674816520670293
4.345  4.3871018094961425  -3.543977380240441
4.3500000000000005  4.422547759827525  -3.3138160105953296
4.355  4.456466070030578  -3.0774247426124752
4.36  4.488793615228139  -2.8352420247992174
4.365  4.519470105462727  -2.5877167776304817
4.37  4.548438318011728  -2.335307597811543
4.375  4.575644319311847  -2.0784819452503793
4.38  4.601037675619291  -1.8177153141562898
4.385  4.6245716515729045  -1.5534903897110854
4.39  4.646203395871908  -1.2862961917851665
4.3950000000000005  4.665894113327274  -1.0166272071923128
4.4  4.683609222596008  -0.744982512000098
4.405  4.699318498960688  -0.47186488542813876
4.41  4.7129962015721505  -0.19777991688511243
4.415  4.724621184630983  0.07676489229549335
4.42  4.734176992043599  0.35126103084806837
4.425  4.741651935150326  0.6251998817177713
4.43  4.747039153186458  0.8980736267691926
4.4350000000000005  4.750336656202082  1.1693761504768867
4.44  4.751547350232391  1.4386039410123286
4.445  4.750679044577161  1.7052569871483059
4.45  4.747744441115468  1.9688396694050818
4.455  4.742761105649696  2.228861643875457
4.46  4.735751421340848  2.484838717175363
4.465  4.726742524365004  2.7362937109817818
4.47  4.715766221988287  2.9827573146383495
4.4750000000000005  4.702858893324447  3.223768924327663
4.48  4.68806137310508  3.4588774673327425
4.485  4.671418818857179  3.687642209935121
4.49  4.6529805619460465  3.9096335475250497
4.495  4.632799943003234  4.124433775529328
4.5  4.610934132318844  4.33163783979544
4.505  4.58744393583522  4.530854065104999
4.51  4.562393587434276  4.72170486052827
4.515  4.535850528263399  4.903827400370172
4.5200000000000005  4.507885173894806  5.076874279500228
4.525  4.478570670160264  5.240514141903684
4.53  4.447982638546757  5.39443228133668
4.535  4.416198912079431  5.538331213016197
4.54  4.3832992626550435  5.671931215325715
4.545  4.349365120822647  5.794970840569791
4.55  4.3144792890379495  5.907207393863405
4.555  4.278725649443679  6.008417379297678
4.5600000000000005  4.242188867250104  6.098396912579786
4.565  4.204954090807792  6.17696209940343
4.57  4.167106649478402  6.243949378865369
4.575  4.128731750418869  6.299215831304058
4.58  4.08991417539978  6.342639449998374
4.585  4.050737978779729  6.374119376227332
4.59  4.011286187754571  6.393576097255081
4.595  3.971640505992937  6.400951606870024
4.6000000000000005  3.9318810217580547  6.396209528172385
4.605  3.8920859216001022  6.379335198369853
4.61  3.852331210683564  6.350335715407471
4.615  3.81269044079043  6.309239946324326
4.62  3.7732344470119825  6.256098497296502
4.625  3.734031094110772  6.190983645392469
4.63  3.695145033498677  6.113989232134155
4.635  3.6566374717384176  6.02523051902371
4.64  3.6185659514333754  5.92484400526233
4.6450000000000005  3.580984145325004  5.812987207953764
4.65  3.543941664368637  5.689838405151246
4.655  3.507483880506535  5.555596342170792
4.66  3.471651764803043  5.410479901659364
4.665  3.436481741549756  5.254727737969062
4.67  3.40200555888927  5.088597876452062
4.675  3.36825017644524  4.912367278351837
4.68  3.335237670383047  4.726331372027492
4.6850000000000005  3.302985156260968  4.530803551306696
4.69  3.2715047299655327  4.326114641821705
4.695  3.2408034269577115  4.112612336237592
4.7  3.2108831999885967  3.890660599338825
4.705  3.1817409153745935  3.660639043992628
4.71  3.153368367853182  3.4229422790586246
4.715  3.1257523139714936  3.1779792303652536
4.72  3.098874523890893  2.9261724359199826
4.7250000000000005  3.072711851422606  2.667957316567584
4.73  3.0472363220416425  2.4037814233528723
4.735  3.022415238559617  2.1341036628868784
4.74  2.998211304071733  1.8593935020547068
4.745  2.974582761728876  1.5801301534404348
4.75  2.951483550823925  1.2968017428780418
4.755  2.928863478620537  1.0099044605711376
4.76  2.9066684072949576  0.7199416972525591
4.765  2.8848404553053046  0.4274231668836561
4.7700000000000005  2.86331821244969  0.13286401741563225
4.775  2.842036967824334  -0.16321606884074102
4.78  2.8209289498451464  -0.46029378367266605
4.785  2.7999235774522657  -0.757843108668776
4.79  2.778947721576281  -1.0553362365733105
4.795  2.7579259759070744  -1.3522444966852354
4.8  2.7367809359730213  -1.648039282687054
4.805  2.715433485507862  -1.9421929812845558
4.8100000000000005  2.6938030890567948  -2.234179900034245
4.815  2.6718080897508822  -2.523477192736493
4.82  2.649366011161094  -2.809565780775097
4.825  2.6263938621290692  -3.091931268789871
4.83  2.602808443462118  -3.3700648530778476
4.835  2.578526655374036  -3.64346422112908
4.84  2.55346580455235  -3.9116344407191286
4.845  2.5275439097350128  -4.174088836995464
4.8500000000000005  2.5006800046869584  -4.430349856016254
4.855  2.4727944374778104  -4.679949913220787
4.86  2.443809164977611  -4.922432225338566
4.865  2.413648041506825  -5.157351624268599
4.87  2.3822371005999696  -5.384275351493602
4.875  2.349504828870012  -5.602783831624501
4.88  2.315382430991175  -5.812471423707802
4.885  2.2798040848530294  -6.012947148964841
4.89  2.242707185976705  -6.203835393672074
4.8950000000000005  2.204032580325708  -6.384776585935118
4.9  2.1637247846889966  -6.555427845152122
4.905  2.121732193861383  -6.715463603010559
4.91  2.0780072738974935  -6.86457619490822
4.915  2.0325067407688535  -7.002476420742104
4.92  1.9851917238092587  -7.128894074059818
4.925  1.9360279133921587  -7.243578438623468
4.93  1.8849856923434145  -7.346298751491302
4.9350000000000005  1.8320402506551212  -7.436844631781185
4.94  1.7771716831292745  -7.515026474337873
4.945  1.7203650696449189  -7.58067580758787
4.95  1.661610537808321  -7.633645614926377
4.955  1.6009033078120711  -7.673810619045014
4.96  1.538243719396093  -7.701067528672368
4.965  1.4736372408712792  -7.715335247264833
4.97  1.407094460233311  -7.716555043251222
4.9750000000000005  1.3386310584619725  -7.704690681501306
4.98  1.2682677651674708  -7.679728515755667
4.985  1.1960302968113332  -7.64167754182227
4.99  1.1219492777946782  -7.590569411413313
4.995  1.0460601447696503  -7.526458406564434
5.0  0.9684030345927755  -7.449421374646971
