0.0  3.073465969185121  5.841861026285861
0.005  3.1476696121039103  6.086661272874882
0.01  3.2208982477233796  6.320716658286142
0.015  3.293169933918115  6.543647528256065
0.02  3.3645025389054264  6.755093874546212
0.025  3.434913570795392  6.954715943262868
0.03  3.504420009838029  7.142194807355085
0.035  3.5730381441016554  7.317232902309245
0.04  3.6407834093034506  7.479554524123291
0.045  3.707670233497217  7.628906288710568
0.05  3.773711887304447  7.765057551951543
0.055  3.838920340353067  7.887800789681071
0.06  3.9033061245638523  7.996951936969822
0.065  3.9668782048973705  8.09235068613025
0.07  4.0296438581447465  8.173860742950398
0.075  4.091608560313526  8.241370040732452
0.08  4.152775883125583  8.294790911787375
0.085  4.213147400107556  8.33406021611188
0.09  4.2727226027158345  8.359139427049392
0.095  4.331498826897717  8.370014673812413
0.1  4.389471190448376  8.366696740819435
0.105  4.446632541479585  8.349221023875627
0.11  4.50297341827126  8.317647443302238
0.115  4.558482020730655  8.27206031419527
0.12  4.613144193636894  8.212568174069247
0.125  4.666943421800512  8.139303568216583
0.13  4.719860837219026  8.052422793187263
0.135  4.771875238260491  7.952105598866807
0.14  4.822963120857621  7.838554849703065
0.145  4.873098721645717  7.711996145703792
0.15  4.922254072928317  7.57267740389736
0.155  4.970399069305662  7.420868401017964
0.16  5.017501545752589  7.256860278244455
0.165  5.063527366884897  7.080965008888061
0.17  5.10844052710643  6.893514829988944
0.17500000000000002  5.152203261283476  6.6948616388442765
0.18  5.194776165548789  6.485376355551687
0.185  5.236118327794569  6.265448252710875
0.19  5.2761874673725435  6.035484253483362
0.195  5.314940083479783  5.795908199265128
0.2  5.352331611671438  5.54716008827962
0.20500000000000002  5.3883165879061865  5.289695286448888
0.21  5.422848819497027  5.023983711948566
0.215  5.455881562309416  4.750508994897735
0.22  5.487367703520403  4.4697676136776305
0.225  5.517259949226998  4.182268009413242
0.23  5.54551101616903  3.88852968018933
0.23500000000000001  5.57207382681188  3.5890822566070693
0.24  5.596901707017323  3.2844645603192815
0.245  5.619948585516689  2.975223647211194
0.25  5.6411691943895095  2.6619138369195627
0.255  5.660519269742911  2.3450957304060314
0.26  5.677955751782284  2.0253352173204395
0.265  5.69343698346212  1.7032024749067376
0.27  5.706922906907549  1.379270960217945
0.275  5.718375256801845  1.054116397417139
0.28  5.727757749943176  0.7283157619490954
0.28500000000000003  5.735036270184928  0.40244626337156875
0.29  5.740179047988162  0.0770843286363252
0.295  5.743156833832093  -0.24719541239178633
0.3  5.743943064748685  -0.5698211373944585
0.305  5.742514023270746  -0.8902248362634102
0.31  5.738848988108945  -1.207843308203954
0.315  5.732930375901988  -1.5221191495294342
0.32  5.72474387341567  -1.8325017304148221
0.325  5.714278559600518  -2.1384481588982016
0.33  5.701527016954134  -2.439424230442485
0.335  5.686485431673014  -2.7349053613961
0.34  5.669153682119447  -3.024377504720862
0.34500000000000003  5.649535415171771  -3.3073380463874336
0.35000000000000003  5.627638110070976  -3.583296680873794
0.355  5.603473129422701  -3.851776264239981
0.36  5.577055757061448  -4.11231364329275
0.365  5.548405222532751  -4.364460459396768
0.37  5.517544711999098  -4.607783925534651
0.375  5.4845013654263735  -4.8418675752659635
0.38  5.4493062599592035  -5.066311982285671
0.385  5.4119943794458525  -5.280735449335153
0.39  5.372604570125741  -5.484774665273549
0.395  5.331179482545276  -5.678085329174037
0.4  5.287765499820212  -5.860342740368384
0.405  5.242412652414941  -6.0312423534238135
0.41000000000000003  5.195174519660909  -6.1905002970983976
0.41500000000000004  5.146108118287253  -6.337853856385496
0.42  5.095273778287021  -6.473061916822979
0.425  5.042735006491291  -6.59590537031016
0.43  4.988558338271301  -6.7061874817434655
0.435  4.932813177835028  -6.803734215851331
0.44  4.875571627629274  -6.888394523679235
0.445  4.816908307401182  -6.960040588247214
0.45  4.756900163513963  -7.018568028974275
0.455  4.695626269150317  -7.0638960645371
0.46  4.633167616073457  -7.095967633903679
0.465  4.569606898649596  -7.114749475356405
0.47000000000000003  4.505028290867167  -7.1202321633932195
0.47500000000000003  4.439517217116759  -7.1124301034695545
0.48  4.373160117521594  -7.091381484618177
0.485  4.306044208631372  -7.057148190058062
0.49  4.238257240312256  -7.009815665977424
0.495  4.169887249682622  -6.949492748749429
0.5  4.101022312957886  -6.876311450912295
0.505  4.031750296078279  -6.790426706317724
0.51  3.9621586050005533  -6.692016074923347
0.515  3.892333936538604  -6.581279407775601
0.52  3.8223620306385984  -6.458438472799187
0.525  3.7523274249714222  -6.323736542077906
0.53  3.6823132127193228  -6.177437941379084
0.535  3.612400804424197  -6.019827562739706
0.54  3.5426696947524556  -5.851210340997044
0.545  3.4731972350154843  -5.6719106952094505
0.55  3.404058412265828  -5.482271935974189
0.555  3.335325635767007  -5.282655639708688
0.56  3.2670685316098624  -5.073440991019092
0.5650000000000001  3.1993537462201878  -4.855024094335474
0.5700000000000001  3.132244759471577  -4.627817256046484
0.5750000000000001  3.0658017080838125  -4.392248238417448
0.58  3.000081219950862  -4.148759486624809
0.585  2.9351362600040467  -3.897807330286281
0.59  2.871015988174833  -3.639861160910386
0.595  2.807765629978644  -3.375402586730256
0.6  2.7454263601960154  -3.104924566425859
0.605  2.684035200080352  -2.828930523274899
0.61  2.6236249284730317  -2.5479334413062684
0.615  2.5642240071564393  -2.2624549450606417
0.62  2.5058565207242265  -1.9730243645908236
0.625  2.4485421311955133  -1.6801777873593464
0.63  2.392296047546494  -1.3844570987130769
0.635  2.3371290102787703  -1.0864090126336197
0.64  2.2830472910892246  -0.7865840944785136
0.645  2.230052707651382  -0.48553577744128745
0.65  2.1781426534632864  -0.18381937446851976
0.655  2.1273101426621457  0.11800891262085758
0.66  2.0775438696515067  0.419392985065034
0.665  2.0288282833327953  0.7197778383875163
0.67  1.9811436756799088  1.0186105511763501
0.675  1.9344662843432414  1.3153412696718971
0.68  1.8887684089185075  1.6094241864291154
0.685  1.8440185404658385  1.9003185113315304
0.6900000000000001  1.8001815038165239  2.187489433248742
0.6950000000000001  1.7572186121580806  2.4704090706464665
0.7000000000000001  1.715087833343733  2.748557409478668
0.705  1.6737439673298211  3.0214232267144983
0.71  1.6331388341040642  3.2885049978791177
0.715  1.5932214714297634  3.5493117870161286
0.72  1.5539383416953396  3.8033641175116553
0.725  1.5152335471256972  4.050194822254128
0.73  1.477049052581858  4.289349871641289
0.735  1.4393249151478997  4.520389177985598
0.74  1.401999519680043  4.742887374911573
0.745  1.365009819471469  4.956434570383221
0.75  1.3282915811683509  5.160637072046954
0.755  1.291779633057791  5.3551180836246814
0.76  1.2554081158366968  5.539518371143372
0.765  1.2191107349624137  5.713496897841064
0.77  1.1828210136810124  5.876731426644971
0.775  1.1464725458275142  6.028919089174969
0.78  1.1099992474942497  6.1697769202850985
0.785  1.0733356066686095  6.299042357216841
0.79  1.0364169299500405  6.416473702500642
0.795  0.9991795854679573  6.521850549806265
0.8  0.9615612411372422  6.614974172008171
0.805  0.9235010974064369  6.695667870798884
0.81  0.8849401136749683  6.7637772872511315
0.8150000000000001  0.8458212275804081  6.819170672798713
0.8200000000000001  0.8060895663840308  6.861739120175611
0.8250000000000001  0.7656926497132929  6.89139675392365
0.8300000000000001  0.7245805829528875  6.908080880150157
0.835  0.6827062406115452  6.911752095288869
0.84  0.6400254390299702  6.902394353689479
0.845  0.5964970978356179  6.880014993933613
0.85  0.5520833895926494  6.8446447238476225
0.855  0.5067498771400272  6.796337564255122
0.86  0.46046563815708513  6.735170751584649
0.865  0.41320337654406863  6.6612445995200185
0.87  0.36493952025470455  6.574682319952854
0.875  0.31565430526869853  6.4756298035680295
0.88  0.2653318454440944  6.364255360463527
0.885  0.21396018804221117  6.2407494212761865
0.89  0.16153135477151193  6.105324199353956
0.895  0.10804136825078839  5.958213314583346
0.9  0.053490263846367514  5.799671379547794
0.905  -0.002117913107455932  5.629973548758568
0.91  -0.05877512464131747  5.449415031764084
0.915  -0.11646937191955059  5.258310571006765
0.92  -0.1751847412739019  5.056993885357821
0.925  -0.2349014642786213  4.845817080320265
0.93  -0.29559599159148336  4.625150025948377
0.935  -0.35724108023477447  4.395379703588134
0.9400000000000001  -0.4198058939407977  4.156909522597097
0.9450000000000001  -0.48325611613878455  3.910158608254574
0.9500000000000001  -0.54755407511387  3.6555610621227244
0.9550000000000001  -0.6126588808245056  3.3935651961670352
0.96  -0.6785265728225456  3.1246327419900224
0.965  -0.745110278680021  2.849238036575073
0.97  -0.8123603822890085  2.5678671859777276
0.975  -0.8802247013656945  2.281017208439962
0.98  -0.9486486734570506  1.9891951584382328
0.985  -1.017575549718667  1.6929172332087379
0.99  -1.086946595705142  1.3927078633237202
0.995  -1.1567012983902851  1.0890987889192827
1.0  -1.2267775786132529  0.7826281232003097
1.0050000000000001  -1.2971120081286875  0.4738394048689133
1.01  -1.3676400304240386  0.16328064114225593
1.0150000000000001  -1.4382961844556206  -0.14849665695947367
1.02  -1.5090143304464563  -0.4609384453605045
1.025  -1.579727876883976  -0.773489122008976
1.03  -1.6503700078536099  -1.085592504577517
1.035  -1.720873909845925  -1.396692809070561
1.04  -1.7911729971796917  -1.706235627623357
1.045  -1.861201135191098  -2.0136689037790063
1.05  -1.9308928603508577  -2.318443903536318
1.055  -2.0001835964850603  -2.620016180468039
1.06  -2.0690098662933902  -2.9178465332213745
1.065  -2.137309497378728  -3.211401953725775
1.07  -2.205021822025823  -3.500156564450854
1.075  -2.2720878699930136  -3.7835925430763715
1.08  -2.3384505536102087  -4.061201032959753
1.085  -2.4040548445080834  -4.332483037811407
1.09  -2.4688479413378075  -4.596950299017172
1.095  -2.5327794278772484  -4.854126154077511
1.1  -2.595801420958645  -5.103546374667615
1.105  -2.6578687076935266  -5.344759982857856
1.11  -2.7189388715138874  -5.577330044073995
1.115  -2.778972406592956  -5.800834435416798
1.12  -2.83793282025545  -6.014866588005198
1.125  -2.8957867230346106  -6.219036202052549
1.1300000000000001  -2.9525039060823146  -6.4129699334342245
1.135  -3.0080574056883065  -6.596312050554752
1.1400000000000001  -3.0624235547153686  -6.768725060375526
1.145  -3.1155820208084486  -6.929890302518074
1.1500000000000001  -3.1675158312876137  -7.079508510414582
1.155  -3.218211384686483  -7.217300338534972
1.16  -3.2676584489499807  -7.343006854779848
1.165  -3.3158501463568095  -7.4563899971896905
1.17  -3.3627829252836117  -7.5572329941833125
1.175  -3.4084565189786113  -7.645340747602956
1.18  -3.4528738915624793  -7.720540177908208
1.185  -3.4960411715233843  -7.7826805309277205
1.19  -3.537967573021043  -7.831633645644753
1.195  -3.578665305361225  -7.867294182561087
1.2  -3.6181494710472077  -7.889579812252653
1.205  -3.656437952858112  -7.8984313637999914
1.21  -3.69355129044554  -7.893812932846797
1.215  -3.7295125469794526  -7.875711949110298
1.22  -3.7643471664116177  -7.844139203238173
1.225  -3.7980828219599942  -7.799128832977518
1.23  -3.8307492564499372  -7.7407382686925015
1.235  -3.862378115178355  -7.669048138338173
1.24  -3.8930027719941096  -7.5841621320685695
1.245  -3.9226581493126984  -7.486206826727541
1.25  -3.951380532804935  -7.375331470540649
1.2550000000000001  -3.979207381518168  -7.251707728395627
1.26  -4.006177134204301  -7.115529388167534
1.2650000000000001  -4.0323290126416715  -6.967012028612311
1.27  -4.057702822747365  -6.806392649419397
1.2750000000000001  -4.082338754283053  -6.633929264079443
1.28  -4.106277179960664  -6.449900456288058
1.285  -4.129558454754412  -6.254604900669339
1.29  -4.152222716222569  -6.048360848664993
1.295  -4.174309686636182  -5.831505580495249
1.3  -4.195858477702676  -5.6043948241559605
1.305  -4.2169073986598615  -5.367402142474012
1.31  -4.237493768500389  -5.12091828929754
1.315  -4.257653733068426  -4.865350535951445
1.32  -4.277422087749017  -4.601121969139228
1.325  -4.296832106446536  -4.328670761522099
1.33  -4.315915377521974  -4.0484494162525175
1.335  -4.334701647329396  -3.760923986784859
1.34  -4.353218671960216  -3.466573273327562
1.345  -4.371492077769766  -3.1658879973418674
1.35  -4.38954523122436  -2.8593699555290137
1.355  -4.407399118568693  -2.5475311547837167
1.36  -4.425072235773186  -2.230892929623068
1.365  -4.442580489178875  -1.9099850436308978
1.37  -4.459937107213945  -1.5853447764837216
1.375  -4.4771525635110745  -1.2575159981495911
1.3800000000000001  -4.494234511708547  -0.9270482318718879
1.385  -4.511187732171055  -0.5944957075696959
1.3900000000000001  -4.528014090818014  -0.2604164073013604
1.395  -4.544712510198539  0.07462889554822794
1.4000000000000001  -4.561278952903295  0.41007760168691243
1.405  -4.577706417353817  0.7453662542632498
1.41  -4.593984945960758  1.0799315084620247
1.415  -4.610101645592953  1.4132111006639823
1.42  -4.626040720250451  1.7446448154883556
1.425  -4.641783515786094  2.0736754490416924
1.43  -4.65730857647249  2.3997497667029757
1.435  -4.672591713164472  2.722319453786413
1.44  -4.687606082761315  3.040842057435525
1.445  -4.702322278628489  3.354781918119089
1.45  -4.716708431595758  3.663611089117574
1.455  -4.730730321106882  3.9668102424111447
1.46  -4.744351496056579  4.2638695594040215
1.465  -4.757533404812632  4.554289604947845
1.47  -4.770235533885341  4.83758218315574
1.475  -4.782415554673033  5.11327117353199
1.48  -4.79402947768126  5.380893345976252
1.485  -4.8050318135845576  5.639999153259723
1.49  -4.815375740473639  5.890153499609505
1.495  -4.825013276607393  6.130936484080437
1.5  -4.833895457968381  6.361944117437491
1.5050000000000001  -4.841972519902772  6.582789011319086
1.51  -4.849194082110637  6.79310103849981
1.5150000000000001  -4.85550933624065  6.992527963122505
1.52  -4.8608672353341875  7.180736039821778
1.5250000000000001  -4.865216684358056  7.357410580716093
1.53  -4.86850673106201  7.522256489301508
1.5350000000000001  -4.870686756397663  7.674998760338431
1.54  -4.871706663738464  7.8153829448819705
1.545  -4.871517066146904  7.94317557966767
1.55  -4.870069470944285  8.058164580126492
1.555  -4.867316460850846  8.160159596366572
1.56  -4.863211870979189  8.248992331523821
1.565  -4.857710960982062  8.324516821949024
1.57  -4.850770581676453  8.386609678765716
1.575  -4.842349335489524  8.435170290400269
1.58  -4.8324077300980885  8.470120985753605
1.585  -4.820908324662045  8.491407157752418
1.59  -4.807815868083146  8.49899734708661
1.595  -4.793097428753954  8.492883286008878
1.6  -4.776722515297069  8.473079902141675
1.605  -4.758663187832267  8.439625282306181
1.61  -4.73889415934827  8.392580596457234
1.615  -4.7173928867968815  8.332029981877353
1.62  -4.694139651569507  8.258080387851704
1.625  -4.669117629059764  8.170861381114424
1.6300000000000001  -4.642312947060851  8.070524912424357
1.635  -4.613714732792057  7.957245044695734
1.6400000000000001  -4.583315148395416  7.8312176431753695
1.645  -4.551109414790799  7.6926600282238695
1.6500000000000001  -4.517095823825237  7.54181059132248
1.655  -4.481275738700155  7.37892837499091
1.6600000000000001  -4.4436535827080474  7.204292617363325
1.665  -4.404236816357789  7.018202262230842
1.67  -4.363035903015128  6.820975435417943
1.675  -4.320064263231604  6.612948888418297
1.68  -4.275338217981329  6.394477410271567
1.685  -4.228876921069935  6.16593320871715
1.69  -4.1807022810242955  5.927705261713762
1.695  -4.130838872814063  5.680198640463965
1.7  -4.079313839797615  5.423833805132029
1.705  -4.026156786324397  5.159045874489503
1.71  -3.971399661463791  4.886283870767942
1.715  -3.915076634366341  4.606009941039769
1.72  -3.857223961797282  4.318698556488799
1.725  -3.797879848413794  4.024835690968657
1.73  -3.7370843003868845  3.724917980283323
1.735  -3.6748789729955376  3.419451863655386
1.74  -3.611307012845258  3.108952708878746
1.745  -3.546412895384635  2.793943922678782
1.75  -3.4802422584125403  2.474956047828626
1.7550000000000001  -3.4128417322846216  2.152525848591236
1.76  -3.3442587675410085  1.827195386077154
1.7650000000000001  -3.2745414606872605  1.4995110851233746
1.77  -3.203738378868027  1.1700227943133128
1.7750000000000001  -3.1318983841769867  0.8392828407678707
1.78  -3.059070458347927  0.5078450813464738
1.7850000000000001  -2.9853035285699323  0.17626395190127397
1.79  -2.910646295164909  -0.15490648376917943
1.795  -2.835147061857657  -0.4851134836215988
1.8  -2.758853569357915  -0.8138065740828504
1.805  -2.6818128329600457  -1.1404384921422337
1.81  -2.6040709848491903  -1.4644661211945968
1.815  -2.525673121783437  -1.7853514190191098
1.82  -2.4466631587989953  -2.1025623362939214
1.825  -2.3670836895608307  -2.415573724063513
1.83  -2.286975853953292  -2.7238682285966083
1.835  -2.2063792134757874  -3.0269371720945193
1.84  -2.1253316349759386  -3.3242814177361226
1.845  -2.0438691832184466  -3.6154122175730476
1.85  -1.9620260227512234  -3.8998520418201137
1.855  -1.8798343294919628  -4.177135388118333
1.86  -1.7973242124180597  -4.446809569384537
1.865  -1.7145236457010413  -4.708435478898568
1.87  -1.6314584115833217  -4.9615883313203035
1.875  -1.548152054250618  -5.20585837837051
1.8800000000000001  -1.4646258449076588  -5.440851597955062
1.885  -1.3808987582184367  -5.666190355558098
1.8900000000000001  -1.2969874602247589  -5.881514036779303
1.895  -1.212906307809316  -6.086479649940507
1.9000000000000001  -1.1286673597211365  -6.280762397740099
1.905  -1.0442803991331533  -6.464056216987384
1.9100000000000001  -0.9597529676532319  -6.636074285505632
1.915  -0.8750904106621693  -6.796549495349498
1.92  -0.7902959338044186  -6.945234891541895
1.925  -0.7053706704104604  -7.081904075595374
1.93  -0.620313759583552  -7.206351573144842
1.935  -0.535122434638387  -7.318393165080964
1.94  -0.44979212153537185  -7.417866181637165
1.945  -0.3643165469113647  -7.504629758948132
1.95  -0.2786878552669808  -7.578565057662533
1.955  -0.19289673483074699  -7.639575443259246
1.96  -0.1069325515832995  -7.687586627782672
1.965  -0.020783490888897083  -7.722546772779923
1.97  0.06556329385153103  -7.744426553290064
1.975  0.1521215261429114  -7.753219182803209
1.98  0.23890564557969896  -7.748940399174977
1.985  0.3259306419426037  -7.731628411549553
1.99  0.4132118849035128  -7.701343808412132
1.995  0.5007649500547228  -7.658169426958879
2.0  0.5886054419962797  -7.602210184039447
2.005  0.6767488152304774  -7.533592868993577
2.0100000000000002  0.765210193624274  -7.452465898769199
2.015  0.8540041892096212  -7.358999035774589
2.02  0.943144721097591  -7.253383068981288
2.025  1.0326448352848496  -7.135829458858348
2.0300000000000002  1.1225165261309606  -7.006569946780109
2.035  1.212770560281367  -6.865856129611732
2.04  1.3034163038047062  -6.713959000235686
2.045  1.3944615533029885  -6.551168454842037
2.05  1.485912371741048  -6.377792767861394
2.055  1.5777729297255965  -6.194158035475911
2.06  1.670045352945658  -6.000607588696799
2.065  1.7627295764647508  -5.79750137704956
2.07  1.855823206530553  -5.585215323958053
2.075  1.9493213905409048  -5.364140654967166
2.08  2.0432166957751883  -5.134683199990241
2.085  2.1374989974680276  -4.897262670811003
2.09  2.2321553767673494  -4.652311915113353
2.095  2.327170029082313  -4.40027614835046
2.1  2.4225241832873268  -4.141612164803976
2.105  2.5181960322076824  -3.8767875292175833
2.11  2.6141606747692245  -3.606279750423965
2.115  2.710390070150374  -3.33057543841251
2.12  2.8068530042286493  -3.050169446314876
2.125  2.903515068566854  -2.7655639988086915
2.13  3.0003386521355297  -2.477267808464454
2.1350000000000002  3.097282945919212  -2.1857951815789414
2.14  3.19430396050387  -1.8916651150563655
2.145  3.2913545566925606  -1.5954003859133077
2.15  3.3883844891451385  -1.2975266349946457
2.1550000000000002  3.4853404629870886  -0.9985714464975685
2.16  3.582166203281316  -0.699063424906003
2.165  3.6788025372062627  -0.399531270942309
2.17  3.7751874887329233  -0.10050285814295623
2.1750000000000003  3.871256385544216  0.19749568833631748
2.18  3.966941977890853  0.4939409090863045
2.185  4.062174569030441  0.7883129223880634
2.19  4.156882156849531  1.0800963291528387
2.195  4.250990586223558  1.3687811092888258
2.2  4.344423711625677  1.6538635079417898
2.205  4.437103569453829  1.934846910075009
2.21  4.5289505595054145  2.211242701874802
2.215  4.619883634990916  2.482571117492262
2.22  4.709820500442446  2.748362069657424
2.225  4.798677816839668  3.0081559627319603
2.23  4.886371413245056  3.2615044867968184
2.235  4.972816504212032  3.50797139140582
2.24  5.057927912204408  3.747133237671564
2.245  5.1416202942428395  3.978580127389278
2.25  5.223808371974575  4.201916407944065
2.255  5.304407164346036  4.416761351790376
2.2600000000000002  5.38333222204442  4.622749809336927
2.265  5.460499862864171  4.819532834117422
2.27  5.535827407147049  5.006778279176549
2.275  5.609233412440592  5.184171363650164
2.2800000000000002  5.680637906519166  5.351415208572514
2.285  5.749962617914438  5.508231340995757
2.29  5.81713120310803  5.65436016556417
2.295  5.882069469548059  5.789561402740758
2.3000000000000003  5.9447055936639055  5.913614492943987
2.305  6.00497033306878  6.026318965910603
2.31  6.062797232158564  6.127494774662455
2.315  6.1181228203368105  6.2169825935159775
2.32  6.170886802120717  6.294644079636708
2.325  6.221032238410265  6.36036209770416
2.33  6.268505718233163  6.4140409073169575
2.335  6.313257520311215  6.4556063128331935
2.34  6.355241763829246  6.4850057754059875
2.345  6.3944165478258785  6.502208487040495
2.35  6.430744078665519  6.507205406564368
2.355  6.46419078509356  6.5000092574700545
2.36  6.494727420420956  6.480654487653549
2.365  6.522329151430721  6.449197191140369
2.37  6.5469756336465945  6.405714991955662
2.375  6.568651072653483  6.350306890360815
2.38  6.587344271209819  6.283093071744554
2.3850000000000002  6.60304866194355  6.204214678520903
2.39  6.6157623254761  6.11383354545082
2.395  6.6254879938718  6.012131898867466
2.4  6.632233039363879  5.899312020347585
2.4050000000000002  6.63600944836225  5.775595875433226
2.41  6.636833780802227  5.64122470806808
2.415  6.634727114947292  5.496458601472409
2.42  6.62971497781258  5.341576006238175
2.4250000000000003  6.621827261428823  5.176873236482964
2.43  6.611098125218762  5.002663934955954
2.435  6.597565884809451  4.819278508043253
2.44  6.5812728876540225  4.627063531671315
2.445  6.562265375885485  4.4263811291578135
2.45  6.540593336872432  4.217608322107216
2.455  6.516310341992272  4.001136355494782
2.46  6.489473374181405  3.777369998127306
2.465  6.460142644863544  3.546726819710827
2.47  6.428381400896986  3.309636445796282
2.475  6.394255722218863  3.0665397919111004
2.48  6.357834310899124  2.817888278221366
2.485  6.319188272349159  2.564143026101615
2.49  6.278390889459301  2.305774038021106
2.495  6.235517390465973  2.0432593621828024
2.5  6.190644711372716  1.7770842433782674
2.505  6.143851253769924  1.5077402615442923
2.5100000000000002  6.095216638915314  1.2357244595284624
2.515  6.044821458951425  0.9615384615888374
2.52  5.992747026147119  0.6856875841678323
2.525  5.9390751210579005  0.4086799404949573
2.5300000000000002  5.883887740503796  0.13102554058094226
2.535  5.827266846264678  -0.1467646118243883
2.54  5.7692941153901645  -0.42417942373582346
2.545  5.71005069301572  -0.7007086173187996
2.5500000000000003  5.649616948567104  -0.9758436325818205
2.555  5.588072236223054  -1.2490785268003475
2.56  5.525494660490275  -1.5199108691059147
2.565  5.461960847726017  -1.7878426286804951
2.57  5.397545724421313  -2.0523810550102537
2.575  5.332322303033098  -2.3130395486651905
2.58  5.266361476125215  -2.5693385210889654
2.585  5.199731819547566  -2.8208062419032918
2.59  5.13249940534908  -3.0669796722515974
2.595  5.064727625083928  -3.3074052827336944
2.6  4.9964770241318295  -3.541639854508128
2.605  4.927805147612219  -3.7692512621706387
2.61  4.858766398429072  -3.9898192370470245
2.615  4.789411907937924  -4.202936109575237
2.62  4.719789419679667  -4.408207529486215
2.625  4.649943186577145  -4.605253162533833
2.63  4.579913881940422  -4.79370736256342
2.6350000000000002  4.509738524575293  -4.9732198177529385
2.64  4.4394504182371  -5.143456169905506
2.645  4.369079105618455  -5.304098605718717
2.65  4.298650337005792  -5.454846419005776
2.6550000000000002  4.228186053684685  -5.595416542893413
2.66  4.157704386119498  -5.72554405107466
2.665  4.087219666877725  -5.844982627247797
2.67  4.016742458214911  -5.953505001928745
2.6750000000000003  3.9462795941815427  -6.050903355880536
2.68  3.875834237059441  -6.136989689462061
2.685  3.8054059478821287  -6.2115961572571745
2.69  3.734990770741664  -6.274575367405946
2.695  3.664581330533107  -6.325800645120981
2.7  3.5941669437386015  -6.365166259934161
2.705  3.5237337418044983  -6.392587616282147
2.71  3.453264806618878  -6.408001407102581
2.715  3.382740317552218  -6.411365730177316
2.72  3.3121377094813087  -6.402660167023521
2.725  3.24143184117668  -6.3818858241987195
2.73  3.170595173395405  -6.349065336950838
2.735  3.0995979559861855  -6.3042428352098625
2.74  3.028408423280692  -6.247483871982903
2.745  2.9569929970151083  -6.178875314279736
2.75  2.8853164959988233  -6.098525196760854
2.755  2.8133423517229605  -6.006562538364626
2.7600000000000002  2.7410328290804737  -5.903137122234451
2.765  2.66834925135153  -5.7884192393303735
2.77  2.5952522285929427  -5.662599396172251
2.775  2.52170188855947  -5.525887987224364
2.7800000000000002  2.4476581092759577  -5.378514932491752
2.785  2.3730807523749933  -5.22072928095975
2.79  2.297929896312777  -5.05279878056619
2.795  2.222166068578047  -4.875009415455089
2.8000000000000003  2.145750476013994  -4.687664911315795
2.805  2.0686452323813573  -4.491086209668171
2.81  1.9908135823028839  -4.285610912006769
2.815  1.912220120744306  -4.071592694770601
2.82  1.832831007204813  -3.849400696154045
2.825  1.752614173811742  -3.619418875824388
2.83  1.6715395265379065  -3.382045348657775
2.835  1.5895791387875748  -3.1376916936498365
2.84  1.5067074366269608  -2.886782239201581
2.845  1.4229013749674864  -2.6297533260201167
2.85  1.3381406040458774  -2.3670525489143692
2.855  1.2524076255821668  -2.0991379788004347
2.86  1.1656879380370933  -1.826477366267612
2.865  1.0779701704323157  -1.5495473280857535
2.87  0.9892462042407644  -1.268832518066209
2.875  0.8995112829004797  -0.984824783713415
2.88  0.8087641085525773  -0.6980223101311704
2.8850000000000002  0.7170069256530067  -0.4089287526671984
2.89  0.6242455911578435  -0.11805235980114825
2.895  0.5304896310327644  0.17409491220360418
2.9  0.4357522828900587  0.4669982913488566
2.9050000000000002  0.3400505246084123  0.7601410871041419
2.91  0.24340508884455647  1.0530055912077994
2.915  0.1458404633987514  1.3450739805042347
2.92  0.04738487744983849  1.6358292202523856
2.9250000000000003  -0.051929726271122856  1.9247559663387892
2.93  -0.15206773324692718  2.2113414648315963
2.935  -0.25298991270570875  2.4950764473154523
2.94  -0.35465348669182817  2.7754560204553296
2.945  -0.45701221239996864  3.051980548246668
2.95  -0.5600164774460841  3.324156525422362
2.955  -0.6636134077012974  3.5914974405023736
2.96  -0.7677469872678194  3.853524626989245
2.965  -0.872358190131032  4.1097681012338585
2.97  -0.9773851229791088  4.359767385518125
2.975  -1.082763178639956  4.603072314927755
2.98  -1.1884251995470003  4.839243826615273
2.985  -1.2943016506082903  5.067854730084715
2.99  -1.4003208008195005  5.28849045716138
2.995  -1.5064089129300382  5.500749790346106
3.0  -1.612490440442484  5.704245568289825
3.005  -1.7184882311997218  5.898605367164511
3.0100000000000002  -1.8243237367909826  6.08347215674761
3.015  -1.929917226987968  6.258504930081013
3.02  -2.0351880084054947  6.423379305611619
3.025  -2.1400546465664916  6.577788100766857
3.0300000000000002  -2.2444351905413864  6.7214418759694485
3.035  -2.348247399323609  6.85406944814512
3.04  -2.4514089690992336  6.975418372831136
3.045  -2.5538377605673994  7.085255394046212
3.0500000000000003  -2.6554520254703995  7.18336686113942
3.055  -2.7561706314979673  7.269559111891441
3.06  -2.8559132847386794  7.343658821200891
3.065  -2.954600748863114  7.405513314746712
3.0700000000000003  -3.0521550602387126  7.45499084707907
3.075  -3.1484997381935775  7.49198084365181
3.08  -3.243559989667984  7.516394106372192
3.085  -3.337262907515689  7.528162982306422
3.09  -3.42953766174383  7.527241495242941
3.095  -3.520315683009626  7.513605439879783
3.1  -3.6095308377234683  7.487252438466565
3.105  -3.697119594142697  7.4482019597965285
3.11  -3.783021178876496  7.396495300509038
3.115  -3.8671777232610927  7.332195528727892
3.12  -3.9495343991052554  7.255387390125882
3.125  -4.030039543348321  7.166177176570663
3.13  -4.108644771217309  7.064692557571827
3.1350000000000002  -4.1853050775151255  6.951082374813032
3.14  -4.259978925718896  6.8255164001167525
3.145  -4.332628324615655  6.688185057252427
3.15  -4.40321889225112  6.539299108060959
3.1550000000000002  -4.471719907017594  6.3790893034304
3.16  -4.538104345756773  6.207805999717862
3.165  -4.602348908804208  6.0257187412727315
3.17  -4.664434031952712  5.833115809774439
3.1750000000000003  -4.724343885362658  5.630303741155672
3.18  -4.782066359497805  5.417606810937281
3.185  -4.837593038215025  5.1953664888562985
3.19  -4.890919159185719  4.963940863720908
3.1950000000000003  -4.942043561875437  4.723704039478072
3.2  -4.990968623355334  4.475045503529019
3.205  -5.037700182265818  4.218369468375158
3.21  -5.0822474512973335  3.9540941877244498
3.215  -5.124622918596702  3.6826512482305804
3.22  -5.164842238549138  3.404484838080928
3.225  -5.202924112425623  3.1200509936881655
3.23  -5.238890159423251  2.8298168257789102
3.235  -5.272764778661517  2.534259726207943
3.24  -5.304575002730732  2.233866556860416
3.245  -5.334350343419688  1.9291328220345694
3.25  -5.36212263027769  1.620561825726977
3.255  -5.3879258426917485  1.3086638152677605
3.2600000000000002  -5.4117959361824814  0.9939551127773553
3.265  -5.433770663642109  0.6769572359373656
3.27  -5.453889392255228  0.358196009585776
3.275  -5.472192916856655  0.03820066966471536
3.2800000000000002  -5.488723270492073  -0.2824970389403565
3.285  -5.503523532954847  -0.6033637691178491
3.29  -5.516637638077362  -0.9238654812461669
3.295  -5.528110180556996  -1.2434683543431133
3.3000000000000003  -5.53798622309533  -1.5616396970831308
3.305  -5.546311104624915  -1.8778488571145138
3.31  -5.553130250390248  -2.1915681271139453
3.315  -5.558488984639031  -2.50227364601861
3.3200000000000003  -5.562432346666379  -2.8094462938868356
3.325  -5.565004910937864  -3.112572578846876
3.33  -5.566250611998209  -3.4111455146086005
3.335  -5.566212574850112  -3.7046654870279636
3.34  -5.5649329514629216  -3.992641108232907
3.345  -5.562452764043471  -4.2745900568415145
3.35  -5.558811755671503  -4.550039902825435
3.355  -5.55404824886985  -4.818528915600037
3.36  -5.548199012645177  -5.0796068539490085
3.365  -5.541299138498433  -5.332835736424701
3.37  -5.5333819258659025  -5.577790590896883
3.375  -5.5244787774113195  -5.814060181960302
3.38  -5.514619104547944  -6.041247714947382
3.3850000000000002  -5.503830243525975  -6.258971515334542
3.39  -5.492137382376353  -6.466865682371216
3.395  -5.479563498956388  -6.664580715806074
3.4  -5.466129310296012  -6.851784114630513
3.4050000000000002  -5.451853233396422  -7.028160946807551
3.41  -5.436751357585099  -7.19341438900456
3.415  -5.420837428482995  -7.347266235399273
3.42  -5.404122843591779  -7.489457374681988
3.4250000000000003  -5.3866166594605795  -7.619748234431237
3.43  -5.368325610343983  -7.737919192096672
3.435  -5.349254138215586  -7.843770951879868
3.44  -5.329404433954434  -7.937124886862692
3.4450000000000003  -5.308776489475927  -8.01782334579238
3.45  -5.287368160533583  -8.085729923993389
3.455  -5.265175239874293  -8.140729697937836
3.46  -5.24219154038735  -8.182729423068443
3.465  -5.218408987846481  -8.211657694531613
3.47  -5.19381772280491  -8.227465070541658
3.475  -5.168406211166163  -8.230124158161614
3.48  -5.142161362917823  -8.219629661350792
3.485  -5.1150686584822544  -8.19599839119394
3.49  -5.087112282107349  -8.159269238292138
3.495  -5.058275261691595  -8.109503107360503
3.5  -5.028539614411867  -8.046782814142915
3.505  -4.99788649749873  -7.971212944818715
3.5100000000000002  -4.966296363483261  -7.882919678140962
3.515  -4.933749119221441  -7.782050570609994
3.52  -4.9002242879869184  -7.66877430504937
3.525  -4.865701173910841  -7.543280403014882
3.5300000000000002  -4.8301590280380235  -7.40577890152875
3.535  -4.793577215262588  -7.25649999469347
3.54  -4.7559353814027645  -7.095693640799187
3.545  -4.717213619674494  -6.923629135599107
3.5500000000000003  -4.677392635826228  -6.7405946524844
3.555  -4.636453911202989  -6.54689675034843
3.56  -4.594379863016849  -6.342859849984302
3.565  -4.551154001112567  -6.128825679915513
3.5700000000000003  -4.506761080531845  -5.905152692610674
3.575  -4.461187249197349  -5.6722154520854975
3.58  -4.414420190057747  -5.430403993943633
3.585  -4.36644925705827  -5.1801231589559915
3.59  -4.317265604326856  -4.921791901323802
3.595  -4.266862307993909  -4.655842572813662
3.6  -4.215234480094655  -4.382720183995623
3.605  -4.162379374035393  -4.102881643853126
3.61  -4.108296481140187  -3.816794979073079
3.615  -4.05298761783148  -3.524938534357071
3.62  -3.9964570030366326  -3.227800155129774
3.625  -3.9387113254531876  -2.9258763540485924
3.63  -3.879759800347377  -2.6196714627489754
3.6350000000000002  -3.8196142156039716  -2.309696770283521
3.64  -3.7582889667899924  -1.9964696497366141
3.645  -3.6958010810402397  -1.6805126745170464
3.65  -3.632170229619342  -1.36235272584841
3.6550000000000002  -3.56741872906154  -1.0425200929928682
3.66  -3.501571530837349  -0.7215475677557673
3.665  -3.4346561995435327  -0.39996953482921305
3.67  -3.3667028796609233  -0.07832105953942509
3.6750000000000003  -3.297744250972131  0.2428630254321465
3.68  -3.2278154727784583  0.5630490327830536
3.685  -3.1569541171022406  0.8817053312082932
3.69  -3.0852000911069988  1.198303252336403
3.6950000000000003  -3.012595549012798  1.5123179924220485
3.7  -2.939184793828694  1.823229507243349
3.705  -2.865014169266705  2.130523398664426
3.71  -2.7901319422435282  2.433691791336088
3.715  -2.7145881764160524  2.732234198026905
3.72  -2.6384345972346517  3.025658372094285
3.725  -2.561724449034921  3.313481145628849
3.73  -2.484512344722234  3.595229251828989
3.735  -2.4068541086358417  3.870440130190223
3.74  -2.3288066132088336  4.138662713122964
3.745  -2.2504276100673386  4.399458192645014
3.75  -2.171775556237246  4.652400765828596
3.755  -2.092909436148588  4.897078357718913
3.7600000000000002  -2.0138885801470763  5.133093320479528
3.765  -1.934772480238673  5.360063107561042
3.77  -1.8556206038064298  5.577620921733001
3.775  -1.77649220604988  5.785416335862663
3.7800000000000002  -1.6974461419041527  5.983115885372986
3.785  -1.6185406782011469  6.17040363135925
3.79  -1.5398333068360586  6.3469816933959295
3.795  -1.4613805597011966  6.512570751116112
3.8000000000000003  -1.3832378261443798  6.6669105137009215
3.805  -1.305459173701185  6.809760156470771
3.81  -1.2280971728397878  6.940898723827751
3.815  -1.1512027264434017  7.060125497855724
3.8200000000000003  -1.0748249047382439  7.167260331944743
3.825  -0.9990107863559152  7.262143948865995
3.83  -0.9238053061961617  7.344638202785462
3.835  -0.8492511107311745  7.414626304766238
3.84  -0.7753884213648371  7.472013011372657
3.845  -0.7022549064297984  7.516724776053179
3.85  -0.629885562372986  7.548709863042969
3.855  -0.5583126046448113  7.567938423592139
3.86  -0.4875653687704895  7.574402534390352
3.865  -0.41767022204282933  7.568116198124106
3.87  -0.348650486234642  7.549115306168172
3.875  -0.2805263716865909  7.517457563478259
3.88  -0.2133149230819401  7.473222375817169
3.8850000000000002  -0.14702997717432875  7.416510699511811
3.89  -0.08168213268793323  7.34744485400355
3.895  -0.017278732561516463  7.26616829751783
3.9  0.04617614134002834  7.172845366244037
3.9050000000000002  0.10868166097284215  7.067660977478464
3.91  0.1702402322950446  6.950820297246354
3.915  0.23085746290669873  6.822548372980164
3.92  0.2905421172235579  6.683089731891725
3.9250000000000003  0.3493060593089041  6.532707945735088
3.93  0.40716418353724154  6.371685162716047
3.935  0.4641343333121016  6.200321607359045
3.94  0.5202372081079892  6.018935049200735
3.9450000000000003  0.5754962591539425  5.827860241230493
3.95  0.6299375741213937  5.62744832905255
3.955  0.6835897512240957  5.418066231794471
3.96  0.7364837631806471  5.200095995835434
3.9650000000000003  0.7886528115314531  4.97393412247588
3.97  0.8401321718418364  4.739990870713873
3.975  0.8909590303602691  4.498689536338095
3.98  0.9411723127362112  4.250465708587654
3.985  0.9908125054353918  3.9957665056683034
3.99  1.039921470520734  3.735049790450815
3.995  1.088542254495718  3.468783367713293
4.0  1.1367188919321927  3.197444164318108
4.005  1.1844962046277001  2.9215173937484114
4.01  1.2319195970570402  2.641495706451942
4.015  1.279034848899985  2.357878327467377
4.0200000000000005  1.325887905441066  2.0711701828303286
4.025  1.3725246666479025  1.781881016274541
4.03  1.4189907757429037  1.4905244977617298
4.035  1.4653314080873039  1.1976173253880578
4.04  1.5115910611980459  0.9036783222267173
4.045  1.557813346716645  0.6092275296741754
4.05  1.604040785143614  0.3147852988754586
4.055  1.6503146041445271  0.020871381806027878
4.0600000000000005  1.6966745412220006  -0.27199597641004747
4.065  1.7431586515339348  -0.5633009423692886
4.07  1.7898031216206034  -0.8525309948729334
4.075  1.836642089782808  -1.139177819460555
4.08  1.8837074738299453  -1.4227381954381966
4.085  1.9310288068907169  -1.702714873859518
4.09  1.9786330819499154  -1.9786174449328697
4.095  2.0265446057434855  -2.2499631933451845
4.1  2.074784862609557  -2.516277940015853
4.105  2.123372388857003  -2.777096868815152
4.11  2.1723226581737154  -3.0319653368089003
4.115  2.221647978556573  -3.2804396666188054
4.12  2.271357401201615  -3.5220879195189996
4.125  2.3214566417484694  -3.7564906479222904
4.13  2.3719480142270237  -3.983241625945516
4.135  2.4228303780061538  -4.201948556780383
4.14  2.4740990979956092  -4.41223375563757
4.1450000000000005  2.5257460183020983  -4.613734807072868
4.15  2.577759449489225  -4.806105195548427
4.155  2.6301241695398843  -4.989014908129873
4.16  2.6828214385669793  -5.162151008266046
4.165  2.735829027266046  -5.325218179650129
4.17  2.789121259051039  -5.477939239211178
4.175  2.8426690657616343  -5.620055618339833
4.18  2.8964400567786583  -5.751327811505834
4.1850000000000005  2.950398601332303  -5.871535791482329
4.19  3.0045059237371112  -5.980479390448965
4.195  3.058720211237569  -6.0779786463061205
4.2  3.1129967340991604  -6.163874113591566
4.205  3.167287977532263  -6.238027138453162
4.21  3.2215437849901374  -6.300320097193394
4.215  3.2757115123374745  -6.350656597964539
4.22  3.3297361923437734  -6.388961645257457
4.225  3.3835607089146675  -6.415181766891463
4.23  3.4371259804362992  -6.429285103278035
4.235  3.4903711515710962  -6.431261458796599
4.24  3.543233792810172  -6.421122315186393
4.245  3.5956501070558824  -6.398900806924711
4.25  3.64755514247979  -6.364651658627739
4.255  3.698883010875852  -6.318451084576314
4.26  3.7495671107055752  -6.260396650535101
4.265  3.7995403540123864  -6.1906070980989645
4.2700000000000005  3.8487353963659  -6.109222131865911
4.275  3.897084868983015  -6.016402169800661
4.28  3.9445216121629842  -5.912328057217071
4.285  3.9909789091662  -5.7972007448710565
4.29  4.036390719662911  -5.6712409317184544
4.295  4.080691911877873  -5.534688672953606
4.3  4.123818492559555  -5.38780295400575
4.305  4.165707833909023  -5.23086123122889
4.3100000000000005  4.206298896613029  -5.064158940079826
4.315  4.245532448138663  -4.888008971635528
4.32  4.28335127546297  -4.702741118356634
4.325  4.319700391429955  -4.508701490057491
4.33  4.354527233949798  -4.306251901095481
4.335  4.387781857280321  -4.095769229843363
4.34  4.419417114658778  -3.8776447515558394
4.345  4.449388831583197  -3.652283445789646
4.3500000000000005  4.477655969076026  -3.4201032795799704
4.355  4.504180776299128  -3.1815344676203607
4.36  4.528928931927872  -2.937018710731199
4.365  4.551869673732871  -2.687008413943175
4.37  4.5729759158612575  -2.4319658855556234
4.375  4.592224353354155  -2.1723625185653552
4.38  4.609595553484175  -1.9086779558909333
4.385  4.625074033545031  -1.641399240847478
4.39  4.638648324775421  -1.3710199543535702
4.3950000000000005  4.650311022150545  -1.0980393403737987
4.4  4.660058819826823  -0.8229614211240447
4.405  4.667892532078589  -0.5462941035823062
4.41  4.673817099619299  -0.2685482788670617
4.415  4.677841581254032  0.009763083945458356
4.42  4.679979130864698  0.28812584798040936
4.425  4.680246959783807  0.5660256211094605
4.43  4.678666284667149  0.8429486692849352
4.4350000000000005  4.675262261029828  1.1183828290661642
4.44  4.670063902663475  1.3918184177394246
4.445  4.663103987205327  1.6627491394389802
4.45  4.654418948181477  1.9306729856797828
4.455  4.644048753897329  2.195093128724963
4.46  4.632036773597398  2.455518806220468
4.465  4.61842963136434  2.7114661955441948
4.47  4.603277048273095  2.96245927633532
4.4750000000000005  4.586631673359975  3.2080306796880094
4.48  4.568548904008653  3.4477225225170116
4.485  4.549086696394635  3.681087225627511
4.49  4.528305366667318  3.9076883140495156
4.495  4.506267383583459  4.127101198227058
4.5  4.48303715333822  4.338913934685525
4.505  4.458680797369265  4.5427279648347865
4.51  4.433265923936028  4.7381588306045055
4.515  4.406861394299738  4.9248368656467
4.5200000000000005  4.379537084350306  5.102407860882674
4.525  4.35136364254354  5.270533703216311
4.53  4.322412245026066  5.428892986281418
4.535  4.292754348836396  5.577181592138758
4.54  4.262461444077903  5.7151132428887985
4.545  4.231604805963645  5.842420021218551
4.55  4.2002552476338115  5.958852858953736
4.555  4.168482874643967  6.064181992743454
4.5600000000000005  4.1363568420162995  6.158197386060958
4.565  4.10394511473685  6.24070911676291
4.57  4.071314232569121  6.311547729508911
4.575  4.038529080038645  6.370564552403888
4.58  4.005652662424098  6.4176319772881785
4.585  3.9727458885683595  6.452643703163386
4.59  3.939867361297883  6.475514942305792
4.595  3.907073176210484  6.4861825886840405
4.6000000000000005  3.874416729560889  6.484605348363638
4.605  3.8419485359396073  6.470763831646527
4.61  3.809716056404507  6.444660606760939
4.615  3.777763537685919  6.406320214983538
4.62  3.7461318630448197  6.355789147143184
4.625  3.7148584153209234  6.293135781522894
4.63  3.6839769526619843  6.218450283244012
4.635  3.6535174973790485  6.131844465283937
4.64  3.623506238323651  6.033451611345553
4.6450000000000005  3.5939654471329265  5.9234262608633115
4.65  3.5649134086376018  5.8019439564975155
4.655  3.5363643656751265  5.669200954533116
4.66  3.5083284784973503  5.525413898665416
4.665  3.4808117989082215  5.3708194577183
4.67  3.453816259212447  5.205673927904681
4.675  3.427339676001857  5.030252800300326
4.68  3.4013757687512793  4.84485029426398
4.6850000000000005  3.3759141931414853  4.649778857596025
4.69  3.3509405889725277  4.445368634287463
4.695  3.3264366424773497  4.231966900766224
4.7  3.3023801627927956  4.009937471605419
4.705  3.278745172293311  3.7796600757110568
4.71  3.255502010441954  3.541529704058376
4.715  3.232617450764276  3.2959559300975387
4.72  3.2100548305025973  3.0433622039965833
4.7250000000000005  3.1877741924624665  2.784185121937318
4.73  3.165732438518767  2.518873671722619
4.735  3.143883494206947  2.2478884559966996
4.74  3.122178483785094  1.971700894419827
4.745  3.1005659151147693  1.6907924061766189
4.75  3.078991873673991  1.4056535742312561
4.755  3.057400224982847  1.1167832927773205
4.76  3.0357328246931035  0.8246878993587953
4.765  3.013929735566083  0.5298802931680806
4.7700000000000005  2.991929450539345  0.23287904104997448
4.775  2.9696691210621555  -0.06579252723496998
4.78  2.9470847898617247  -0.36560723291570685
4.785  2.924111627287982  -0.666034969695098
4.79  2.900684170373499  -0.9665436312096339
4.795  2.8767365637367894  -1.2666000428495654
4.8  2.8522028014530783  -1.5656708963146189
4.805  2.8270169690147964  -1.86322368527648
4.8100000000000005  2.801113484506365  -2.1587276405143085
4.815  2.7744273381227216  -2.4516546628904115
4.82  2.7468943291698493  -2.741480252535426
4.825  2.7184512996970795  -3.027684432617933
4.83  2.6890363639260295  -3.3097526660819714
4.835  2.6585891326587783  -3.5871767637459966
4.84  2.627050931869381  -3.8594557821725926
4.845  2.5943650147064052  -4.12609690973303
4.8500000000000005  2.5604767661614636  -4.38661633931176
4.855  2.5253338996880164  -4.640540126116384
4.86  2.4888866450872453  -4.887405029086195
4.865  2.451087927012585  -5.126759334416627
4.87  2.4118935334813743  -5.358163659749921
4.875  2.371262273821968  -5.58119173761279
4.88  2.329156125525535  -5.795431176718883
4.885  2.2855403695156484  -6.000484199790124
4.89  2.240383713393533  -6.195968356591038
4.8950000000000005  2.1936584022635173  -6.381517210913588
4.9  2.1453403167915814  -6.556781000292882
4.905  2.0954090581986002  -6.721427267282501
4.91  2.0438480199405475  -6.875141461164897
4.915  1.9906444458788517  -7.01762750902517
4.92  1.9357894747954407  -7.148608355167489
4.925  1.8792781711595474  -7.267826467908808
4.93  1.8211095421050933  -7.3750443128398455
4.9350000000000005  1.761286540630142  -7.470044791702217
4.94  1.6998160550816683  -7.552631646088575
4.945  1.6367088850406093  -7.622629825234569
4.95  1.571979703773425  -7.679885817232253
4.955  1.505647007466402  -7.724267943059017
4.96  1.4377330515082227  -7.755666612879521
4.965  1.368263774134789  -7.773994544143888
4.97  1.297268707796457  -7.779186941071541
4.9750000000000005  1.2247808786536942  -7.771201635177061
4.98  1.1508366946501773  -7.750019186561916
4.985  1.0754758226541528  -7.715642945764238
4.99  0.9987410551988245  -7.668099076027272
4.995  0.9206781673892699  -7.607436535915999
5.0  0.8413357645793297  -7.533727022280356
