0.0  0.0  0.0
0.01  -0.047342320479026374  -0.023939002994898022
0.02  -0.10287608429303177  -0.0701187816206707
0.03  -0.15433800685771532  -0.121744084122078
0.04  -0.20064345754645807  -0.17358118165679712
0.05  -0.24211167475192258  -0.22401364631418388
0.06  -0.2789759057558898  -0.27233438160062995
0.07  -0.3113347637566516  -0.3181091006953074
0.08  -0.33921553633295987  -0.3610094667754805
0.09  -0.3626184224949241  -0.4007623978884346
0.1  -0.38154178667376787  -0.43713297906993037
0.11  -0.39599633512189686  -0.4699185015058592
0.12  -0.4060131692457608  -0.49894656524752656
0.13  -0.41164836733149396  -0.5240747425668539
0.14  -0.41298549640509474  -0.5451908215321427
0.15  -0.4101368129895462  -0.5622132117013251
0.16  -0.4032435782835435  -0.5750913200933282
0.17  -0.39247573639904604  -0.5838058037443798
0.18  -0.37803110779115745  -0.588368650799293
0.19  -0.36013419598149443  -0.5888230648478244
0.2  -0.3390346747448399  -0.5852431394579374
0.21  -0.31500560491547575  -0.5777333170330488
0.22  -0.2883414193609155  -0.5664276307484206
0.23  -0.2593557083946642  -0.5514887316143975
0.24  -0.22837883419666238  -0.5331067052732635
0.25  -0.19575540064605412  -0.5114976852689164
0.26  -0.16184160372316972  -0.4869022713929335
0.27  -0.12700248692262084  -0.45958376338901874
0.28  -0.09160912569614177  -0.42982622183169455
0.29  -0.0560357646580601  -0.3979323694039716
0.3  -0.020656931037924472  -0.3642213470899938
0.31  0.01415545241168632  -0.3290263409732514
0.32  0.048034932191843314  -0.2926920963862044
0.33  0.08062334410483643  -0.25557233708871957
0.34  0.11157356672231805  -0.21802710795550384
0.35000000000000003  0.14055218711365683  -0.18042006032161587
0.36  0.16724205849550958  -0.14311569966538235
0.37  0.19134473041713962  -0.10647661569550629
0.38  0.2125827331792924  -0.07086071515045937
0.39  0.23070169939264282  -0.036618477710962334
0.4  0.24547230690808702  -0.004090255369021133
0.41000000000000003  0.25669202878698993  0.02639636461084405
0.42  0.2641866775150561  0.05452911336018008
0.43  0.2678117322877751  0.08001349143272649
0.44  0.2674534398964609  0.10257509856680322
0.45  0.2630296815090563  0.12196182435497033
0.46  0.25449059945577435  0.1379458829205974
0.47000000000000003  0.24181897998251323  0.1503256757598863
0.48  0.2250303898106703  0.15892746809003616
0.49  0.20417306622618303  0.16360686534161092
0.5  0.17932756229894484  0.16425007783684228
0.51  0.15060615069184335  0.16077496319580956
0.52  0.11815199134239394  0.1531318375986176
0.53  0.08213807007544013  0.14130404869259233
0.54  0.04276591691920471  0.12530830465722448
0.55  0.0002641145361610686  0.10519475571367409
0.56  -0.04511339126753826  0.08104682617723231
0.5700000000000001  -0.09308916553661066  0.05298079698692603
0.58  -0.14336432790330497  0.02114514049296555
0.59  -0.19562075007912588  -0.014280388873734375
0.6  -0.2495233900175438  -0.05308590259889999
0.61  -0.30472274470269334  -0.09503275750166983
0.62  -0.36085740270095956  -0.13985515757090933
0.63  -0.41755667694287524  -0.18726196752606236
0.64  -0.47444329768627475  -0.23693872578263636
0.65  -0.5311361452515256  -0.28854984296027975
0.66  -0.5872530019179198  -0.3417409706239886
0.67  -0.6424133023277254  -0.3961415236075979
0.68  -0.6962408618605953  -0.4513673380439563
0.6900000000000001  -0.7483665627142577  -0.5070234461278385
0.7000000000000001  -0.7984309778548322  -0.562706947674602
0.71  -0.8460869135775986  -0.618009957717749
0.72  -0.8910018521413999  -0.6725226087188285
0.73  -0.9328602768006552  -0.7258360854492687
0.74  -0.9713658625509209  -0.7775456702504882
0.75  -1.0062435170185453  -0.827253776189395
0.76  -1.037241257153007  -0.8745729456035092
0.77  -1.0641319087118066  -0.9191287916743727
0.78  -1.0867146169514235  -0.9605628609795183
0.79  -1.1048161584422502  -0.9985353954504833
0.8  -1.1182920454984513  -1.0327279728045131
0.81  -1.127027416342732  -1.0628460053167057
0.8200000000000001  -1.130937705798054  -1.0886210777522174
0.8300000000000001  -1.1299690930001156  -1.1098131063784074
0.84  -1.1240987243425233  -1.1262123022169663
0.85  -1.1133347115875363  -1.137640923067495
0.86  -1.097715906785572  -1.1439548003271014
0.87  -1.0773114573331628  -1.145044628234741
0.88  -1.0522201461485876  -1.1408370048727525
0.89  -1.022569523544451  -1.1312952160490617
0.9  -0.9885148389147607  -1.1164197550488444
0.91  -0.9502377818189529  -1.096248573170396
0.92  -0.9079450434258818  -1.070857057932447
0.93  -0.8618667105666555  -1.0403577378445794
0.9400000000000001  -0.8122545058270492  -1.0048997146539
0.9500000000000001  -0.7593798881793231  -0.9646678260046414
0.96  -0.703532029602091  -0.9198815434576936
0.97  -0.6450156839587116  -0.8707936127991521
0.98  -0.5841489650939244  -0.8176884455057907
0.99  -0.5212610516605929  -0.7608802721161926
1.0  -0.4566898366000492  -0.7007110700648066
1.01  -0.39077953946835653  -0.6375482802585121
1.02  -0.32387829992571143  -0.5717823282981437
1.03  -0.2563357706871754  -0.5038239677582441
1.04  -0.18850072807112778  -0.4341014643252878
1.05  -0.12071871797957202  -0.36305764084686637
1.06  -0.053329754705006525  -0.29114680445186725
1.07  0.013333910613454897  -0.21883157785570245
1.08  0.07894993576128213  -0.1465796577572934
1.09  0.14320793214359562  -0.07486052385932351
1.1  0.2058113940339882  -0.004142122494796549
1.11  0.26647949904549395  0.06511245088277522
1.12  0.32494876762670083  0.1324482459939745
1.1300000000000001  0.3809745706070712  0.19742170454840413
1.1400000000000001  0.43433247511262  0.25960383558397887
1.1500000000000001  0.4848194205354248  0.3185832957831683
1.16  0.5322547176565956  0.37396935184464064
1.17  0.576480865480668  0.4253947027878574
1.18  0.6173641818279246  0.4725181410351084
1.19  0.6547952452378515  0.5150270322436241
1.2  0.6886891472495132  0.5526395951417236
1.21  0.7189855556310705  0.5851069640484793
1.22  0.7456485906188622  0.6122150183157602
1.23  0.768666517684714  0.6337859646135432
1.24  0.7880512617669133  0.6496796597717808
1.25  0.8038377492646176  0.6597946637817927
1.26  0.8160830853966937  0.6640690145331707
1.27  0.8248655757543104  0.6624807179040306
1.28  0.8302836020225134  0.6550479489179224
1.29  0.8324543629011049  0.6418289618142565
1.3  0.8315124922115343  0.6229217090347788
1.31  0.8276085670272657  0.5984631712902806
1.32  0.8209075194041803  0.5686284030231171
1.33  0.8115869659099882  0.5336292997060186
1.34  0.7998354696530963  0.49371309550004644
1.35  0.7858507498889593  0.4491606018185887
1.36  0.7698378545335155  0.4002841992945826
1.37  0.7520073110377573  0.3474255975098807
1.3800000000000001  0.7325732710749464  0.29095337860449966
1.3900000000000001  0.7117516643634164  0.23126034252598113
1.4000000000000001  0.6897583766953528  0.16876067319252108
1.41  0.6668074668685207  0.10388694621619227
1.42  0.6431094367275756  0.03708700005377293
1.43  0.6188695679193406  -0.03117930648710692
1.44  0.5942863382580129  -0.10044342656809245
1.45  0.5695499297884123  -0.1702315229338394
1.46  0.5448408397354415  -0.24006790575484227
1.47  0.5203286045440466  -0.309478485289735
1.48  0.49617064615490175  -0.37799421380212916
1.49  0.47251124853605  -0.44515449120316664
1.5  0.4494806713096714  -0.5105105091185962
1.51  0.4271944060861054  -0.5736285084971028
1.52  0.4057525798547637  -0.6340929264820085
1.53  0.3852395084943272  -0.6915094090572599
1.54  0.3657234021634129  -0.7455076669451123
1.55  0.3472562230286576  -0.7957441533703239
1.56  0.32987369449064147  -0.841904543605659
1.57  0.3135954597900431  -0.8837059976666048
1.58  0.29842538662720913  -0.9208991891187828
1.59  0.28435201321822934  -0.9532700846877834
1.6  0.2713491300492734  -0.9806414612053037
1.61  0.25937649048770695  -1.0028741483738184
1.62  0.24838064237212282  -1.0198679878700452
1.6300000000000001  0.2382958717419973  -1.0315625014199403
1.6400000000000001  0.22904524898868134  -1.0379372626490704
1.6500000000000001  0.22054176691960856  -1.0390119697256393
1.6600000000000001  0.21268955953288218  -1.0348462180526026
1.67  0.20538518970486672  -1.0255389745132395
1.68  0.1985189935033805  -1.011227757014377
1.69  0.19197646845686214  -0.9920875252861941
1.7  0.1856396928379236  -0.9683292910704507
1.71  0.17938876285949584  -0.9401984579435375
1.72  0.17310323463391805  -0.9079729030609505
1.73  0.16666355780942993  -0.871960815060084
1.74  0.15995248797324088  -0.8324983042037347
1.75  0.1528564651935735  -0.7899468025733744
1.76  0.1452669464615882  -0.7446902737158161
1.77  0.13708168028398654  -0.6971322525971902
1.78  0.1282059122635654  -0.6476927380129687
1.79  0.11855351118248988  -0.5968049607321867
1.8  0.10804800586528025  -0.5449120516092462
1.81  0.09662352393850313  -0.492463634670315
1.82  0.08422562451436984  -0.43991237076731854
1.83  0.07081201779777073  -0.3877104777861894
1.84  0.05635316564209417  -0.33630625359422694
1.85  0.040832758149610654  -0.286140627912393
1.86  0.024248062517833784  -0.23764376910195917
1.87  0.006610141464695747  -0.19123177146233705
1.8800000000000001  -0.012056060287212112  -0.1473034480510465
1.8900000000000001  -0.03171176183335026  -0.106237253261741
1.9000000000000001  -0.05230452343270948  -0.06838835843779595
1.9100000000000001  -0.07376855345480847  -0.03408590266419785
1.92  -0.09602514189259359  -0.0036304395778183843
1.93  -0.118983216323215  0.022708400424716595
1.94  -0.142540015157107  0.04469401481042892
1.95  -0.16658187202373662  0.062124684336917486
1.96  -0.19098510420781836  0.07483516512049673
1.97  -0.21561699718037308  0.08269800515682506
1.98  -0.24033687647157712  0.08562457517213372
1.99  -0.26499725741343333  0.08356580582767652
2.0  -0.2894450626452457  0.07651262550605296
2.0100000000000002  -0.31352289672894307  0.06449609515893735
2.02  -0.33707036676823665  0.04758723897449521
2.0300000000000002  -0.3599254375690701  0.02589657191213693
2.04  -0.3819258096209791  -0.0004266725650004479
2.05  -0.4029103080218514  -0.031195608970747708
2.06  -0.4227202704125605  -0.06618705268288444
2.07  -0.44120092203329014  -0.10514314926966704
2.08  -0.45820272615904467  -0.1477732682034876
2.09  -0.4735826984159881  -0.1937561469134385
2.1  -0.48720567382055435  -0.2427422692381231
2.11  -0.49894551581610597  -0.29435646056872816
2.12  -0.5086862571033405  -0.3482006803343064
2.13  -0.5163231626656832  -0.4038569909880469
2.14  -0.5217637060741638  -0.460890681317183
2.15  -0.52492845091145  -0.5188535207293766
2.16  -0.5257518299752147  -0.5772871201746969
2.17  -0.5241828157995225  -0.6357263745512696
2.18  -0.5201854769617725  -0.6937029608214571
2.19  -0.513739415613855  -0.7507488656377235
2.2  -0.5048400826811917  -0.8063999160474105
2.21  -0.49349896820358125  -0.860199286814239
2.22  -0.47974366533852836  -0.9117009580626674
2.23  -0.4636178076020027  -0.9604730973170343
2.24  -0.44518087997462114  -1.0061013405688874
2.25  -0.4245079055440312  -1.0481919477577755
2.2600000000000002  -0.4016890103782464  -1.0863748089884084
2.27  -0.376828870321294  -1.1203062789222837
2.2800000000000002  -0.3500460443634636  -1.149671818067181
2.29  -0.32147220015598477  -1.1741884211327136
2.3000000000000003  -0.2912512381064346  -1.1936068142141918
2.31  -0.2595383212998064  -1.2077134042976474
2.32  -0.2264988192341626  -1.216331966433499
2.33  -0.1923071740336827  -1.2193250558903526
2.34  -0.15714569839992598  -1.2165951346595472
2.35  -0.12120331508008522  -1.2080854038191433
2.36  -0.08467424806476562  -1.1937803354673622
2.37  -0.047756676074184774  -1.1737059001831007
2.38  -0.010651359148473476  -1.1479294882482343
2.39  0.02643975067701114  -1.1165595251556406
2.4  0.06331490355736961  -1.0797447842111643
2.41  0.09977393985016417  -1.0376734012995488
2.42  0.13561966102997242  -0.9905715991070196
2.43  0.1706591727829104  -0.9387021302596101
2.44  0.20470518984754427  -0.8823624509304462
2.45  0.23757729254275692  -0.8218826384751896
2.46  0.26910312537851067  -0.7576230685576442
2.47  0.2991195286779759  -0.689971869012895
2.48  0.3274735947439046  -0.6193421693499995
2.49  0.35402364077333676  -0.5461691663076426
2.5  0.3786400914561113  -0.4709070272333379
2.5100000000000002  0.4012062649782494  -0.3940256542493
2.52  0.42161905698358576  -0.31600733318753116
2.5300000000000002  0.43978951791919163  -0.23734329211520167
2.54  0.45564332009412895  -0.15853019492316525
2.5500000000000003  0.46912111170944504  -0.08006659591052694
2.56  0.48017875606167193  -0.002449381563590201
2.57  0.48878745507474464  0.0738297742038116
2.58  0.49493375726766947  0.1482879152095744
2.59  0.49861945120978024  0.22045424274682285
2.6  0.49986134644379093  0.289873464612979
2.61  0.49869094476143233  0.3561090288307966
2.62  0.4951540055897973  0.41874621835653264
2.63  0.489310010081275  0.47739508413477294
2.64  0.48123152928942564  0.5316931950923182
2.65  0.47100350255088813  0.5813081850542244
2.66  0.4587224328735034  0.6259400781039676
2.67  0.44449550674793553  0.665323375583923
2.68  0.42843964634930076  0.6992288897300517
2.69  0.41068050257258953  0.7274653108412014
2.7  0.39135139774730227  0.7498804968851184
2.71  0.37059222719994434  0.7663624765240581
2.72  0.34854832907563305  0.776840158687738
2.73  0.32536933199050655  0.7812837440133878
2.74  0.30120799016425137  0.7797048356957681
2.75  0.2762190156767837  0.7721562495270814
2.7600000000000002  0.2505579174055444  0.7587315251410925
2.77  0.22437985603155075  0.7395641426905721
2.7800000000000002  0.19783852425517473  0.7148264513657899
2.79  0.17108506103949628  0.6847283182880123
2.8000000000000003  0.14426700830323533  0.6495155083696862
2.81  0.1175273180209562  0.6094678077072709
2.82  0.09100341715963065  0.5648969049483752
2.83  0.06482633729330727  0.516144046838654
2.84  0.03911991509676562  0.4635774857922361
2.85  0.014000069230818028  0.40758973883078187
2.86  -0.010425841597208678  0.34859467858930193
2.87  -0.03405957537780334  0.2870244782819754
2.88  -0.05681247511913541  0.22332643354973603
2.89  -0.07860584632416628  0.15795968496603896
2.9  -0.09937124203047891  0.09139186565203357
2.91  -0.11905065464767861  0.024095698942685203
2.92  -0.137596614654624  -0.04345442865192488
2.93  -0.15497219703712647  -0.11078589383266066
2.94  -0.17115093714870405  -0.17743123696382077
2.95  -0.1861166584557253  -0.24293151157635515
2.96  -0.1998632153768545  -0.3068395583574677
2.97  -0.21239415513895427  -0.3687231796959247
2.98  -0.22372230324120698  -0.42816819166296266
2.99  -0.2338692777406648  -0.4847813312897038
3.0  -0.2428649381405214  -0.538192998145451
3.0100000000000002  -0.2507467751724155  -0.588059810518204
3.02  -0.25755924821186105  -0.6340669579388493
3.0300000000000002  -0.26335307744797637  -0.6759303333627975
3.04  -0.26818449824203094  -0.7133984300146174
3.0500000000000003  -0.27211448535164645  -0.7462539897001277
3.06  -0.27520795486710997  -0.774315391281777
3.0700000000000003  -0.2775329518022653  -0.7974377699832945
3.08  -0.27915983130425637  -0.8155138602227694
3.09  -0.2801604413947428  -0.8284745567546374
3.1  -0.28060731503063185  -0.8362891910143259
3.11  -0.2805728790769061  -0.8389655216888338
3.12  -0.28012868751980924  -0.8365494406661285
3.13  -0.27934468591854505  -0.8291243976300142
3.14  -0.27828851370101193  -0.8168105486492596
3.15  -0.27702485045830105  -0.7997636361447268
3.16  -0.275614811887884  -0.7781736095909948
3.17  -0.2741154004819121  -0.7522629982048361
3.18  -0.2725790154601882  -0.7222850486781018
3.19  -0.2710530258128481  -0.6885216427136939
3.2  -0.2695794096519645  -0.6512810107081959
3.21  -0.26819446238029443  -0.6108952593817699
3.22  -0.26692857547603294  -0.5677177324747462
3.23  -0.2658060869713334  -0.5221202248015799
3.24  -0.26484520397638334  -0.4744900709682527
3.25  -0.2640579968767634  -0.42522713091180075
3.2600000000000002  -0.2634504641166223  -0.3747406951046514
3.27  -0.26302266578034  -0.32344633277741464
3.2800000000000002  -0.2627689235075903  -0.2717627068485336
3.29  -0.26267808362723  -0.22010837940596323
3.3000000000000003  -0.2627338397803317  -0.16889863156430032
3.31  -0.2629151107275699  -0.11854232132150752
3.3200000000000003  -0.2631964685065554  -0.0694388026646716
3.33  -0.26354861162523724  -0.021974928627686113
3.34  -0.26393887755275447  0.0234778397098385
3.35  -0.2643317884029883  0.06656619716780153
3.36  -0.26468962340170127  0.10695761126870751
3.37  -0.26497301148867797  0.14434277298640455
3.38  -0.26514153723339196  0.1784378638380418
3.39  -0.2651543531383766  0.20898662315271432
3.4  -0.264970791369298  0.2357622009001478
3.41  -0.26455096798503835  0.25856878311543907
3.42  -0.26385637284447894  0.27724297869766085
3.43  -0.26285043853817425  0.2916549581784425
3.44  -0.2614990819308336  0.30170933693684954
3.45  -0.2597712122023706  0.30734579726527045
3.46  -0.2576391996382613  0.3085394456524563
3.47  -0.2550792998405295  0.30530090363002205
3.48  -0.252072028504942  0.2976761325123307
3.49  -0.24860248243332797  0.28574599433229375
3.5  -0.24466060301739723  0.26962555322228615
3.5100000000000002  -0.24024137903656084  0.24946312339589075
3.52  -0.23534498625134548  0.22543907173845776
3.5300000000000002  -0.22997686193982148  0.19776438479892894
3.54  -0.22414771321082264  0.1666790116791484
3.5500000000000003  -0.21787345862788904  0.13244999592753237
3.56  -0.21117510338523615  0.09536941105015805
3.5700000000000003  -0.20407854898474964  0.05575211564307737
3.58  -0.19661433906426434  0.013933345415565011
3.59  -0.18881734371538936  -0.02973383949419284
3.6  -0.18072638529721566  -0.07488123251896814
3.61  -0.17238380939390346  -0.12112826374394865
3.62  -0.16383500517304608  -0.1680848671473576
3.63  -0.15512787997187674  -0.21535441054757096
3.64  -0.14631229346418143  -0.2625366664349236
3.65  -0.1374394572367816  -0.30923080166042977
3.66  -0.1285613060260256  -0.35503836391134375
3.67  -0.11972984722736037  -0.3995662430245003
3.68  -0.11099649559090247  -0.4424295854707561
3.69  -0.10241140024993337  -0.4832546407847817
3.7  -0.0940227713944382  -0.5216815193097024
3.71  -0.0858762139964111  -0.557366841370514
3.72  -0.07801407601608899  -0.5899862588773344
3.73  -0.07047481846793158  -0.6192368313822053
3.74  -0.06329241460183908  -0.6448392397628636
3.75  -0.05649578525950656  -0.6665398219745408
3.7600000000000002  -0.050108277199261544  -0.6841124166863304
3.77  -0.04414719084686966  -0.6973600020912453
3.7800000000000002  -0.038623363527685965  -0.7061161187372863
3.79  -0.03354081376998802  -0.7102460668587293
3.8000000000000003  -0.028896451744248947  -0.7096478703798599
3.81  -0.024679860323206595  -0.7042530015047543
3.8200000000000003  -0.020873150617183842  -0.6940268615832403
3.83  -0.0174508951643545  -0.6789690157416526
3.84  -0.014380141241709197  -0.6591131805738677
3.85  -0.011620506016230653  -0.6345269659902772
3.86  -0.009124354483332466  -0.6053113741062606
3.87  -0.006837060348305751  -0.5716000598046448
3.88  -0.0046973492031250185  -0.5335583593156636
3.89  -0.0026377225429943143  -0.49138209481085576
3.9  -0.0005849603618342003  -0.4452961645923978
3.91  0.001539300729198939  -0.3955529299652079
3.92  0.003817917693423869  -0.3424304112954382
3.93  0.0063375241564540465  -0.2862303070755739
3.94  0.009187751696491709  -0.22727585102468625
3.95  0.012460395325048858  -0.16590952334367393
3.96  0.016248529781990834  -0.10249063321317883
3.97  0.02064558385304819  -0.037392790458937904
3.98  0.025744380444244062  0.028998714988402938
3.99  0.03163615061113756  0.09628960665007523
4.0  0.038409530136018  0.16407936846396365
4.01  0.04614954756923556  0.23196402527462898
4.0200000000000005  0.05493661289778519  0.2995389368371765
4.03  0.06484551617210617  0.36640158534117995
4.04  0.07594444550835129  0.4321543366232416
4.05  0.0882940338864345  0.4964071555413422
4.0600000000000005  0.10194644408300774  0.5587802564286968
4.07  0.1169445009128077  0.6189066701239297
4.08  0.13332087970223552  0.6764347097840235
4.09  0.15109735958651396  0.7310303185193188
4.1  0.17028414980853054  0.7823792828403311
4.11  0.1908792967061627  0.8301892969652154
4.12  0.2128681785087218  0.8741918641966732
4.13  0.23622309442647546  0.9141440228286803
4.14  0.26090295381453676  0.9498298853762744
4.15  0.2868530704293057  0.9810619813265686
4.16  0.31400506597773586  1.0076823950742455
4.17  0.34227688629397285  1.0295636922199678
4.18  0.37157293257051216  1.0466096289631794
4.19  0.4017843091302076  1.058755640901031
4.2  0.4327891882582791  1.0659691091401653
4.21  0.4644532916282584  1.068249403226816
4.22  0.4966304868606802  1.0656277019911067
4.23  0.5291634967569179  1.0581665949725065
4.24  0.561884717761068  1.0459594686336313
4.25  0.5946171432290382  1.0291296830682906
4.26  0.627175386134195  1.0078295463563525
4.2700000000000005  0.6593667949217472  0.982239095102589
4.28  0.6909926553472723  0.9525646910097881
4.29  0.7218494703066961  0.9190374445690764
4.3  0.7517303088927773  0.8819114780946657
4.3100000000000005  0.7804262152042752  0.8414620413781471
4.32  0.8077276667948102  0.7979834941828776
4.33  0.8334260720853884  0.7517871706353718
4.34  0.8573152955830207  0.7031991412935444
4.3500000000000005  0.8791931993529207  0.652557889276104
4.36  0.8988631888875411  0.6002119173208906
4.37  0.9161357513058914  0.5465173029991937
4.38  0.9308299737036851  0.4918352195475423
4.39  0.9427750294612363  0.4365294398863733
4.4  0.9518116204026312  0.3809638413777183
4.41  0.9577933628868209  0.32549992873206257
4.42  0.9605881061988331  0.27049439221028065
4.43  0.9600791719955579  0.21629671788284774
4.44  0.9561665040437463  0.16324686620895307
4.45  0.9487677180649008  0.11167303458749947
4.46  0.9378190421689949  0.06188951881535282
4.47  0.92327613911199  0.014194687571526202
4.48  0.9051148024457051  -0.031130916864089767
4.49  0.8833315195370445  -0.07382633944520613
4.5  0.8579438954102602  -0.11365182360949477
4.51  0.8289909324040087  -0.15039026295294033
4.5200000000000005  0.7965331617268012  -0.183848484543716
4.53  0.7606526241323869  -0.21385835635182138
4.54  0.7214526981120131  -0.24027771257549727
4.55  0.6790577752055955  -0.26299109198542653
4.5600000000000005  0.6336127832592806  -0.28191028577364
4.57  0.5852825596949407  -0.2969746927767545
4.58  0.5342510780987212  -0.30815148133378206
4.59  0.48072053267347153  -0.31543555842862003
4.6000000000000005  0.4249102863255512  -0.31884934814823407
4.61  0.36705568936378624  -0.31844238285175674
4.62  0.30740677697106517  -0.31429071178629014
4.63  0.24622685476311737  -0.3064961331962864
4.64  0.18379098287115136  -0.295185257249925
4.65  0.12038437007544942  -0.280508408344885
4.66  0.05630069057810866  -0.26263837655599515
4.67  -0.008159662958528822  -0.2417690291495281
4.68  -0.07269137545273094  -0.2181137942182509
4.69  -0.13698603883136337  -0.1919040295964853
4.7  -0.2007339980764187  -0.16338729131062293
4.71  -0.2636261959634668  -0.13282551693050848
4.72  -0.32535599726185754  -0.10049314034586423
4.73  -0.3856209716281597  -0.06667515574923039
4.74  -0.44412461252001517  -0.031665150036992634
4.75  -0.50057796699963  0.0042366754508485665
4.76  -0.5547011480092663  0.040725470786131764
4.7700000000000005  -0.6062246961811353  0.07749366502488399
4.78  -0.6548907518862288  0.11423282579282097
4.79  -0.7004539891176873  0.1506354158192264
4.8  -0.7426822495383636  0.18639640365235619
4.8100000000000005  -0.7813567954018608  0.22121467448818646
4.82  -0.8162720705773374  0.2547941701356422
4.83  -0.8472348138686522  0.2868446613593285
4.84  -0.8740622987259699  0.31708201574548706
4.8500000000000005  -0.8965793621091674  0.34522776054848225
4.86  -0.9146137042872781  0.37100763642011264
4.87  -0.9279886394684911  0.3941486651039584
4.88  -0.9365119586076951  0.41437395718494147
4.89  -0.9399586450581306  0.43139395842299083
4.9  -0.9380434865080003  0.4448918602062183
4.91  -0.9303763613513824  0.4544990268013132
4.92  -0.9163863820169114  0.4597525070228552
4.93  -0.8951869943774597  0.4600186107242
4.94  -0.8653221086603363  0.45434812650101525
4.95  -0.8242552905252976  0.4411838540048002
4.96  -0.767260115408864  0.4177236010082619
4.97  -0.6848139746181783  0.3784204891457066
4.98  -0.5562720320366591  0.31132941447920737
4.99  -0.33875677130158344  0.19160997723954326
5.0  -7.188491498498352e-15  4.100197741035889e-15
5.01  0.31893160316616265  -0.18301874564422413
5.0200000000000005  0.49302679562597457  -0.2839400310900337
5.03  0.5712916402637328  -0.3293118361286272
5.04  0.6023126402200083  -0.34648020836092663
5.05  0.6086828045791143  -0.3482647372238804
5.0600000000000005  0.6008641486330898  -0.3406484300874953
5.07  0.5842031513442031  -0.32672990403057356
5.08  0.5617276348371009  -0.30830551774419707
5.09  0.5353171064475025  -0.2865324646938281
5.1000000000000005  0.5062347865753922  -0.2622302279271287
5.11  0.475388990149506  -0.23602842154880577
5.12  0.4434702850010115  -0.20844401155674874
5.13  0.41102747738188256  -0.17992369626487
5.14  0.37851160460147587  -0.1508680217648353
5.15  0.3463023232560023  -0.12164541349743224
5.16  0.3147241899757341  -0.09260039148706675
5.17  0.2840569329167573  -0.06405830593113508
5.18  0.2545420504809432  -0.036327928701591336
5.19  0.2263871196175514  -0.009702694079400782
5.2  0.1997686588479593  0.01553892321720237
5.21  0.17483407797980974  0.0391335825403687
5.22  0.1517030580638694  0.06083360114356263
5.23  0.13046858846292173  0.08040769030606792
5.24  0.11119781365749078  0.097641808791695
5.25  0.09393279393838748  0.11234006612522471
5.26  0.07869125168460196  0.1243256265339242
5.2700000000000005  0.06546735265644336  0.13344157701139575
5.28  0.054232556070850424  0.13955173185553574
5.29  0.04493655593204053  0.14254135248525632
5.3  0.03750832774374068  0.14231776616351643
5.3100000000000005  0.0318572884084031  0.13881087097183642
5.32  0.027874572220362884  0.13197351733863247
5.33  0.025434421982601617  0.12178175884896639
5.34  0.024395691150877592  0.10823496711078998
5.3500000000000005  0.024603450351333666  0.09135580722605648
5.36  0.025890689503682354  0.07119007198519708
5.37  0.02808010502523903  0.04780637431841674
5.38  0.030985960131870775  0.021295698829940164
5.39  0.0344160050491861  -0.008229185566220433
5.4  0.03817344297150797  -0.04063444878348055
5.41  0.04205892683708548  -0.07576605431633414
5.42  0.04587257141058615  -0.1134507404930654
5.43  0.04941596476747873  -0.15349712221574366
5.44  0.05249416305048676  -0.19569690634665204
5.45  0.054917652309556364  -0.2398262131355539
5.46  0.056504261337099425  -0.28564699538274807
5.47  0.05708100966411354  -0.3329085463987592
5.48  0.05648587528436869  -0.3813490872547705
5.49  0.054569467216969716  -0.4306974233188799
5.5  0.05119658869596243  -0.48067465964383094
5.51  0.04624767758186638  -0.5309959644123203
5.5200000000000005  0.03962011151685607  -0.5813723693581776
5.53  0.031229366383816116  -0.631512595865217
5.54  0.021010017771176295  -0.681124895301719
5.55  0.008916576380219416  -0.7299188920763227
5.5600000000000005  -0.005075850370793504  -0.7776074179014932
5.57  -0.020971076901657903  -0.8239083258219069
5.58  -0.03875154309024564  -0.8685462727070472
5.59  -0.05837820636464922  -0.9112544591178371
5.6000000000000005  -0.07979062413937758  -0.9517763157355135
5.61  -0.10290722690878944  -0.9898671258842667
5.62  -0.1276257807410829  -1.0252955740858498
5.63  -0.15382403634815833  -1.0578452110509244
5.64  -0.18136056035355771  -1.0873158260363247
5.65  -0.21007574285505284  -1.113524718075455
5.66  -0.23979297389300125  -1.1363078582178532
5.67  -0.27031998000276436  -1.155520935589205
5.68  -0.3014503106609455  -1.1710402808010767
5.69  -0.3329649631426926  -1.1827636609958516
5.7  -0.3646341331015577  -1.190610941602361
5.71  -0.39621907707475135  -1.194524610696804
5.72  -0.4274740721142516  -1.1944701627070093
5.73  -0.4581484568573415  -1.1904363390608328
5.74  -0.48798873758590905  -1.1824352242565916
5.75  -0.5167407421894833  -1.1705021967196259
5.76  -0.5441518044479721  -1.1546957346993516
5.7700000000000005  -0.5699729606914675  -1.1350970783502083
5.78  -0.5939611406794758  -1.1118097500225126
5.79  -0.6158813344732946  -1.0849589356603777
5.8  -0.6355087171541547  -1.0546907310583125
5.8100000000000005  -0.652630713466194  -1.0211712575609142
5.82  -0.667048984836389  -0.9845856525963111
5.83  -0.6785813217408948  -0.9451369412090015
5.84  -0.6870634250452785  -0.9030447954967504
5.8500000000000005  -0.6923505607404563  -0.8585441895549579
5.86  -0.6943190734209902  -0.8118839581861126
5.87  -0.6928677449008  -0.7633252682377512
5.88  -0.687918985525739  -0.7131400119859742
5.89  -0.6794198470139737  -0.6616091324796014
5.9  -0.6673428470238765  -0.6090208911993702
5.91  -0.6516865971049447  -0.5556690887646063
5.92  -0.6324762272186053  -0.5018512497334874
5.93  -0.6097636016108771  -0.4478667827911977
5.94  -0.5836273224651307  -0.39401512779999104
5.95  -0.5541725194479089  -0.3405939012964058
5.96  -0.5215304249702095  -0.2878970520613121
5.97  -0.48585773670777305  -0.23621303835871343
5.98  -0.4473357706424372  -0.18582303833807337
5.99  -0.40616940958928277  -0.1369992049235668
6.0  -0.3625858538469408  -0.09000297627172131
6.01  -0.3168331822379606  -0.04508345256849016
6.0200000000000005  -0.26917873337884946  -0.0024758495584659597
6.03  -0.2199073185229383  0.03759996124493093
6.04  -0.16931927874068414  0.07494081622667897
6.05  -0.11772840053029159  0.10936151834122633
6.0600000000000005  -0.06545970517486115  0.14069598253958054
6.07  -0.012847128270938292  0.1687982603846376
6.08  0.03976889316241034  0.1935434370175202
6.09  0.0920439077332222  0.2148283944146989
6.1000000000000005  0.14363199191299836  0.23257243569481173
6.11  0.19418832792288973  0.246717766090435
6.12  0.2433717973199013  0.2572298270888683
6.13  0.2908475700759965  0.2640974811619054
6.140000000000001  0.3362896688444498  0.26733304544225045
6.15  0.3793834881693999  0.2669721736579276
6.16  0.4198282486166869  0.2630735866002125
6.17  0.4573393661855289  0.25571865236902586
6.18  0.4916507178996926  0.24501081860680887
6.19  0.5225167851693397  0.23107489989114002
6.2  0.5497146573564752  0.21405622440222688
6.21  0.5730458789617908  0.19411964490728303
6.22  0.5923381249714723  0.1714484200042434
6.23  0.6074466901511759  0.14624297243595294
6.24  0.6182557794416681  0.11871953211749715
6.25  0.6246795880860341  0.08910867230767144
6.26  0.6266631616911581  0.05765374809592753
6.2700000000000005  0.6241830280842121  0.024609247062629663
6.28  0.6172475945554539  -0.009760937401018584
6.29  0.6058973058685267  -0.045185299061780405
6.3  0.5902045602549728  -0.08138656655183543
6.3100000000000005  0.5702733824762467  -0.11808359383763821
6.32  0.5462388549200043  -0.15499328111975616
6.33  0.5182663095828762  -0.19183251355793365
6.34  0.4865502856645616  -0.22832010501972982
6.3500000000000005  0.45131325934321825  -0.2641787339376064
6.36  0.4128041541050936  -0.2991368583289442
6.37  0.3712966417478186  -0.33293059708803824
6.38  0.3270872458529567  -0.36530556479830284
6.390000000000001  0.2804932611156108  -0.3960186475374619
6.4  0.23185050341457072  -0.42483970745700733
6.41  0.18151090689321306  -0.4515532043092913
6.42  0.12983998558825338  -0.4759597225687649
6.43  0.07721417827955109  -0.4978773933465381
6.44  0.024018096230575228  -0.5171432009261125
6.45  -0.029358305662803025  -0.5336141644499904
6.46  -0.08252261310513283  -0.5471683860576421
6.47  -0.13508287027450605  -0.5577059576107314
6.48  -0.18665050923026866  -0.5651497190367085
6.49  -0.2368432685545589  -0.5694458622714471
6.5  -0.28528807890430163  -0.5705643757798068
6.51  -0.3316238933000781  -0.5684993256735792
6.5200000000000005  -0.37550444030091745  -0.5632689705228814
6.53  -0.41660087870684825  -0.5549157080625725
6.54  -0.45460433309128834  -0.5435058531227588
6.55  -0.4892282902883437  -0.5291292472544483
6.5600000000000005  -0.520210837940096  -0.5118987016704272
6.57  -0.5473167273388791  -0.49194927626959906
6.58  -0.570339244071275  -0.46943739865280454
6.59  -0.5891018713743451  -0.44453982816141646
6.6000000000000005  -0.6034597326406648  -0.4174524710692898
6.61  -0.6133008011449051  -0.38838905412585545
6.62  -0.6185468667992656  -0.35757966467592645
6.63  -0.6191542515644337  -0.3252691665625484
6.640000000000001  -0.6151142670335186  -0.2917155019459576
6.65  -0.6064534096537807  -0.25718789003712555
6.66  -0.5932332910402672  -0.22196493454232516
6.67  -0.5755503028514063  -0.18633265233910906
6.68  -0.5535350177234195  -0.15058243654861572
6.69  -0.5273513297828145  -0.11500896772848625
6.7  -0.49719534025819384  -0.07990808738069326
6.71  -0.46329399567879515  -0.04557464834451163
6.72  -0.4259034880622262  -0.01230035692378139
6.73  -0.38530742834273196  0.019628378224281554
6.74  -0.34181480605964454  0.049932575335476924
6.75  -0.2957577499994145  0.07834277184558275
6.76  -0.24748910605074909  0.10460106481649943
6.7700000000000005  -0.19737984997827493  0.12846308477903365
6.78  -0.1458163541345604  0.14969988863291947
6.79  -0.09319752830247778  0.16809975769135452
6.8  -0.03993185588076986  0.1834698875048587
6.8100000000000005  0.013565652513603409  0.19563795674560497
6.82  0.06687656525852237  0.20445356317422353
6.83  0.11958217246609576  0.2097895155427149
6.84  0.17126664161469582  0.21154297120431165
6.8500000000000005  0.22152016227596413  0.20963641019852197
6.86  0.2699420561565292  0.204018437650718
6.87  0.3161438288740334  0.19466440746383737
6.88  0.3597521402675897  0.181576861477626
6.890000000000001  0.40041167060214533  0.16478577952052728
6.9  0.43778786075971043  0.14434863707238224
6.91  0.47156950541349557  0.12035026858390269
6.92  0.501471179246409  0.09290253585244569
6.93  0.5272354774957623  0.06214380222329867
6.94  0.5486350534720063  0.028238214762224087
6.95  0.5654744372006967  -0.008625202081467716
6.96  0.5775916209624347  -0.04823363644133317
6.97  0.5848593992428628  -0.09035175641153843
6.98  0.5871864524409179  -0.1347231473120736
6.99  0.5845181656041741  -0.18107191005365839
7.0  0.5768371754510218  -0.22910441060232656
7.01  0.5641636409850596  -0.2785111693915189
7.0200000000000005  0.5465552350920311  -0.32896887844727535
7.03  0.5241068566177763  -0.38014253298706835
7.04  0.4969500645409028  -0.43168766333392394
7.05  0.46525223795995707  -0.4832526521610423
7.0600000000000005  0.4292154676954876  -0.5344811213561625
7.07  0.38907518734668245  -0.5850143721743027
7.08  0.34509855362426123  -0.6344938618387708
7.09  0.2975825876910436  -0.6825636993570727
7.1000000000000005  0.24685209106385791  -0.7288731430456242
7.11  0.19325735135169764  -0.7730790821068156
7.12  0.13717165471119358  -0.8148484845772561
7.13  0.07898862337998232  -0.8538607940671988
7.140000000000001  0.019119397988968383  -0.8898102579396576
7.15  -0.04201031445383002  -0.9224081699320805
7.16  -0.10396330498209866  -0.9513850107029521
7.17  -0.16629401669993074  -0.9764924703872611
7.18  -0.22855176493434237  -0.997505337965889
7.19  -0.290283999510456  -1.014223243089723
7.2  -0.3510395848160875  -1.026472236945092
7.21  -0.41037207317588187  -1.0341061997968009
7.22  -0.46784294709485935  -1.0370080639919592
7.23  -0.5230248061577861  -1.0350908424444838
7.24  -0.5755044747819549  -1.0282984539383175
7.25  -0.6248860076137628  -1.0166063379781014
7.26  -0.6707935701296217  -1.0000218533699454
7.2700000000000005  -0.7128741729433435  -0.978584456221882
7.28  -0.7508002394275886  -0.9523656546028815
7.29  -0.7842719875184879  -0.9214687386804744
7.3  -0.8130196079798919  -0.8860282867582483
7.3100000000000005  -0.8368052229462716  -0.8462094492447733
7.32  -0.8554246102293169  -0.802207014192718
7.33  -0.8687086806498454  -0.7542442596398119
7.34  -0.8765246975299513  -0.7025715995497179
7.3500000000000005  -0.8787772294363032  -0.6474650316794062
7.36  -0.8754088292886383  -0.589224397178692
7.37  -0.8664004350226705  -0.5281714631462294
7.38  -0.8517714891073839  -0.46464784071331044
7.390000000000001  -0.8315797763471241  -0.3990127524922085
7.4  -0.8059209815324236  -0.3316406643993874
7.41  -0.7749279706236503  -0.26291879793667544
7.42  -0.7387698012421051  -0.19324453997674254
7.43  -0.6976504702879777  -0.12302276794486965
7.44  -0.6518074084877515  -0.052663109010396246
7.45  -0.6015097335801735  0.017422847507977898
7.46  -0.5470562756648278  0.08682436486432658
7.47  -0.48877338994708985  0.1551343807614918
7.48  -0.42701257370409573  0.22195231623658238
7.49  -0.3621479057569382  0.28688685138609504
7.5  -0.29457332805244807  0.3495586478827647
7.51  -0.22469979012445762  0.40960299850469817
7.5200000000000005  -0.15295227820987653  0.46667238431261904
7.53  -0.07976675163184152  0.5204389206696985
7.54  -0.005587009724107819  0.5705966739986732
7.55  0.06913848694663215  0.6168638320072483
7.5600000000000005  0.14395981700536503  0.658984711081126
7.57  0.21842879617164698  0.6967315856369842
7.58  0.2921021485453434  0.7299063254391664
7.59  0.36454462743794946  0.75834182820454
7.6000000000000005  0.4353320623542427  0.7819032362418408
7.61  0.5040543093501969  0.8004889273842143
7.62  0.5703180827893708  0.8140312720665972
7.63  0.6337496474838995  0.8224971500612638
7.640000000000001  0.6939973513314556  0.8258882221039016
7.65  0.750733979835778  0.824240953406321
7.66  0.8036589153166522  0.8176263878476113
7.67  0.8525000851633703  0.806149673450308
7.68  0.8970156851525014  0.7899493415683285
7.69  0.936995665622289  0.7691963440259261
7.7  0.9722629701586294  0.7440928542379589
7.71  1.0026745183869912  0.7148708400980607
7.72  1.0281219264649246  0.681790418129818
7.73  1.0485319609160644  0.6451380000433822
7.74  1.06386672352228  0.60522424441401
7.75  1.0741235670798017  0.5623818276872531
7.76  1.0793347439113061  0.5169630501069538
7.7700000000000005  1.0795667910932076  0.46933729344516534
7.78  1.0749196583890779  0.41988834857834206
7.79  1.0655255868608713  0.36901163199145237
7.8  1.051547748043962  0.31711131119363833
7.8100000000000005  1.0331786554047948  0.26459735978700955
7.82  1.0106383615374674  0.21188256353894896
7.83  0.9841724561838806  0.15937949926145978
7.84  0.9540498816690547  0.10749750859554336
7.8500000000000005  0.9205605837169144  0.056639688930019826
7.86  0.8840130168419201  0.007199923652091974
7.87  0.8447315245888566  -0.04044002627051063
7.88  0.8030536158088866  -0.08591334773697726
7.890000000000001  0.7593271589073054  -0.12887089687562567
7.9  0.7139075165722366  -0.16898379588865786
7.91  0.6671546438891263  -0.20594588578531242
7.92  0.6194301729607162  -0.23947601639624858
7.930000000000001  0.5710945071847795  -0.2693201561923772
7.94  0.5225039481922982  -0.2952533056962709
7.95  0.47400787811840106  -0.3170811996659698
7.96  0.425946019370234  -0.33464178473869405
7.97  0.3786457933741379  -0.3478064608359571
7.98  0.3324197989349067  -0.356481076339307
7.99  0.28756342982917565  -0.3606066688358728
8.0  0.2443526500915872  -0.36015994509154003
8.01  0.20304194414572696  -0.35515349582358635
8.02  0.16386245749201336  -0.34563574279974574
8.03  0.12702034210395885  -0.33169061777265524
8.040000000000001  0.09269531901447106  -0.31343697475262566
8.05  0.06103946880865488  -0.29102773911273805
8.06  0.03217625889293828  -0.2646487989935402
8.07  0.006199814497199809  -0.23451764641550038
8.08  -0.016825561598425593  -0.2008817774003763
8.09  -0.03686561762105013  -0.16401686223441614
8.1  -0.05391612867664295  -0.1242246987619969
8.11  -0.06800262099053092  -0.08183096326479083
8.120000000000001  -0.07917984758450373  -0.0371827750459223
8.13  -0.08753102044351366  0.009353907711285223
8.14  -0.09316680616667357  0.0573970419164624
8.15  -0.096224093980292  0.10655138329487873
8.16  -0.09686454680014675  0.15641147873546238
8.17  -0.09527294775186922  0.20656474525110313
8.18  -0.09165535617888784  0.2565946128112124
8.19  -0.08623708867370342  0.30608370774698096
8.2  -0.07926054204922685  0.35461705304251734
8.21  -0.07098287641106285  0.4017852616137322
8.22  -0.061673577589963204  0.44718769864384683
8.23  -0.051611919136797135  0.49043558919072816
8.24  -0.04108434486439867  0.5311550476056741
8.25  -0.030381793533615285  0.5689900058058264
8.26  -0.019796987722357422  0.603605018117763
8.27  -0.00962170918103814  0.6346879212553644
8.28  -0.0001440830653458003  0.6619523290040571
8.290000000000001  0.008354106654126678  0.6851399423493845
8.3  0.015600048574120829  0.7040226571022244
8.31  0.021332460445363643  0.7184044525267334
8.32  0.025304049991036803  0.7281230460592347
8.33  0.027283859765928484  0.7330513009062369
8.34  0.02705947680656681  0.733098375114261
8.35  0.024439088916310334  0.7282106026006011
8.36  0.019253370667024025  0.7183720986081849
8.370000000000001  0.011357183569836766  0.703605084085068
8.38  0.000631076361632751  0.6839699255743875
8.39  -0.01301742704168173  0.6595648893182461
8.4  -0.029652762671147425  0.6305256104136935
8.41  -0.04931049366905399  0.5970242799937548
8.42  -0.07199671659298794  0.559268555526153
8.43  -0.09768771204830551  0.5175002014104572
8.44  -0.12632984288415183  0.4719934690951102
8.45  -0.1578397012100831  0.4230532279137103
8.46  -0.19210450350269323  0.3710128597399465
8.47  -0.228982731090636  0.31623193236793606
8.48  -0.26830501134751955  0.2590936682258015
8.49  -0.30987523300048186  0.2000022266119271
8.5  -0.3534718870936908  0.1393798190927551
8.51  -0.39884962334439544  0.07766367900766978
8.52  -0.4457410099093584  0.015302907179534746
8.53  -0.49385848295452095  -0.04724478308003088
8.540000000000001  -0.5428964709038008  -0.10951639776144435
8.55  -0.5925336768451895  -0.1710470461920049
8.56  -0.6424355013058455  -0.23137335230232917
8.57  -0.6922565864809611  -0.2900368678378154
8.58  -0.7416434620244526  -0.34658746214387304
8.59  -0.7902372716888341  -0.400586663258728
8.6  -0.837676559444602  -0.4516109253427557
8.61  -0.8836000932203995  -0.4992547979566038
8.620000000000001  -0.9276497040881686  -0.5431339733685826
8.63  -0.9694731185748772  -0.5828881889205261
8.64  -1.008726761814888  -0.6181839625044706
8.65  -1.0450785094646173  -0.648717140392723
8.66  -1.0782103666818164  -0.6742152380130175
8.67  -1.1078210530226267  -0.6944395557581194
8.68  -1.1336284728258297  -0.7091870535548345
8.69  -1.1553720515301802  -0.7182919696789702
8.700000000000001  -1.1728149193996034  -0.7216271711771014
8.71  -1.1857459253051459  -0.7191052252292878
8.72  -1.1939814645216662  -0.7106791828446001
8.73  -1.1973671059316053  -0.6963430684078613
8.74  -1.1957790055761235  -0.6761320707757184
8.75  -1.1891250951435435  -0.6501224338366536
8.76  -1.1773460357228345  -0.6184310466860294
8.77  -1.1604159289630047  -0.5812147358071377
8.78  -1.1383427796525356  -0.5386692638755073
8.790000000000001  -1.1111687056526487  -0.4910280419994142
8.8  -1.078969893068334  -0.43856056435849056
8.81  -1.0418562965071891  -0.38157057628753605
8.82  -0.9999710862423582  -0.3203939888591243
8.83  -0.9534898460471305  -0.25539655493019287
8.84  -0.9026195273896992  -0.18697132342066367
8.85  -0.84759716755257  -0.11553589027195198
8.86  -0.788688381057088  -0.04152946607760612
8.870000000000001  -0.7261856355159341  0.03459021822534691
8.88  -0.6604063246915511  0.11235014497711177
8.89  -0.5916906530931914  0.19126535903076455
8.9  -0.5203993478886139  0.2708424080111492
8.91  -0.44691121522605076  0.35058284829496295
8.92  -0.37162055924884296  0.4299867908877925
8.93  -0.29493448312960996  0.5085564610452037
8.94  -0.21727009234513686  0.5857997453519135
8.950000000000001  -0.13905162115059144  0.661233700037388
8.96  -0.060707503786838146  0.7343879945669031
8.97  0.017332587637080503  0.8048082650037686
8.98  0.09464071640477974  0.8720593522859268
8.99  0.17079364334756075  0.9357284013959908
9.0  0.2453757557476523  0.9954277984201118
9.01  0.3179819411171689  1.0507979236813587
9.02  0.3882203844216449  1.101509700488463
9.03  0.4557152679222889  1.1472669205507804
9.040000000000001  0.5201093535755973  1.187808328763976
9.05  0.5810664288460035  1.222909451855569
9.06  0.6382735978503389  1.25238415728258
9.07  0.6914434009518488  1.2760859307794148
9.08  0.7403157472491225  1.293908863049421
9.09  0.7846596458484841  1.3057883382611006
9.1  0.8242747233579768  1.3117014192341894
9.11  0.8589925166829973  1.3116669264648708
9.120000000000001  0.8886775319265202  1.3057452104259852
9.13  0.913228061985895  1.2940376188701852
9.14  0.9325767572805005  1.2766856631441685
9.15  0.9466909459246848  1.2538698897731972
9.16  0.9555727015648754  1.2258084657800086
9.17  0.95925865901269  1.192755488344379
9.18  0.9578195797132055  1.154999031472616
9.19  0.9513596709743752  1.1128589443147767
9.200000000000001  0.9400156647349838  1.066684417626098
9.21  0.9239556634510078  1.0168513366046399
9.22  0.9033777624193758  0.9637594399351365
9.23  0.8785084595209232  0.9078293063189935
9.24  0.8496008649382505  0.8494991910595795
9.25  0.8169327248770561  0.789221736392004
9.26  0.7808042746806161  0.727460580188231
9.27  0.7415359379658037  0.6646868884246719
9.28  0.6994658895167732  0.6013758373645355
9.290000000000001  0.6549475006402783  0.5380030717772885
9.3  0.6083466865084368  0.475041165688983
9.31  0.560039175683726  0.4129561121293508
9.32  0.5104077225334962  0.3522038681146385
9.33  0.4598392835928669  0.29322698068006753
9.34  0.4087221791242471  0.23645131915694212
9.35  0.35744326114725294  0.1822829380805284
9.36  0.30638510907566113  0.13110509412246477
9.370000000000001  0.25592327379893687  0.0832754392733242
9.38  0.20642359058889895  0.03912341116524645
9.39  0.15823958059973892  -0.0010521600678694942
9.4  0.11170995996952716  -0.036985210633200684
9.41  0.06715627462705472  -0.06844435163715404
9.42  0.024880677869829095  -0.09523451326232056
9.43  -0.014836133386468588  -0.11719831246363444
9.44  -0.05173680906871883  -0.134217134171454
9.450000000000001  -0.085589049887987  -0.14621191815100848
9.46  -0.11618711301690898  -0.15314364588784235
9.47  -0.1433531093258269  -0.15501352413036787
9.48  -0.1669380836397663  -0.15186286400632795
9.49  -0.1868228711757239  -0.14377265692299193
9.5  -0.20291872506221015  -0.13086285074332413
9.51  -0.21516771161635226  -0.11329133198552117
9.52  -0.22354287184527935  -0.0912526220038293
9.53  -0.2280481494330949  -0.06497629725800642
9.540000000000001  -0.2287180872596864  -0.034725145850829246
9.55  -0.225617296258554  -0.0007930744924523728
9.56  -0.21883970214517276  0.036497218078263415
9.57  -0.2085075772215002  0.07679678343507533
9.58  -0.19477036607466347  0.11973316217291245
9.59  -0.1778033155259196  0.16491329811944627
9.6  -0.15780592063965723  0.211926605874247
9.61  -0.13500019996076087  0.26034816835544883
9.620000000000001  -0.10962881440366012  0.30974204006484035
9.63  -0.08195304535932206  0.35966463099442525
9.64  -0.05225064861153513  0.40966814549734126
9.65  -0.020813601555442283  0.4593040500358952
9.66  0.012054238013817189  0.5081265435026563
9.67  0.0460395426273225  0.5556960037860658
9.68  0.08082197594844781  0.6015823844192778
9.69  0.11607668382704082  0.64536853550519
9.700000000000001  0.1514767954890216  0.6866534236472994
9.71  0.1866959145723518  0.7250552263256566
9.72  0.2214105796308736  0.7602142770297982
9.73  0.25530267369973403  0.7917958384807487
9.74  0.2880617625146683  0.8194926824247912
9.75  0.3193873409512922  0.8430274557376558
9.76  0.3489909671265142  0.8621548139091877
9.77  0.37659826327819135  0.8766633043437406
9.78  0.40195076185566647  0.8863769832556649
9.790000000000001  0.42480757398422786  0.8911567511846301
9.8  0.4449468552607022  0.8909013931924964
9.81  0.4621670401560126  0.8855483104695387
9.82  0.4762878102885429  0.8750739301284534
9.83  0.48715075211109765  0.8594937790187355
9.84  0.49461964384069596  0.8388622048445605
9.85  0.4985802858854172  0.8132717227215246
9.86  0.4989397468394749  0.7828519558907212
9.870000000000001  0.4956248262186039  0.7477681227419183
9.88  0.48857941303475794  0.7082189934855898
9.89  0.47776020289412374  0.6644341895084103
9.9  0.4631298391937727  0.6166706094620308
9.91  0.4446457856684083  0.5652076059196048
9.92  0.4222417217001692  0.5103402430163024
9.93  0.39579506071430526  0.4523694247276278
9.94  0.36506707725222753  0.3915867182091659
9.950000000000001  0.32958528270769777  0.32825026533034213
9.96  0.2883957123771663  0.26254822469874806
9.97  0.23950890058377836  0.19456583283076295
9.98  0.1786900877333134  0.12445666037988898
9.99  0.09826412235680829  0.05445436116323514
10.0  3.6802354141241885e-15  1.3635169342904475e-15
