0.0  4.1729527312127175  -1.101599841563936
0.01  4.10522956215455  -1.1123266554572262
0.02  4.035475732957973  -1.1225931235187747
0.03  3.963740855962297  -1.1323472771598686
0.04  3.8900753375714516  -1.1415375438150468
0.05  3.8145303424694528  -1.1501128397670501
0.06  3.737157757866318  -1.158022662314214
0.07  3.65801015780139  -1.1652171811313268
0.08  3.5771407675303553  -1.1716473286762366
0.09  3.494603428021522  -1.1772648894959765
0.1  3.4104525605862244  -1.182022588287923
0.11  3.3247431316674585  -1.1858741765734426
0.12  3.237530617810111  -1.1887745178436808
0.13  3.148870970835364  -1.1906796710395477
0.14  3.0588205832410584  -1.1915469722305796
0.15  2.967436253849007  -1.1913351143602071
0.16  2.874775153719423  -1.1900042249280036
0.17  2.7808947923518135  -1.1875159414827463
0.18  2.6858529841908227  -1.1838334848035916
0.19  2.589707815454699  -1.1789217296503012
0.2  2.4925176113031817  -1.1727472729673165
0.21  2.394340903360748  -1.1652784994304946
0.22  2.2952363976103145  -1.1564856442295182
0.23  2.195262942671596  -1.146340852983374
0.24  2.094479498477473  -1.134818238690822
0.25  1.992945105360859  -1.1218939356224704
0.26  1.8907188535636723  -1.1075461500659074
0.27  1.7878598531786705  -1.0917552078403274
0.28  1.6844272045340318  -1.0745035985021958
0.29  1.580479969029741  -1.0557760161687355
0.3  1.4760771404339477  -1.035559396891367
0.31  1.3712776166466656  -1.013842952516705
0.32  1.2661401719373282  -0.9906182009782635
0.33  1.1607234296619013  -0.9658789929676748
0.34  1.0550858354644421  -0.9396215349399663
0.35000000000000003  0.9492856309672071  -0.9118444084132258
0.36  0.8433808279526178  -0.8825485855288725
0.37  0.7374291830396323  -0.8517374408446552
0.38  0.6314881728563162  -0.8194167593384695
0.39  0.5256149697096795  -0.7855947406070826
0.4  0.41986641775311767  -0.7502819992498854
0.41000000000000003  0.3142990096511111  -0.7134915614338142
0.42  0.208968863740153  -0.6752388576416507
0.43  0.10393170168421662  -0.6355417116119357
0.44  -0.0007571733775473266  -0.5944203254847651
0.45  -0.10504289819381574  -0.5518972611737463
0.46  -0.20887107027832952  -0.5079974179903634
0.47000000000000003  -0.31218776830542705  -0.46274800655292847
0.48  -0.4149395720284941  -0.4161785190181866
0.49  -0.5170735817264953  -0.3683206956794504
0.5  -0.618537437184154  -0.3192084879809024
0.51  -0.7192793362119203  -0.2688780180033674
0.52  -0.8192480527122046  -0.21736753448244184
0.53  -0.9183929542988062  -0.16471736542535576
0.54  -1.016664019476849  -0.11096986739832959
0.55  -1.1140118543908624  -0.05616937156144375
0.56  -1.2103877091489668  -0.0003621265331998913
0.5700000000000001  -1.305743493731458  0.05640376182804763
0.58  -1.4000317934922717  0.11407839363372052
0.59  -1.4932058842621208  0.1726101410689178
0.6  -1.585219747062232  0.23194571728920976
0.61  -1.6760280824378597  0.29203024800454724
0.62  -1.7655863244208083  0.3528073456402425
0.63  -1.8538506541303845  0.4142191859609144
0.64  -1.9407780130222587  0.4762065870393963
0.65  -2.0263261157947543  0.5387090904488961
0.66  -2.110453462962135  0.6016650445531808
0.67  -2.1931193531044584  0.6650116897662615
0.68  -2.27428389480351  0.7286852456499171
0.6900000000000001  -2.3539080182742906  0.7926209997145207
0.7000000000000001  -2.4319534867014525  0.856753397785917
0.71  -2.508382907289931  0.9210161357986557
0.72  -2.583159742038917  0.9853422528736071
0.73  -2.6562483182481222  1.049664225535986
0.74  -2.727613838765095  1.1139140629279958
0.75  -2.797222391982144  1.1780234028687468
0.76  -2.865040961591162  1.2419236086127714
0.77  -2.9310374361043783  1.3055458661573505
0.78  -2.9951806181488014  1.3688212819480168
0.79  -3.057440233541747  1.4316809808309785
0.8  -3.1177869401545633  1.4940562041008112
0.81  -3.176192336571288  1.5558784074916363
0.8200000000000001  -3.2326289705485802  1.6170793589601027
0.8300000000000001  -3.2870703472828953  1.6775912361088097
0.84  -3.3394909374904476  1.7373467230994069
0.85  -3.389866185305081  1.7962791069054063
0.86  -3.4381725159986933  1.8543223727557971
0.87  -3.4843873435284403  1.9114112986218483
0.88  -3.5284890779144304  1.9674815486009973
0.89  -3.570457132451158  2.0224697650534718
0.9  -3.610271930755375  2.0763136593492817
0.91  -3.6479149136526665  2.128952101085412
0.92  -3.6833685459043837  2.180325205635473
0.93  -3.71661632277611  2.2303744198967195
0.9400000000000001  -3.747642776448304  2.279042606102177
0.9500000000000001  -3.776433482269153  2.32627412356872
0.96  -3.8029750648492113  2.372014908255164
0.97  -3.8272552039967462  2.4162125500079474
0.98  -3.849262640492259  2.4588163673755914
0.99  -3.8689871816999766  2.499777479877018
1.0  -3.8864197070136646  2.5390488776127844
1.01  -3.901552173133455  2.5765854881125314
1.02  -3.9143776191698967  2.6123442403162915
1.03  -3.9248901715708464  2.646284125591826
1.04  -3.933085048866276  2.6783662556948604
1.05  -3.938958566225547  2.708553917583896
1.06  -3.9425081398211312  2.7368126250062583
1.07  -3.9437322909922887  2.763110166777108
1.08  -3.942630650201622  2.787416651678413
1.09  -3.939203960776979  2.809704549910142
1.1  -3.9334540824306607  2.8299487310314344
1.11  -3.925383994547392  2.84812649833501
1.12  -3.9149977992320797  2.8642176196036897
1.1300000000000001  -3.902300724107888  2.8782043542036413
1.1400000000000001  -3.887299124854764  2.8900714764746773
1.1500000000000001  -3.8700004874780864  2.8998062953838097
1.16  -3.8504134302967614  2.9073986704141257
1.17  -3.8285477056396324  2.9128410236669726
1.18  -3.804414201238793  2.916128348161393
1.19  -3.778024941307987  2.9172582123207493
1.2  -3.749393087293975  2.9162307606424385
1.21  -3.7185329382885  2.913048710552621
1.22  -3.685459931088111  2.9077173454538565
1.23  -3.6501906398889714  2.900244503979534
1.24  -3.612742775603478  2.890640565474917
1.25  -3.5731351847853348  2.87891843173055
1.26  -3.5313878481495835  2.8650935049996455
1.27  -3.4875218786739364  2.8491836623368796
1.28  -3.441559519267619  2.831209226301806
1.29  -3.3935241399938763  2.811192932075753
1.3  -3.3434402348322467  2.789159891046696
1.31  -3.2913334179666407  2.7651375509221143
1.32  -3.237230419585295  2.7391556524352505
1.33  -3.18115908117871  2.711246182715503
1.34  -3.123148350321729  2.6814433253988956
1.35  -3.063228274926005  2.6497834075596236
1.36  -3.0014299969492697  2.616304843548624
1.37  -2.93778574554792  2.581048075829933
1.3800000000000001  -2.872328829659664  2.544055512910237
1.3900000000000001  -2.805093630003201  2.505371464461532
1.4000000000000001  -2.736115590482112  2.465042073741148
1.41  -2.665431208980485  2.423115247417575
1.42  -2.5930780275380623  2.3796405829145133
1.43  -2.5190946218930796  2.3346692933894078
1.44  -2.443520590381342  2.288254130466338
1.45  -2.3663965421804605  2.2404493048465848
1.46  -2.287764084888652  2.191310404923448
1.47  -2.207665811427984  2.1408943135308953
1.48  -2.1261452862623806  2.089259122958485
1.49  -2.0432470309213184  2.0364640483676024
1.5  -1.9590165088206646  1.9825693397464608
1.51  -1.8735001093726769  1.9276361925434888
1.52  -1.7867451313778466  1.8717266571207
1.53  -1.698799765691893  1.8149035471703514
1.54  -1.6097130771618569  1.7572303472397066
1.55  -1.5195349858260128  1.6987711195100001
1.56  -1.428316247372953  1.6395904099767136
1.57  -1.3361084328560098  1.5797531541790928
1.58  -1.242963907659942  1.5193245826273918
1.59  -1.1489358097175695  1.458370126076659
1.6  -1.0540780269748906  1.3969553207959653
1.61  -0.9584451741040698  1.3351457139818386
1.62  -0.86209256846447  1.2730067694642626
1.6300000000000001  -0.7650762053128457  1.2106037738530078
1.6400000000000001  -0.6674527322647104  1.1480017432711636
1.6500000000000001  -0.5692794230096915  1.0852653308216893
1.6600000000000001  -0.47061415028480996  1.0224587349314538
1.67  -0.3715153581103373  0.9596456087156858
1.68  -0.2720420332939849  0.8968889705039704
1.69  -0.17225367621013637  0.8342511156669488
1.7  -0.07221027086169662  0.7717935298806012
1.71  0.028027745766755374  0.7095768039626
1.72  0.12839951505489838  0.6476605504125286
1.73  0.22884378878109196  0.5861033217849063
1.74  0.32929896183360374  0.5249625310208919
1.75  0.4297031055860926  0.4642943738612558
1.76  0.5299940019236511  0.40415375345975535
1.77  0.630109177904778  0.34459420731238666
1.78  0.7299859410436242  0.28566783661415407
1.79  0.8295614151958681  0.22742523815098104
1.8  0.9287725770304933  0.16991543883021054
1.81  1.0275562930688844  0.11318583294877871
1.82  1.1258493572715267  0.05728212229366991
1.83  1.223588529151687  0.0022482591645790473
1.84  1.3207105723944546  -0.05187360759605619
1.85  1.4171522939585888  -0.10504318348545139
1.86  1.512850583637572  -0.15722207606010652
1.87  1.60774245405549  -0.2083738394227007
1.8800000000000001  1.7017650810722766  -0.2584640154115123
1.8900000000000001  1.7948558445720497  -0.3074601714330366
1.9000000000000001  1.88695236960737  -0.355331934883932
1.9100000000000001  1.9779925678713008  -0.4020510241139831
1.92  2.0679146794684593  -0.4475912758874026
1.93  2.1566573149552615  -0.49192866930548923
1.94  2.2441594976188326  -0.5350413461593952
1.95  2.330360705963318  -0.576909627687585
1.96  2.4152009163714943  -0.6175160277183754
1.97  2.4986206459089195  -0.6568452621838131
1.98  2.580560995237134  -0.6948842549970505
1.99  2.6609636916017902  -0.7316221402912477
2.0  2.7397711318609077  -0.7670502610239286
2.0100000000000002  2.816926425517912  -0.8011621639566076
2.02  2.892373437723503  -0.8339535910253473
2.0300000000000002  2.9660568322098717  -0.8654224671237812
2.04  3.037922114120309  -0.8955688843258579
2.05  3.107915672696788  -0.9243950825814156
2.06  3.175984823787623  -0.9519054269232798
2.07  3.242077852137034  -0.9781063812302888
2.08  3.306144053418004  -1.0030064785961539
2.09  3.3681337759695285  -1.0266162883595498
2.1  3.427998462199197  -1.0489483798562083
2.11  3.485690689611617  -1.0700172829590489
2.12  3.54116421142328  -1.089839445477562
2.13  3.594373996724078  -1.1084331874927007
2.14  3.6452762701458017  -1.125818652708463
2.15  3.693828550997723  -1.142017756906127
2.16  3.739989691829555  -1.157054133591763
2.17  3.7837199163819153  -1.1709530769321335
2.18  3.8249808568847197  -1.183741482078438
2.19  3.863735590663886  -1.1954477829815393
2.2  3.8999486760170763  -1.2061018878063283
2.21  3.9335861873192632  -1.2157351120566888
2.22  3.9646157493193748  -1.2243801095262206
2.23  3.9930065705893996  -1.2320708011932933
2.24  4.01872947608788  -1.2388423021823276
2.25  4.041756938799979  -1.244730846916195
2.2600000000000002  4.062063110416948  -1.24977371258761
2.27  4.07962385101812  -1.2540091410799121
2.2800000000000002  4.094416757719325  -1.2574762594702018
2.29  4.106421192252072  -1.2602149992499379
2.3000000000000003  4.115618307438552  -1.262266014400177
2.31  4.121991072528212  -1.2636705984603742
2.32  4.12552429736239  -1.2644706007312603
2.33  4.126204655334259  -1.2647083417536236
2.34  4.124020705112179  -1.2644265282059315
2.35  4.118962911095427  -1.263668167364609
2.36  4.1110236625721726  -1.2624764812713838
2.37  4.100197291550539  -1.2608948207525974
2.38  4.086480089234569  -1.258966579435416
2.39  4.069870321117976  -1.2567351079059499
2.4  4.050368240669607  -1.25424362815387
2.41  4.027976101585675  -1.2515351484476214
2.42  4.0026981685849705  -1.2486523787835668
2.43  3.9745407267244426  -1.2456376470513548
2.44  3.9435120892137743  -1.242532816056591
2.45  3.9096226037088035  -1.239379201540416
2.46  3.8728846570649895  -1.2362174913339106
2.47  3.8333126785333542  -1.2330876657832883
2.48  3.7909231413827857  -1.2300289195797882
2.49  3.745734562933888  -1.2270795851256846
2.5  3.697767502990996  -1.2242770575654323
2.5100000000000002  3.6470445606604134  -1.2216577216080036
2.52  3.5935903695444145  -1.2192568802636583
2.5300000000000002  3.537431591301914  -1.2171086856150748
2.54  3.4785969075684218  -1.215246071739463
2.5500000000000003  3.417117010229185  -1.2137006898946858
2.56  3.3530245900411333  -1.2125028460786647
2.57  3.28635432360071  -1.2116814410674288
2.58  3.2171428586562847  -1.211263913033024
2.59  3.145428797765435  -1.2112761828383083
2.6  3.0712526802988545  -1.211742602101131
2.61  2.994656962794527  -1.2126859041159412
2.62  2.915685997667051  -1.2141271577160184
2.63  2.8343860102789886  -1.2160857241548007
2.64  2.7508050743824133  -1.2185792170796774
2.65  2.6649930859407425  -1.2216234656666183
2.66  2.5770017353422627  -1.225232480978725
2.67  2.4868844780187533  -1.229418425606497
2.68  2.3946965034838037  -1.2341915866422242
2.69  2.3004947028074794  -1.239560352035352
2.7  2.2043376345452  -1.2455311903701751
2.71  2.1062854891406513  -1.2521086341014902
2.72  2.00640005182379  -1.2592952662782217
2.73  1.904744664026972  -1.26709171077919
2.74  1.8013841833433812  -1.2754966260794995
2.75  1.6963849420538797  -1.284506702560116
2.7600000000000002  1.5898147042496027  -1.2941166633674162
2.77  1.481742621579412  -1.3043192688236056
2.7800000000000002  1.3722391876525133  -1.3151053243830575
2.79  1.2613761911283583  -1.3264636921237583
2.8000000000000003  1.1492266675270666  -1.3383813057572316
2.81  1.0358648497952394  -1.3508431891344679
2.82  0.9213661176632915  -1.3638324782196547
2.83  0.8058069458319272  -1.3773304464977176
2.84  0.6892648510265169  -1.3913165337760596
2.85  0.5718183379595837  -1.4057683783352228
2.86  0.4535468442428736  -1.420661852377682
2.87  0.33453068429146315  -1.4359711007185065
2.88  0.2148509922639561  -1.4516685826562454
2.89  0.0945896640835241  -1.467725116957133
2.9  -0.026170701414023667  -1.4841099298805187
2.91  -0.14734686215810766  -1.5007907061684018
2.92  -0.2688549932989147  -1.5177336429169759
2.93  -0.39061074839170845  -1.5349035062433525
2.94  -0.512529321259634  -1.552263690655889
2.95  -0.6345255084843022  -1.5697762810321312
2.96  -0.7565137724723101  -1.587402117103906
2.97  -0.8784083050452348  -1.6051008603450283
2.98  -1.0001230914997545  -1.6228310631529181
2.99  -1.1215719750841564  -1.6405502402117056
3.0  -1.2426687218364505  -1.6582149419205816
3.0100000000000002  -1.3633270857291646  -1.6757808297678123
3.02  -1.4834608740650652  -1.6932027535273864
3.0300000000000002  -1.6029840130677775  -1.7104348301522867
3.04  -1.7218106136106948  -1.7274305242354147
3.0500000000000003  -1.8398550370274975  -1.7441427299065058
3.06  -1.957031960946921  -1.7605238540309427
3.0700000000000003  -2.073256445094585  -1.7765259005740335
3.08  -2.188443997004142  -1.7921005559923726
3.09  -2.3025106375802658  -1.8071992755119763
3.1  -2.4153729664555383  -1.8217733701514063
3.11  -2.5269482270835986  -1.8357740943465928
3.12  -2.6371543715109116  -1.8491527340330967
3.13  -2.745910124769439  -1.8618606950404615
3.14  -2.8531350488329634  -1.8738495916528248
3.15  -2.9587496060798073  -1.8850713351893729
3.16  -3.0626752222051463  -1.8954782224581048
3.17  -3.1648343485262997  -1.9050230239364276
3.18  -3.2651505236250493  -1.913659071532287
3.19  -3.363548434271154  -1.921340345780185
3.2  -3.459953975572107  -1.9280215623270414
3.21  -3.5542943102945115  -1.9336582575639762
3.22  -3.646497927303235  -1.9382068732611788
3.23  -3.7364946990650822  -1.941624840064592
3.24  -3.824215938164655  -1.943870659714719
3.25  -3.9095944527806274  -1.9449039858498285
3.2600000000000002  -3.9925646010717775  -1.9446857032579365
3.27  -4.073062344422832  -1.9431780054442553
3.2800000000000002  -4.15102529950133  -1.940344470383463
3.29  -4.22639278907748  -1.936150134328761
3.3000000000000003  -4.299105891560362  -1.9305615635528564
3.31  -4.369107489204696  -1.923546923899012
3.3200000000000003  -4.4363423149436665  -1.9150760480238453
3.33  -4.50075699780453  -1.9051205002170035
3.34  -4.562300106864901  -1.893653638686724
3.35  -4.620922193709056  -1.880650675204112
3.36  -4.67657583334473  -1.8660887320032233
3.37  -4.729215663542542  -1.8499468958381946
3.38  -4.778798422561369  -1.8322062691032168
3.39  -4.825282985224591  -1.8128500179256983
3.4  -4.868630397313596  -1.7918634171477232
3.41  -4.908803908246477  -1.7692338921158408
3.42  -4.945769002011445  -1.7449510572041707
3.43  -4.979493426326044  -1.7190067510010514
3.44  -5.009947219994948  -1.691395068094629
3.45  -5.037102738440755  -1.662112387398245
3.46  -5.060934677383864  -1.6311573969618682
3.47  -5.081420094649337  -1.5985311152214412
3.48  -5.098538430080232  -1.5642369086436407
3.49  -5.112271523538819  -1.5282805057292033
3.5  -5.122603630978783  -1.490670007343882
3.5100000000000002  -5.129521438573311  -1.4514158933517474
3.52  -5.133014074885866  -1.4105310255316292
3.5300000000000002  -5.133073121072156  -1.368030646763196
3.54  -5.12969261910378  -1.3239323764753217
3.5500000000000003  -5.1228690780057855  -1.2782562023551236
3.56  -5.112601478102275  -1.2310244683222373
3.5700000000000003  -5.098891273266089  -1.1822618587786615
3.58  -5.0817423911704065  -1.131995379150585
3.59  -5.06116123154204  -1.080254332744471
3.6  -5.037156662418015  -1.0270702939455714
3.61  -5.009740014408956  -0.9724770777929581
3.62  -4.978925072974614  -0.91651070597082
3.63  -4.9447280687187725  -0.8592093692617465
3.64  -4.907167665712575  -0.800613386513115
3.65  -4.866264947857255  -0.7407651601735961
3.66  -4.8220434032988955  -0.6797091284620116
3.67  -4.774528906909941  -0.6174917142364783
3.68  -4.723749700853651  -0.5541612706368195
3.69  -4.669736373249788  -0.4897680235786692
3.7  -4.6125218349613455  -0.4243640111825826
3.71  -4.552141294524024  -0.3580030202265365
3.72  -4.488632231241777  -0.29074051971497283
3.73  -4.42203436647353  -0.22263359166221514
3.74  -4.352389633137745  -0.15374085919260722
3.75  -4.279742143463236  -0.08412241206408977
3.7600000000000002  -4.20413815501613  -0.013839729726108807
3.77  -4.125626035034633  0.057044397973212035
3.7800000000000002  -4.044256223104479  0.1284659523118888
3.79  -3.9600811922098567  0.2003597693284283
3.8000000000000003  -3.873155408195675  0.2726596254399125
3.81  -3.783535287678752  0.34529832491454127
3.8200000000000003  -3.6912791544466983  0.4182077890666006
3.83  -3.5964471943847682  0.49131914703858615
3.84  -3.499101408972121  0.5645628280329922
3.85  -3.399305567390242  0.6378686548534331
3.86  -3.2971251572876206  0.7111659386129011
3.87  -3.192627334245553  0.784383574464767
3.88  -3.085880869991648  0.8574501382104635
3.89  -2.9769560994080733  0.9302939836362569
3.9  -2.865924866383041  1.0028433404301782
3.91  -2.752860468554754  1.0750264125292361
3.92  -2.637837600998072  1.146771476746014
3.93  -2.520932298904919  1.218006981523463
3.94  -2.4022218793103747  1.288661645665991
3.95  -2.2817848819170075  1.3586645568952553
3.96  -2.1597010090708584  1.4279452700787805
3.97  -2.036051064942928  1.496433904980307
3.98  -1.9109168939709316  1.5640612433809977
3.99  -1.7843813186160609  1.6307588254218714
4.0  -1.6565280764907007  1.6964590450185273
4.01  -1.527441756912736  1.7610952442009522
4.0200000000000005  -1.3972077369429454  1.8246018062323808
4.03  -1.2659121169620335  1.886914247363254
4.04  -1.13364165584415  1.9479693070782342
4.05  -1.000483705783946  2.0077050366964033
4.0600000000000005  -0.8665261468342527  2.066060886187402
4.07  -0.7318573212117685  2.122977789068777
4.08  -0.5965659674276649  2.178398245252883
4.09  -0.46074115430056106  2.232266401714582
4.1  -0.32447221490880207  2.2845281308545013
4.11  -0.18784868053886306  2.3351311064359797
4.12  -0.05096021468662271  2.384024876977561
4.13  0.086103452832197  2.431160936486895
4.14  0.2232525916063296  2.476492792425783
4.15  0.36039753613249104  2.519976030800531
4.16  0.497448751042715  2.5615683782760788
4.17  0.6343168960011801  2.601229761217074
4.18  0.7709128902160971  2.6389223615636053
4.19  0.9071479765132549  2.6746106694543865
4.2  1.042933784918414  2.708261532515067
4.21  1.1781823956965045  2.7398442017346056
4.22  1.3128064017959749  2.769330373857786
4.23  1.446718970648068  2.7966942302274784
4.24  1.579833905271135  2.8219124720156468
4.25  1.7120657046312737  2.8449643517877847
4.26  1.8433296232114296  2.8658317013510533
4.2700000000000005  1.9735417297422009  2.8844989558422185
4.28  2.102618965048351  2.9009531740173253
4.29  2.230479198966632  2.915184054710916
4.3  2.357041286291052  2.9271839494385254
4.3100000000000005  2.4822251217032316  2.936947871122274
4.32  2.605951693646646  2.944473498925271
4.33  2.728143137104831  2.949761179186728
4.34  2.8487227852445343  2.9528139224556145
4.3500000000000005  2.9676152198867394  2.9536373966268856
4.36  3.0847463207690984  2.9522399161902673
4.37  3.200043313565368  2.948632427607692
4.38  3.313434816628189  2.9428284908415137
4.39  3.424850886423474  2.934844257061575
4.4  3.5342230616257346  2.9246984425651874
4.41  3.6414844058454054  2.9124122989499934
4.42  3.7465695489606277  2.8980095795854535
4.43  3.8494147270272174  2.881516502434548
4.44  3.9499578207425476  2.8629617092829083
4.45  4.0481383924400305  2.842376221438225
4.46  4.143897721593019  2.8197933919682248
4.47  4.237178838807989  2.795248854550996
4.48  4.327926558288699  2.7687804690165967
4.49  4.416087508754618  2.7404282636641644
4.5  4.501610162798405  2.7102343744436235
4.51  4.584444864668804  2.678242981096097
4.5200000000000005  4.664543856466901  2.6445002403518063
4.53  4.741861302745416  2.609054216288803
4.54  4.816353313502172  2.571954807960314
4.55  4.887977965560335  2.533253674402757
4.5600000000000005  4.9566953223300105  2.49300415714052
4.57  5.022467451946831  2.4512612003074965
4.58  5.085258443785224  2.4080812685090405
4.59  5.145034423345279  2.3635222625515877
4.6000000000000005  5.201763565513743  2.317643433170446
4.61  5.255416106201354  2.2705052928893377
4.62  5.30596435236011  2.2221695261481815
4.63  5.3533826903855  2.1726988978383437
4.64  5.3976475929104115  2.122157160386966
4.65  5.438737623998771  2.070608959534221
4.66  5.476633442748311  2.0181197389493963
4.67  5.511317805313563  1.9647556438334517
4.68  5.542775565361269  1.9105834236572603
4.69  5.570993672971935  1.8556703341860428
4.7  5.595961172002581  1.8000840389415853
4.71  5.617669195927026  1.743892510254649
4.72  5.636110962171305  1.6871639300606156
4.73  5.6512817649631275  1.629966590591723
4.74  5.663178966715493  1.5723687951194005
4.75  5.6718019879656945  1.5144387589000128
4.76  5.677152295892201  1.4562445104770663
4.7700000000000005  5.6792333914329785  1.3978537934921889
4.78  5.678050795029808  1.3393339691564905
4.79  5.673612031024406  1.2807519195326231
4.8  5.665926610732899  1.2221739517767596
4.8100000000000005  5.655006014226378  1.1636657034879634
4.82  5.640863670846106  1.1052920493107807
4.83  5.6235149384827565  1.0471170089346582
4.84  5.602977081650073  0.9892036566317959
4.8500000000000005  5.579269248383971  0.9316140324723488
4.86  5.552412445998984  0.8744090553533779
4.87  5.522429515734568  0.8176484379748402
4.88  5.48934510632453  0.7613906038930192
4.89  5.453185646523451  0.7056926067783073
4.9  5.413979316624469  0.6506100520008176
4.91  5.371756019003509  0.5961970206635488
4.92  5.326547347725288  0.5425059961988936
4.93  5.278386557247128  0.4895877936403187
4.94  5.227308530256788  0.4374914916766236
4.95  5.173349744681056  0.38626436759188787
4.96  5.116548239901972  0.3359518351894959
4.97  5.056943582218037  0.28659738579403415
4.98  4.994576829587724  0.23824253241982118
4.99  4.929490495693074  0.19092675718989904
5.0  4.8617285133609265  0.1446874620840478
5.01  4.791336197379817  0.09955992308922401
5.0200000000000005  4.718360206750293  0.05557724782031204
5.03  4.642848506406573  0.012770336673632698
5.04  4.5648503284473  -0.0288321524300158
5.05  4.4844161329132355  -0.06920383566159538
5.0600000000000005  4.401597568149387  -0.10832063121408286
5.07  4.316447430789046  -0.14616078350715067
5.08  4.229019625396923  -0.18270488363277404
5.09  4.139369123808348  -0.2179358860140327
5.1000000000000005  4.047551924201167  -0.2518391212555654
5.11  3.953625009936733  -0.284402305169981
5.12  3.857646308205814  -0.31561554397077274
5.13  3.7596746485150607  -0.3454713356281809
5.14  3.659769721049168  -0.37396456739063866
5.15  3.557992034943185  -0.4010925094804949
5.16  3.4544028764993095  -0.42685480497865835
5.17  3.3490642673815025  -0.4512534559190091
5.18  3.242038922821048  -0.4742928056192181
5.19  3.133390209865438  -0.49597951728078316
5.2  3.023182105702249  -0.516322548896754
5.21  2.911479156089085  -0.5353331245116864
5.22  2.7983464339200186  -0.5530247018839068
5.23  2.683849497958203  -0.5694129366060765
5.24  2.568054351763522  -0.584515642745402
5.25  2.4510274028433514  -0.5983527500705432
5.26  2.332835422054057  -0.610946257937499
5.2700000000000005  2.2135455032794473  -0.622320185912119
5.28  2.0932250234122387  -0.6325005212119978
5.29  1.9719416026631031  -0.6415151630554903
5.3  1.8497630652215364  -0.6493938640105432
5.3100000000000005  1.7267574002916468  -0.6561681684406434
5.32  1.602992723525083  -0.6618713481499018
5.33  1.4785372388723859  -0.6665383353335262
5.34  1.3534592008733584  -0.670205652944334
5.3500000000000005  1.2278268774058825  -0.6729113425898917
5.36  1.1017085129117852  -0.6746948900788027
5.37  0.9751722921172749  -0.6755971487383732
5.38  0.8482863042649806  -0.6756602606293123
5.39  0.7211185078729565  -0.6749275757864597
5.4  0.5937366960357997  -0.6734435696175831
5.41  0.46620846228158624  -0.6712537585952842
5.42  0.3386011669974696  -0.6684046143794813
5.43  0.21098190443621578  -0.6649434765106216
5.44  0.08341747031436136  -0.660918463815807
5.45  -0.04402566998760815  -0.6563783846721969
5.46  -0.17128141261420032  -0.6513726462735652
5.47  -0.2982840458043304  -0.6459511630476689
5.48  -0.4249682798343114  -0.6401642643732008
5.49  -0.551269276327568  -0.6340626017462758
5.5  -0.6771226769259386  -0.6276970555471281
5.51  -0.8024646313176063  -0.6211186415583235
5.5200000000000005  -0.9272318246179578  -0.6143784173861191
5.53  -1.051361504100464  -0.6075273889367184
5.54  -1.174791505275545  -0.6006164170989986
5.55  -1.2974602773158794  -0.5936961247848707
5.5600000000000005  -1.4193069078279588  -0.5868168044779285
5.57  -1.5402711469700068  -0.580028326440027
5.58  -1.660293430917371  -0.5733800477244019
5.59  -1.7793149046771721  -0.5669207221426509
5.6000000000000005  -1.897277444254744  -0.5606984113312132
5.61  -2.0141236781749643  -0.5547603970612603
5.62  -2.1297970083625386  -0.549153094933828
5.63  -2.2442416303856136  -0.5439219695998383
5.64  -2.357402553067827  -0.5391114516420716
5.65  -2.469225617474687  -0.5347648562535319
5.66  -2.579657515280473  -0.5309243038436735
5.67  -2.688645806522493  -0.5276306427009649
5.68  -2.796138936750131  -0.5249233738367178
5.69  -2.9020862535764858  -0.5228405781318232
5.7  -3.006438022640806  -0.5214188459041506
5.71  -3.109145442990682  -0.5206932090105629
5.72  -3.210160661892884  -0.5206970755933741
5.73  -3.309436789082419  -0.5214621675767915
5.74  -3.406927910459656  -0.5230184610145353
5.75  -3.5025891012457087  -0.5253941293851697
5.76  -3.59637643860629  -0.5286154899270066
5.7700000000000005  -3.688247013754928  -0.5327069530994566
5.78  -3.7781589435462806  -0.5376909752528292
5.79  -3.8660713815706327  -0.5435880145832842
5.8  -3.95194452876081  -0.5504164904444583
5.8100000000000005  -4.03573964352288  -0.5581927460818772
5.82  -4.117419051401912  -0.5669310148507622
5.83  -4.19694615429457  -0.5766433899722615
5.84  -4.274285439219807  -0.5873397978774688
5.8500000000000005  -4.349402486659315  -0.5990279751828466
5.86  -4.422263978479229  -0.6117134493348154
5.87  -4.492837705444602  -0.6253995229554532
5.88  -4.561092574337855  -0.6400872619152395
5.89  -4.626998614692656  -0.6557754871529036
5.9  -4.690526985154284  -0.6724607702563486
5.91  -4.751649979477346  -0.6901374328126383
5.92  -4.81034103217184  -0.7087975495290348
5.93  -4.866574723807912  -0.7284309551209447
5.94  -4.9203267859897375  -0.7490252549567178
5.95  -4.971574106008525  -0.7705658394431092
5.96  -5.0202947311845305  -0.7930359021293564
5.97  -5.066467872907331  -0.8164164615017354
5.98  -5.110073910383701  -0.8406863864346914
5.99  -5.15109439410169  -0.8658224252586582
6.0  -5.189512049019447  -0.8917992383990266
6.01  -5.225310777486674  -0.9185894345348701
6.0200000000000005  -5.258475661906407  -0.9461636102205236
6.03  -5.288992967144221  -0.974490392907506
6.04  -5.31685014269166  -1.0035364872988515
6.05  -5.342035824590126  -1.0332667249625869
6.0600000000000005  -5.364539837121024  -1.0636441171258735
6.07  -5.384353194267509  -1.0946299105662565
6.08  -5.4014681009526715  -1.1261836465114918
6.09  -5.415877954058436  -1.1582632224546092
6.1000000000000005  -5.427577343229022  -1.1908249567862201
6.11  -5.436562051462229  -1.2238236561415605
6.12  -5.4428290554913135  -1.257212685355405
6.13  -5.4463765259596775  -1.2909440399138332
6.140000000000001  -5.4472038273900285  -1.3249684207878274
6.15  -5.445311517949177  -1.3592353115298152
6.16  -5.440701349009045  -1.3936930575107866
6.17  -5.433376264503928  -1.428288947171985
6.18  -5.4233404000835534  -1.46296929516213
6.19  -5.410599082060809  -1.4976795272279686
6.2  -5.395158826152663  -1.5323642667232316
6.21  -5.377027336012057  -1.5669674225984438
6.22  -5.35621350154819  -1.601432278731624
6.23  -5.332727397031979  -1.6357015844577887
6.24  -5.306580278983015  -1.6697176461532568
6.25  -5.277784583833783  -1.703422419729044
6.26  -5.246353925366493  -1.736757603886122
6.2700000000000005  -5.212303091917279  -1.7696647339841307
6.28  -5.175648043342131  -1.802085276374137
6.29  -5.136405907738377  -1.8339607230452752
6.3  -5.094594977915237  -1.8652326864344901
6.3100000000000005  -5.050234707606301  -1.8958429942484922
6.32  -5.0033457074166545  -1.9257337841468252
6.33  -4.953949740496651  -1.9548475981352815
6.34  -4.90206971793428  -1.9831274765191924
6.3500000000000005  -4.847729693857477  -2.0105170512669717
6.36  -4.7909548602374965  -2.036960638635035
6.37  -4.731771541384042  -2.0624033309065357
6.38  -4.670207188122785  -2.08679108709754
6.390000000000001  -4.606290371645304  -2.110070822486114
6.4  -4.540050777021475  -2.132190496821472
6.41  -4.471519196364029  -2.153099201072467
6.42  -4.4007275216347965  -2.172747242577021
6.43  -4.327708737081913  -2.1910862284565793
6.44  -4.25249691129733  -2.208069147162454
6.45  -4.17512718888355  -2.2236504480237547
6.46  -4.095635781718595  -2.2377861186699572
6.47  -4.014059959808249  -2.250433760204262
6.48  -3.930438041714251  -2.261552660007686
6.49  -3.8448093845474496  -2.2711038620573696
6.5  -3.7572143735147296  -2.279050234646676
6.51  -3.66769441100868  -2.2853565353986136
6.5200000000000005  -3.576291905228948  -2.289989473468497
6.53  -3.483050258324604  -2.2929177688361495
6.54  -3.388013854046355  -2.2941122085925594
6.55  -3.2912280448986073  -2.2935457001306405
6.5600000000000005  -3.1927391387805155  -2.291193321154646
6.57  -3.0925943851061373  -2.2870323664278356
6.58  -2.990841960393751  -2.2810423911830795
6.59  -2.8875309533147466  -2.2732052511264578
6.6000000000000005  -2.782711349192824  -2.2635051389691467
6.61  -2.676434013944592  -2.251928617428568
6.62  -2.5687506774530267  -2.2384646486451447
6.63  -2.4597139163656565  -2.223104619966842
6.640000000000001  -2.349377136309819  -2.2058423660592554
6.65  -2.2377945535177144  -2.18667418730498
6.66  -2.1250211758546063  -2.165598864461664
6.67  -2.011112783243913  -2.1426176695542543
6.68  -1.8961259074834937  -2.11773437298268
6.69  -1.780117811448277  -2.0909552468323995
6.7  -1.6631464676745171  -2.062289064381077
6.71  -1.5452705363217905  -2.0317470958006885
6.72  -1.426549342509968  -1.999343100060463
6.73  -1.3070428530281468  -1.9650933130418653
6.74  -1.186811652414018  -1.9290164318830207
6.75  -1.0659169184025103  -1.89113359557571
6.76  -0.9444203967433573  -1.851468361844185
6.7700000000000005  -0.8223843753879906  -1.8100466803406856
6.78  -0.6998716580469934  -1.7668968621985983
6.79  -0.5769455371200788  -1.7220495459896576
6.8  -0.453669766001411  -1.6755376601375107
6.8100000000000005  -0.33010853076393326  -1.6273963818453547
6.82  -0.2063264212272003  -1.577663092600956
6.83  -0.0823884014140428  -1.526377330327644
6.84  0.04164022059764261  -1.473580738255282
6.8500000000000005  0.16569382342092331  -1.419317010590228
6.86  0.28970650369559103  -1.3636318350684333
6.87  0.41361210800479886  -1.3065728324806196
6.88  0.5373442653626535  -1.2481894932633733
6.890000000000001  0.660836420262161  -1.1885331112544253
6.9  0.7840218662714901  -1.1276567147149807
6.91  0.9068337801664726  -1.0656149947260862
6.92  1.0292052565853669  -1.0024642310703131
6.93  1.151069343191449  -0.9382622157138174
6.94  1.2723590763282941  -0.8730681740076485
6.95  1.3930075171511302  -0.8069426837307243
6.96  1.5129477882171436  -0.7399475921002173
6.97  1.6321131105164857  -0.6721459308784004
6.98  1.7504368409249267  -0.6036018297077274
6.99  1.8678525100580912  -0.5343804278088761
7.0  1.9842938605064315  -0.46454778417883913
7.01  2.0996948854290665  -0.3941707864286971
7.0200000000000005  2.213989867483863  -0.32331705840248726
7.03  2.3271134180701973  -0.25205486672074917
7.04  2.4390005168599966  -0.18045302639369054
7.05  2.5495865515918585  -0.10858080565059924
7.0600000000000005  2.658807358102187  -0.03650783013305423
7.07  2.766599260566507  0.03569601339939207
7.08  2.8728991119233624  0.10796067370187074
7.09  2.9776443344523904  0.18021603186529156
7.1000000000000005  3.080772960477553  0.25239199817600183
7.11  3.182223673165471  0.32441860886396806
7.12  3.2819358473887594  0.396226122589801
7.13  3.3798495906228747  0.46774511652136175
7.140000000000001  3.4759057838447416  0.5389065818514512
7.15  3.5700461224008864  0.6096420186089766
7.16  3.6622131568121694  0.6798835296173671
7.17  3.7523503334812998  0.749563913455181
7.18  3.840402035269524  0.818616756275705
7.19  3.9263136219077652  0.8869765223441256
7.2  4.010031470207381  0.9545786431529903
7.21  4.091503014035232  1.0213596049791018
7.22  4.170676784017345  1.0872570347472843
7.23  4.247502446935178  1.1522097840694852
7.24  4.321930844778194  1.2161580113304908
7.25  4.393914033416174  1.2790432616947855
7.26  4.463405320854487  1.3408085449123712
7.2700000000000005  4.530359305035432  1.401398410804953
7.28  4.594731911148477  1.4607590223176943
7.29  4.656480428412386  1.518838226025656
7.3  4.715563546291901  1.5755856199880427
7.3100000000000005  4.771941390111822  1.6309526188477967
7.32  4.82557555603126  1.6848925160783936
7.33  4.876429145341146  1.737360543284396
7.34  4.924466798047789  1.7883139264669168
7.3500000000000005  4.96965472570589  1.8377119391701398
7.36  5.0119607434643285  1.8855159524299654
7.37  5.051354301288531  1.9316894814510863
7.38  5.087806514323256  1.9761982289438444
7.390000000000001  5.121290192360282  2.0190101250578283
7.4  5.151779868375686  2.0600953638543675
7.41  5.179251826101895  2.0994264362658326
7.42  5.20368412660019  2.1369781594950674
7.43  5.225056633799879  2.172727702814165
7.44  5.243351038970885  2.2066546097273854
7.45  5.258550884097165  2.2387408164688978
7.46  5.270641584119053  2.2689706668119185
7.47  5.27961044801321  2.2973309231715597
7.48  5.285446698679783  2.323810773989781
7.49  5.2881414916070435  2.348401837396611
7.5  5.287687932284653  2.3710981611478594
7.51  5.2840810923375585  2.39189621884535
7.5200000000000005  5.277318024353496  2.4107949024517312
7.53  5.2673977753779875  2.427795511117705
7.54  5.2543213990515945  2.442901736345479
7.55  5.238091966365603  2.456119643517945
7.5600000000000005  5.218714575012855  2.4674576498289977
7.57  5.1961963573119965  2.4769264986559683
7.58  5.1705464866843265  2.484539230420904
7.59  5.14177618266366  2.490311149992906
7.6000000000000005  5.109898714420817  2.4942597906892745
7.61  5.074929402785647  2.496404874938544
7.62  5.036885620750673  2.4967682716737802
7.63  4.995786792441832  2.4953739505296784
7.640000000000001  4.951654390543051  2.492247932922057
7.65  4.904511932162817  2.487418240093227
7.66  4.8543849731322055  2.480914838211495
7.67  4.801301100725323  2.472769580617742
7.68  4.745289924794483  2.46301614731642
7.69  4.686383067313841  2.451689981812703
7.7  4.624614150326977  2.438828225401644
7.71  4.560018782294808  2.4244696490192035
7.72  4.492634542842376  2.4086545827687873
7.73  4.422500965904227  2.391424843240581
7.74  4.349659521269599  2.372823658744404
7.75  4.274153594530179  2.3528955925800137
7.76  4.19602846543516  2.331686464471859
7.7700000000000005  4.115331284659162  2.309243270298055
7.78  4.032111048990766  2.2856141002461023
7.79  3.9464185749506817  2.260848055530061
7.8  3.8583064708502275  2.2349951638063126
7.8100000000000005  3.76782910730235  2.2081062934268227
7.82  3.675042586198989  2.180233066670716
7.83  3.5800047081701987  2.151427772096296
7.84  3.4827749385419358  2.1217432761571406
7.8500000000000005  3.3834143718110514  2.0912329342267766
7.86  3.2819856946575214  2.0599505011774024
7.87  3.1785531475155464  2.0279500416585425
7.88  3.073182484726613  1.9952858402220595
7.890000000000001  2.9659409332991986  1.9620123114398866
7.9  2.8568971503012417  1.9281839101608695
7.91  2.7461211789130258  1.8938550420525941
7.92  2.633684403169571  1.8590799745736082
7.930000000000001  2.5196595014229706  1.8239127485205882
7.94  2.404120398556972  1.7884070902938678
7.95  2.2871422169866023  1.7526163250235212
7.96  2.168801226478035  1.7165932906966708
7.97  2.0491747928246835  1.68039025342493
7.98  1.9283413254166808  1.6440588239888578
7.99  1.8063802237426514  1.607649875794251
8.0  1.6833718228635903  1.5712134643724838
8.01  1.5593973379000063  1.5347987485547465
8.02  1.434538807574644  1.4984539134469315
8.03  1.3088790368542578  1.4622260953290769
8.040000000000001  1.1825015387348914  1.4261613085999532
8.05  1.0554904752166538  1.3903043748839707
8.06  0.9279305975140263  1.354698854413965
8.07  0.7999071855499724  1.3193869797996332
8.08  0.6715059867820242  1.28440959228741
8.09  0.5428131544099866  1.249806080613398
8.1  0.4139151850154018  1.2156143225467304
8.11  0.28489885568419737  1.1818706292161936
8.120000000000001  0.15585116066395366  1.1486096923084008
8.13  0.026859247608760572  1.115864534220997
8.14  -0.10198964653553788  1.083666461249499
8.15  -0.23060825995151513  1.0520450198814126
8.16  -0.35890937062165595  1.021027956266041
8.17  -0.48680586119634217  0.99064117892325
8.18  -0.614210784002817  0.9609087247490367
8.19  -0.7410374261397894  0.9318527283703755
8.2  -0.867199374601487  0.9034933948962507
8.21  -0.9926105813749688  0.8758489761062229
8.22  -1.1171854284541394  0.8489357501121938
8.23  -1.2408387927141746  0.8227680045232941
8.24  -1.3634861105890477  0.7973580231381608
8.25  -1.4850434424959786  0.7727160761829288
8.26  -1.6054275369497035  0.748850414107529
8.27  -1.72455589430999  0.7257672649469792
8.28  -1.8423468301059347  0.7034708352485474
8.290000000000001  -1.9587195378804618  0.6819633145597495
8.3  -2.0735941514991385  0.6612448834663665
8.31  -2.18689180686752  0.6413137251636842
8.32  -2.298534703001348  0.6221660405385923
8.33  -2.4084461623948155  0.6037960667341692
8.34  -2.51655069063234  0.586196099162821
8.35  -2.6227740351896816  0.5693565169282812
8.36  -2.7270432433712433  0.553265811611241
8.370000000000001  -2.8292867193306455  0.5379106193678237
8.38  -2.9294342801225057  0.5232757562846813
8.39  -3.0274172107343196  0.5093442569291075
8.4  -3.1231683180477923  0.49609741602735946
8.41  -3.216621983679996  0.48351483319922006
8.42  -3.307714215655889  0.471574460671784
8.43  -3.396382698864268  0.46025265389055947
8.44  -3.482566844250572  0.4495242249412229
8.45  -3.566207836700903  0.43936249869074206
8.46  -3.6472486815728278  0.429739371552065
8.47  -3.7256342498294366  0.4206253727722904
8.48  -3.8013113217349503  0.41198972814004753
8.49  -3.8742286290706085  0.4038004260038148
8.5  -3.9443368958315985  0.39602428548917035
8.51  -4.011588877366702  0.3886270267991506
8.52  -4.075939397923975  0.3815733434787017
8.53  -4.137345386566942  0.3748269765206874
8.540000000000001  -4.195765911427615  0.3683507901881013
8.55  -4.251162212263746  0.3621068494240559
8.56  -4.3034977312896805  0.3560564987187202
8.57  -4.352738142251342  0.3501604422996845
8.58  -4.398851377717825  0.3443788255102407
8.59  -4.4418076545634975  0.33867131723794514
8.6  -4.481579497616323  0.33299719325405774
8.61  -4.518141761449665  0.32731542032305705
8.620000000000001  -4.551471650296684  0.3215847409398029
8.63  -4.581548736068076  0.31576375855125355
8.64  -4.608354974455794  0.30981102311839487
8.65  -4.631874719106971  0.30368511687358857
8.66  -4.652094733854297  0.29734474012834744
8.67  -4.6690042029907515  0.290748796985976
8.68  -4.682594739578489  0.283856480813958
8.69  -4.6928603917835146  0.2766273593312225
8.700000000000001  -4.699797647229626  0.2690214591657657
8.71  -4.703405435366937  0.26099934973927474
8.72  -4.703685127852248  0.25252222633605237
8.73  -4.70064053694025  0.2435519922149726
8.74  -4.694277911886583  0.23405133962486008
8.75  -4.684605933365511  0.22398382958493623
8.76  -4.671635705906902  0.2133139702944724
8.77  -4.6553807483591125  0.20200729403747164
8.78  -4.635856982386058  0.1900304324508736
8.790000000000001  -4.613082719008859  0.17735119002737193
8.8  -4.587078643204053  0.16393861572642332
8.81  -4.557867796572317  0.14976307257054555
8.82  -4.525475558093433  0.1347963051067283
8.83  -4.489929622985049  0.11901150461647558
8.84  -4.451259979684461  0.10238337196158309
8.85  -4.409498884974554  0.0848881779563474
8.86  -4.36468083727664  0.06650382116107134
8.870000000000001  -4.316842548134716  0.04720988299585005
8.88  -4.266022911917425  0.026987680077681042
8.89  -4.212262973765356  0.005820313688798873
8.9  -4.155605895813421  -0.016307283711628595
8.91  -4.096096921719191  -0.03940830501533321
8.92  -4.033783339529984  -0.06349402811029592
8.93  -3.9687144429227317  -0.08857377871680105
8.94  -3.900941490852505  -0.11465489648187366
8.950000000000001  -3.8305176656465925  -0.14174270439493286
8.96  -3.757498029582914  -0.16984048158178122
8.97  -3.681939479992481  -0.19894943952880217
8.98  -3.6039007029273917  -0.22906870178362237
8.99  -3.5234421254367505  -0.2601952871729074
9.0  -3.440625866494375  -0.2923240965721595
9.01  -3.3555156866233893  -0.32544790325685125
9.02  -3.268176936263712  -0.3595573468581502
9.03  -3.178676502929839  -0.3946409309408937
9.040000000000001  -3.0870827572071757  -0.43068502421547417
9.05  -2.9934654976363775  -0.46767386538929356
9.06  -2.8978958945356936  -0.5055895716579037
9.07  -2.800446432812992  -0.5444121508294805
9.08  -2.7011908538190026  -0.5841195170708986
9.09  -2.600204096294947  -0.624687510257474
9.1  -2.4975622364679975  -0.6660899189025711
9.11  -2.3933424273487827  -0.7082985066376487
9.120000000000001  -2.2876228372860172  -0.7512830422073
9.13  -2.180482587833504  -0.7950113329381289
9.14  -2.072001690985452  -0.839449261634896
9.15  -1.9622609858367694  -0.884560826851262
9.16  -1.8513420747249325  -0.930308186477456
9.17  -1.7393272589105708  -0.9766517045813884
9.18  -1.6262994738544359  -1.0235500014345238
9.19  -1.5123422241480529  -1.0709600066486682
9.200000000000001  -1.3975395181561328  -1.1188370153445049
9.21  -1.2819758024285746  -1.1671347472678992
9.22  -1.1657358959399036  -1.2158054087651404
9.23  -1.0489049242141697  -1.2647997575232703
9.24  -0.9315682533932941  -1.3140671699775508
9.25  -0.8138114243062204  -1.3635557112831684
9.26  -0.6957200865967578  -1.4132122077444946
9.27  -0.5773799329671632  -1.462982321590773
9.28  -0.4588766335945418  -1.5128106279833093
9.290000000000001  -0.3402957707765224  -1.562640694135582
9.3  -0.22172277386270778  -1.6124151604239443
9.31  -0.10324285452704957  -1.6620758233634902
9.32  0.015059057563133249  -1.711563720320163
9.33  0.13309837862726054  -1.7608192158275442
9.34  0.2507909341466609  -1.8097820893738388
9.35  0.36805302168168363  -1.8583916245220546
9.36  0.48480147307799026  -1.9065866992240645
9.370000000000001  0.600953716010721  -1.9543058771872013
9.38  0.7164278348153025  -2.001487500149983
9.39  0.8311426305552989  -2.0480697809222628
9.4  0.9450176802779596  -2.0939908970431707
9.41  1.0579733954097283  -2.1391890849095496
9.42  1.1699310792444277  -2.183602734226302
9.43  1.2808129834785458  -2.2271704826294743
9.44  1.3905423637485512  -2.2698313103323886
9.450000000000001  1.4990435341267645  -2.311524634644954
9.46  1.606241920533175  -2.3521904042161874
9.47  1.7120641130223935  -2.3917691928503415
9.48  1.8164379169051996  -2.430202292747393
9.49  1.9192924026667029  -2.4674318070194303
9.5  2.020557954643433  -2.5034007413354384
9.51  2.1201663184236215  -2.538053094548109
9.52  2.218050646936223  -2.5713339481577866
9.53  2.3141455451953847  -2.60318955447031
9.540000000000001  2.4083871136691095  -2.6335674233072957
9.55  2.500712990241645  -2.6624164071296765
9.56  2.591062390741312  -2.689686784437562
9.57  2.6793761480063747  -2.715330341311956
9.58  2.765596749463635  -2.7393004509667858
9.59  2.8496683731957493  -2.761552151182589
9.6  2.9315369224747077  -2.7820422194963896
9.61  3.011150058740934  -2.800729246025716
9.620000000000001  3.088457233008652  -2.8175737038082422
9.63  3.1634097156799155  -2.832538016542367
9.64  3.2359606247515558  -2.845586623617994
9.65  3.3060649524005172  -2.856686042330834
9.66  3.3736795899349588  -2.865804927177956
9.67  3.438763351100201  -2.8729141261367674
9.68  3.501276993729986  -2.8779867338341742
9.69  3.5611832397353558  -2.880998141517504
9.700000000000001  3.618446793425054  -2.881926083743739
9.71  3.6730343581528375  -2.880750681708548
9.72  3.7249146512890636  -2.8774544831419413
9.73  3.774058417515091  -2.872022498702552
9.74  3.8204384404409844  -2.864442234808039
9.75  3.8640295525484465  -2.8547037228446515
9.76  3.904808643462582  -2.8427995447044947
9.77  3.9427546665574695  -2.828724854604891
9.78  3.9778486439023837  -2.8124773971498804
9.790000000000001  4.010073669556769  -2.7940575215998025
9.8  4.039414911223651  -2.773468192320855
9.81  4.065859610272793  -2.7507149953922925
9.82  4.0893970801461546  -2.72580614135519
9.83  4.110018703159873  -2.698752464092454
9.84  4.127717925718167  -2.669567415835925
9.85  4.142490251956231  -2.638267058302522
9.86  4.154333235830301  -2.604870049967248
9.870000000000001  4.1632464716745154  -2.569397629487066
9.88  4.1692315832455025  -2.531873595295697
9.89  4.172292211276853  -2.4923242813951236
9.9  4.172433999566837  -2.4507785293759667
9.91  4.169664579624058  -2.407267656704393
9.92  4.163993553896684  -2.3618254213193004
9.93  4.155432477612196  -2.3144879825892897
9.94  4.143994839255611  -2.265293858684517
9.950000000000001  4.129696039715096  -2.2142838804243437
9.96  4.112553370125118  -2.1615011416670638
9.97  4.092585988437909  -2.106990946313413
9.98  4.0698148947552575  -2.0508007520011517
9.99  4.044262905453315  -1.9929801105728457
10.0  4.015954626133986  -1.9335806054042561
