0.0  0.0  0.0
0.01  1.067282295318363  -1.928013964756444
0.02  1.7626088099863266  -3.0304182569665143
0.03  2.18707245006135  -3.580593313576724
0.04  2.4753357110110397  -3.860540748447436
0.05  2.692589037616013  -4.001595281109233
0.06  2.869185444700955  -4.063956978038993
0.07  3.020411189662969  -4.077696603296941
0.08  3.154635625603294  -4.05920164453105
0.09  3.2767810029137476  -4.018084655395832
0.1  3.389918839983869  -3.9603357083960664
0.11  3.496062484909472  -3.8898788542617644
0.12  3.596587690224237  -3.8093947745997125
0.13  3.6924688095021567  -3.7207814373686166
0.14  3.784417987257253  -3.62542498864065
0.15  3.872970618748022  -3.524365845372525
0.16  3.958539699644246  -3.418404256388719
0.17  4.041451455470983  -3.308169515069629
0.18  4.121969320798984  -3.1941665930494123
0.19  4.200310450174475  -3.0768083242512465
0.2  4.276657314405423  -2.956438094891515
0.21  4.3511659862302094  -2.8333461475185344
0.22  4.423972148752841  -2.707781498539909
0.23  4.495195507747019  -2.5799607851910635
0.24  4.564943066107139  -2.450074926068551
0.25  4.633311574650335  -2.3182942004254943
0.26  4.700389378435664  -2.184772167603461
0.27  4.76625781391872  -2.0496487245842863
0.28  4.830992268640778  -1.9130525154144007
0.29  4.89466298488843  -1.7751028478587403
0.3  4.957335667460975  -1.6359112315749031
0.31  5.019071940493208  -1.495582622834396
0.32  5.07992968731352  -1.3542164397072425
0.33  5.139963299305837  -1.21190739622247
0.34  5.199223853827758  -1.0687461926572113
0.35000000000000003  5.257759236822781  -0.924820090645807
0.36  5.315614222438207  -0.7802133954388676
0.37  5.372830519429819  -0.635007862817603
0.38  5.429446792191736  -0.4892830444793693
0.39  5.485498662744811  -0.3431165828672123
0.4  5.541018698840734  -0.19658446420923834
0.41000000000000003  5.596036392411358  -0.049761236808478965
0.42  5.650578131854841  0.09727979973315676
0.43  5.704667171057561  0.24446642974751978
0.44  5.758323597570612  0.3917273774353276
0.45  5.81156430196678  0.5389921804342832
0.46  5.864402950079176  0.6861910785014562
0.47000000000000003  5.916849959551817  0.8332549152365857
0.48  5.96891248190378  0.980115051134507
0.49  6.020594391113825  1.1267032865498703
0.5  6.071896279564515  1.2729517933986494
0.51  6.122815462038822  1.418793054619348
0.52  6.173345988333667  1.5641598105801506
0.53  6.223478664940794  1.7089850117534024
0.54  6.273201086142952  1.8532017770906128
0.55  6.322497674780927  1.9967433576241094
0.56  6.3713497328625825  2.1395431048985842
0.5700000000000001  6.419735502107664  2.2815344439000658
0.58  6.467630234450739  2.4226508502032567
0.59  6.515006272458318  2.5628258311026606
0.6  6.561833139554562  2.7019929105298846
0.61  6.608077639892267  2.840085617590149
0.62  6.6537039676519765  2.9770374785763756
0.63  6.698673825501489  3.11278201234002
0.64  6.7429465519007845  3.2472527289149142
0.65  6.786479256893047  3.3803831313040846
0.66  6.829226965981174  3.5121067203506273
0.67  6.871142771650562  3.642357002622308
0.68  6.912177992063218  3.771067501246275
0.6900000000000001  6.952282336415244  3.8981717696351574
0.7000000000000001  6.991404076419313  4.023603408049281
0.71  7.029490223346211  4.147296082941885
0.72  7.06648671003453  4.269183549035339
0.73  7.102338577255317  4.38919967407643
0.74  7.136990163798961  4.507278466218214
0.75  7.17038529963473  4.6233541039745045
0.76  7.202467501479212  4.737360968691192
0.77  7.233180170098484  4.849233679476145
0.78  7.262466788660115  4.958907130526603
0.79  7.290271121445072  5.066316530789867
0.8  7.3165374122262925  5.171397445889515
0.81  7.34121058162006  5.274085842245843
0.8200000000000001  7.364236422718285  5.374318133315263
0.8300000000000001  7.38556179431456  5.4720312278695
0.84  7.405134811043984  5.567162580231336
0.85  7.422905029766691  5.659650242379547
0.86  7.438823631537256  5.749432917831567
0.87  7.452843598516974  5.836450017208316
0.88  7.464919885203172  5.920641715381574
0.89  7.475009583369192  6.001949010100299
0.9  7.483072080130415  6.0803137819883855
0.91  7.489069208575591  6.1556788558026625
0.92  7.492965390428684  6.227988062836209
0.93  7.494727770234331  6.29718630434869
0.9400000000000001  7.494326340589849  6.363219615902077
0.9500000000000001  7.491734057978171  6.42603523247704
0.96  7.486926948789306  6.485581654242408
0.97  7.479884205152563  6.541808712847454
0.98  7.470588270237802  6.594667638104271
0.99  7.459024912721336  6.644111124925412
1.0  7.445183290150438  6.690093400379947
1.01  7.429056000979867  6.732570290729479
1.02  7.410639125093998  6.771499288304276
1.03  7.389932252669066  6.806839618078533
1.04  7.366938501271463  6.838552303802983
1.05  7.3416645211298714  6.8666002335525285
1.06  7.314120488561061  6.890948224546354
1.07  7.284320087571332  6.911563087098018
1.08  7.2522804796976885  6.92841368755343
1.09  7.218022262194662  6.941471010075237
1.1  7.1815694147141915  6.950708217133204
1.11  7.1429492346669905  6.956100708561375
1.12  7.10219226149406  6.957626179044453
1.1300000000000001  7.059332190116579  6.95526467389771
1.1400000000000001  7.014405773870877  6.94899864300691
1.1500000000000001  6.967452717272688  6.938812992797286
1.16  6.918515558991108  6.9246951361033195
1.17  6.867639545447473  6.906635039814212
1.18  6.814872495487864  6.884625270173253
1.19  6.760264656609656  6.858661035612973
1.2  6.703868553252567  6.828740227011819
1.21  6.64573882769301  6.794863455262325
1.22  6.5859320741067515  6.757034086045147
1.23  6.524506666389232  6.715258271707976
1.24  6.4615225803450915  6.669544980153329
1.25  6.397041210878426  6.6199060206442955
1.26  6.331125184833059  6.566356066442676
1.27  6.263838170147527  6.508912674199548
1.28  6.195244682002503  6.447596300024019
1.29  6.1254098866490585  6.382430312161851
1.3  6.05439940361423  6.313441000221793
1.31  5.982279106986126  6.240657580893687
1.32  5.909114926483866  6.164112200108799
1.33  5.834972649018361  6.083839931599433
1.34  5.7599177214479775  5.999878771821457
1.35  5.68401505522874  5.9122696312101874
1.36  5.6073288336518505  5.821056321746863
1.37  5.529922322351828  5.726285540819916
1.3800000000000001  5.4518576837567965  5.628006851372138
1.3900000000000001  5.3731957961381855  5.526272658331952
1.4000000000000001  5.29399607790049  5.421138181333915
1.41  5.214316317732923  5.312661423740762
1.42  5.134212511223566  5.200903137986239
1.43  5.053738704513506  5.0859267872650795
1.44  4.972946845542996  4.9677985036034045
1.45  4.89188664341447  4.846587042349854
1.46  4.810605436367993  4.722363733134559
1.47  4.729148068833882  4.595202427349927
1.48  4.6475567779944775  4.465179442213876
1.49  4.5658710902530295  4.33237350148279
1.5  4.484127727972034  4.196865672887924
1.51  4.402360526806406  4.058739302375314
1.52  4.3206003639190245  3.918079945235466
1.53  4.238875097326905  3.774975294215102
1.54  4.157209516586454  3.629515104709076
1.55  4.075625304985559  3.4817911171362503
1.56  3.9941410133688438  3.331896976608536
1.57  3.9127720456808888  3.179928150007609
1.58  3.831530656269961  3.0259818405887184
1.59  3.7504259589527367  2.8701569002358656
1.6  3.669463947798275  2.712553739497105
1.61  3.5886475295474427  2.553274235533015
1.62  3.50797656754225  2.392421638115338
1.6300000000000001  3.4274479369982958  2.230100473816589
1.6400000000000001  3.3470555914128086  2.0664164485347785
1.6500000000000001  3.2667906398608135  1.9014763485006072
1.6600000000000001  3.18664143489296  1.7353879399173457
1.67  3.106593670710429  1.568259867386072
1.68  3.0266304912555526  1.4002015512712913
1.69  2.946732607821162  1.2313230841638034
1.7  2.866878425747565  1.0617351265992934
1.71  2.78704417974343  0.8915488021924242
1.72  2.7072040773359354  0.7208755923471566
1.73  2.6273304499264007  0.549827230704635
1.74  2.547393910900225  0.37851559749027924
1.75  2.4673635202148314  0.20705261392173466
1.76  2.3872069548658748  0.03555013683888921
1.77  2.306890684611019  -0.13588014628343528
1.78  2.2263801523116222  -0.30712682178055567
1.79  2.145639958236175  -0.47807885354254553
1.8  2.064634047654988  -0.648625685901823
1.81  1.9833259010439686  -0.8186573455090909
1.82  1.9016787262057468  -0.9880645420453269
1.83  1.8196556516096853  -1.15673876762007
1.84  1.737219920247784  -1.324572394709179
1.85  1.6543350833016486  -1.491458772488384
1.86  1.570965192916377  -1.6572923214224566
1.87  1.4870749933802963  -1.8219686259735415
1.8800000000000001  1.4026301100152316  -1.9853845252962457
1.8900000000000001  1.3175972350901433  -2.1474382017913265
1.9000000000000001  1.2319443100815257  -2.308029267394377
1.9100000000000001  1.1456407036171623  -2.4670588474806734
1.92  1.0586573844551055  -2.624429662272348
1.93  0.9709670888676061  -2.780046105639311
1.94  0.8825444818196779  -2.9338143211906607
1.95  0.7933663113542102  -3.085642275559152
1.96  0.703411555619817  -3.235439828786881
1.97  0.6126615620039622  -3.383118801726492
1.98  0.5211001778621297  -3.528593040378247
1.99  0.4287138723639074  -3.671778477089613
2.0  0.33549184900858847  -3.8125931885504705
2.0100000000000002  0.24142614839637544  -3.950957450523466
2.02  0.146511740876104  -4.0867937892557435
2.0300000000000002  0.050746608726550874  -4.220027029525037
2.04  -0.04586818243388959  -4.3505843392796315
2.05  -0.14332842327616604  -4.478395270838935
2.06  -0.24162671165534996  -4.603391798627918
2.07  -0.34075241495821196  -4.725508353425684
2.08  -0.44069164404965994  -4.844681853115565
2.09  -0.5414272389223653  -4.9608517299305435
2.1  -0.6429387661122002  -5.073959954195288
2.11  -0.7452025278998448  -5.183951054572347
2.12  -0.8481915832768587  -5.2907721348273515
2.13  -0.9518757806121794  -5.394372887134337
2.14  -1.0562218019133847  -5.494705601949401
2.15  -1.1611932185352651  -5.591725174486982
2.16  -1.266750558147506  -5.685389107839962
2.17  -1.3728513827326856  -5.775657512790673
2.18  -1.4794503773466448  -5.862493104366405
2.19  -1.5864994493343256  -5.945861195198837
2.2  -1.6939478376571397  -6.025729685752745
2.21  -1.8017422319513554  -6.1020690514950084
2.22  -1.909826900902437  -6.174852327080468
2.23  -2.0181438294866063  -6.244055087636403
2.24  -2.1266328645994426  -6.30965542723256
2.25  -2.235231868560998  -6.371633934628484
2.2600000000000002  -2.343876879958893  -6.4299736663944795
2.27  -2.4525022812644344  -6.484660117507059
2.2800000000000002  -2.5610409726326413  -6.53568118952364
2.29  -2.669424551274726  -6.583027156445346
2.3000000000000003  -2.777583495771826  -6.626690628380202
2.31  -2.885447354680848  -6.666666513122387
2.32  -2.992944938768034  -6.702951975766322
2.33  -3.100004516192788  -6.735546396476941
2.34  -3.206554009953643  -6.764451326540149
2.35  -3.312521196900317  -6.789670442819452
2.36  -3.417833907609861  -6.811209500746743
2.37  -3.5224202264220903  -6.829076285976631
2.38  -3.6262086909285958  -6.843280564835051
2.39  -3.729128490211803  -6.853834033693739
2.4  -3.831109661134765  -6.860750267402831
2.41  -3.932083281989469  -6.864044666914046
2.42  -4.031981662820733  -6.863734406227033
2.43  -4.13073853175475  -6.859838378791013
2.44  -4.228289216675419  -6.8523771434932685
2.45  -4.324570821608437  -6.841372870365111
2.46  -4.419522397191776  -6.826849286134639
2.47  -4.513085104632524  -6.808831619754122
2.48  -4.605202372573096  -6.787346548027981
2.49  -4.695820046315442  -6.762422141465152
2.5  -4.784886528878819  -6.734087810477309
2.5100000000000002  -4.872352913396281  -6.702374252041589
2.52  -4.958173106385592  -6.667313396943635
2.5300000000000002  -5.04230394146323  -6.628938357713418
2.54  -5.1247052831039674  -6.5872833773629
2.5500000000000003  -5.205340120084451  -6.542383779030841
2.56  -5.284174648285667  -6.494275916636059
2.57  -5.361178342567611  -6.442997126636292
2.58  -5.436324017468196  -6.388585680985418
2.59  -5.5095878765185615  -6.331080741377137
2.6  -5.580949550007623  -6.270522314858379
2.61  -5.650392121069852  -6.206951210890876
2.62  -5.717902140012176  -6.140408999933938
2.63  -5.783469626837735  -6.070937973616429
2.64  -5.847088061966602  -5.998581106560214
2.65  -5.9087543651955245  -5.923382019912062
2.66  -5.9684688629810285  -5.845384946634962
2.67  -6.026235244171633  -5.764634698604367
2.68  -6.082060504356549  -5.681176635548653
2.69  -6.13595487903851  -5.5950566358674365
2.7  -6.187931765878658  -5.506321069355073
2.71  -6.238007636300192  -5.41501677185093
2.72  -6.286201936775598  -5.321191021831611
2.73  -6.332536980159081  -5.224891518954495
2.74  -6.377037827461397  -5.126166364555614
2.75  -6.419732160498316  -5.025064044099057
2.7600000000000002  -6.460650145876627  -4.921633411568782
2.77  -6.499824290812397  -4.815923675787917
2.7800000000000002  -6.537289291305422  -4.70798438864459
2.79  -6.573081873220947  -4.597865435197462
2.8000000000000003  -6.607240626855187  -4.485617025628384
2.81  -6.63980583558418  -4.371289689003927
2.82  -6.6708192992167605  -4.254934268801939
2.83  -6.700324152691173  -4.136601920153847
2.84  -6.728364680771395  -4.016344108748287
2.85  -6.754986129413531  -3.894212611336183
2.86  -6.780234514484303  -3.770259517772906
2.87  -6.804156428523131  -3.644537234527855
2.88  -6.826798846246072  -3.517098489587708
2.89  -6.848208929494397  -3.3879963386747938
2.9  -6.868433832332215  -3.257284172698157
2.91  -6.8875205069971885  -3.125015726350809
2.92  -6.905515511404855  -2.9912450877629975
2.93  -6.922464818901688  -2.856026709117859
2.94  -6.938413630953569  -2.7194154181326
2.95  -6.953406193445871  -2.581466430305429
2.96  -6.967485617258213  -2.442235361825752
2.97  -6.980693703761445  -2.301778243042771
2.98  -6.993070775866742  -2.1601515323854557
2.99  -7.004655515236602  -2.017412130625067
3.0  -7.015484806245329  -1.87361739536984
3.0100000000000002  -7.02559358725226  -1.7288251556801688
3.02  -7.0350147097246944  -1.5830937266916996
3.0300000000000002  -7.0437788057191595  -1.4364819241330444
3.04  -7.051914164199618  -1.2890490786246238
3.0500000000000003  -7.059446616639377  -1.1408550496447343
3.06  -7.066399432320079  -0.9919602390497648
3.0700000000000003  -7.072793223706274  -0.8424256040353612
3.08  -7.0786458622377895  -0.692312669426907
3.09  -7.083972404844733  -0.5416835391881402
3.1  -7.088785031451284  -0.39060090703887546
3.11  -7.093092993695023  -0.23912806607397585
3.12  -7.096902575048129  -0.08732891727815438
3.13  -7.100217062485878  0.06473202316666683
3.14  -7.103036729806214  0.21698961788203214
3.15  -7.10535883266245  0.36937810369936425
3.16  -7.107177615328832  0.5218310885666996
3.17  -7.108484329176731  0.6742815500467352
3.18  -7.109267262796912  0.8266618354938766
3.19  -7.109511783661619  0.9789036639934449
3.2  -7.109200391178559  1.1309381301427768
3.21  -7.108312780948068  1.2826957097487728
3.22  -7.1068259199942485  1.4341062675126242
3.23  -7.104714132701574  1.585099066766853
3.24  -7.101949197149791  1.7356027813255588
3.25  -7.098500451502645  1.8855455095028002
3.2600000000000002  -7.09433491006966  2.0348547903494194
3.27  -7.089417388625516  2.183457622152369
3.2800000000000002  -7.083710638538036  2.3312804832356133
3.29  -7.077175489224306  2.4782493550951807
3.3000000000000003  -7.069770998424214  2.624289747895713
3.31  -7.061454609752658  2.769326728349109
3.3200000000000003  -7.05218231696538  2.913284949990434
3.33  -7.041908834349109  3.056088685859398
3.34  -7.030587772624642  3.1976618635899876
3.35  -7.018171819731542  3.337928102904177
3.36  -7.004612925845387  3.476810755499336
3.37  -6.989862491963318  3.614232947312857
3.38  -6.97387156138047  3.750117623140628
3.39  -6.956591013369485  3.8843875935802488
3.4  -6.937971758367152  4.016965584262923
3.41  -6.9179649339666325  4.147774287332262
3.42  -6.896522101010702  4.276736415121405
3.43  -6.873595439080794  4.403774755974321
3.44  -6.849137940678768  4.5288122321504245
3.45  -6.823103603402591  4.651771959746314
3.46  -6.795447619424364  4.772577310561962
3.47  -6.7661265615884085  4.891151975833515
3.48  -6.7350985654591256  5.007420031748747
3.49  -6.702323506662689  5.121306006656324
3.5  -6.66776317288322  5.2327349498741675
3.5100000000000002  -6.631381429893134  5.341632501997786
3.52  -6.593144381018498  5.447924966603881
3.5300000000000002  -6.553020519463507  5.551539383240506
3.54  -6.510980872943798  5.652403601590043
3.5500000000000003  -6.466999140105308  5.750446356687467
3.56  -6.42105181823511  5.845597345072038
3.5700000000000003  -6.373118321801194  5.937787301747146
3.58  -6.323181091391212  6.026948077819211
3.59  -6.2712256926542045  6.113012718683718
3.6  -6.21724090488503  6.195915542623162
3.61  -6.161218798928182  6.275592219679287
3.62  -6.103154804115689  6.351979850659626
3.63  -6.0430477639930125  6.425017046136111
3.64  -5.980899980626749  6.4946440052920495
3.65  -5.916717247328785  6.560802594472047
3.66  -5.850508869672809  6.6234364252886175
3.67  -5.78228767472096  6.682490932138072
3.68  -5.712070008420341  6.737913448978209
3.69  -5.63987572117159  6.789653285219703
3.7  -5.565728141613625  6.8376618005837
3.71  -5.489654038711044  6.881892478778218
3.72  -5.411683572272277  6.922300999847102
3.73  -5.331850232067915  6.958845311046129
3.74  -5.250190765759436  6.991485696102562
3.75  -5.166745095888435  7.020184842716031
3.7600000000000002  -5.081556226215595  7.044907908160906
3.77  -4.994670137736708  7.065622582852577
3.7800000000000002  -4.906135674739806  7.082299151742904
3.79  -4.816004421303356  7.094910553413063
3.8000000000000003  -4.724330568669162  7.1034324367354085
3.81  -4.631170773956829  7.1078432149795105
3.8200000000000003  -4.536584010716992  7.108124117241579
3.83  -4.440631411850198  7.104259237080543
3.84  -4.34337610544532  7.096235578248597
3.85  -4.244883044116863  7.084043097408802
3.86  -4.145218828443737  7.067674743737195
3.87  -4.044451525133183  7.047126495312204
3.88  -3.9426504805524893  7.022397392199609
3.89  -3.8398861302876717  6.993489566146918
3.9  -3.7362298054026035  6.9604082668070335
3.91  -3.631753536083915  6.923161884417093
3.92  -3.5265298533664553  6.881761968864748
3.93  -3.420631589640874  6.836223245080514
3.94  -3.3141316786497326  6.786563624701602
3.95  -3.207102955679876  6.732804213959249
3.96  -3.099617958658978  6.674969317748686
3.97  -2.9917487308603  6.613086439847717
3.98  -2.883566625914765  6.547186279257273
3.99  -2.775142115820968  6.477302722644325
4.0  -2.6665446026334085  6.403472832875101
4.01  -2.5578422344962126  6.325736833633763
4.0200000000000005  -2.4491017266744053  6.24413809012931
4.03  -2.3403881882171715  6.158723085900991
4.04  -2.231764954867612  6.069541395739785
4.05  -2.123293428811706  5.976645654751513
4.0600000000000005  -2.015032925835008  5.880091523594282
4.07  -1.9070405304294977  5.779937649930748
4.08  -1.799370959365103  5.6762456261431025
4.09  -1.6920764342107764  5.569079943366231
4.1  -1.5852065632583543  5.458507941901943
4.11  -1.4788082332697208  5.344599758084524
4.12  -1.3729255114331655  5.227428267675277
4.13  -1.26759955787922  5.107069025870725
4.14  -1.1628685490694606  4.983600204016799
4.15  -1.0587676123337124  4.857102523127924
4.16  -0.9553287717924797  4.727659184317302
4.17  -0.8525809058617145  4.595355796251182
4.18  -0.7505497164973552  4.460280299747314
4.19  -0.649257710296108  4.322522889643903
4.2  -0.548724191528676  4.182175934072395
4.21  -0.44896526714047286  4.03933389127373
4.22  -0.349993863714475  3.89409322410433
4.23  -0.2518197563501126  3.746552312384406
4.24  -0.15444960937239433  3.596811363247508
4.25  -0.057887028745674356  3.4449723196564657
4.26  0.03786737397171584  3.2911387672573067
4.2700000000000005  0.13281590633371365  3.135415839748995
4.28  0.22696370861167428  2.9779101229531877
4.29  0.32031865657173675  2.8187295577745686
4.3  0.4128912537310965  2.65798334224914
4.3100000000000005  0.5046945134318667  2.4957818328845933
4.32  0.5957438311010707  2.3322364455039493
4.33  0.6860568470930595  2.1674595558110403
4.34  0.7756533005358792  2.001564399904808
4.3500000000000005  0.8645548746260981  1.8346649749772392
4.36  0.9527850338361415  1.6668759404398452
4.37  1.0403688535155304  1.498312519732989
4.38  1.1273328423800062  1.3290904030844537
4.39  1.2137047583929428  1.1593256514955241
4.4  1.2995134185485506  0.9891346022477799
4.41  1.3847885030676748  0.8186337762396291
4.42  1.4695603545133882  0.6479397874801929
4.43  1.5538597723240704  0.4771692550897253
4.44  1.637717803247054  0.3064387181804479
4.45  1.7211655281337073  0.1358645540204904
4.46  1.8042338455279465  -0.03443710008279258
4.47  1.886953252442296  -0.20435042070379764
4.48  1.9693536226686459  -0.37375996750170437
4.49  2.051463982912541  -0.5425507471274055
4.5  2.1333122869694665  -0.7106082711916087
4.51  2.2149251880759153  -0.8778186075727883
4.5200000000000005  2.296327809465894  -1.0440684242516765
4.53  2.377543513040761  -1.2092450247470277
4.54  2.458593665913887  -1.3732363740947584
4.55  2.5394974044160565  -1.5359311141509842
4.5600000000000005  2.620271394938053  -1.6972185668058817
4.57  2.700929590734599  -1.8569887234587594
4.58  2.7814829835108785  -2.015132218818354
4.59  2.8619393482460787  -2.1715402867408136
4.6000000000000005  2.942302979263817  -2.326104695387582
4.61  3.0225744150164  -2.478717658454514
4.62  3.1027501483849194  -2.6292717185662484
4.63  3.182822318476287  -2.777659598112249
4.64  3.2627783788808222  -2.9237740117786144
4.65  3.3426007360831727  -3.067507433744548
4.66  3.422266350122404  -3.2087518108868998
4.67  3.501746287576866  -3.3473982112697813
4.68  3.581005214373534  -3.48333639454937
4.69  3.6600008126151415  -3.616454287514216
4.7  3.7386831013379296  -3.7466373435531524
4.71  3.8169936355279592  -3.8737677590516983
4.72  3.894864550372334  -3.997723512078522
4.73  3.9722174079571557  -4.118377178561935
4.74  4.048961790528885  -4.235594467510759
4.75  4.124993566694237  -4.349232398330575
4.76  4.200192732635516  -4.4591370179257686
4.7700000000000005  4.274420696753811  -4.565140520124005
4.78  4.347516828929752  -4.66705758062976
4.79  4.419294028464248  -4.764680650573077
4.8  4.489532967961119  -4.857773850559107
4.8100000000000005  4.5579745286415  -4.946064958953156
4.82  4.6243097314134385  -5.029234767433809
4.83  4.688166147661447  -5.1069027420261355
4.84  4.7490892778314535  -5.1786074095803505
4.8500000000000005  4.806516601127056  -5.243779069587832
4.86  4.859740727019014  -5.301701101491527
4.87  4.907855958812622  -5.351453922314307
4.88  4.9496789378804795  -5.391831845475359
4.89  4.983627567298737  -5.421216334733326
4.9  5.007530470692473  -5.437376677276109
4.91  5.018316218639877  -5.43714506739845
4.92  5.011484921349925  -5.415864431633486
4.93  4.98016484555704  -5.3664030879244695
4.94  4.913328329409239  -5.277292267329191
4.95  4.792180698519134  -5.128958683125766
4.96  4.582254822957646  -4.885483770446582
4.97  4.214622502892812  -4.475044379569929
4.98  3.5392033215466485  -3.7414366993086015
4.99  2.235246487959427  -2.352024825467097
5.0  4.935043253977032e-14  -5.167559287739691e-14
5.01  -2.285484499004748  2.3809480510243155
5.0200000000000005  -3.700080279618194  3.834099119007098
5.03  -4.5052296700115795  4.642554705414597
5.04  -5.008295077021479  5.131317112718872
5.05  -5.355451154064518  5.454413464409543
5.0600000000000005  -5.614236408449359  5.682937088588763
5.07  -5.818494000140649  5.852515899762801
5.08  -5.986670720008164  5.982589604423383
5.09  -6.1295616283593395  6.0845576171615745
5.1000000000000005  -6.253860521628355  6.165511314029497
5.11  -6.363918532271737  6.23008156042859
5.12  -6.4626758573289695  6.281417070316057
5.13  -6.552184492617692  6.321733051798805
5.14  -6.63391612561609  6.352634212101989
5.15  -6.708951183074325  6.375312983160363
5.16  -6.77809913796223  6.390675595612841
5.17  -6.841977488299253  6.399424787081877
5.18  -6.9010650346439855  6.402115551106288
5.19  -6.955738691673576  6.399193621309334
5.2  -7.006299468707139  6.391022605013096
5.21  -7.052991155925594  6.377903477992529
5.22  -7.096013993047494  6.360088829539278
5.23  -7.135534819826049  6.337793431116877
5.24  -7.171694716276155  6.3112021861380745
5.25  -7.204614822929504  6.280476185099722
5.26  -7.234400822003499  6.245757370560031
5.2700000000000005  -7.2611464197504265  6.207172168877133
5.28  -7.284936074234545  6.164834344857558
5.29  -7.3058471462045675  6.118847265577775
5.3  -7.323951603902914  6.069305710480027
5.3100000000000005  -7.339317379286269  6.0162973298003015
5.32  -7.352009449065662  5.959903828099309
5.33  -7.362090696419813  5.900201931210649
5.34  -7.36962259629612  5.837264181305542
5.3500000000000005  -7.374665757582787  5.771159594628815
5.36  -7.377280348201768  5.701954208831679
5.37  -7.377526423692406  5.629711541038288
5.38  -7.375464175671508  5.5544929733546144
5.39  -7.371154113336764  5.476358079113849
5.4  -7.364657188686869  5.395364900500181
5.41  -7.356034874186911  5.311570186118197
5.42  -7.345349200081644  5.225029595441137
5.43  -7.332662757354277  5.135797875776882
5.44  -7.3180386713717045  5.043929016357696
5.45  -7.301540550493132  4.949476383332286
5.46  -7.283232413305464  4.852492838770655
5.47  -7.263178597653502  4.753030846251559
5.48  -7.241443654230607  4.651142565160798
5.49  -7.218092227166819  4.546879935467816
5.5  -7.1931889237811895  4.440294754450809
5.51  -7.166798175441308  4.331438746595092
5.5200000000000005  -7.13898409128653  4.2203636276857575
5.53  -7.109810306414331  4.107121163945767
5.54  -7.079339825996027  3.9917632269285144
5.55  -7.047634866673924  3.874341844754642
5.5600000000000005  -7.014756696492667  3.754909250182375
5.57  -6.980765474530745  3.633517925915482
5.58  -6.945720091320467  3.510220647480898
5.59  -6.90967801107518  3.385070523946748
5.6000000000000005  -6.8726951166785035  3.258121036699255
5.61  -6.834825558331392  3.129426076452255
5.62  -6.796121606697265  2.9990399786247326
5.63  -6.756633511332878  2.8670175571893943
5.64  -6.716409365141889  2.73341413706662
5.65  -6.675494975539088  2.5982855851146573
5.66  -6.6339337429653025  2.4616883397458458
5.67  -6.591766547345696  2.323679439181121
5.68  -6.549031643037659  2.1843165483399813
5.69  -6.505764562767876  2.0436579843503453
5.7  -6.461998031012078  1.901762740651738
5.71  -6.41776188722462  1.7586905096561802
5.72  -6.373083019279026  1.614501703923629
5.73  -6.327985307434189  1.4692574758027086
5.74  -6.282489579094862  1.3230197354823416
5.75  -6.236613574588598  1.1758511673959688
5.76  -6.190371924135339  1.0278152449175892
5.7700000000000005  -6.143776136139456  0.8789762432861451
5.78  -6.096834596888384  0.7293992506943937
5.79  -6.049552581696062  0.5791501774771667
5.8  -6.0019322774842845  0.42829576333486946
5.8100000000000005  -5.953972816750165  0.27690358252818714
5.82  -5.905670322823632  0.12504204698207205
5.83  -5.857017966275297  -0.027219592761766737
5.84  -5.808006032292273  -0.1798112488015046
5.8500000000000005  -5.7586219987978104  -0.3326619993965909
5.86  -5.7088506250495765  -0.4857000948055141
5.87  -5.658674050411977  -0.6388529654887699
5.88  -5.6080719029595585  -0.7920472327213004
5.89  -5.557021417531517  -0.9452087216548619
5.9  -5.505497562821889  -1.0982624768663158
5.91  -5.453473177056437  -1.2511327804226675
5.92  -5.400919111774864  -1.40374317248939
5.93  -5.3478043832069675  -1.556016474502641
5.94  -5.294096330703076  -1.7078748149213931
5.95  -5.239760781652734  -1.859239657569228
5.96  -5.18476222230149  -2.010031832570628
5.97  -5.12906397385368  -2.1601715698801063
5.98  -5.072628373229497  -2.3095785353973644
5.99  -5.015416957827134  -2.4581718696549877
6.0  -4.957390653625673  -2.605870229059919
6.01  -4.898509965952259  -2.752591829663153
6.0200000000000005  -4.838735172226564  -2.8982544934267724
6.03  -4.778026515988099  -3.0427756969506117
6.04  -4.7163444015069595  -3.186072622615537
6.05  -4.653649588276008  -3.3280622120935894
6.0600000000000005  -4.589903384682437  -3.468661222169732
6.07  -4.525067840159325  -3.607786282813893
6.08  -4.4591059351228255  -3.7453539574360835
6.09  -4.39198176800842  -3.8812808052516226
6.1000000000000005  -4.323660738729327  -4.015483445677993
6.11  -4.254109727893355  -4.147878624679286
6.12  -4.1832972711286835  -4.278383282968814
6.13  -4.111193727887029  -4.406914625975214
6.140000000000001  -4.037771444111562  -4.533390195472435
6.15  -3.963004908179371  -4.657727942769163
6.16  -3.886870899551529  -4.77984630334847
6.17  -3.809348629590175  -4.8996642728440385
6.18  -3.730419874029807  -5.017101484235241
6.19  -3.6500690966196787  -5.132078286139135
6.2  -3.5682835634855725  -5.24451582207389
6.21  -3.485053447792525  -5.3543361105645255
6.22  -3.400371924324669  -5.461462125958594
6.23  -3.3142352536340067  -5.56581787981654
6.24  -3.226642855447786  -5.667328502738789
6.25  -3.137597371061795  -5.765920326489126
6.26  -3.047104714486988  -5.861520966271802
6.2700000000000005  -2.955174112156273  -5.95405940301809
6.28  -2.8618181310399504  -6.043466065536429
6.29  -2.7670526950590144  -6.129672912379087
6.3  -2.670897089727843  -6.212613513277334
6.3100000000000005  -2.573373954999742  -6.292223129996656
6.32  -2.4745092663309416  -6.368438796463109
6.33  -2.374332304020748  -6.44119939801219
6.34  -2.2728756109276094  -6.510445749611673
6.3500000000000005  -2.1701749387023703  -6.576120672910863
6.36  -2.0662691827211224  -6.638169071969438
6.37  -1.9612003059400722  -6.696538007520741
6.38  -1.8550132519353022  -6.751176769625592
6.390000000000001  -1.747755847428182  -6.80203694857501
6.4  -1.6394786946351683  -6.849072503902323
6.41  -1.530235053817114  -6.892239831367838
6.42  -1.4200807164383185  -6.931497827781911
6.43  -1.3090738693790196  -6.966807953535718
6.44  -1.1972749506769653  -6.998134292712223
6.45  -1.0847464973044705  -7.02544361065377
6.46  -0.9715529855151812  -7.048705408866645
6.47  -0.8577606643219158  -7.0678919771472515
6.48  -0.7434373826913029  -7.08297844281912
6.49  -0.6286524110634548  -7.093942816974706
6.5  -0.5134762578251029  -7.10076603762108
6.51  -0.3979804813828755  -7.103432009633645
6.5200000000000005  -0.2822374984991583  -7.101927641427749
6.53  -0.16632038956603992  -7.096242878263581
6.54  -0.05030270150411902  -7.086370732105592
6.55  0.06574175101859266  -7.072307307963891
6.5600000000000005  0.18173908534654382  -7.05405182665108
6.57  0.2976155508706652  -7.031606643894573
6.58  0.4132977286308393  -7.004977265750747
6.59  0.5287127297825218  -6.974172360274133
6.6000000000000005  0.643788392227806  -6.939203765401435
6.61  0.7584534747170294  -6.9000864930171355
6.62  0.872637847736897  -6.856838729174264
6.63  0.9862726805117528  -6.809481830451081
6.640000000000001  1.099290623459402  -6.7580403164313205
6.65  1.2116259854582947  -6.702541858302828
6.66  1.323214905302227  -6.6430172635765485
6.67  1.43399551673897  -6.57950045693485
6.68  1.5439081065123992  -6.51202845722549
6.69  1.6528952648527333  -6.440641350624382
6.7  1.7609020278865648  -6.3653822599976335
6.71  1.8678760114671815  -6.286297310500008
6.72  1.9737675359563212  -6.203435591454335
6.73  2.0785297415210744  -6.116849114562797
6.74  2.1821186935434818  -6.02659276850816
6.75  2.2844934777757615  -5.932724270009256
6.76  2.38561628491062  -5.835304111402001
6.7700000000000005  2.4854524842744645  -5.734395504823209
6.78  2.583970686389534  -5.630064323080901
6.79  2.681142794191591  -5.522379037300723
6.8  2.7769440427295966  -5.411410651444062
6.8100000000000005  2.8713530272158008  -5.29723263379909
6.82  2.9643517193355646  -5.1799208455513845
6.83  3.0559254717689566  -5.05955346654601
6.84  3.1460630109178527  -4.936210918358031
6.8500000000000005  3.2347564178745802  -4.809975784793208
6.86  3.322001097710307  -4.680932729945069
6.87  3.4077957372031267  -4.549168413938801
6.88  3.4921422511670652  -4.4147714064965315
6.890000000000001  3.575045717583963  -4.277832098462192
6.9  3.6565143017804878  -4.138442611427633
6.91  3.7365591699314322  -3.9966967056046077
6.92  3.815194392208719  -3.852689686090461
6.93  3.8924368359325734  -3.7065183076775114
6.94  3.9683060491171847  -3.558280678358635
6.95  4.042824134837169  -3.4080761616830664
6.96  4.116015616874387  -3.2560052781186237
6.97  4.187907297135592  -3.1021696055772363
6.98  4.258528105360713  -2.946671679262035
6.99  4.327908941669382  -2.789614890994394
7.0  4.396082512518722  -2.6311033881803247
7.01  4.4630831606689805  -2.4712419725748314
7.0200000000000005  4.528946689774943  -2.3101359990029278
7.03  4.593710184240259  -2.147891274195324
7.04  4.65741182498897  -1.9846139558953104
7.05  4.720090701822471  -1.8204104523928495
7.0600000000000005  4.781786623042918  -1.6553873226394118
7.07  4.842539923033537  -1.4896511770957737
7.08  4.902391268493508  -1.323308579462058
7.09  4.961381464029879  -1.1564659494376062
7.1000000000000005  5.019551257811243  -0.9892294666545065
7.11  5.076941147987613  -0.82170497592617
7.12  5.133591190578046  -0.6539978939481682
7.13  5.1895408095221995  -0.4862131175857593
7.140000000000001  5.244828609584428  -0.3184549338776492
7.15  5.299492192788325  -0.15082693188198767
7.16  5.353567979047353  0.016568083514551205
7.17  5.40709103164165  0.18362817570761672
7.18  5.460094888174087  0.3502523582947253
7.19  5.51261139761855  0.516340674696965
7.2  5.564670564051889  0.6817942753816658
7.21  5.616300397636681  0.8465154925908601
7.22  5.667526773396025  1.0104079124852343
7.23  5.718373298293588  1.173376444620034
7.24  5.768861187102312  1.3353273886747075
7.25  5.819009147513596  1.4961684983649546
7.26  5.868833274905514  1.6558090424712217
7.2700000000000005  5.918346957154221  1.8141598629249822
7.28  5.96756078983623  1.9711334298999288
7.29  6.0164825021324  2.126643893862459
7.3  6.065116893705602  2.280607134541571
7.3100000000000005  6.1134657827850845  2.43294080678586
7.32  6.161527965649926  2.5835643832813115
7.33  6.209299187663357  2.7323991941109944
7.34  6.256772125968125  2.879368463143628
7.3500000000000005  6.303936383911192  3.024397341245553
7.36  6.350778497224033  3.1674129363166914
7.37  6.397281951942631  3.3083443401583192
7.38  6.443427214008968  3.447122652186303
7.390000000000001  6.489191770454029  3.583681000010723
7.4  6.534550182020683  3.7179545569086416
7.41  6.579474147043798  3.849880556223696
7.42  6.623932576364373  3.97939830273161
7.43  6.667891679015041  4.106449181017589
7.44  6.7113150583755266  4.230976660917021
7.45  6.7541638184589505  4.352926300076738
7.46  6.796396679953649  4.472245743700061
7.47  6.837970105610019  4.588884721543599
7.48  6.878838434528286  4.702795042239742
7.49  6.918954024871213  4.813930585023233
7.5  6.9582674044953965  4.922247288945573
7.51  6.996727428966342  5.027703139664918
7.5200000000000005  7.034281446395904  5.130258153904165
7.53  7.070875468516173  5.229874361673497
7.54  7.106454347381485  5.326515786358002
7.55  7.140961957069743  5.4201484227739885
7.5600000000000005  7.174341379736433  5.51074021330148
7.57  7.206535095358868  5.5982610222030464
7.58  7.237485174494912  5.68268260824223
7.59  7.267133473369417  5.763978595716806
7.6000000000000005  7.295421830593216  5.842124444024841
7.61  7.322292264813533  5.917097415882922
7.62  7.347687172591112  5.988876544317974
7.63  7.371549525798495  6.057442598554804
7.640000000000001  7.3938230678354255  6.1227780489229735
7.65  7.414452507961385  6.184867030906954
7.66  7.433383713052016  6.243695308464078
7.67  7.450563896095044  6.299250236734583
7.68  7.465941800753073  6.351520724268037
7.69  7.479467881334349  6.400497194889733
7.7  7.491094477529024  6.446171549329692
7.71  7.500775983286982  6.488537126735981
7.72  7.508469009234109  6.5275886661922575
7.73  7.514132538046898  6.5633222683579255
7.74  7.517728072230283  6.5957353573470865
7.75  7.519219773770743  6.624826642960285
7.76  7.518574595165499  6.650596083380164
7.7700000000000005  7.51576240135951  6.673044848439596
7.78  7.510756082154227  6.69217528356736
7.79  7.503531654686119  6.707990874513354
7.8  7.494068355608333  6.720496212951413
7.8100000000000005  7.482348722645544  6.729696963054076
7.82  7.468358665229992  6.735599829129516
7.83  7.452087523965557  6.738212524406442
7.84  7.433528118706635  6.737543741048353
7.8500000000000005  7.412676785079121  6.733603121473715
7.86  7.389533399312059  6.7264012310537975
7.87  7.364101391290173  6.715949532254769
7.88  7.336387745779516  6.702260360285468
7.890000000000001  7.3064029918206685  6.685346900306866
7.9  7.274161180326131  6.665223166253741
7.91  7.239679849960455  6.641903981313452
7.92  7.202979981423757  6.61540496010103
7.930000000000001  7.164085940300311  6.585742492563875
7.94  7.123025408674827  6.5529337296436445
7.95  7.079829305759033  6.516996570716729
7.96  7.034531697810434  6.477949652829009
7.97  6.987169697663156  6.435812341734307
7.98  6.937783354227851  6.390604724740066
7.99  6.886415532353524  6.342347605357744
8.0  6.8331117834782  6.291062499749255
8.01  6.777920207528421  6.2367716349550255
8.02  6.720891306558593  6.179497948883082
8.03  6.662077830650624  6.11926509203279
8.040000000000001  6.6015346166217865  6.056097430921036
8.05  6.539318420114512  5.9900200531730095
8.06  6.4754877416649546  5.921058774233742
8.07  6.410102647369087  5.849240145651737
8.08  6.343224584783709  5.774591464879888
8.09  6.2749161947170435  5.69714078653418
8.1  6.205241119577983  5.61691693504533
8.11  6.134263808965089  5.533949518633691
8.120000000000001  6.062049323186396  5.448268944532975
8.13  5.988663135408198  5.359906435383899
8.14  5.91417093313553  5.26889404671432
8.15  5.838638419729689  5.1752646854185
8.16  5.762131116667481  5.079052129144222
8.17  5.684714167244261  4.9802910464926535
8.18  5.606452142417261  4.879017017932593
8.19  5.527408849478217  4.7752665573275035
8.2  5.447647144233701  4.669077133970839
8.21  5.367228747358852  4.560487195022477
8.22  5.286214065575464  4.449536188236996
8.23  5.204662018287199  4.3362645848716515
8.24  5.122629870285983  4.220713902661398
8.25  5.040173071120693  4.1029267287455315
8.26  4.957345101696103  3.982946742430076
8.27  4.87419732864345  3.8608187376688883
8.28  4.7907788669760984  3.7365886451458348
8.290000000000001  4.707136451514256  3.6103035538401564
8.3  4.62331431753064  3.4820117319571975
8.31  4.539354091036225  3.351762647106715
8.32  4.455294689090294  3.219606985611911
8.33  4.3711722304831016  3.0855966708332216
8.34  4.28701995710207  2.9497848803918805
8.35  4.202868166253945  2.8122260621800312
8.36  4.118744154176304  2.6729759490459384
8.370000000000001  4.034672170931022  2.532091572044935
8.38  3.9506733868321273  2.3896312721492614
8.39  3.866765870518107  2.2456547103123454
8.4  3.782964578737884  2.10022287578673
8.41  3.6992813578768424  1.9533980925970913
8.42  3.615724957207287  1.8052440240744665
8.43  3.532301053805948  1.6558256753606477
8.44  3.449012289038599  1.505209393796259
8.45  3.365858316470931  1.3534628671101567
8.46  3.282835861023339  1.2006551193322699
8.47  3.1999387891470015  1.0468565043569253
8.48  3.117158189759174  0.8921386970882734
8.49  3.034482465636704  0.7365746821049267
8.5  2.951897434929551  0.5802387397862802
8.51  2.8693864424192626  0.4232064298481439
8.52  2.786930480112824  0.2655545722413476
8.53  2.7045083167284907  0.10736122537264647
8.540000000000001  2.6220966355981123  -0.05129433838671398
8.55  2.539670180480794  -0.2103316599332242
8.56  2.4572019087533583  -0.3696691234268151
8.57  2.3746631514177023  -0.5292239890654798
8.58  2.292023779339488  -0.6889124286491367
8.59  2.2092523751111175  -0.8486495639353063
8.6  2.126316409911167  -1.0083495077836262
8.61  2.0431824247145642  -1.1679254080791708
8.620000000000001  1.959816215192374  -1.3272894944181297
8.63  1.8761830196265517  -1.4863531275326505
8.64  1.7922477091539986  -1.6450268514255402
8.65  1.707974979646274  -1.8032204481781624
8.66  1.623329544525075  -1.960842995389016
8.67  1.5382763278102871  -2.117802926194
8.68  1.452780656696342  -2.27400809181231
8.69  1.3668084529546929  -2.429365826556377
8.700000000000001  1.2803264224639206  -2.583783015237592
8.71  1.193302242175898  -2.7371661628934216
8.72  1.1057047438354075  -2.8894214667560063
8.73  1.0175040937826072  -3.0404548903757025
8.74  0.9286719681812794  -3.190172239807981
8.75  0.8391817230323082  -3.3384792417665556
8.76  0.7490085583507977  -3.485281623639653
8.77  0.6581296759057943  -3.630485195261946
8.78  0.5665244299446607  -3.7739959323292376
8.790000000000001  0.47417447034971616  -3.915720061338447
8.8  0.3810638777012747  -4.0555641459308
8.81  0.28717928975078383  -4.193435174512253
8.82  0.19251001883819607  -4.329240649020525
8.83  0.09704815982053631  -4.462888674704894
8.84  0.0007886881124312229  -4.594288050781449
8.85  -0.0962704525251674  -4.7233483618227625
8.86  -0.1941282727745654  -4.849980069738642
8.870000000000001  -0.2927806714184667  -4.974094606201659
8.88  -0.39222038011394306  -5.095604465368839
8.89  -0.49243691949365104  -5.214423296749227
8.9  -0.5934165667627942  -5.330465998064725
8.91  -0.6951423349199018  -5.443648807950871
8.92  -0.7975939636873742  -5.55388939834268
8.93  -0.9007479221952515  -5.661106966390403
8.94  -1.0045774234200144  -5.765222325749058
8.950000000000001  -1.1090524503371826  -5.866157997086136
8.96  -1.2141397937045852  -5.963838297651649
8.97  -1.3198031013515186  -6.0581894297557835
8.98  -1.4260029388065087  -6.14913956799971
8.99  -1.5326968610566634  -6.236618945107018
9.0  -1.6398394951901878  -6.320559936204324
9.01  -1.7473826336351879  -6.400897141401961
9.02  -1.8552753376686937  -6.477567466527442
9.03  -1.9634640508330314  -6.550510201867379
9.040000000000001  -2.071892721860617  -6.6196670987761905
9.05  -2.1805029366731152  -6.6849824440131655
9.06  -2.2892340589886664  -6.746403131673165
9.07  -2.3980233790382535  -6.803878732579667
9.08  -2.5068062698633833  -6.857361561013456
9.09  -2.615516350638932  -6.9068067386542396
9.1  -2.7240856564387106  -6.952172255617554
9.11  -2.832444813837825  -6.99341902847393
9.120000000000001  -2.9405232217233586  -7.030510955142824
9.13  -3.048249236665355  -7.0634149665591295
9.14  -3.155550362182823  -7.092101075015991
9.15  -3.2623534412232535  -7.116542419093469
9.16  -3.368584851162227  -7.136715305088984
9.17  -3.474170700618053  -7.152599244871842
9.18  -3.579037027368835  -7.1641769900908425
9.19  -3.6831099966528513  -7.171434562670865
9.200000000000001  -3.7863160991299054  -7.17436128154133
9.21  -3.888582347780106  -7.172949785546853
9.22  -3.989836473017564  -7.1671960524976654
9.23  -4.090007115300106  -7.157099414325194
9.24  -4.189024014521652  -7.142662568315861
9.25  -4.286818195482261  -7.123891584404168
9.26  -4.383322148740428  -7.100795908514304
9.27  -4.478470006164695  -7.073388361947682
9.28  -4.572197710515779  -7.041685136822392
9.290000000000001  -4.6644431784059535  -7.005705787579044
9.3  -4.755146456000448  -6.9654732185763395
9.31  -4.844249866844719  -6.921013667808511
9.32  -4.931698151221746  -6.872356686786092
9.33  -5.017438596465504  -6.819535116630606
9.34  -5.101421157679345  -6.7625850604434525
9.35  -5.183598568331626  -6.701545852019022
9.36  -5.2639264402244725  -6.63646002098205
9.370000000000001  -5.342363352356012  -6.567373254439868
9.38  -5.418870928220028  -6.4943343552508335
9.39  -5.493413901110544  -6.417395197021394
9.4  -5.565960167020777  -6.336610675956372
9.41  -5.636480824747119  -6.2520386596991075
9.42  -5.704950202827442  -6.163739933311526
9.43  -5.771345872958897  -6.071778142558339
9.44  -5.835648649553153  -5.976219734674468
9.450000000000001  -5.897842575095349  -5.87713389681194
9.46  -5.9579148909754736  -5.7745924923800525
9.47  -6.015855993457971  -5.6686699955129045
9.48  -6.071659374442722  -5.5594434239210235
9.49  -6.125321546650125  -5.446992270408709
9.5  -6.176841952829195  -5.331398433367605
9.51  -6.2262228585405515  -5.21274614658989
9.52  -6.273469228001774  -5.091121908782446
9.53  -6.318588582396862  -4.966614413207394
9.540000000000001  -6.361590839941331  -4.839314477926704
9.55  -6.40248813685242  -4.7093149771895115
9.56  -6.441294628195186  -4.576710774573563
9.57  -6.478026267349049  -4.441598658580038
9.58  -6.512700562557189  -4.304077281485446
9.59  -6.5453363086675385  -4.164247102382004
9.6  -6.575953291732641  -4.022210335492993
9.61  -6.60457196358434  -3.878070905040015
9.620000000000001  -6.63121308280881  -3.731934408173253
9.63  -6.655897317682103  -3.583908087767638
9.64  -6.678644805537589  -3.434100817249749
9.65  -6.699474661661245  -3.282623100076993
9.66  -6.71840442906701  -3.1295870870651776
9.67  -6.735449458279976  -2.9751066154924066
9.68  -6.750622203404124  -2.8192972748430183
9.69  -6.76393141707155  -2.662276505261505
9.700000000000001  -6.775381222090871  -2.504163736351727
9.71  -6.784970031357193  -2.3450805760063638
9.72  -6.792689279334989  -2.1851510616530745
9.73  -6.798521917447813  -2.024501989902332
9.74  -6.802440610969524  -1.8632633454131262
9.75  -6.804405555026326  -1.7015688563497862
9.76  -6.8043617999317165  -1.53955671279413
9.77  -6.802235938118402  -1.377370496948778
9.78  -6.797931951675024  -1.21516039148051
9.790000000000001  -6.791325943784287  -1.0530847572719078
9.8  -6.782259368181261  -0.8913122078208762
9.81  -6.770530210861512  -0.7300243602594779
9.82  -6.755881340148469  -0.5694195215883974
9.83  -6.737984880041473  -0.4097176881278212
9.84  -6.716420902796374  -0.25116742122641256
9.85  -6.6906478523283  -0.09405545546711584
9.86  -6.659960676313145  0.0612796282658046
9.870000000000001  -6.623430256791069  0.21442753792213734
9.88  -6.579813629454553  0.36487671966539004
9.89  -6.527417201610303  0.5119691938050791
9.9  -6.463881747380757  0.6548293461326311
9.91  -6.385832082715273  0.7922475364065088
9.92  -6.288281953661449  0.922481686337205
9.93  -6.163572553817459  1.0429019056603868
9.94  -5.999367223886706  1.1493156202771704
9.950000000000001  -5.774598065782075  1.2345938726111716
9.96  -5.450608983269935  1.2856393749762325
9.97  -4.950169534535777  1.2760854512236308
9.98  -4.105639420141411  1.1476786017853773
9.99  -2.561725827066445  0.771379808742353
10.0  -1.1178349891259663e-13  3.605249051237552e-14
