0.0  0.3314541189413588  -0.25213579400187075
0.01  0.3205839727367429  -0.2579693889387488
0.02  0.3095204204888048  -0.26375513327908273
0.03  0.2982701367603652  -0.269491953828416
0.04  0.2868399087680264  -0.27517878646713867
0.05  0.2752366322874923  -0.2808145763478701
0.06  0.26346730749339586  -0.28639827809112195
0.07  0.25153903473614314  -0.29192885597920537
0.08  0.23945901025832228  -0.2974052841483453
0.09  0.22723452185326076  -0.30282654677896736
0.1  0.2148729444683521  -0.3081916382841224
0.11  0.2023817357558013  -0.31349956349601094
0.12  0.18976843157347686  -0.31874933785057746
0.13  0.1770406414385804  -0.32393998757013615
0.14  0.16420604393687901  -0.3290705498439962
0.15  0.1512723820902689  -0.33414007300705356
0.16  0.1382474586854647  -0.3391476167163141
0.17  0.12513913156663362  -0.34409225212531797
0.18  0.11195530889481387  -0.34897306205643014
0.19  0.09870394437697666  -0.35378914117096777
0.2  0.08539303246761107  -0.3585395961371306
0.21  0.0720306035457266  -0.3632235457957046
0.22  0.05862471907018188  -0.36784012132350774
0.23  0.04518346671626372  -0.3723884663945478
0.24  0.03171495549644959  -0.3768677373388611
0.25  0.01822731086829854  -0.3812771032990052
0.26  0.004728669832418819  -0.3856157463841735
0.27  -0.00877282397652579  -0.3898828618219058
0.28  -0.022269025202813875  -0.3940776581073646
0.29  -0.03575179168370163  -0.3981993571501516
0.3  -0.04921298936153229  -0.40224719441863455
0.31  -0.06264449719095536  -0.4062204190817602
0.32  -0.07603821203829586  -0.41011829414832535
0.33  -0.08938605357011753  -0.41394009660368114
0.34  -0.10267996912803098  -0.4176851175438442
0.35000000000000003  -0.11591193858680554  -0.4213526623069913
0.36  -0.12907397919285385  -0.42494205060231177
0.37  -0.14215815038017104  -0.42845261663619383
0.38  -0.15515655856082158  -0.4318837092357228
0.39  -0.16806136188708537  -0.4352346919694663
0.4  -0.18086477498238906  -0.4385049432655258
0.41000000000000003  -0.19355907363816816  -0.44169385652683185
0.42  -0.20613659947382812  -0.4448008402436612
0.43  -0.2185897645569907  -0.44782531810335535
0.44  -0.23091105598124026  -0.45076672909722104
0.45  -0.24309304039860644  -0.45362452762459105
0.46  -0.2551283685040514  -0.4563981835940273
0.47000000000000003  -0.26700977946925264  -0.4590871825216474
0.48  -0.2787301053230096  -0.4616910256265562
0.49  -0.29028227527563066  -0.4642092299233636
0.5  -0.30165931998468964  -0.46664132831177424
0.51  -0.31285437575958125  -0.4689868696632289
0.52  -0.3238606887023369  -0.4712454189045844
0.53  -0.33467161878220403  -0.47341655709881497
0.54  -0.3452806438415289  -0.47549988152272094
0.55  -0.3556813635305288  -0.4774950057416291
0.56  -0.365867503168578  -0.4794015596810728
0.5700000000000001  -0.3758329175296771  -0.4812191896954362
0.58  -0.38557159454982587  -0.48294755863355276
0.59  -0.39507765895405783  -0.4845863459012424
0.6  -0.40434537580095226  -0.48613524752077836
0.61  -0.4133691539424845  -0.4875939761872725
0.62  -0.4221435493971252  -0.48896226132196663
0.63  -0.43066326863415616  -0.49023984912242236
0.64  -0.43892317176722007  -0.49142650260959875
0.65  -0.4469182756551774  -0.4925220016718094
0.66  -0.4546437569084005  -0.49352614310555065
0.67  -0.46209495479869017  -0.49443874065319404
0.68  -0.46926737407106  -0.49525962503753485
0.6900000000000001  -0.47615668765569236  -0.4959886439931913
0.7000000000000001  -0.4827587392784283  -0.4966256622948483
0.71  -0.48906954596821867  -0.4971705617823401
0.72  -0.49508530046002314  -0.49762324138256797
0.73  -0.5008023734917048  -0.4979836171282479
0.74  -0.5062173159935394  -0.49825162217348606
0.75  -0.5113268611690145  -0.4984272068061777
0.76  -0.5161279264656647  -0.49851033845722814
0.77  -0.5206176154347535  -0.4985010017065945
0.78  -0.5247932194786804  -0.4983991982861451
0.79  -0.5286522194850591  -0.49820494707933927
0.8  -0.5321922873464797  -0.4979182841177237
0.81  -0.5354112873650398  -0.49753926257424974
0.8200000000000001  -0.5383072775407953  -0.49706795275340965
0.8300000000000001  -0.5408785107433561  -0.4965044420781966
0.84  -0.5431234357659169  -0.49584883507388794
0.85  -0.5450406982610897  -0.49510125334865746
0.86  -0.5466291415579714  -0.49426183557101794
0.87  -0.5478878073599558  -0.49333073744409983
0.88  -0.5488159363228667  -0.4923081316767699
0.89  -0.5494129685130656  -0.49119420795159535
0.9  -0.5496785437452547  -0.4899891728896602
0.91  -0.5496125017997746  -0.48869325001223884
0.92  -0.5492148825192642  -0.4873066796993354
0.93  -0.548485925784623  -0.48582971914509543
0.9400000000000001  -0.5474260713702932  -0.48426264231009986
0.9500000000000001  -0.5460359586789468  -0.48260573987054733
0.96  -0.5443164263557386  -0.4808593191643375
0.97  -0.5422685117823574  -0.47902370413406264
0.98  -0.5398934504511803  -0.4770992352669202
0.99  -0.5371926752199105  -0.4750862695315554
1.0  -0.5341678154471429  -0.47298518031184794
1.01  -0.530820696009384  -0.47079635733765285
1.02  -0.5271533362001171  -0.4685202066125098
1.03  -0.5231679485115766  -0.46615715033833394
1.04  -0.518866937299967  -0.46370762683710137
1.05  -0.5142528973349323  -0.46117209046954577
1.06  -0.5093286122341488  -0.45855101155087863
1.07  -0.5040970527839896  -0.45584487626355114
1.08  -0.49856137514726906  -0.4530541865670725
1.09  -0.4927249189591525  -0.4501794601049014
1.1  -0.4865912053123782  -0.4472212301084289
1.11  -0.48016393463300655  -0.44418004529806954
1.12  -0.4734469844479795  -0.44105646978147967
1.1300000000000001  -0.466444407045836  -0.4378510829489211
1.1400000000000001  -0.4591604270319951  -0.4345644793657906
1.1500000000000001  -0.4515994387800807  -0.4311972686623343
1.16  -0.4437660037808278  -0.42775007542056775
1.17  -0.4356648478901669  -0.424223539058422
1.18  -0.42730085847814897  -0.420618313711139
1.19  -0.4186790814804296  -0.4169350681099365
1.2  -0.40980471835409094  -0.41317448545796487
1.21  -0.4006831229396406  -0.4093372633035804
1.22  -0.39131979823107677  -0.4054241134109576
1.23  -0.38172039305597116  -0.4014357616280644
1.24  -0.37189069866757124  -0.39737294775202475
1.25  -0.3618366452509776  -0.3932364253918946
1.26  -0.3515642983455063  -0.3890269618288747
1.27  -0.34107985518539097  -0.38474533787398874
1.28  -0.3303896409610357  -0.38039234772325065
1.29  -0.31950010500307213  -0.3759687988103497
1.3  -0.30841781689152425  -0.37147551165688053
1.31  -0.29714946249242646  -0.36691331972014435
1.32  -0.285701839924289  -0.3622830692385521
1.33  -0.2740818554568403  -0.3575856190746554
1.34  -0.2622965193445237  -0.3528218405558375
1.35  -0.2503529415972605  -0.3479926173126907
1.36  -0.23825832769103045  -0.3430988451151122
1.37  -0.22601997422086056  -0.3381414317061483
1.3800000000000001  -0.21364526449883972  -0.33312129663361806
1.3900000000000001  -0.20114166409981943  -0.3280393710795463
1.4000000000000001  -0.18851671635748465  -0.3228965976874397
1.41  -0.17577803781351498  -0.31769393038743576
1.42  -0.16293331362257676  -0.31243233421935934
1.43  -0.1499902929159266  -0.3071127851537177
1.44  -0.1369567841264133  -0.3017362699106689
1.45  -0.12384065027770619  -0.29630378577699445
1.46  -0.11064980424058785  -0.29081634042111437
1.47  -0.09739220395917628  -0.2852749517061746
1.48  -0.0840758476499528  -0.27968064750124433
1.49  -0.07070876897649475  -0.2740344654906569
1.5  -0.05729903220282284  -0.2683374529815313
1.51  -0.04385472732828852  -0.2625906667095065
1.52  -0.0303839652069329  -0.25679517264272855
1.53  -0.01689487265426809  -0.2509520457841254
1.54  -0.003395587544425094  -0.2450623699720041
1.55  0.010105746099366986  -0.2391272376790117
1.56  0.023600983018013166  -0.23314774980949146
1.57  0.03708198163053006  -0.2271250154952779
1.58  0.0505406089458032  -0.22106015188996403
1.59  0.06396874546916345  -0.21495428396168156
1.6  0.07735829010082104  -0.20880854428443038
1.61  0.09070116502320136  -0.2026240728279997
1.62  0.1039893205742351  -0.19640201674651359
1.6300000000000001  0.11721474010366373  -0.1901435301656474
1.6400000000000001  0.13036944480942486  -0.18384977396854935
1.6500000000000001  0.1434454985512113  -0.1775219155805086
1.6600000000000001  0.1564350126382848  -0.17116112875241116
1.67  0.16933015058866877  -0.1647685933430203
1.68  0.18212313285684287  -0.15834549510012524
1.69  0.1948062415270864  -0.1518930254405992
1.7  0.20737182496964487  -0.14541238122940192
1.71  0.21981230245690095  -0.13890476455757536
1.72  0.23212016873677563  -0.13237138251926764
1.73  0.24428799856059344  -0.1258134469878305
1.74  0.2563084511626825  -0.11923217439102884
1.75  0.2681742746890064  -0.11262878548540736
1.76  0.27987831057215634  -0.10600450512985188
1.77  0.29141349785006454  -0.0993605620583917
1.78  0.3027728774258324  -0.09269818865228202
1.79  0.3139495962661046  -0.08601862071141031
1.8  0.32493691153545523  -0.07932309722506942
1.81  0.33572819466429427  -0.07261286014213636
1.82  0.3463169353478345  -0.06588915414070534
1.83  0.35669674547371355  -0.05915322639721268
1.84  0.36686136297589694  -0.05240632635509834
1.85  0.3768046556125382  -0.04564970549304864
1.86  0.3865206246655164  -0.03888461709285845
1.87  0.3960034085594213  -0.03211231600696188
1.8800000000000001  0.4052472863977996  -0.025334058425669992
1.8900000000000001  0.4142466814145315  -0.018551101644160573
1.9000000000000001  0.4229961643382546  -0.011764703829264173
1.9100000000000001  0.43149045666780406  -0.004976123786085862
1.92  0.4397244338566966  0.0018133792754883582
1.93  0.44769312840473113  0.008602545974363385
1.94  0.455391732854848  0.015390116991834402
1.95  0.462815602693433  0.02217483330517958
1.96  0.4699602591523207  0.02895543642119433
1.97  0.4768213919108018  0.035730668609628674
1.98  0.48339486169601076  0.04249927313648319
1.99  0.489676702780119  0.04925999449711904
2.0  0.49566312537283086  0.056011578649142135
2.0100000000000002  0.5013505179077371  0.06275277324501391
2.02  0.5067354492211465  0.06948232786434805
2.0300000000000002  0.5118146706220852  0.07619899424585225
2.04  0.516585117852206  0.08290152651886482
2.05  0.5210439129344354  0.08958868143445242
2.06  0.5251883659092367  0.09625921859601985
2.07  0.529015976457443  0.10291190068938821
2.08  0.5325244354086827  0.10954549371230651
2.09  0.5357116261344849  0.11615876720334334
2.1  0.5385756258252273  0.12275049447012751
2.11  0.5411147066501528  0.129319452816883
2.12  0.5433273367997586  0.1358644237712296
2.13  0.5452121814099244  0.14238419331019359
2.14  0.5467681033672287  0.14887755208539866
2.15  0.5479941639949588  0.1553432956473851
2.16  0.54888962361941  0.16178022466902497
2.17  0.5494539420161241  0.16818714516798167
2.18  0.5496867787358037  0.17456286872818352
2.19  0.5495879933097029  0.18090621272026117
2.2  0.5491576453343704  0.18721600052091328
2.21  0.5483959944356958  0.19349106173115668
2.22  0.5473035001122794  0.1997302323934255
2.23  0.5458808214582195  0.20593235520746977
2.24  0.5441288167654856  0.21209627974502498
2.25  0.5420485430061177  0.21822086266320262
2.2600000000000002  0.5396412551945609  0.22430496791657023
2.27  0.536908405630526  0.23034746696787317
2.2800000000000002  0.5338516430228257  0.23634723899736862
2.29  0.5304728114947217  0.24230317111072472
2.3000000000000003  0.5267739494713768  0.24821415854545115
2.31  0.5227572884500884  0.25407910487581986
2.32  0.5184252516540419  0.2598969222162427
2.33  0.513780452570396  0.2656665314230603
2.34  0.5088256933735866  0.2713868622947126
2.35  0.5035639632347928  0.2770568537702514
2.36  0.49799843651859216  0.2826754541261533
2.37  0.4921324708678887  0.2882416211714055
2.38  0.48596960517827087  0.2937543224408203
2.39  0.4795135574630197  0.2992125353865468
2.4  0.47276822261006035  0.30461524756774166
2.41  0.46573767003220023  0.3099614568383686
2.42  0.4584261412120847  0.315250171533083
2.43  0.4508380471433371  0.3204804106511775
2.44  0.44297796566944014  0.3256512040385457
2.45  0.4348506387219544  0.3307615925676376
2.46  0.4264609694597441  0.33581062831536473
2.47  0.4178140193109365  0.340797374738933
2.48  0.40891500491939853  0.34572090684955864
2.49  0.39976929499757063  0.350580311384046
2.5  0.3903824070875641  0.35537468697418667
2.5100000000000002  0.38076000423246187  0.3601031443139555
2.52  0.37090789155985043  0.3647648063244654
2.5300000000000002  0.3608320127796218  0.36935880831665796
2.54  0.35053844659818045  0.37388429815169266
2.5500000000000003  0.3400334030511983  0.3783404363990116
2.56  0.32932321975714735  0.3827263964920424
2.57  0.3184143580938582  0.3870413648815201
2.58  0.3073133993004148  0.3912845411863904
2.59  0.2960270405067439  0.39545513834227175
2.6  0.28456209069327826  0.39955238274744925
2.61  0.27292546658315114  0.4035755144063672
2.62  0.2611241884693847  0.40752378707060216
2.63  0.2491653759795972  0.41139646837728283
2.64  0.23705624378077989  0.41519283998493706
2.65  0.22480409722674455  0.4189121977067346
2.66  0.21241632795084836  0.42255385164110887
2.67  0.19990040940668086  0.42611712629972376
2.68  0.1872638923593752  0.42960136073277166
2.69  0.17451440033029217  0.4330059086515712
2.7  0.16165962499779676  0.4363301385484484
2.71  0.14870732155692823  0.4395734338138731
2.72  0.13566530404074315  0.44273519285083485
2.73  0.12254144060616537  0.445814829186432
2.74  0.10934364878718236  0.44881177158065677
2.75  0.0960798907182534  0.4517254641323533
2.7600000000000002  0.08275816833080815  0.45455536638233307
2.77  0.06938651852574279  0.45730095341362254
2.7800000000000002  0.05597300832480756  0.4599617159488311
2.79  0.04252573000383744  0.46253716044461557
2.8000000000000003  0.029052796210731507  0.46502680918322836
2.81  0.015562335071157563  0.46743020036112837
2.82  0.002062485284904658  0.4697468881746404
2.83  -0.011438608784134052  0.4719764429026482
2.84  -0.024932802021395417  0.47411845098630157
2.85  -0.038411953475542826  0.47617251510572894
2.86  -0.05186793126983888  0.47813825425373424
2.87  -0.0652926175080519  0.48001530380647117
2.88  -0.07867791317192466  0.48180331559107603
2.89  -0.09201574300725487  0.48350195795025086
2.9  -0.10529806039563824  0.48511091580378196
2.91  -0.11851685220893912  0.48662989070698387
2.92  -0.13166414364354875  0.4880586009060581
2.93  -0.1447320030315348  0.48939678139035525
2.94  -0.15771254662575307  0.4906441839415314
2.95  -0.17059794335606399  0.4918005771795906
2.96  -0.18338041955375425  0.49286574660580273
2.97  -0.19605226364134334  0.49383949464249155
2.98  -0.20860583078491812  0.4947216406696826
2.99  -0.22103354750621004  0.49551202105860637
3.0  -0.23332791625161992  0.49621048920205024
3.0100000000000002  -0.24548151991543954  0.4968169155415517
3.02  -0.2574870263145381  0.49733118759143113
3.0300000000000002  -0.26933719261181904  0.4977532099596559
3.04  -0.2810248696857675  0.4980829043655346
3.0500000000000003  -0.2925430064434712  0.49832020965423784
3.06  -0.30388465407448806  0.4984650818081413
3.0700000000000003  -0.31504297024302097  0.49851749395499095
3.08  -0.32601122321584564  0.4984774363728872
3.09  -0.33678279592351956  0.49834491649208823
3.1  -0.3473511899524147  0.49811995889363214
3.11  -0.3577100294651602  0.4978026053047771
3.12  -0.367853065047145  0.4973929145912613
3.13  -0.3777741774767422  0.49689096274638433
3.14  -0.38746738141699305  0.496296842876911
3.15  -0.3969268290265186  0.49561066518580094
3.16  -0.4061468134874809  0.4948325569517673
3.17  -0.41512177244846554  0.4939626625056679
3.18  -0.42384629138021046  0.4930011432037331
3.19  -0.43231510684214985  0.4919481773976363
3.2  -0.440523109657815  0.4908039604014112
3.21  -0.44846534799715976  0.4895687044552238
3.22  -0.456137030363969  0.488242638686003
3.23  -0.46353352848653023  0.486826009064941
3.24  -0.4706503801098407  0.4853190783618675
3.25  -0.47748329168765236  0.4837221260965095
3.2600000000000002  -0.484028140972738  0.48203544848664226
3.27  -0.49028097950381366  0.480259358393145
3.2800000000000002  -0.4962380349876199  0.47839418526196814
3.29  -0.501895713574716  0.4764402750630242
3.3000000000000003  -0.507250602027626  0.47439799022601487
3.31  -0.5122994697800203  0.4722677095732034
3.3200000000000003  -0.5170392708856937  0.47004982824914704
3.33  -0.5214671458561628  0.4677447576474027
3.34  -0.5255804233857755  0.46535292533421685
3.35  -0.5293766219632906  0.462874774969217
3.36  -0.532853451368956  0.4603107662231175
3.37  -0.5360088140561823  0.4576613746924557
3.38  -0.5388408064169774  0.45492709181137286
3.39  -0.5413477199303807  0.45210842476045937
3.4  -0.5435280421931997  0.4492058963726781
3.41  -0.545380457832435  0.44622004503638324
3.42  -0.5469038492988328  0.4431514245954563
3.43  -0.5480972975410963  0.44000060424657295
3.44  -0.5489600825603417  0.4367681684336241
3.45  -0.5494916838444694  0.43345471673930613
3.46  -0.5496917806821846  0.4300608637739066
3.47  -0.5495602523564804  0.4265872390612987
3.48  -0.5490971782174654  0.42303448692217244
3.49  -0.5483028376344923  0.4194032663545196
3.5  -0.5471777098276167  0.41569425091139667
3.5100000000000002  -0.5457224735784866  0.4119081285759871
3.52  -0.5439380068208385  0.40804560163398923
3.5300000000000002  -0.5418253861108462  0.40410738654334777
3.54  -0.5393858859776417  0.4000942138013606
3.5500000000000003  -0.5366209781544015  0.396006827809177
3.56  -0.5335323306904594  0.39184598673372123
3.5700000000000003  -0.530121806944985  0.3876124623670585
3.58  -0.5263914644628322  0.3833070399832375
3.59  -0.5223435537332366  0.37893051819262963
3.6  -0.5179805168321107  0.3744837087937944
3.61  -0.5133049859487583  0.3699674366229012
3.62  -0.5083197817978922  0.36538253940072873
3.63  -0.5030279119179172  0.360729867577279
3.64  -0.49743256885650344  0.35601028417402525
3.65  -0.49153712824454515  0.3512246646238334
3.66  -0.4853451467596661  0.34637389660857554
3.67  -0.47886035998050147  0.341458879894477
3.68  -0.4720866801330495  0.33648052616521745
3.69  -0.46502819373045307  0.3314397588528245
3.7  -0.45768915910763563  0.3263375129663849
3.71  -0.45007400385227747  0.32117473491861276
3.72  -0.4421873221336836  0.31595238235029727
3.73  -0.4340338719311539  0.31067142395267355
3.74  -0.4256185721635276  0.30533283928773713
3.75  -0.4169464997216355  0.29993761860654905
3.7600000000000002  -0.4080228864054439  0.2944867626655518
3.77  -0.39885311576775384  0.28898128254094146
3.7800000000000002  -0.3894427198663326  0.28342219944112335
3.79  -0.379797375926472  0.2778105445172882
3.8000000000000003  -0.3699229029159487  0.27214735867214424
3.81  -0.35982525803449245  0.26643369236684233
3.8200000000000003  -0.3495105331198394  0.2606706054261241
3.83  -0.3389849509725769  0.2548591668417384
3.84  -0.3282548616019693  0.2490004545741522
3.85  -0.31732673839504183  0.24309555535260116
3.86  -0.3062071742112326  0.23714556447351384
3.87  -0.2949028774049673  0.23115158559734464
3.88  -0.2834206677785559  0.225114730543857
3.89  -0.27176747246785443  0.21903611908589118
3.9  -0.25995032176317406  0.2129168787416611
3.91  -0.24797634486795173  0.20675814456560795
3.92  -0.23585276559776208  0.20056105893786355
3.93  -0.22358689802222756  0.1943267713523469
3.94  -0.21118614205250597  0.18805643820354914
3.95  -0.1986579789769619  0.1817512225720306
3.96  -0.18600996694777328  0.17541229400868527
3.97  -0.17324973642113747  0.1690408283177992
3.98  -0.16038498555388142  0.1626380073389524
3.99  -0.14742347555921342  0.1562050187277984
4.0  -0.1343730260244389  0.14974305573576935
4.01  -0.12124151019345888  0.14325331698873783
4.0200000000000005  -0.10803685021689646  0.13673700626468502
4.03  -0.09476701237272439  0.13019533227041585
4.04  -0.08144000226025602  0.12362950841735129
4.05  -0.06806385997043474  0.11704075259645644
4.0600000000000005  -0.05464665523529419  0.11043028695233498
4.07  -0.041196482559556685  0.10379933765653321
4.08  -0.02772145633726586  0.09714913468009873
4.09  -0.014229705956436356  0.09048091156543267
4.1  -0.000729370894646364  0.08379590519748187
4.11  0.012771404191446623  0.0770953555743085
4.12  0.026264474379718628  0.07038050557708703
4.13  0.03974169939636202  0.06365260073955759
4.14  0.05319494852684509  0.05691288901699565
4.15  0.06661610552112077  0.05016262055473014
4.16  0.07999707349009672  0.04340304745625323
4.17  0.09332977979044119  0.03663542355096913
4.18  0.10660618089474203  0.029861004161620935
4.19  0.11981826724411448  0.02308104587144172
4.2  0.1329580680803105  0.016296806291074856
4.21  0.1460176562544209  0.009509543825295091
4.22  0.15898915300926741  0.0027205174395913967
4.23  0.17186473273260552  -0.004069013573359537
4.24  0.18463662767825192  -0.010857789827275394
4.25  0.19729713265232002  -0.01764455207587695
4.26  0.20983860966170334  -0.024428041446459187
4.2700000000000005  0.22225349252202845  -0.03120699967340343
4.28  0.23453429142227106  -0.0379801693315687
4.29  0.2466735974433144  -0.044746294069532566
4.3  0.25866408702769694  -0.05150411884263176
4.3100000000000005  0.27049852639785865  -0.05825239014575906
4.32  0.2821697759202286  -0.06498985624587261
4.33  0.29367079441251853  -0.07171526741418402
4.34  0.30499464339161836  -0.07842737615796713
4.3500000000000005  0.3161344912595303  -0.08512493745195401
4.36  0.3270836174248232  -0.09180670896927501
4.37  0.3378354163571252  -0.09847145131189858
4.38  0.34838340157218506  -0.10511792824052343
4.39  0.3587212095451255  -0.11174490690389097
4.4  0.36884260354951626  -0.11835115806746527
4.41  0.3787414774199389  -0.12493545634143993
4.42  0.3884118592358002  -0.13149658040804044
4.43  0.397847914924149  -0.13803331324806234
4.44  0.4070439517793278  -0.14454444236661543
4.45  0.4159944218973425  -0.15102876001802912
4.46  0.42469392552287577  -0.1574850634298781
4.47  0.43313721430692165  -0.16391215502608095
4.48  0.4413191944730744  -0.17030884264904156
4.49  0.4492349298905676  -0.1766739397807766
4.5  0.4568796450522123  -0.18300626576300785
4.51  0.4642487279554202  -0.1893046460161582
4.5200000000000005  0.4713377328845968  -0.19556791225722547
4.53  0.4781423830932058  -0.2017949027164835
4.54  0.48465857338390583  -0.20798446235298318
4.55  0.49088237258518186  -0.2141354430687955
4.5600000000000005  0.4968100259229955  -0.22024670392197554
4.57  0.5024379572860133  -0.22631711133819193
4.58  0.5077627713830491  -0.23234553932099444
4.59  0.5127812557914193  -0.2383308696606749
4.6000000000000005  0.5174903828949763  -0.2442719921416831
4.61  0.521887311710644  -0.2501678047485575
4.62  0.5259693896023668  -0.2560172138703416
4.63  0.5297341538814246  -0.2618191345034349
4.64  0.5331793332921555  -0.26757249045284887
4.65  0.5363028493821881  -0.2732762145318322
4.66  0.5391028177563568  -0.2789292487598201
4.67  0.5415775492135455  -0.28453054455867977
4.68  0.5437255507657694  -0.2900790629472111
4.69  0.5455455265388847  -0.29557377473386637
4.7  0.547036378554379  -0.3010136607076522
4.71  0.5481972073917766  -0.30639771182718634
4.72  0.5490273127312499  -0.3117249294078617
4.73  0.5495261937761191  -0.3169943253070917
4.74  0.549693549554978  -0.32220492210760093
4.75  0.5495292791032689  -0.3273557532987266
4.76  0.5490334815241936  -0.33244586345569377
4.7700000000000005  0.5482064559289248  -0.33747430841683956
4.78  0.5470487012561547  -0.34244015545874124
4.79  0.5455609159710889  -0.3473424834692307
4.8  0.5437439976440671  -0.3521803831182486
4.8100000000000005  0.541599042409065  -0.35695295702651675
4.82  0.5391273443024052  -0.3616593199319897
4.83  0.5363303944820739  -0.3662985988540656
4.84  0.5332098803281149  -0.37086993325551265
4.8500000000000005  0.5297676844246464  -0.37537247520208894
4.86  0.5260058834241117  -0.3798053895198269
4.87  0.5219267467944473  -0.3841678539499482
4.88  0.517532735449931  -0.3884590593013848
4.89  0.5128265002665293  -0.3926782096008751
4.9  0.507810880482641  -0.3968245222406087
4.91  0.5024889019862084  -0.4008972281233901
4.92  0.4968637754892165  -0.4048955718053014
4.93  0.490938894590696  -0.408818811635827
4.94  0.48471783372938604  -0.4126662198954219
4.95  0.4782043460273053  -0.41643708293049675
4.96  0.47140236102551575  -0.42013070128579233
4.97  0.46431598231345883  -0.4237463898341223
4.98  0.4569494850532908  -0.4272834779034563
4.99  0.44930731340070806  -0.43074130940132116
5.0  0.44139407782381695  -0.43411924293650195
5.01  0.4332145523216711  -0.4374166519380114
5.0200000000000005  0.42477367154415363  -0.4406329247713122
5.03  0.4160765278149387  -0.44376746485176943
5.04  0.40712836805932306  -0.4468196907553107
5.05  0.39793459063879927  -0.44978903632627326
5.0600000000000005  0.3885007420942585  -0.45267495078242137
5.07  0.37883251379980604  -0.4554768988171086
5.08  0.3689357385291882  -0.4581943606985738
5.09  0.3588163869369285  -0.46082683236634414
5.1000000000000005  0.34848056395627025  -0.4633738255247344
5.11  0.33793450511611434  -0.4658348677334184
5.12  0.3271845727791688  -0.46820950249506466
5.13  0.316237252303581  -0.4704972893400096
5.14  0.30509914813036404  -0.47269780390796085
5.15  0.29377697979898776  -0.4748106380267119
5.16  0.2822775778935287  -0.47683539978785244
5.17  0.2706078799218232  -0.478771713619465
5.18  0.25877492613011854  -0.4806192203557885
5.19  0.24678585525574476  -0.48237757730383984
5.2  0.23464790022036672  -0.48404645830697957
5.21  0.2223683837664051  -0.4856255538054113
5.22  0.20995471403928678  -0.4871145708936011
5.23  0.19741438011815765  -0.4885132333746086
5.24  0.1847549474977796  -0.4898212818113187
5.25  0.17198405352431212  -0.49103847357456387
5.26  0.1591094027877651  -0.49216458288813025
5.2700000000000005  0.146138762473865  -0.4931994008706361
5.28  0.13307995767817726  -0.494142735574277
5.29  0.11994086668527168  -0.49499441202043054
5.3  0.10672941621581489  -0.4957542722321128
5.3100000000000005  0.09345357664443019  -0.4964221752632816
5.32  0.08012135719123634  -0.4969979972249798
5.33  0.06674080108993322  -0.4974816313083166
5.34  0.05331998073537661  -0.49787298780427836
5.3500000000000005  0.03986699281356362  -0.49817199412036917
5.36  0.02638995341695874  -0.4983785947940762
5.37  0.012896993148109659  -0.4984927515031568
5.38  -0.0006037477854887174  -0.4985144430727474
5.39  -0.014104124482318237  -0.498443665479291
5.4  -0.02759599226060344  -0.49828043185128346
5.41  -0.04107121157193902  -0.4980247724668384
5.42  -0.054521652911822205  -0.49767673474807106
5.43  -0.0679392017241241  -0.4972363832523017
5.44  -0.08131576329654883  -0.4967037996600809
5.45  -0.09464326764410683  -0.4960790827600391
5.46  -0.10791367437768912  -0.4953623484305619
5.47  -0.12111897755477136  -0.4945537296182962
5.48  -0.1342512105093484  -0.4936533763134894
5.49  -0.1473024506581576  -0.4926614555221689
5.5  -0.16026482428032626  -0.4915781512351629
5.51  -0.17313051126753035  -0.49040366439397304
5.5200000000000005  -0.18589174984180704  -0.48913821285350134
5.53  -0.19854084123818044  -0.487782031341641
5.54  -0.21107015434927576  -0.486335371415736
5.55  -0.22347213032911242  -0.4847985014159208
5.5600000000000005  -0.2357392871532986  -0.4831717064153449
5.57  -0.2478642241328828  -0.48145528816729655
5.58  -0.25983962637914537  -0.47964956504922884
5.59  -0.27165826921660996  -0.47775487200370503
5.6000000000000005  -0.28331302254164464  -0.47577156047627
5.61  -0.29479685512399767  -0.4736999983502614
5.62  -0.3061028388486977  -0.4715405698785701
5.63  -0.31722415289572714  -0.46929367561236623
5.64  -0.32815408785498185  -0.4669597323268007
5.65  -0.33888604977400616  -0.4645391729436975
5.66  -0.34941356413607816  -0.462032446451253
5.67  -0.35973027976624217  -0.45944001782075095
5.68  -0.3698299726629283  -0.45676236792031666
5.69  -0.379706549752845  -0.45399999342572056
5.7  -0.38935405256688715  -0.45115340672825127
5.71  -0.398766660834844  -0.4482231358396703
5.72  -0.40793869599672045  -0.44520972429427325
5.73  -0.416864624628576  -0.44211373104806884
5.74  -0.42553906178079665  -0.4389357303750994
5.75  -0.4339567742268029  -0.4356763117609186
5.76  -0.4421126836202124  -0.4323360797932477
5.7700000000000005  -0.4500018695585732  -0.4289156540498312
5.78  -0.45761957255180763  -0.425415668983513
5.79  -0.4649611968935782  -0.42183677380455
5.8  -0.4720223134338451  -0.4181796323601912
5.8100000000000005  -0.47879866225094303  -0.41444492301154195
5.82  -0.4852861552215569  -0.4106333385077345
5.83  -0.49148087848706284  -0.40674558585742937
5.84  -0.49737909481472853  -0.40278238619767487
5.8500000000000005  -0.5029772458523617  -0.39874447466014107
5.86  -0.5082719542750347  -0.3946326002347641
5.87  -0.5132600258226047  -0.3904475256308129
5.88  -0.5179384512267875  -0.3861900271354167
5.89  -0.5223044080266259  -0.3818608944695716
5.9  -0.5263552622712625  -0.377460930641655
5.91  -0.5300885701089817  -0.37299095179847824
5.92  -0.5335020792615707  -0.368451787073897
5.93  -0.5365937303831004  -0.3638442784350172
5.94  -0.5393616583023162  -0.3591692805260187
5.95  -0.5418041931478813  -0.3544276605096296
5.96  -0.543919861355799  -0.3496202979062728
5.97  -0.5457073865584029  -0.3447480844309292
5.98  -0.5471656903543816  -0.33981192382772923
5.99  -0.5482938929593689  -0.3348127317023201
6.0  -0.549091313736713  -0.3297514353520328
6.01  -0.5495574716080988  -0.32462897359387355
6.0200000000000005  -0.5496920853437794  -0.319446296590386
6.03  -0.5494950737322407  -0.31420436567340737
6.04  -0.548966555629194  -0.3089041531657481
6.05  -0.5481068498858729  -0.3035466422008387
6.0600000000000005  -0.5469164751566717  -0.2981328265403675
6.07  -0.5453961495862456  -0.29266371038995104
6.08  -0.543546790376258  -0.2871403082128607
6.09  -0.54136951323204  -0.2815636445418528
6.1000000000000005  -0.5388656316894932  -0.2759347537891276
6.11  -0.5360366563226433  -0.2702546800544594
6.12  -0.5328842938323198  -0.26452447693152287
6.13  -0.5294104460165172  -0.2587452073124653
6.140000000000001  -0.5256172086230527  -0.25291794319075
6.15  -0.5215068700852172  -0.24704376546231566
6.16  -0.5170819101411789  -0.24112376372507657
6.17  -0.5123449983379754  -0.2351590360768196
6.18  -0.5072989924209935  -0.2291506889115132
6.19  -0.5019469366099137  -0.2230998367140856
6.2  -0.4962920597621533  -0.21700760185370183
6.21  -0.49033777342491874  -0.2108751143755712
6.22  -0.48408766977704293  -0.20470351179133944
6.23  -0.47754551946185075  -0.1984939388680903
6.24  -0.4707152693123574  -0.19224754741600683
6.25  -0.46360103997016766  -0.1859654960747176
6.26  -0.4562071233995264  -0.179648950098385
6.2700000000000005  -0.4485379802980044  -0.1732990811395609
6.28  -0.44059823740539417  -0.16691706703186082
6.29  -0.4323926847124247  -0.16050409157148351
6.3  -0.4239262725710001  -0.1540613442976321
6.3100000000000005  -0.4152041087076837  -0.14759002027186627
6.32  -0.4062314551422442  -0.14109131985643328
6.33  -0.3970137250131157  -0.13456644849160945
6.34  -0.3875564793116905  -0.12801661647210524
6.3500000000000005  -0.377865423527409  -0.12144303872257187
6.36  -0.3679464042056848  -0.1148469345722399
6.37  -0.3578054054207187  -0.10822952752874918
6.38  -0.34744854516535306  -0.10159204505120403
6.390000000000001  -0.3368820716601255  -0.09493571832248598
6.4  -0.3261123595837694  -0.08826178202088977
6.41  -0.31514590622740835  -0.08157147409109713
6.42  -0.3039893275747869  -0.07486603551455492
6.43  -0.2926493543108987  -0.06814671007928497
6.44  -0.2811328277614075  -0.061414744149173944
6.45  -0.2694466957653288  -0.05467138643278929
6.46  -0.2575980084834396  -0.047917887751751986
6.47  -0.2455939141449754  -0.04115550080872557
6.48  -0.233441654735145  -0.03438547995505145
6.49  -0.22114856162610247  -0.0276090809580834
6.5  -0.20872205115397297  -0.020827560768250986
6.51  -0.19616962014463477  -0.014042177285911561
6.5200000000000005  -0.1834988413909312  -0.007254189128021615
6.53  -0.17071735908407193  -0.0004648553946802192
6.54  -0.1578328842019288  0.006324564564427176
6.55  -0.14485318985706702  0.013112811383617667
6.5600000000000005  -0.13178610660728554  0.019898625914815893
6.57  -0.11863951773148423  0.026680749461110348
6.58  -0.10542135447375231  0.0334579240102256
6.59  -0.0921395912584917  0.04022889246787548
6.6000000000000005  -0.0788022408795088  0.0469923988909382
6.61  -0.06541734966595664  0.053747188720418115
6.62  -0.05199299262803758  0.06049200901415805
6.63  -0.03853726858540263  0.06722560867924357
6.640000000000001  -0.025058295281194964  0.07394673870406923
6.65  -0.011564204484676655  0.0806541523900135
6.66  0.0019368629146137573  0.08734660558269342
6.67  0.015436761818206968  0.09402285690273865
6.68  0.028927347832578387  0.10068166797605496
6.69  0.04240048218260012  0.10732180366353075
6.7  0.055848036621609726  0.11394203229013836
6.71  0.06926189833512819  0.12054112587340238
6.72  0.08263397483525925  0.12711786035117467
6.73  0.0959561988428248  0.1336710158086823
6.74  0.10922053315431046  0.14019937670481414
6.75  0.12241897549063838  0.1467017320975883
6.76  0.1355435633248991  0.15317687586876647
6.7700000000000005  0.14858637868608177  0.15962360694758204
6.78  0.1615395529359265  0.1660407295335194
6.79  0.17439527151602194  0.17242705331812808
6.8  0.18714577866227655  0.1787813937058091
6.8100000000000005  0.19978338208391272  0.1851025720335464
6.82  0.21230045760416777  0.1913894157895335
6.83  0.22468945375990948  0.19764075883066662
6.84  0.23694289635738386  0.20385544159884877
6.8500000000000005  0.24905339298133994  0.21003231133607714
6.86  0.2610136374548162  0.21617022229826421
6.87  0.2728164142469178  0.2222680359677663
6.88  0.28445460282588164  0.22832462126456293
6.890000000000001  0.2959211819548558  0.23433885475606214
6.9  0.30720923392774957  0.24030962086548205
6.91  0.3183119487426493  0.2462358120787834
6.92  0.3292226282102311  0.2521163291500984
6.93  0.33993468999474324  0.257950081305631
6.94  0.3504416715850769  0.2637359864459807
6.95  0.36073723419355097  0.26947297134686576
6.96  0.37081516658006086  0.2751599718581893
6.97  0.38066938879927864  0.28079593310143275
6.98  0.39029395586863785  0.2863798096653227
6.99  0.3996830613548969  0.29191056579974134
7.0  0.40883104087712197  0.29738717560785155
7.01  0.4177323755239707  0.302808623236387
7.0200000000000005  0.42638169518320906  0.30817390306408377
7.03  0.4347737817814594  0.31348201988820934
7.04  0.44290357243223505  0.3187319891091669
7.05  0.4507661624903343  0.32392283691312485
7.0600000000000005  0.4583568085107883  0.32905360045265053
7.07  0.46567093111053764  0.33412332802530587
7.08  0.47270411773115156  0.3391310792501817
7.09  0.47945212530088416  0.3440759252423261
7.1000000000000005  0.485910882794498  0.3489569487850438
7.11  0.4920764936892768  0.35377324450002784
7.12  0.49794523831577786  0.3585239190153016
7.13  0.5035135761018747  0.3632080911309277
7.140000000000001  0.5087781477087665  0.3678248919824595
7.15  0.5137357770576365  0.37237346520211057
7.16  0.5183834732457644  0.3768529670775971
7.17  0.5227184323509109  0.3812625667086417
7.18  0.5267380391229087  0.3856014461610947
7.19  0.530439868561423  0.3898688006186523
7.2  0.5338216873789345  0.3940638385321408
7.21  0.5368814553480707  0.39818578176634256
7.22  0.5396173265324561  0.40223386574433057
7.23  0.5420276504003562  0.4062073395892901
7.24  0.5441109728204285  0.4101054662637963
7.25  0.5458660369389927  0.41392752270653016
7.26  0.5472917839382787  0.4176727999663964
7.2700000000000005  0.5483873536752062  0.4213406033340278
7.28  0.5491520852003016  0.4249302524706441
7.29  0.5495855171564445  0.42844108153425087
7.3  0.5496873880572015  0.4318724393031439
7.3100000000000005  0.5494576364445787  0.4352236892967054
7.32  0.5488964009260988  0.43849420989346216
7.33  0.5480040200911808  0.44168339444639304
7.34  0.5467810323068705  0.44479065139545204
7.3500000000000005  0.5452281753930484  0.4478154043772997
7.36  0.5433463861773077  0.45075709233221073
7.37  0.5411367999297726  0.4536151696081437
7.38  0.5386007496781978  0.45638910606195615
7.390000000000001  0.5357397654037636  0.4590783871577392
7.4  0.5325555731180477  0.4616825140622575
7.41  0.5290500938217346  0.4642010037374799
7.42  0.5252254423456899  0.46663338903017604
7.43  0.5210839260750988  0.46897921875856907
7.44  0.5166280435574341  0.47123805779602523
7.45  0.5118604829951043  0.4734094871517641
7.46  0.5067841206236754  0.4754931040485787
7.47  0.5014020189766634  0.47748852199754543
7.48  0.49571742503792365  0.479395370869714
7.49  0.489733768282775  0.48121329696476123
7.5  0.4834546586090158  0.4829419630766009
7.51  0.47688388415910027  0.4845810485559305
7.5200000000000005  0.4700254090347812  0.4861302493697079
7.53  0.4628833709055933  0.4875892781575477
7.54  0.45546207851262477  0.4889578642850223
7.55  0.4477660090690856  0.4902357538938624
7.5600000000000005  0.43979980555923937  0.4914227099490451
7.57  0.4315682739373214  0.4925185122827602
7.58  0.42307638022813787  0.4935229576352508
7.59  0.41432924753110084  0.4944358596925146
7.6000000000000005  0.40533215292950064  0.49525704912086366
7.61  0.3960905243068772  0.4959863735983337
7.62  0.3866099370724128  0.49662369784293847
7.63  0.3768961107973317  0.49716890363776317
7.640000000000001  0.3669549057643201  0.49762188985289224
7.65  0.3567923194320636  0.4979825724641678
7.66  0.34641448281701986  0.49825088456877586
7.67  0.33582765679461685  0.4984267763976551
7.68  0.3250382283221136  0.4985102153247296
7.69  0.3140527065853976  0.49850118587295955
7.7  0.30287771907203564  0.49839968971721305
7.71  0.29152000757295443  0.49820574568395476
7.72  0.2799864241151688  0.497919389747754
7.73  0.26828392682800545  0.49754067502461213
7.74  0.25641957574531005  0.49706967176210953
7.75  0.24440052854617467  0.496506467326376
7.76  0.23223403623676442  0.49585116618588476
7.7700000000000005  0.21992743877584167  0.49510388989207504
7.78  0.20748816064660902  0.4942647770568053
7.79  0.1949237063775845  0.4933339833266425
7.8  0.18224165601516104  0.4923116813539909
7.8100000000000005  0.16944966055062258  0.49119806076506695
7.82  0.15655543730435928  0.4899933281247264
7.83  0.14356676527005918  0.4886977068981474
7.84  0.13049148042169226  0.48731143740938093
7.8500000000000005  0.11733747098612662  0.485834776796773
7.86  0.10411267268422086  0.48426799896526856
7.87  0.09082506394325582  0.4826113945356043
7.88  0.07748266108360236  0.4808652707904021
7.890000000000001  0.06409351348253542  0.4790299516171709
7.9  0.050665698718105806  0.4771057774482301
7.91  0.037207317695990394  0.4750931051975616
7.92  0.02372648976226932  0.47299230819460625
7.930000000000001  0.010231347805085667  0.4708037761150166
7.94  -0.003269966651862355  0.4685279149083739
7.95  -0.016769308361059165  0.4661651467228911
7.96  -0.03025853326512601  0.46371590982710686
7.97  -0.043729503410086856  0.4611806585285924
7.98  -0.0571740918549328  0.45855986308968166
7.99  -0.07058418757454427  0.455854009640244
8.0  -0.08395170035301869  0.4530636000875102
8.01  -0.09726856566444461  0.4501891520229754
8.02  -0.11052674953816932  0.4472311986263907
8.03  -0.12371825340563053  0.4441902885668645
8.040000000000001  -0.1368351189258517  0.4410669859010887
8.05  -0.14986943278663015  0.43786186996871596
8.06  -0.1628133314786066  0.4345755352848931
8.07  -0.1756590060392499  0.4312085914299883
8.08  -0.18839870676395454  0.42776166293651924
8.09  -0.2010247478813751  0.42423538917330883
8.1  -0.21352951219020896  0.4206304242268906
8.11  -0.22590545565459402  0.41694743678018004
8.120000000000001  -0.23814511195536936  0.41318710998844227
8.13  -0.2502410969944573  0.409350141352575
8.14  -0.2621861133496348  0.40543724258972696
8.15  -0.2739729546770213  0.40144913950128497
8.16  -0.2855945100586118  0.3973865718382425
8.17  -0.2970437682922383  0.3932502931639853
8.18  -0.30831382212138847  0.3890410707145132
8.19  -0.3193978724022999  0.3847596852561258
8.2  -0.3302892322058302  0.38040693094059846
8.21  -0.3409813308516456  0.3759836151578744
8.22  -0.3514677178722547  0.37149055838630723
8.23  -0.3617420669045347  0.36692859404046374
8.24  -0.37179817950638455  0.362298568316539
8.25  -0.38162998889619787  0.35760134003539473
8.26  -0.3912315636129055  0.3528377804832571
8.27  -0.40059711109439244  0.34800877325010166
8.28  -0.4097209811721051  0.34311521406575946
8.290000000000001  -0.4185976694797557  0.33815801063376394
8.3  -0.42722182077407134  0.3331380824629867
8.31  -0.43558823216557196  0.32805636069707395
8.32  -0.44369185625744034  0.322913787941731
8.33  -0.45152780419057853  0.31771131808988073
8.34  -0.4590913485930181  0.31244991614472295
8.35  -0.466377926431918  0.30713055804073874
8.36  -0.4733831417664055  0.30175423046266425
8.370000000000001  -0.48010276839961474  0.29632193066247026
8.38  -0.4865327524283237  0.2908346662743874
8.39  -0.4926692146886479  0.2852934551279926
8.4  -0.4985084530963057  0.2796993250594181
8.41  -0.5040469448800667  0.2740533137206968
8.42  -0.5092813487070111  0.26835646838728966
8.43  -0.5142085066983305  0.2626098457638263
8.44  -0.5188254463344585  0.256814511788098
8.45  -0.523129382248368  0.25097154143333644
8.46  -0.5271177179059621  0.24508201850882003
8.47  -0.5307880471725476  0.23914703545883698
8.48  -0.5341381557644369  0.2331676931600471
8.49  -0.5371660225848118  0.22714510071728305
8.5  -0.5398698209430356  0.2210803752578214
8.51  -0.5422479196566812  0.21497464172417083
8.52  -0.544298884035615  0.2088290326654019
8.53  -0.5460214767475337  0.20264468802707494
8.540000000000001  -0.5474146585644372  0.19642275493979017
8.55  -0.548477588989589  0.19016438750640954
8.56  -0.5492096267645818  0.18387074658798142
8.57  -0.5496103302562034  0.17754299958841152
8.58  -0.5496794577228715  0.1711823202379239
8.59  -0.5494169674604744  0.16478988837534603
8.6  -0.5488230178275307  0.15836688972926083
8.61  -0.5478979671496533  0.15191451569806666
8.620000000000001  -0.5466423735033729  0.14543396312898393
8.63  -0.5450569943794565  0.13892643409605915
8.64  -0.5431427862259158  0.1323931356771828
8.65  -0.5409009038709917  0.12583527973019595
8.66  -0.538332699826452  0.1192540826681017
8.67  -0.5354397234716322  0.11265076523343351
8.68  -0.5322237201187063  0.10602655227181942
8.69  -0.5286866299597507  0.0993826725047895
8.700000000000001  -0.5248305868962398  0.09272035830185493
8.71  -0.5206579172516832  0.08604084545192373
8.72  -0.5161711383681636  0.07934537293406846
8.73  -0.5113729570876469  0.07263518268771144
8.74  -0.5062662681189642  0.065911519382261
8.75  -0.5008541522914509  0.05917563018623287
8.76  -0.49513987469630627  0.05242876453591705
8.77  -0.48912688271678895  0.045672173903620106
8.78  -0.4828188039484306  0.03890711156552992
8.790000000000001  -0.47621944401053445  0.03213483236924447
8.8  -0.4693327842502788  0.025356592501018183
8.81  -0.46216297934078593  0.01857364925274163
8.82  -0.4547143547746494  0.011787260788734627
8.83  -0.44699140425438594  0.004998685912368073
8.84  -0.43899878698142164  -0.0017908161674307643
8.85  -0.4307413248452257  -0.008579986069748136
8.86  -0.4222239995143039  -0.01536756447528656
8.870000000000001  -0.4134519494307831  -0.02215229235995278
8.88  -0.40443046671044075  -0.028932911228394836
8.89  -0.3951649939499923  -0.03570816334744184
8.9  -0.3856611209436198  -0.042476791979397216
8.91  -0.3759245813106917  -0.049237541615152175
8.92  -0.36596124903670235  -0.0559891582070659
8.93  -0.35577713492954244  -0.06273038940158326
8.94  -0.3453783829932255  -0.06945998477152987
8.950000000000001  -0.3347712667212417  -0.07617669604805474
8.96  -0.32396218531182197  -0.08287927735216832
8.97  -0.3129576598073269  -0.0895664854258417
8.98  -0.3017643291601606  -0.09623707986261953
8.99  -0.2903889462275323  -0.10288982333769975
9.0  -0.27883837369751285  -0.10952348183744515
9.01  -0.26711957994881275  -0.11613682488827987
9.02  -0.25523963484681417  -0.12272862578492909
9.03  -0.24320570547837592  -0.12929766181796098
9.040000000000001  -0.23102505182796707  -0.13584271450058372
9.05  -0.21870502239779047  -0.14236256979466355
9.06  -0.20625304977446055  -0.148856018335918
9.07  -0.19367664614498878  -0.1553218556582372
9.08  -0.18098339876473787  -0.16175888241710176
9.09  -0.16818096538007354  -0.16816590461204486
9.1  -0.15527706960850582  -0.17454173380813187
9.11  -0.14227949627909048  -0.18088518735639905
9.120000000000001  -0.1291960867358841  -0.18719508861322423
9.13  -0.11603473410732942  -0.19347026715857907
9.14  -0.10280337854438146  -0.19970955901313164
9.15  -0.08951000243026658  -0.20591180685415347
9.16  -0.07616262556477091  -0.21207586023018862
9.17  -0.06276930032595779  -0.2182005757744509
9.18  -0.049338106812213456  -0.2242848174169062
9.19  -0.03587714796758648  -0.23032745659500195
9.200000000000001  -0.02239454469334287  -0.2363273724630045
9.21  -0.00889843094867826  -0.24228345209989843
9.22  0.0046030511564388865  -0.24819459071583067
9.23  0.018101756273349923  -0.25405969185703137
9.24  0.031589540728733434  -0.2598776676091958
9.25  0.0450582674376202  -0.26564743879928104
9.26  0.05849981081245045  -0.27136793519568214
9.27  0.07190606166517757  -0.27703809570674554
9.28  0.08526893209947822  -0.28265686857759487
9.290000000000001  0.0985803603901362  -0.28822321158521813
9.3  0.11183231584661102  -0.2937360922317871
9.31  0.12501680365790258  -0.29919448793617937
9.32  0.1381258697157675  -0.3045973862236512
9.33  0.15115160541337297  -0.3099437849136453
9.34  0.16408615241649746  -0.31523269230568246
9.35  0.17692170740441943  -0.3204631273633115
9.36  0.1896505267775999  -0.32563411989608204
9.370000000000001  0.2022649313293378  -0.33074471073950507
9.38  0.21475731087858643  -0.33579395193296324
9.39  0.22712012886111793  -0.34078090689555496
9.4  0.23934592687628542  -0.34570465059981514
9.41  0.25142732918661864  -0.3505642697432996
9.42  0.2633570471675498  -0.3553588629179925
9.43  0.2751278837045995  -0.3600875407775086
9.44  0.2867327375353394  -0.36474942620205764
9.450000000000001  0.29816460753353075  -0.36934365446113937
9.46  0.3094165969328573  -0.37386937337394316
9.47  0.32048191748770105  -0.3783257434674195
9.48  0.33135389356843087  -0.38271193813199156
9.49  0.34202596618877434  -0.387027143774884
9.5  0.3524916969628028  -0.3912705599710333
9.51  0.3627447719891592  -0.3954413996115619
9.52  0.37277900566019984  -0.39953888904977564
9.53  0.3825883443937224  -0.4035622682446684
9.540000000000001  0.39216687028504743  -0.4075107909019021
9.55  0.4015088046772516  -0.41138372461223277
9.56  0.41060851164738854  -0.4151803509873705
9.57  0.41946050140660507  -0.4188999657932291
9.58  0.42805943361208904  -0.4225418790805546
9.59  0.4364001205888572  -0.4261054153129047
9.6  0.44447753045944965  -0.42958991349195186
9.61  0.4522867901796216  -0.43299472728009314
9.620000000000001  0.4598231884782193  -0.43631922512033894
9.63  0.46708217869944846  -0.4395627903534573
9.64  0.47405938154585325  -0.442724821332362
9.65  0.4807505877203029  -0.44580473153370936
9.66  0.4871517604654389  -0.44880194966669207
9.67  0.4932590379990194  -0.45171591977900855
9.68  0.49906873584370226  -0.4545461013599843
9.69  0.5045773490498695  -0.4572919694408336
9.700000000000001  0.5097815543101366  -0.4599530146920343
9.71  0.5146782119642755  -0.462528743517802
9.72  0.5192643678933583  -0.4650186781476492
9.73  0.5235372553019503  -0.46742235672500454
9.74  0.5274942963872981  -0.46973933339288365
9.75  0.531133103894503  -0.4719691783765906
9.76  0.5344514825567328  -0.4741114780634362
9.77  0.5374474304196102  -0.476165835079459
9.78  0.5401191400489795  -0.47813186836313426
9.790000000000001  0.5424649996213186  -0.4800092132360568
9.8  0.5444835938961379  -0.48179752147058325
9.81  0.5461737050697895  -0.48349646135442786
9.82  0.5475343135101556  -0.48510571775218914
9.83  0.5485645983717878  -0.48662499216380506
9.84  0.5492639380911163  -0.48805400277992134
9.85  0.5496319107614344  -0.4893924845341643
9.86  0.5496682943874327  -0.49064018915230767
9.870000000000001  0.549373067019127  -0.49179688519832526
9.88  0.5487464067651007  -0.4928623581173195
9.89  0.5477886916850525  -0.493836410275319
9.9  0.5465004995617166  -0.4947188609959383
9.91  0.5448826075522901  -0.49550954659389057
9.92  0.5429359917195791  -0.4962083204053498
9.93  0.5406618264431469  -0.4968150528151557
9.94  0.5380614837108209  -0.4973296312808556
9.950000000000001  0.5351365322909785  -0.49775196035357994
9.96  0.5318887367861254  -0.4980819616957469
9.97  0.5283200565683178  -0.4983195740955938
9.98  0.5244326445970899  -0.49846475347853036
9.99  0.5202288461205902  -0.49851747291531473
10.0  0.5157111972607062  -0.4984777226270482
