0.0  1.426871628593538  -1.172173351005405
0.01  1.3944463695834375  -1.193653387334584
0.02  1.3611798509412227  -1.2149120135697753
0.03  1.3270921421223032  -1.2359452864603808
0.04  1.2922038080003129  -1.2567493045564684
0.05  1.2565358964604694  -1.277320208932448
0.06  1.2201099257015324  -1.2976541839028621
0.07  1.1829478712540267  -1.3177474577301551
0.08  1.1450721527225602  -1.337596303324291
0.09  1.106505620260235  -1.3571970389340884
0.1  1.0672715407833122  -1.3765460288301476
0.11  1.0273935839344444  -1.3956396839792393
0.12  0.9868958078029499  -1.4144744627100325
0.13  0.9458026444107354  -1.433046871370037
0.14  0.9041388849726311  -1.451353464973639
0.15  0.8619296649400264  -1.4693908478411102
0.16  0.8192004488368292  -1.4871556742284695
0.17  0.7759770148968985  -1.504644648948084
0.18  0.7322854395122194  -1.5218545279798907
0.19  0.688152081501199  -1.538782119073129
0.2  0.6436035662065785  -1.5554242823384687
0.21  0.5986667694325521  -1.571777930830426
0.22  0.553368801230784  -1.5878400311199603
0.23  0.5077369895451065  -1.6036076038571432
0.24  0.46179886372476375  -1.6190777243237946
0.25  0.4155821379161525  -1.6342475229759903
0.26  0.36911469434307  -1.6491141859763279
0.27  0.32242456648556883  -1.663674955715868
0.28  0.2755399221675551  -1.6779271313256392
0.29  0.22848904656333957  -1.6918680691776207
0.3  0.18130032513339223  -1.7054951833751089
0.31  0.1340022264995947  -1.7188059462323726
0.32  0.08662328527032226  -1.731797888743512
0.33  0.039192084825716456  -1.744468601040434
0.34  -0.008262759926466412  -1.7568157328398568
0.35000000000000003  -0.055712619814026865  -1.7688369938792623
0.36  -0.10312886867209792  -1.780530154341717
0.37  -0.15048290061311032  -1.7918930452694775
0.38  -0.19774614728451978  -1.8029235589663104
0.39  -0.2448900951038936  -1.813619649388448
0.4  -0.29188630246095293  -1.8239793325241065
0.41000000000000003  -0.33870641687619385  -1.834000686761501
0.42  -0.38532219210574037  -1.8436818532452826
0.43  -0.43170550518210005  -1.853021036221337
0.44  -0.4778283733805553  -1.8620165033698788
0.45  -0.5236629711009393  -1.8706665861267764
0.46  -0.5691816466546276  -1.8789696799930555
0.47000000000000003  -0.6143569389466036  -1.8869242448325148
0.48  -0.6591615940425433  -1.894528805157406
0.49  -0.7035685816109226  -1.9017819504021212
0.5  -0.7475511112302238  -1.9086823351848374
0.51  -0.7910826485514078  -1.9152286795570705
0.52  -0.8341369313058983  -1.9214197692410928
0.53  -0.8766879851494251  -1.9272544558551685
0.54  -0.91871013933216  -1.932731657126567
0.55  -0.9601780421856985  -1.9378503570923113
0.56  -1.0010666764175444  -1.9426096062876301
0.5700000000000001  -1.0413513742038631  -1.9470085219220725
0.58  -1.0810078320714058  -1.951046288043258
0.59  -1.1200121255596245  -1.954722155688224
0.6  -1.1583407236541265  -1.9580354430223528
0.61  -1.1959705029827736  -1.960985535465845
0.62  -1.232878761765844  -1.963571885807716
0.63  -1.2690432335118602  -1.9657940143072985
0.64  -1.3044421004508018  -1.9676515087832298
0.65  -1.3390540066966132  -1.9691440246899066
0.66  -1.372858071131061  -1.9702712851813948
0.67  -1.405833900001161  -1.9710330811627808
0.68  -1.437961599222588  -1.9714292713289576
0.6900000000000001  -1.4692217863816346  -1.971459782190835
0.7000000000000001  -1.499595602428485  -1.97112460808897
0.71  -1.5290647230547463  -1.9704238111946177
0.72  -1.5576113697483753  -1.9693575214981995
0.73  -1.5852183205193253  -1.96792593678519
0.74  -1.6118689202894563  -1.9661293225994303
0.75  -1.6375470909404206  -1.9639680121938734
0.76  -1.6622373410134816  -1.961442406468768
0.77  -1.6859247750553998  -1.9585529738972967
0.78  -1.7085951026047546  -1.955300250438678
0.79  -1.7302346468132783  -1.9516848394387534
0.8  -1.7508303526970022  -1.9477074115180706
0.81  -1.7703697950122361  -1.9433687044474932
0.8200000000000001  -1.78884118575163  -1.9386695230113502
0.8300000000000001  -1.8062333812557958  -1.933610738858157
0.84  -1.8225358889361976  -1.9281932903389347
0.85  -1.8377388736052556  -1.9224181823331559
0.86  -1.8518331634098477  -1.916286486062349
0.87  -1.8648102553646206  -1.9097993388913987
0.88  -1.8766623204817827  -1.902957944117578
0.89  -1.8873822084942762  -1.8957635707473464
0.9  -1.8969634521694825  -1.8882175532609653
0.91  -1.9054002712108589  -1.8803212913649647
0.92  -1.9126875757451502  -1.8720762497325132
0.93  -1.9188209693930725  -1.863483957731735
0.9400000000000001  -1.9237967519216177  -1.854546009142031
0.9500000000000001  -1.9276119214763794  -1.8452640618584462
0.96  -1.9302641763925492  -1.835639837584151
0.97  -1.9317519165834953  -1.8256751215110802
0.98  -1.932074244506083  -1.8153717619888021
0.99  -1.9312309657021562  -1.8047316701816667
1.0  -1.9292225889158527  -1.7937568197143055
1.01  -1.926050325786683  -1.782449246305546
1.02  -1.9217160901185566  -1.7708110473908047
1.03  -1.9162224967251964  -1.7588443817330401
1.04  -1.9095728598526414  -1.7465514690223185
1.05  -1.9017711911797852  -1.7339345894640896
1.06  -1.8928221973981585  -1.7209960833562314
1.07  -1.8827312773724154  -1.707738350654948
1.08  -1.8715045188832358  -1.694163850529606
1.09  -1.859148694954612  -1.6802751009065815
1.1  -1.8456712597677294  -1.6660746780022133
1.11  -1.8310803441639132  -1.6515652158449419
1.12  -1.815384750739348  -1.6367494057867245
1.1300000000000001  -1.7985939485345348  -1.6216299960038167
1.1400000000000001  -1.7807180673216865  -1.6062097909870177
1.1500000000000001  -1.7617678914935049  -1.5904916510214633
1.16  -1.7417548535570369  -1.5744784916560768
1.17  -1.7206910272365206  -1.5581732831627617
1.18  -1.698589120189395  -1.541579049985451
1.19  -1.6754624663398596  -1.5246988701791035
1.2  -1.6513250178346102  -1.507535874838756
1.21  -1.626191336625611  -1.49009324751874
1.22  -1.6000765856849697  -1.4723742236421653
1.23  -1.572996519857224  -1.4543820899007835
1.24  -1.544967476354556  -1.4361201836453394
1.25  -1.5160063649006656  -1.4175918922665323
1.26  -1.4861306575292577  -1.3988006525666847
1.27  -1.4553583780432833  -1.379749950122257
1.28  -1.4237080911413103  -1.3604433186373073
1.29  -1.39119889121757  -1.340884339288027
1.3  -1.3578503908424455  -1.321076640058471
1.31  -1.3236827089303445  -1.3010238950676043
1.32  -1.2887164586021036  -1.2807298238877918
1.33  -1.2529727347492357  -1.2601981908548578
1.34  -1.2164731013075332  -1.2394328043698402
1.35  -1.1792395782476968  -1.2184375161925733
1.36  -1.1412946282908418  -1.1972162207272272
1.37  -1.1026611433569002  -1.1757728542999348
1.3800000000000001  -1.063362430754085  -1.1541113944286487
1.3900000000000001  -1.0234221991177574  -1.1322358590853496
1.4000000000000001  -0.9828645441071742  -1.110150305950759
1.41  -0.9417139338687477  -1.0878588316616775
1.42  -0.8999951942745812  -1.065365571051107
1.43  -0.8577334939452049  -1.0426746963812779
1.44  -0.8149543290655186  -1.0197904165697438
1.45  -0.7716835080031255  -0.996716976408667
1.46  -0.7279471357383251  -0.9734586557774576
1.47  -0.6837715981151661  -0.9500197688488994
1.48  -0.6391835459230518  -0.9264046632889168
1.49  -0.5942098788185065  -0.9026177194501281
1.5  -0.548877729096804  -0.8786633495593394
1.51  -0.5032144453232471  -0.854545996899119
1.52  -0.457247575833966  -0.830270134983617
1.53  -0.4110048521162104  -0.805840266728777
1.54  -0.3645141720781324  -0.7812609236170898
1.55  -0.3178035832181799  -0.7565366648570564
1.56  -0.27090126570423734  -0.7316720765374973
1.57  -0.22383551537272783  -0.706671770776884
1.58  -0.17663472665794022  -0.6815403848678404
1.59  -0.129327375461864  -0.6562825804169728
1.6  -0.08194200197487966  -0.6309030424801906
1.61  -0.03450719345766429  -0.605406478693682
1.62  0.012948433005300353  -0.5797976184006912
1.6300000000000001  0.06039624777021646  -0.5540812117742784
1.6400000000000001  0.10780762590602144  -0.5282620289362139
1.6500000000000001  0.15515396446362195  -0.5023448590721673
1.6600000000000001  0.20240669973183645  -0.4763345095433703
1.67  0.2495373244696869  -0.4502358049948949
1.68  0.29651740510461533  -0.4240535864607349
1.69  0.3433185988862537  -0.39779271046584996
1.7  0.3899126709854135  -0.371458048125325
1.71  0.4362715115279464  -0.34505448424083407
1.72  0.4823671525532405  -0.3185869163945586
1.73  0.5281717848870909  -0.29206025404073976
1.74  0.573657774918778  -0.265479417595024
1.75  0.61879768127223  -0.23884933752178272
1.76  0.6635642713612091  -0.21217495341955694
1.77  0.707930537818541  -0.18546121310481867
1.78  0.7518697147894656  -0.1587130716942008
1.79  0.7953552940792903  -0.13193549068537547
1.8  0.8383610411455931  -0.10513343703675249
1.81  0.8808610109253435  -0.07831188224615382
1.82  0.9228295634873662  -0.05147580142865971
1.83  0.9642413795007363  -0.024630172393774075
1.84  1.0050714755097503  0.0022200252779065455
1.85  1.04529521900627  0.029069811158348613
1.86  1.0848883432903387  0.05591420489590493
1.87  1.1238269621101107  0.08274822713911234
1.8800000000000001  1.1620875840722575  0.10956690046031059
1.8900000000000001  1.1996471268141593  0.136365250278903
1.9000000000000001  1.2364829309293315  0.1631383057840855
1.9100000000000001  1.2725727736376826  0.1898811008568847
1.92  1.3078948821923666  0.21658867499131562
1.93  1.3424279470151173  0.24325607421450923
1.94  1.3761511345521726  0.2698783520056124
1.95  1.4090440998430085  0.2964505702133249
1.96  1.441086998794313  0.3229677999718693
1.97  1.4722605001517808  0.3494251226152447
1.98  1.5025457971625276  0.37581763058958817
1.99  1.5319246189210685  0.40214042836347075
2.0  1.5603792413920279  0.4283886333359713
2.0100000000000002  1.5878924981029239  0.45455737674234575
2.02  1.6144477905005759  0.4806418045571277
2.0300000000000002  1.6400290979649037  0.5066370783945083
2.04  1.6646209874740454  0.5325383764057937
2.05  1.6882086229149933  0.5583408941738157
2.06  1.7107777740341175  0.5840398456041002
2.07  1.7323148250221752  0.6096304638126293
2.08  1.7528067827286322  0.6351080020100583
2.09  1.7722412845003404  0.660467734382185
2.1  1.7906066056398369  0.6857049569665501
2.11  1.8078916664787728  0.7108149885249584
2.12  1.8240860390621991  0.7357931714118129
2.13  1.839179953439674  0.7606348724380474
2.14  1.8531643035594119  0.7853354837305427
2.15  1.8660306527618926  0.8098904235868309
2.16  1.877771238869645  0.8342951373249616
2.17  1.8883789788701077  0.8585450981283378
2.18  1.897847473188766  0.8826358078854001
2.19  1.9061710095499662  0.9065627980239744
2.2  1.9133445664230926  0.930321630340148
2.21  1.9193638160520199  0.9539078978215043
2.22  1.9242251270660211  0.9773172254645861
2.23  1.9279255666705435  1.0005452710864022
2.24  1.9304629024165472  1.023587726129864
2.25  1.9318356035473223  1.0464403164629723
2.2600000000000002  1.932042841921985  1.0690988031716302
2.27  1.9310844925150907  1.0915589833459076
2.2800000000000002  1.9289611334920576  1.1138166908596454
2.29  1.925674045860366  1.1358677971432227
2.3000000000000003  1.921225212696736  1.1577082119493654
2.31  1.9156173179507487  1.1793338841118395
2.32  1.9088537448256413  1.200740802296908
2.33  1.9009385737372422  1.2219249957473826
2.34  1.8918765798522867  1.2428825350191592
2.35  1.8816732302075918  1.2636095327100945
2.36  1.8703346804118317  1.2841021441810676
2.37  1.8578677709319031  1.304356568269129
2.38  1.8442800229661196  1.324369047992571
2.39  1.8295796339067234  1.3441358712478109
2.4  1.8137754723944635  1.3636533714979433
2.41  1.7968770729681982  1.382917928452851
2.42  1.778894630312784  1.4019259687407208
2.43  1.7598389931086873  1.420673966570876
2.44  1.7397216574870569  1.4391584443877643
2.45  1.718554760094187  1.4573759735160179
2.46  1.6963510707695655  1.475323174796424
2.47  1.673123984841919  1.4929967192127367
2.48  1.648887515047908  1.510393328509162
2.49  1.6236562830783368  1.5275097757984488
2.5  1.5974455107570003  1.5443428861604358
2.5100000000000002  1.5702710108574525  1.5608895372309728
2.52  1.542149177563286  1.5771466597810773
2.5300000000000002  1.513096976577624  1.593111238286253
2.54  1.4831319348878433  1.6087803114858297
2.5500000000000003  1.452272130191656  1.624150972932254
2.56  1.4205361799909701  1.639220371530196
2.57  1.387943230360081  1.653985712065406
2.58  1.3545129443949733  1.6684442557231904
2.59  1.3202654903507287  1.682593320596435
2.6  1.2852215294741427  1.6964302821830732
2.61  1.2494022035389538  1.709952573872899
2.62  1.2128291220911558  1.7231576874236494
2.63  1.1755243494121126  1.736043173426254
2.64  1.1375103912073279  1.7486066417591792
2.65  1.0988101810289266  1.7608457620317641
2.66  1.0594470664399847  1.7727582640164896
2.67  1.019444794929131  1.7843419380700762
2.68  0.9788274995838342  1.7955946355433539
2.69  0.9376196845311034  1.8065142691798097
2.7  0.8958462101543003  1.8170988135027573
2.71  0.8535322780950623  1.8273463051910352
2.72  0.8107034160493218  1.837254843443187
2.73  0.7673854623666307  1.8468225903300373
2.74  0.7236045504620666  1.8560477711356094
2.75  0.6793870930501281  1.8649286746863143
2.7600000000000002  0.6347597662101261  1.8734636536683604
2.77  0.5897494932927085  1.8816511249333059
2.7800000000000002  0.5443834286771709  1.8894895697917216
2.79  0.49868894138943676  1.8969775342948876
2.8000000000000003  0.45269359859049185  1.9041136295044907
2.81  0.4064251489453369  1.910896531750252
2.82  0.3599115058823912  1.9173249828754573
2.83  0.3131807307535296  1.9233977904703314
2.84  0.26626101590487594  1.9291138280932159
2.85  0.21918066766853883  1.9344720354795149
2.86  0.1719680892856209  1.9394714187383597
2.87  0.12465176377073461  1.9441110505369683
2.88  0.07726023672840421  1.9483900702726533
2.89  0.029822099131702196  1.952307684232456
2.9  -0.017634029926478112  1.9558631657403711
2.91  -0.06507952049912913  1.9590558552921378
2.92  -0.11248574905735498  1.9618851606775713
2.93  -0.15982411575876843  1.9643505570904103
2.94  -0.20706606170154673  1.966451587225663
2.95  -0.25418308615384333  1.9681878613644348
2.96  -0.3011467637480487  1.9695590574462138
2.97  -0.3479287616296407  1.9705649211286125
2.98  -0.39450085655017597  1.9712052658345425
2.99  -0.44083495189418465  1.971479972786826
3.0  -0.48690309462965764  1.9713889910302247
3.0100000000000002  -0.5326774921719143  1.9709323374408938
3.02  -0.5781305291506691  1.9701100967232499
3.0300000000000002  -0.6232347840701986  1.9689224213942602
3.04  -0.6679630458525174  1.967369531755152
3.0500000000000003  -0.7122883302536526  1.9654517158505498
3.06  -0.7561838961430236  1.9631693294150439
3.0700000000000003  -0.7996232616361988  1.9605227958072078
3.08  -0.8425802200712131  1.9575126059310692
3.09  -0.8850288558188677  1.9541393181450508
3.1  -0.9269435599174516  1.9504035581584032
3.11  -0.968299045522431  1.94630601891514
3.12  -1.0090703631618443  1.9418474604655058
3.13  -1.049232915788126  1.9370287098249954
3.14  -1.088762473617339  1.9318506608209474
3.15  -1.1276351887468299  1.9263142739267536
3.16  -1.1658276095425004  1.920420576083698
3.17  -1.2033166947870109  1.9141706605104716
3.18  -1.2400798275803906  1.9075656865003914
3.19  -1.2760948289846388  1.900606879206363
3.2  -1.3113399714041407  1.8932955294136287
3.21  -1.345793991693752  1.8856329933003417
3.22  -1.3794361039867233  1.8776206921860048
3.23  -1.4122460122346479  1.869260112267837
3.24  -1.4442039224519416  1.860552804345093
3.25  -1.4752905546574018  1.851500383531413
3.2600000000000002  -1.5054871545056892  1.8421045289552294
3.27  -1.5347755046016864  1.8323669834483125
3.2800000000000002  -1.563137935490937  1.8222895532224899
3.29  -1.5905573363194845  1.8118741075346125
3.3000000000000003  -1.6170171651567424  1.8011225783398312
3.31  -1.6425014589751181  1.7900369599332362
3.3200000000000003  -1.6669948432803965  1.778619308579936
3.33  -1.6904825413870634  1.7668717421336453
3.34  -1.7129503833329747  1.754796439643842
3.35  -1.7343848144279959  1.7423956409515777
3.36  -1.7547729034314488  1.7296716462740127
3.37  -1.7741023503534383  1.7166268157777487
3.38  -1.7923614938753492  1.7032635691410387
3.39  -1.8095393183850417  1.6895843851049706
3.4  -1.8256254606224798  1.6755918010136812
3.41  -1.8406102159318305  1.661288412343705
3.42  -1.854484544116196  1.6466768722225453
3.43  -1.8672400748915154  1.6317598909365414
3.44  -1.8788691129362893  1.616540235428146
3.45  -1.8893646425341148  1.6010207287826779
3.46  -1.898720331806219  1.5852042497046792
3.47  -1.906930536531434  1.569093731983937
3.48  -1.9139903035513193  1.5526921639513025
3.49  -1.9198953737583637  1.5360025879243857
3.5  -1.9246421846654767  1.5190280996432373
3.5100000000000002  -1.9282278725552113  1.501771847696118
3.52  -1.9306502742074252  1.4842370329354775
3.5300000000000002  -1.9319079282043343  1.4664269078842191
3.54  -1.9320000758121774  1.4483447761324018
3.5500000000000003  -1.9309266614389542  1.4299939917244495
3.56  -1.9286883326679645  1.411377958537021
3.5700000000000003  -1.9252864398671239  1.3925001296476163
3.58  -1.9207230353742992  1.3733640066940758
3.59  -1.9150008722591445  1.3539731392250618
3.6  -1.9081234026621945  1.3343311240416482
3.61  -1.900094775712215  1.314441604530162
3.62  -1.8909198350230594  1.2943082699863642
3.63  -1.8806041157715534  1.2739348549311327
3.64  -1.8691538413581599  1.2533251384177402
3.65  -1.8565759196524465  1.2324829433308877
3.66  -1.8428779388256178  1.2114121356775913
3.67  -1.828068162772623  1.1901166238700869
3.68  -1.8121555261266078  1.168600358000856
3.69  -1.7951496288687143  1.1468673291099283
3.7  -1.7770607305364785  1.124921568444579
3.71  -1.7578997440343245  1.102767146711587
3.72  -1.7376782290498876  1.080408173322149
3.73  -1.7164083850801344  1.0578487956296383
3.74  -1.6941030440714946  1.0350931981603044
3.75  -1.670775662678439  1.012145601837098
3.7600000000000002  -1.6464403141451662  0.9890102631967235
3.77  -1.6211116798153347  0.9656914736001057
3.7800000000000002  -1.5948050402748837  0.9421935584363827
3.79  -1.5675362661333931  0.918520876320595
3.8000000000000003  -1.5393218084494278  0.8946778182852012
3.81  -1.5101786888057618  0.8706688069656001
3.8200000000000003  -1.4801244890403455  0.8464982957797647
3.83  -1.449177340639332  0.8221707681021941
3.84  -1.4173559137984684  0.7976907364322827
3.85  -1.3846794061595005  0.7730627415573045
3.86  -1.3511675312283724  0.7482913517101484
3.87  -1.316840506482207  0.7233811617219542
3.88  -1.2817190411722448  0.6983367921698238
3.89  -1.2458243238300999  0.6731628885197448
3.9  -1.2091780094848712  0.647864120264919
3.91  -1.1718022065988023  0.6224451800596059
3.92  -1.1337194637294334  0.5969107828487006
3.93  -1.0949527559261745  0.5712656649931442
3.94  -1.0555254708696653  0.5455145833913968
3.95  -1.0154613947621063  0.5196623145970651
3.96  -0.9747846979772601  0.49371365393291833
3.97  -0.933519920478589  0.46767341460139544
3.98  -0.8916919570145034  0.44154642679181444
3.99  -0.8493260420995195  0.41533753678441343
4.0  -0.8064477347904596  0.38905160605142997
4.01  -0.763082903266853  0.3626935103553377
4.0200000000000005  -0.7192577092248434  0.33626813884444584
4.03  -0.674998592094039  0.30978039314602845
4.04  -0.6303322530867586  0.28323518645710066
4.05  -0.5852856390894148  0.25663744263308697
4.0600000000000005  -0.5398859264056167  0.2299920952744985
4.07  -0.4941605043609326  0.20330408681179757
4.08  -0.44813695877907145  0.17657836758863243
4.09  -0.4018430553395699  0.14981989494359582
4.1  -0.35530672282693887  0.12303363229069508
4.11  -0.30855603628144024  0.09622454819868786
4.12  -0.2616192000616183  0.06939761546947787
4.13  -0.2145245308287791  0.04255781021569205
4.14  -0.16730044046378234  0.015710110937675936
4.15  -0.11997541892633456  -0.011140502399962338
4.16  -0.07257801706721911  -0.03798904929209024
4.17  -0.025136829403733962  -0.06483054961687651
4.18  0.022319523131142383  -0.09166002455955746
4.19  0.06976241045557552  -0.11847249753595268
4.2  0.11716321061119694  -0.14526299511555585
4.21  0.16449332703052988  -0.1720265479440758
4.22  0.21172420578909235  -0.19875819166518416
4.23  0.25882735283179426  -0.2254529678413585
4.24  0.3057743511631663  -0.2521059248736056
4.25  0.35253687799116595  -0.27871211891995507
4.26  0.39908672181409666  -0.3052666148124661
4.2700000000000005  0.44539579944042873  -0.3317644869726677
4.28  0.49143617293115516  -0.3582008203251872
4.29  0.5371800664545842  -0.3845707112094501
4.3  0.5825998830432976  -0.41086926828926273
4.3100000000000005  0.6276682212431934  -0.43709161346009906
4.32  0.6723578916445883  -0.4632328827539278
4.33  0.7166419332854111  -0.4892882272414455
4.34  0.7604936299165593  -0.5152528139314919
4.3500000000000005  0.8038865261196094  -0.5411218266675158
4.36  0.8467944432671829  -0.5668904670209246
4.37  0.8891914953163536  -0.5925539551811474
4.38  0.9310521044254836  -0.6181075308422279
4.39  0.9723510163851657  -0.6435464540858225
4.4  1.013063315853924  -0.6688660062604008
4.41  1.05316444138943  -0.6940614908564955
4.42  1.0926302002662758  -0.7191282343778741
4.43  1.131436783071271  -0.744061587208412
4.44  1.1695607780674804  -0.7688569244745448
4.45  1.2069791853183616  -0.7935096469031386
4.46  1.243669430563473  -0.8180151816746088
4.47  1.2796093788373673  -0.8423689832711205
4.48  1.3147773478234464  -0.8665665343197484
4.49  1.3491521209347506  -0.8906033464303811
4.5  1.3827129601137955  -0.9144749610282923
4.51  1.4154396183436708  -0.9381769501811463
4.5200000000000005  1.447312351862939  -0.9617049174203381
4.53  1.4783119320768903  -0.9850544985564806
4.54  1.508419657158043  -1.0082213624889347
4.55  1.5376173633287993  -1.0312012120091654
4.5600000000000005  1.5658874358195363  -1.0539897845978405
4.57  1.5932128194954693  -1.0765828532154753
4.58  1.6195770291458942  -1.098976227086505
4.59  1.6449641594295956  -1.1211657524766345
4.6000000000000005  1.6693588944704376  -1.1431473134633094
4.61  1.6927465170973035  -1.1649168326991668
4.62  1.7151129177228808  -1.186470272168358
4.63  1.7364446028558644  -1.2078036339355458
4.64  1.7567287032414907  -1.228912960887478
4.65  1.7759529816254631  -1.2497943374670009
4.66  1.7941058401365981  -1.27044389039934
4.67  1.8111763272837513  -1.2908577894105617
4.68  1.8271541445627624  -1.3110322479380456
4.69  1.842029652669476  -1.3309635238328537
4.7  1.8557938773150595  -1.3506479200538501
4.71  1.868438514640139  -1.3700817853534781
4.72  1.8799559362244487  -1.3892615149550185
4.73  1.8903391936890075  -1.4081835512212373
4.74  1.8995820228880254  -1.4268443843142926
4.75  1.9076788476880195  -1.4452405528467742
4.76  1.9146247833318557  -1.4633686445237486
4.7700000000000005  1.9204156393856873  -1.4812252967757122
4.78  1.925047922267014  -1.4988071973822994
4.79  1.9285188373523376  -1.5161110850866797
4.8  1.9308262906631355  -1.5331337502004763
4.8100000000000005  1.9319688901291459  -1.5498720351991346
4.82  1.9319459464281923  -1.566322835307601
4.83  1.9307574734020476  -1.5824830990762382
4.84  1.9284041880480818  -1.5983498289468296
4.8500000000000005  1.9248875100867044  -1.6139200818085948
4.86  1.9202095611048586  -1.6291909695441062
4.87  1.914373163276077  -1.644159659565005
4.88  1.9073818376578902  -1.6588233753374175
4.89  1.899239802067597  -1.6731793968969706
4.9  1.8899519685376789  -1.6872250613533193
4.91  1.879523940352416  -1.700957763384077
4.92  1.8679620086674558  -1.7143749557180863
4.93  1.85527314871441  -1.7274741496079051
4.94  1.8414650155927395  -1.7402529152914419
4.95  1.8265459396514967  -1.7527088824426529
4.96  1.8105249214636776  -1.7648397406112108
4.97  1.7934116263962392  -1.7766432396510736
4.98  1.775216378779056  -1.7881171901378585
4.99  1.7559501556763266  -1.7992594637749546
5.0  1.7356245802641828  -1.8100679937883069
5.01  1.714251914818509  -1.8205407753097762
5.0200000000000005  1.6918450533172034  -1.8306758657490212
5.03  1.668417513661335  -1.8404713851538277
5.04  1.6439834295198748  -1.8499255165588246
5.05  1.6185575418029696  -1.8590365063225054
5.0600000000000005  1.5921551897688442  -1.8678026644525159
5.07  1.5647923017697483  -1.8762223649191236
5.08  1.5364853856424725  -1.8842940459568362
5.09  1.5072515187493098  -1.8920162103540878
5.1000000000000005  1.4771083376753906  -1.899387425730958
5.11  1.4460740275886599  -1.9064063248048595
5.12  1.4141673112688935  -1.9130716056441603
5.13  1.3814074378123788  -1.9193820319096753
5.14  1.3478141710190639  -1.9253364330839924
5.15  1.3134077774692052  -1.9309337046885955
5.16  1.2782090142966869  -1.9361728084887277
5.17  1.2422391166663769  -1.9410527726859796
5.18  1.205519784963102  -1.9455726920985428
5.19  1.1680731716999697  -1.9497317283291136
5.2  1.1299218681539172  -1.9535291099204048
5.21  1.0910888907365284  -1.9569641324982463
5.22  1.0515976671084242  -1.9600361589022366
5.23  1.0114720220455016  -1.9627446193039289
5.24  0.9707361630656355  -1.9650890113125303
5.25  0.9294146658244222  -1.9670689000680888
5.26  0.8875324592888947  -1.9686839183221543
5.2700000000000005  0.8451148106980215  -1.9699337665059025
5.28  0.8021873103191942  -1.9708182127856975
5.29  0.7587758560097709  -1.9713370931060974
5.3  0.7149066375930981  -1.9714903112202844
5.3100000000000005  0.6706061210583589  -1.9712778387079164
5.32  0.6259010325938587  -1.9706997149804004
5.33  0.5808183424632776  -1.9697560472735804
5.34  0.5353852487347032  -1.9684470106278478
5.3500000000000005  0.48962916087224295  -1.9667728478556712
5.36  0.44357768320008606  -1.9647338694965608
5.37  0.3972585982489991  -1.962330453759463
5.38  0.3506998499953202  -1.9595630464526073
5.39  0.3039295270025729  -1.9564321609008155
5.4  0.2569758454758211  -1.9529383778502836
5.41  0.2098671322390353  -1.9490823453608608
5.42  0.16263180764572027  -1.9448647786858397
5.43  0.11529836843311991  -1.9402864601392857
5.44  0.06789537053032058  -1.9353482389509251
5.45  0.020451411830694988  -1.9300510311086225
5.46  -0.02700488506103904  -1.9243958191884756
5.47  -0.07444489009661281  -1.918383652172555
5.48  -0.12183998305653287  -1.9120156452543307
5.49  -0.16916157081642247  -1.9052929796318183
5.5  -0.21638110459708337  -1.8982169022884743
5.51  -0.2634700971877666  -1.8907887257618952
5.5200000000000005  -0.3104001401322941  -1.883009827900359
5.53  -0.35714292086767807  -1.8748816516072453
5.54  -0.40367023980490324  -1.8664057045733933
5.55  -0.4499540273415412  -1.8575835589974403
5.5600000000000005  -0.4959663607959268  -1.848416851294195
5.57  -0.541679481252714  -1.838907281791105
5.58  -0.5870658103096617  -1.8290566144128555
5.59  -0.6320979667154547  -1.8188666763541863
5.6000000000000005  -0.6767487828886413  -1.808339357740963
5.61  -0.7209913213076208  -1.7974766112795832
5.62  -0.7647988907618941  -1.7862804518947635
5.63  -0.8081450624546455  -1.7747529563557984
5.64  -0.8510036859470786  -1.7628962628913372
5.65  -0.8933489049347711  -1.7507125707927655
5.66  -0.9351551728466013  -1.7382041400062664
5.67  -0.9763972682568263  -1.7253732907136143
5.68  -1.0170503101009878  -1.712222402901812
5.69  -1.0570897726864734  -1.6987539159216252
5.7  -1.0964915004886877  -1.6849703280351154
5.71  -1.135231722723937  -1.6708741959522277
5.72  -1.1732870676901461  -1.6564681343565586
5.73  -1.2106345768668587  -1.641754815420351
5.74  -1.2472517187659315  -1.626736968308842
5.75  -1.2831164025246513  -1.6114173786740282
5.76  -1.3182069912329677  -1.5957988881379548
5.7700000000000005  -1.3525023149869022  -1.5798843937656253
5.78  -1.3859816836601986  -1.5636768475276346
5.79  -1.418624899386529  -1.5471792557525965
5.8  -1.4504122687447234  -1.530394678569509
5.8100000000000005  -1.4813246146396803  -1.5133262293401342
5.82  -1.511343287871752  -1.4959770740814995
5.83  -1.540450178387696  -1.4783504308786326
5.84  -1.56862772620633  -1.4604495692876471
5.8500000000000005  -1.595858932012355  -1.4422778097292666
5.86  -1.6221273674119039  -1.4238385228729333
5.87  -1.6474171848436914  -1.4051351290115697
5.88  -1.6717131271397352  -1.3861710974271608
5.89  -1.6950005367298864  -1.3669499457472358
5.9  -1.7172653644846487  -1.3474752392923828
5.91  -1.7384941781909076  -1.3277505904149296
5.92  -1.7586741706555067  -1.3077796578288763
5.93  -1.7777931674317187  -1.2875661459312506
5.94  -1.7958396341640148  -1.267113804114978
5.95  -1.812802683546654  -1.2464264260734192
5.96  -1.82867208189192  -1.2255078490966609
5.97  -1.843438255304032  -1.2043619533597607
5.98  -1.8570922954550118  -1.1829926612029966
5.99  -1.8696259649590048  -1.1614039364043225
6.0  -1.8810317023418497  -1.1395997834441385
6.01  -1.8913026266028525  -1.1175842467624835
6.0200000000000005  -1.9004325413660532  -1.0953614100088445
6.03  -1.9084159386184478  -1.0729353952846903
6.04  -1.9152480020329383  -1.0503103623788481
6.05  -1.9209246098739905  -1.0274905079959185
6.0600000000000005  -1.9254423374842426  -1.0044800649778254
6.07  -1.9287984593505794  -0.9812833015186793
6.08  -1.9309909507484173  -0.9579045203730567
6.09  -1.932018488963203  -0.9343480580578936
6.1000000000000005  -1.931880454088399  -0.9106182840481039
6.11  -1.9305769293994688  -0.8867195999660991
6.12  -1.9281087013036375  -0.8626564387653154
6.13  -1.9244772588654582  -0.8384332639079604
6.140000000000001  -1.9196847929084695  -0.814054568537081
6.15  -1.9137341946934867  -0.7895248746431462
6.16  -1.906629054174326  -0.7648487322252439
6.17  -1.8983736578320092  -0.740030718447128
6.18  -1.88897298608876  -0.7150754367881815
6.19  -1.878432710303352  -0.6899875161895301
6.2  -1.8667591893496178  -0.6647716101954304
6.21  -1.8539594657801852  -0.6394323960900684
6.22  -1.8400412615777513  -0.6139745740299857
6.23  -1.825012973496471  -0.588402866172243
6.24  -1.808883667996254  -0.5627220157985237
6.25  -1.7916630757730263  -0.5369367864352842
6.26  -1.773361585888279  -0.511051960970185
6.2700000000000005  -1.7539902395014153  -0.4850723407649078
6.28  -1.7335607232087047  -0.45900274476456704
6.29  -1.7120853619928282  -0.4328480086038268
6.3  -1.689577111787318  -0.4066129837099547
6.3100000000000005  -1.6660495516603255  -0.3803025364029272
6.32  -1.6415168756224705  -0.35392154699279144
6.33  -1.615993884063691  -0.3274749088744
6.34  -1.5894959748242774  -0.300967527619746
6.3500000000000005  -1.5620391339054527  -0.27440432006804427
6.36  -1.5336399258251527  -0.24779021341368723
6.37  -1.5043154836247477  -0.2211301442923126
6.38  -1.474083498532813  -0.19442905786512188
6.390000000000001  -1.4429622092921235  -0.1676919069015782
6.4  -1.410970391156369  -0.14092365086075032
6.41  -1.3781273445631592  -0.11412925497135862
6.42  -1.3444528834902065  -0.08731368931079386
6.43  -1.3099673235017053  -0.06048192788321505
6.44  -1.2746914694920841  -0.033638947696921884
6.45  -1.2386466031345758  -0.006789727841185034
6.46  -1.2018544700421068  0.02006075143734176
6.47  -1.164337266648354  0.0469075096583923
6.48  -1.126117626816764  0.07374556703192003
6.49  -1.0872186081857353  0.10056994538178421
6.5  -1.04766367825808  0.12737566906916753
6.51  -1.0074767002432619  0.15415776591549335
6.5200000000000005  -0.9666819186608703  0.1809112681247177
6.53  -0.9253039447141183  0.2076312132047884
6.54  -0.88336774144202  0.23431264488816106
6.55  -0.8408986086593969  0.2609506140511054
6.5600000000000005  -0.7979221676936927  0.28754017963174006
6.57  -0.7544643459277653  0.3140764095465366
6.58  -0.7105513611581298  0.3405543816051587
6.59  -0.666209705777903  0.3669691844234978
6.6000000000000005  -0.6214661307941495  0.39331591833467194
6.61  -0.5763476296892003  0.4195896962978516
6.62  -0.5308814221356639  0.4457856448047761
6.63  -0.48509493757497735  0.47189890478372254
6.640000000000001  -0.43901579866942986  0.49792463250082
6.65  -0.3926718046376205  0.5238580004584976
6.66  -0.34609091448337426  0.5496941982909544
6.67  -0.29930123012825516  0.575428433656417
6.68  -0.2523309794578942  0.6010559331260735
6.69  -0.20520849929231555  0.6265719430694964
6.7  -0.1579622182905216  0.6519717305363766
6.71  -0.11062063979966996  0.6772505841344577
6.72  -0.06321232465921911  0.7024038149034384
6.73  -0.015765873970397193  0.7274267571847142
6.74  0.03169008815868901  0.7523147694868297
6.75  0.07912693188171993  0.7770632353464153
6.76  0.12651603888639684  0.8016675641844817
6.7700000000000005  0.17382881965964436  0.8261231921579483
6.78  0.22103673073544938  0.8504255830061604
6.79  0.2681112919149461  0.8745702288923418
6.8  0.3150241034483312  0.8985526512397366
6.8100000000000005  0.36174686316821836  0.9223684015623447
6.82  0.4082513835641234  0.9460130622900571
6.83  0.45450960878780244  0.9694822475880862
6.84  0.5004936315791604  0.9927716041704799
6.8500000000000005  0.5461757101024902  1.0158768121076163
6.86  0.5915282846829062  1.0387935856274932
6.87  0.6365239944329469  1.0615176739107106
6.88  0.6811356937591542  1.084044861878942
6.890000000000001  0.7253364687388669  1.1063709709767917
6.9  0.7690996533571507  1.1284918599468623
6.91  0.8123988455942672  1.1504034255979305
6.92  0.8552079233537737  1.1721016035660343
6.93  0.8975010602218452  1.1935823690683762
6.94  0.939252741048146  1.2148417376498655
6.95  0.9804377773389299  1.2358757659222128
6.96  1.0210313224530903  1.256680552295365
6.97  1.0610088865919765  1.2772522377012272
6.98  1.1003463515739027  1.2975870063094719
6.99  1.1390199853844662  1.3176810862353268
7.0  1.1770064564939147  1.3375307502392357
7.01  1.2142828479329049  1.357132316418211
7.0200000000000005  1.2508266711181355  1.3764821488887937
7.03  1.2866158794195361  1.3955766584614606
7.04  1.321628881460879  1.414412303306397
7.05  1.355844554145663  1.432985589610457
7.0600000000000005  1.389242255400568  1.4512930722252364
7.07  1.4218018366286327  1.4693313553060992
7.08  1.4535036548648002  1.4870970929420873
7.09  1.4843285846263397  1.50458698977654
7.1000000000000005  1.514258029451154  1.5217978016183544
7.11  1.5432739331168572  1.538726336043739
7.12  1.571358790534  1.5553694529883875
7.13  1.5984956583067336  1.5717240653299216
7.140000000000001  1.6246681649546721  1.5877871394605116
7.15  1.6498605207896606  1.6035556958495962
7.16  1.674057527441612  1.6190268095965346
7.17  1.6972445870275474  1.6341976109731604
7.18  1.7194077109584192  1.6490652859560786
7.19  1.7405335283783185  1.6636270767486379
7.2  1.760609294231009  1.677880282292469
7.21  1.77962289694895  1.6918222587685117
7.22  1.797562865760095  1.7054504200874074
7.23  1.8144183776081522  1.7187622383691976
7.24  1.8301792636820342  1.7317552444122088
7.25  1.8448360155506514  1.7444270281510754
7.26  1.8583797908992608  1.7567752391037743
7.2700000000000005  1.8708024188639918  1.7687975868076187
7.28  1.8820964049612527  1.7804918412441055
7.29  1.8922549356091143  1.7918558332525734
7.3  1.9012718822378831  1.8028874549325495
7.3100000000000005  1.9091418049874354  1.8135846600347485
7.32  1.9158599559890372  1.823945464340623
7.33  1.9214222822297062  1.8339679460304248
7.34  1.925825427997364  1.843650246039672
7.3500000000000005  1.9290667369053094  1.8529905684039951
7.36  1.9311442534948045  1.8619871805922648
7.37  1.9320567244147844  1.8706384138279546
7.38  1.931803599177997  1.8789426633986896
7.390000000000001  1.9303850304931076  1.886898388953899
7.4  1.9278018741725702  1.8945041147905317
7.41  1.9240556886163227  1.9017584301267902
7.42  1.9191487338716153  1.9086599893638128
7.43  1.9130839702695397  1.9152075123352659
7.44  1.9058650566390816  1.9213997845448048
7.45  1.897496348099777  1.9272356573913467
7.46  1.887982893434296  1.9327140483821275
7.47  1.8773304320425535  1.9378339413334906
7.48  1.865545390479162  1.9425943865593784
7.49  1.8526348785763456  1.9469945010474885
7.5  1.838606685154621  1.9510334686230655
7.51  1.823469273323858  1.9547105401002902
7.5200000000000005  1.8072317753775522  1.9580250334212468
7.53  1.7899039872833724  1.9609763337824377
7.54  1.7714963627733178  1.9635638937488222
7.55  1.752020007037058  1.9657872333553605
7.5600000000000005  1.7314866700222586  1.9676459401960433
7.57  1.7099087393459163  1.969139669500385
7.58  1.6872992328209881  1.97026814419738
7.59  1.663671790602844  1.9710311549668922
7.6000000000000005  1.6390406669602655  1.9714285602784845
7.61  1.6134207216759384  1.9714602864176691
7.62  1.5868274110816443  1.971126327499583
7.63  1.559276778733575  1.9704267454700772
7.640000000000001  1.5307854457333618  1.969361670094228
7.65  1.5013706007006937  1.9679312989322666
7.66  1.4710499894035378  1.9661358973029341
7.67  1.4398419040522334  1.963975798234266
7.68  1.4077651722639395  1.9614514024018215
7.69  1.3748391457040754  1.9585631780543595
7.7  1.3410836884115906  1.9553116609269876
7.71  1.3065191648151186  1.9516974541417844
7.72  1.2711664274472718  1.9477212280959293
7.73  1.2350468043644658  1.94338372033735
7.74  1.198182086279845  1.938685735427916
7.75  1.1605945134170867  1.9336281447941999
7.76  1.122306762093044  1.928211886565838
7.7700000000000005  1.0833419310373003  1.9224379654015147
7.78  1.0437235274568286  1.916307452302614
7.79  1.0034754528543073  1.9098214844145542
7.8  0.9626219886084713  1.902981264815863
7.8100000000000005  0.9211877813253452  1.895788062295017
7.82  0.8791978279691324  1.888243211115099
7.83  0.8366774607817122  1.8803481107663007
7.84  0.7936523319998641  1.8721042257063356
7.8500000000000005  0.7501483983794671  1.8635130850887958
7.86  0.7061919055359857  1.8545762824795136
7.87  0.6618093721106628  1.8452954755609665
7.88  0.6170275737719981  1.835672385824799
7.890000000000001  0.5718735270621894  1.8257087982525002
7.9  0.5263744730982579  1.815406560984315
7.91  0.48055786113765975  1.8047675849764269
7.92  0.4344513320183322  1.7937938436464962
7.930000000000001  0.38808270148318347  1.7824873725076202
7.94  0.3414799433990724  1.7708502687907541
7.95  0.29467117288032496  1.7588846910557099
7.96  0.2476846293271392  1.7465928587907555
7.97  0.20054865938890698  1.7339770520009292
7.98  0.15329169986290125  1.7210396107851196
7.99  0.10594226053857159  1.7077829349020084
8.0  0.05852890699777524  1.6942094833249315
8.01  0.011080243381351162  1.680321773785771
8.02  -0.03637510486754325  1.6661223823079407
8.03  -0.08380850827293851  1.6516139427285623
8.040000000000001  -0.13119135059806808  1.6367991462099118
8.05  -0.17849504610925981  1.621680740740252
8.06  -0.22569105682159563  1.6062615306240882
8.07  -0.272750909715621  1.590544375962013
8.08  -0.31964621391493764  1.5745321921201858
8.09  -0.3663486778141898  1.5582279491895596
8.1  -0.4128301261472317  1.5416346714349694
8.11  -0.4590625169850451  1.5247554367341505
8.120000000000001  -0.5050179586532235  1.5075933760068316
8.13  -0.5506687265588434  1.490151672633987
8.14  -0.5959872799164994  1.4724335618673399
8.15  -0.6409462783634874  1.4544423302292735
8.16  -0.685518598454037  1.4361813149032012
8.17  -0.7296773500226763  1.4176539031145623
8.18  -0.7733958924069169  1.3988635315025264
8.19  -0.816647850519358  1.3798136854825318
8.2  -0.8594071307595705  1.3605078985997792
8.21  -0.9016479367562258  1.3409497518737903
8.22  -0.9433447849298217  1.3211428731341868
8.23  -0.9844725198667628  1.3010909363477368
8.24  -1.0250063294954563  1.2807976609368916
8.25  -1.0649217600552472  1.2602668110898692
8.26  -1.1041947308491815  1.2395021950624343
8.27  -1.142801548771755  1.218507664471507
8.28  -1.1807189226027799  1.1972871135807381
8.290000000000001  -1.2179239770588  1.1758444785781457
8.3  -1.2543942665936063  1.1541837368460146
8.31  -1.2901077889394654  1.1323089062231166
8.32  -1.3250429983809457  1.1102240442594513
8.33  -1.3591788187532872  1.0879332474636214
8.34  -1.392494656157484  1.0654406505429563
8.35  -1.4249704113844732  1.0427504256365812
8.36  -1.4565864920408254  1.0198667815415234
8.370000000000001  -1.4873238243686897  0.9967939629320219
8.38  -1.5171638647528687  0.9735362495722069
8.39  -1.5460886109080598  0.9500979555222133
8.4  -1.5740806127394789  0.9264834283379938
8.41  -1.6011229828704066  0.9026970482648841
8.42  -1.627199406830213  0.8787432274251166
8.43  -1.6522941528967485  0.8546264089994169
8.44  -1.6763920815872062  0.8303510664028411
8.45  -1.6994786547916505  0.805921702455
8.46  -1.7215399445437498  0.781342848544846
8.47  -1.7425626414234325  0.7566190637901398
8.48  -1.7625340625863575  0.7317549341917756
8.49  -1.7814421594153949  0.7067550717831381
8.5  -1.7992755247894636  0.6816241137746102
8.51  -1.8160233999653599  0.6563667216934338
8.52  -1.8316756810684474  0.6309875805190257
8.53  -1.8462229251882447  0.6054913978139773
8.540000000000001  -1.8596563560752615  0.5798829028508431
8.55  -1.8719678694356543  0.5541668457349231
8.56  -1.8831500378204935  0.528347996523159
8.57  -1.8931961151066778  0.502431144339335
8.58  -1.9021000405668373  0.4764210964857537
8.59  -1.909856442525718  0.4503226775515302
8.6  -1.9164606416008758  0.42414072851768214
8.61  -1.9219086535257197  0.3978801058591773
8.620000000000001  -1.9261971915531895  0.37154568064410365
8.63  -1.9293236684386228  0.3451423376301639
8.64  -1.9312861980006293  0.3186749743585643
8.65  -1.932083596259004  0.29214850024559913
8.66  -1.9317153821490178  0.26556783567199893
8.67  -1.9301817778116392  0.23893791107025308
8.68  -1.9274837084595178  0.21226366601006208
8.69  -1.9236228018188113  0.18555004828211363
8.700000000000001  -1.9186013871471865  0.15880201298029484
8.71  -1.9124224938286023  0.13202452158260392
8.72  -1.9050898495456945  0.10522254103082362
8.73  -1.8966078780308948  0.07840104280921456
8.74  -1.8869816963976298  0.0515650020223708
8.75  -1.8762171120531932  0.024719396472367983
8.76  -1.864320619195182  -0.002130794264553315
8.77  -1.8512993948936  -0.028980589761647302
8.78  -1.8371612947609695  -0.05582500966548187
8.790000000000001  -1.8219148482131  -0.08265907461974775
8.8  -1.8055692533233674  -0.1094778071888477
8.81  -1.7881343712735522  -0.13627623278120216
8.82  -1.769620720404687  -0.16304938057195273
8.83  -1.750039469871395  -0.18979228442500762
8.84  -1.729402432903628  -0.216499983814205
8.85  -1.7077220596798237  -0.24316752474343972
8.86  -1.6850114298158134  -0.2697899606655797
8.870000000000001  -1.6612842444739555  -0.29636235339998895
8.88  -1.636554818097363  -0.32287977404851353
8.89  -1.6108380697740554  -0.3493373039097484
8.9  -1.5841495142364028  -0.3757300353913925
8.91  -1.5565052525012053  -0.40205307292056347
8.92  -1.5279219621560416  -0.4283015338518613
8.93  -1.498416887297808  -0.4544705493730662
8.94  -1.4680078281294917  -0.48055526540824023
8.950000000000001  -1.4367131302213978  -0.5065508435181123
8.96  -1.4045516734434509  -0.5324524617975489
8.97  -1.3715428605750437  -0.5582553157699719
8.98  -1.3377066055995157  -0.583954619278545
8.99  -1.3030633216901706  -0.6095456053739473
9.0  -1.2676339088951754  -0.6350235271985922
9.01  -1.231439741528679  -0.6603836588671221
9.02  -1.1945026552758535  -0.6856212963430082
9.03  -1.1568449340195972  -0.7107317583111045
9.040000000000001  -1.1184892963967814  -0.735710387045971
9.05  -1.0794588820923239  -0.7605525492758403
9.06  -1.0397772378791088  -0.7852536370420464
9.07  -0.9994683034124234  -0.809809068553743
9.08  -0.9585563967873457  -0.8342142890377833
9.09  -0.9170661998677744  -0.8584647715835698
9.1  -0.8750227433960531  -0.8825560179827676
9.11  -0.8324513918921173  -0.9064835595636618
9.120000000000001  -0.7893778283512181  -0.930242958020055
9.13  -0.7458280387495948  -0.9538298062345167
9.14  -0.701828296367301  -0.9772397290958638
9.15  -0.6574051459377079  -1.0004683843107034
9.16  -0.6125853876332662  -1.023511463208873
9.17  -0.567396060897173  -1.0463646915426565
9.18  -0.5218644281306254  -1.0690238302796122
9.19  -0.47601795824562854  -1.091484676388868
9.200000000000001  -0.42988431009320716  -1.113743063620745
9.21  -0.383491315776997  -1.1357948632795312
9.22  -0.3368669638623467  -1.1576359849893427
9.23  -0.29003938249099503  -1.1792623774528257
9.24  -0.2430368224115731  -1.2006700292026318
9.25  -0.19588763993615077  -1.221854969345505
9.26  -0.1486202798330314  -1.242813268298842
9.27  -0.10126325816624493  -1.2635410385195787
9.28  -0.05384514509202942  -1.2840344352253028
9.290000000000001  -0.006394547622609603  -1.3042896571074136
9.3  0.041059907632163384  -1.324302947036216
9.31  0.08848959173506399  -1.3440705927578476
9.32  0.13586589069314114  -1.3635889275828406
9.33  0.18316022272032373  -1.3828543310662729
9.34  0.2303440554805899  -1.4018632296793119
9.35  0.2773889233013648  -1.4206120974720684
9.36  0.324266444346638  -1.4390974567276236
9.370000000000001  0.3709483377395121  -1.457315878607114
9.38  0.41740644062387566  -1.4752639837857249
9.39  0.46361272515484053  -1.4929384430795478
9.4  0.5095393154077651  -1.510335978063091
9.41  0.5551585041955861  -1.5274533616773973
9.42  0.6004427697843505  -1.5442874188286289
9.43  0.645364792496922  -1.5608350269770126
9.44  0.6898974711947302  -1.5770931167160436
9.450000000000001  0.7340139396276809  -1.5930586723418174
9.46  0.7776875826423897  -1.608728732412419
9.47  0.8208920522389338  -1.6241003902972406
9.48  0.8636012834663704  -1.6391707947161254
9.49  0.9057895101475806  -1.6539371502682543
9.5  0.947431280423803  -1.668396717950656
9.51  0.9885014721095416  -1.6825468156662735
9.52  1.0289753078486412  -1.696384818721457
9.53  1.0688283700622694  -1.7099081603128203
9.540000000000001  1.10803661567986  -1.7231143320033575
9.55  1.1465763906441442  -1.7360008841877188
9.56  1.1844244441814658  -1.7485654265466073
9.57  1.2215579428288228  -1.760805628490142
9.58  1.2579544842091248  -1.772719219590165
9.59  1.293592110546373  -1.7843039900013782
9.6  1.328449321912661  -1.795557790871248
9.61  1.3625050891989103  -1.8064785347385943
9.620000000000001  1.3957388668015964  -1.8170641959207954
9.63  1.428130605017729  -1.8273128108895205
9.64  1.4596607621407567  -1.8372224786349585
9.65  1.4903103162498854  -1.846791361018425
9.66  1.5200607766859036  -1.8560176831133202
9.67  1.5488941952064543  -1.864899733534361
9.68  1.5767931768140686  -1.8734358647550184
9.69  1.6037408902504715  -1.8816244934131254
9.700000000000001  1.6297210781507496  -1.8894641006045694
9.71  1.6547180668512815  -1.8969532321650284
9.72  1.6787167758455903  -1.9040904989397132
9.73  1.7017027268822813  -1.9108745770410311
9.74  1.7236620526996629  -1.9173042080941596
9.75  1.7445815053917868  -1.923378199470459
9.76  1.764448464400806  -1.9290954245086929
9.77  1.78325094413086  -1.9344548227240113
9.78  1.8009776011789174  -1.9394554000046602
9.790000000000001  1.817617741178162  -1.9440962287963797
9.8  1.833161325249816  -1.948376448274451
9.81  1.8475989760595528  -1.9522952645033769
9.82  1.8609219834747492  -1.9558519505841434
9.83  1.8731223098192649  -1.959045846789055
9.84  1.8841925947225084  -1.9618763606841045
9.85  1.8941261595598928  -1.9643429672388653
9.86  1.9029170114820109  -1.9664452089238775
9.870000000000001  1.9105598470300766  -1.9681826957955164
9.88  1.9170500553354557  -1.9695551055683214
9.89  1.9223837209013839  -1.9705621836747769
9.9  1.9265576259651498  -1.9712037433125327
9.91  1.9295692524393484  -1.9714796654790536
9.92  1.9314167834310292  -1.9713898989936927
9.93  1.9320991043378117  -1.9709344605071837
9.94  1.9316158035203197  -1.9701134344985558
9.950000000000001  1.9299671725505168  -1.9689269732594596
9.96  1.9271542060358073  -1.9673752968659226
9.97  1.9231786010189948  -1.965458693137524
9.98  1.9180427559544653  -1.963177517584009
9.99  1.9117497692612235  -1.9605321933393451
10.0  1.9043034374536312  -1.9575232110832352
