0.0  3.683970782167073  -1.0727089002569707
0.01  3.605593238326322  -1.0452098258460791
0.02  3.525236963353416  -1.0173734532965903
0.03  3.442953417551031  -0.9892075194411298
0.04  3.358794952878799  -0.9607198532084321
0.05  3.2728147778481267  -0.9319183746100713
0.06  3.185066922269636  -0.9028110937136494
0.07  3.0956062018786623  -0.8734061096013411
0.08  3.004488182863788  -0.8437116093126742
0.09  2.91176914632296  -0.8137358667704174
0.1  2.8175060526712614  -0.7834872416884524
0.11  2.7217565060239344  -0.7529741784604851
0.12  2.6245787185777383  -0.7222052050284674
0.13  2.5260314750132355  -0.6911889317295845
0.14  2.4261740969400294  -0.6599340501206742
0.15  2.3250664074064575  -0.6284493317789401
0.16  2.222768695494689  -0.5967436270778318
0.17  2.119341681021579  -0.5648258639369627
0.18  2.014846479365085  -0.5327050465449529
0.19  1.9093445664354123  -0.5003902540540844
0.2  1.802897743809517  -0.4678906392456768
0.21  1.6955681040469293  -0.4352154271650964
0.22  1.587417996204274  -0.40237391372532977
0.23  1.4785099915652484  -0.3693754642780674
0.24  1.3689068496021688  -0.336229512151264
0.25  1.2586714841845965  -0.30294555715215643
0.26  1.1478669300499034  -0.26953316403474475
0.27  1.0365563095500083  -0.23600196093076262
0.28  0.9248027996878834  -0.20236163774319105
0.29  0.8126695994568073  -0.16862194450139045
0.3  0.7002198974946829  -0.13479268967695374
0.31  0.5875168400651438  -0.10088373845941961
0.32  0.4746234993765138  -0.06690501099100589
0.33  0.3616028422490945  -0.032866480559556405
0.34  0.24851769914060634  0.0012218282510602918
0.35000000000000003  0.1354307335390347  0.03534984145384722
0.36  0.022404411731497986  0.06950743759556086
0.37  -0.09049902704281787  0.10368444973824498
0.38  -0.2032176000482135  0.13787066748603855
0.39  -0.3156896101096392  0.17205583905784005
0.4  -0.42785367426516485  0.20622967340636614
0.41000000000000003  -0.5396487520079964  0.24038184238410779
0.42  -0.6510141731128328  0.27450198295663475
0.43  -0.7618896650418805  0.30857969946365427
0.44  -0.8722153799263564  0.34260456592819305
0.45  -0.9819319211198189  0.3765661284142092
0.46  -1.0909803693201596  0.4104539074329061
0.47000000000000003  -1.1993023082575407  0.4442574003979619
0.48  -1.3068398499460292  0.4779660841298409
0.49  -1.4135356594971533  0.5115694174093027
0.5  -1.5193329794939434  0.5450568435801691
0.51  -1.6241756539245387  0.5784177932013587
0.52  -1.7280081516747325  0.6116416867481445
0.53  -1.8307755895792432  0.6447179373625379
0.54  -1.9324237550318633  0.6776359536526362
0.55  -2.032899128154926  0.7103851425407324
0.56  -2.132148903528879  0.742954912159913
0.5700000000000001  -2.2301210114830488  0.7753346747988233
0.58  -2.3267641389489135  0.807513849894215
0.59  -2.422027749877519  0.8394818670708428
0.6  -2.5158621052228396  0.8712281692282023
0.61  -2.6082182824931666  0.9027422156735605
0.62  -2.699048194872745  0.9340134853006614
0.63  -2.78830460991608  0.965031479813429
0.64  -2.8759411678175013  0.9957857269939402
0.65  -2.961912399258672  1.0262657840138707
0.66  -3.0461737428368703  1.056461240788558
0.67  -3.128681562076966  1.0863617233727816
0.68  -3.20939316203007  1.115956897397277
0.6900000000000001  -3.288266805461896  1.1452364715449677
0.7000000000000001  -3.36526172863394  1.1741902010658098
0.71  -3.440338156680533  1.2028078913291238
0.72  -3.5134573185848983  1.231079401412189
0.73  -3.5845814617572564  1.2589946477238514
0.74  -3.653673866218034  1.2865436076618195
0.75  -3.720698858389138  1.3137163233022742
0.76  -3.785621824496203  1.3405029051203556
0.77  -3.8484092235846297  1.3668935357400458
0.78  -3.909028600152117  1.3928784737118938
0.79  -3.9674485964002675  1.4184480573169962
0.8  -4.023638964107718  1.4435927083955746
0.81  -4.0775705761270915  1.4683029361984472
0.8200000000000001  -4.129215437507884  1.4925693412596444
0.8300000000000001  -4.178546696247253  1.5163826192883523
0.84  -4.2255386536704425  1.5397335650783412
0.85  -4.270166774442422  1.5626130764329615
0.86  -4.312407696212024  1.585012158103762
0.87  -4.352239238889762  1.606921925740732
0.88  -4.389640413560113  1.6283336098521217
0.89  -4.424591431028976  1.6492385597717507
0.9  -4.457073710006594  1.6696282476316782
0.91  -4.487069884926127  1.689494272338062
0.92  -4.514563813397644  1.7088283635479917
0.93  -4.539540583297156  1.727622385645055
0.9400000000000001  -4.561986519489941  1.7458683417113332
0.9500000000000001  -4.581889190187176  1.7635583774935246
0.96  -4.599237412934589  1.7806847853608212
0.97  -4.614021260231542  1.7972400082521678
0.98  -4.626232064778705  1.8132166436104635
0.99  -4.635862424352106  1.8286074473012828
1.0  -4.642906206301178  1.84340533751362
1.01  -4.6473585516679705  1.8576033986401725
1.02  -4.649215878924556  1.8711948851346318
1.03  -4.648475887325267  1.8841732253434387
1.04  -4.645137559870166  1.896532025309443
1.05  -4.639201165875858  1.9082650725448782
1.06  -4.630668263149467  1.9193663397710619
1.07  -4.619541699761366  1.9298299886222006
1.08  -4.605825615411939  1.9396503733106847
1.09  -4.589525442387421  1.9488220442512343
1.1  -4.570647906099656  1.9573397516412556
1.11  -4.5492010252042805  1.965198448994767
1.12  -4.52519411129172  1.9723932966272293
1.1300000000000001  -4.498637768145095  1.978919665088651
1.1400000000000001  -4.469543890558961  1.9847731385422964
1.1500000000000001  -4.43792566271261  1.989949518086358
1.16  -4.40379755609149  1.9944448250159483
1.17  -4.367175326950096  1.9982553040227788
1.18  -4.328076013309615  2.001377426329884
1.19  -4.286517931483371  2.0038078927587955
1.2  -4.242520672123087  2.005543636726548
1.21  -4.196105095778822  2.0065818271699345
1.22  -4.147293327965372  2.0069198713944494
1.23  -4.096108753727866  2.00655541784536
1.24  -4.0425760116992295  2.0054863587983895
1.25  -3.9867209876421423  2.003710832967501
1.26  -3.9285708074681245  2.001227228027325
1.27  -3.8681538297264018  1.9980341830477548
1.28  -3.805499637555188  1.9941305908383329
1.29  -3.7406390300880976  1.9895156002000094
1.3  -3.673604013308491  1.984188618081955
1.31  -3.6044277903445816  1.9781493116411024
1.32  -3.5331447511983054  1.971397610202156
1.33  -3.4597904619010555  1.9639337071158356
1.34  -3.384401653089543  1.9557580615131753
1.35  -3.3070162079952037  1.9468713999537388
1.36  -3.227673149840825  1.9372747179656553
1.37  -3.1464126286381955  1.9269692814754442
1.3800000000000001  -3.063275907380901  1.915956628125631
1.3900000000000001  -2.9783053476266286  1.9042385684782275
1.4000000000000001  -2.891544394463587  1.8918171871021845
1.41  -2.8030375608560423  1.8786948435430144
1.42  -2.712830411364199  1.8648741731727958
1.43  -2.6209695452340878  1.8503580879188837
1.44  -2.5275025788534666  1.8351497768696647
1.45  -2.4324781275701035  1.819252706755799
1.46  -2.3359457868692717  1.8026706223054314
1.47  -2.23795611290773  1.7854075464719354
1.48  -2.1385606024018453  1.767467780532822
1.49  -2.0378116718680728  1.7488559040585054
1.5  -1.9357626362144804  1.7295767747497128
1.51  -1.8324676866824878  1.7096355281423672
1.52  -1.72798186813856  1.6890375771788875
1.53  -1.622361055716163  1.6677886116448877
1.54  -1.5156619308087922  1.645894597470361
1.55  -1.4079419564155686  1.6233617758945074
1.56  -1.299259351841408  1.6001966624934392
1.57  -1.1896730667544506  1.5764060460700864
1.58  -1.0792427546040728  1.5519969874057051
1.59  -0.9680287454034049  1.526976817872472
1.6  -0.8560920178809888  1.5013531379067424
1.61  -0.743494171006901  1.475133815342625
1.62  -0.6302973948992778  1.4483269836056152
1.6300000000000001  -0.5165644411179622  1.4209410397661286
1.6400000000000001  -0.4023585923526971  1.3929846424528416
1.6500000000000001  -0.2877436315139028  1.364466709625855
1.6600000000000001  -0.1727838102350083  1.3353964162097796
1.67  -0.057543816795821545  1.3057831915869282
1.68  0.05791125652268897  1.2756367169508909
1.69  0.173515946641074  1.2449669225208722
1.7  0.28920445342978873  1.2137839846172407
1.71  0.40491067399062125  1.182098322598847
1.72  0.5205682374578227  1.1499205956627565
1.73  0.6361105403048348  1.1172616995071267
1.74  0.7514707821416711  1.0841327628580635
1.75  0.8665820019873702  1.0505451438613715
1.76  0.9813771150010557  1.0165104263402105
1.77  1.0957889496544397  0.9820404159197608
1.78  1.2097502853278423  0.947147136020094
1.79  1.32319389031106  0.9118428237185305
1.8  1.4360525601895908  0.8761399254828686
1.81  1.5482591565961392  0.8400510927769388
1.82  1.6597466463064308  0.8035891775400562
1.83  1.7704481406577472  0.7667672275420023
1.84  1.8802969352678371  0.729598481615285
1.85  1.9892265500312059  0.6920963647664835
1.86  2.0971707693689914  0.6542744831686111
1.87  2.2040636827081315  0.6161466190364686
1.8800000000000001  2.309839725164702  0.5777267253870884
1.8900000000000001  2.414433718405755  0.5390289206874272
1.9000000000000001  2.5177809116633725  0.5000674833915643
1.9100000000000001  2.619817022873923  0.4608568463697315
1.92  2.720478279915125  0.421411591231598
1.93  2.8197014619127496  0.38174644254629286
1.94  2.9174239405883506  0.3418762619617567
1.95  3.0135837216188968  0.3018160422260527
1.96  3.1081194859786265  0.2615809011133753
1.97  3.200970631232996  0.22118607525756406
1.98  3.2920773127541394  0.1806469138959808
1.99  3.381380484826838  0.13997887252670904
2.0  3.4688219416135526  0.09919750648208736
2.0100000000000002  3.5543443579467864  0.05831846442165767
2.02  3.6378913299166116  0.01735748174768867
2.0300000000000002  3.719407415220935  -0.023669626053534454
2.04  3.798838173245774  -0.06474697014133837
2.05  3.8761302048425845  -0.10585859511791704
2.06  3.951231191769392  -0.14698848588977823
2.07  4.0240899357623965  -0.1881205745899449
2.08  4.094656397204489  -0.22923874755741575
2.09  4.162881733356961  -0.27032685237029125
2.1  4.228718336120774  -0.3113687049290025
2.11  4.292119869293411  -0.35234809658592886
2.12  4.3530413052876575  -0.39324880131776035
2.13  4.411438961278361  -0.43405458293679494
2.14  4.467270534743504  -0.47474920233744744
2.15  4.520495138365849  -0.5153164247740799
2.16  4.571073334261693  -0.555740027166338
2.17  4.6189671675032615  -0.5960038054280712
2.18  4.664140198901631  -0.6360915818159132
2.19  4.706557537017187  -0.6759872122935665
2.2  4.746185869365001  -0.7156745939078074
2.21  4.78299349278268  -0.7551376721721982
2.22  4.816950342928794  -0.7943604484544851
2.23  4.84802802288015  -0.8333269873636249
2.24  4.876199830796798  -0.8720214241323945
2.25  4.901440786623962  -0.9104279719914642
2.2600000000000002  4.923727657800741  -0.948530929530921
2.27  4.943038983945788  -0.9863146880450472
2.2800000000000002  4.959355100490916  -1.0237637388563654
2.29  4.972658161234078  -1.0608626806147272
2.3000000000000003  4.982932159783844  -1.0975962265674641
2.31  4.990162949868206  -1.133949211796381
2.32  4.994338264481231  -1.1699066004176066
2.33  4.995447733841829  -1.2054534927401226
2.34  4.993482902139723  -1.2405751323789571
2.35  4.988437243044497  -1.2752569133189626
2.36  4.980306173954455  -1.3094843869251047
2.37  4.969087068962944  -1.3432432688953007
2.38  4.9547792705206515  -1.3765194461517198
2.39  4.937384099773401  -1.4092989836666525
2.4  4.916904865555916  -1.4415681312189161
2.41  4.893346872023013  -1.4733133300769496
2.42  4.866717424900772  -1.5045212196046336
2.43  4.837025836341266  -1.5351786437860626
2.44  4.804283428365531  -1.565272657665365
2.45  4.768503534880543  -1.5947905336978876
2.46  4.729701502257216  -1.6237197680089286
2.47  4.687894688457439  -1.6520480865563936
2.48  4.643102460699525  -1.6797634511937078
2.49  4.595346191652547  -1.7068540656294
2.5  4.544649254151297  -1.7333083812798338
2.5100000000000002  4.491037014424856  -1.7591151030115981
2.52  4.434536823833086  -1.7842631947701422
2.5300000000000002  4.375178009106479  -1.8087418850912957
2.54  4.312991861086333  -1.8325406724923743
2.5500000000000003  4.248011621963314  -1.8556493307396413
2.56  4.180272471013937  -1.8780579139889584
2.57  4.109811508835763  -1.8997567617965425
2.58  4.036667740083508  -1.9207365039967828
2.59  3.9608820547095878  -1.9409880654441922
2.6  3.8824972077139215  -1.9605026706166095
2.61  3.8015577974093953  -1.9792718480768567
2.62  3.718110242210435  -1.9972874347901377
2.63  3.6322027559538825  -2.0145415802945483
2.64  3.543885321762403  -2.03102675072214
2.65  3.4532096644623262  -2.0467357326680804
2.66  3.360229221568906  -2.0616616369055354
2.67  3.2649991128536984  -2.0757979019439685
2.68  3.167576108509731  -2.0891382974286876
2.69  3.068018595931903  -2.1016769273794993
2.7  2.9663865451310363  -2.1134082332664956
2.71  2.8627414728016762  -2.1243269969210195
2.72  2.7571464050647387  -2.1344283432800264
2.73  2.649665838907804  -2.1437077429620754
2.74  2.540365702346737  -2.1521610146733745
2.75  2.429313313334038  -2.159784327442311
2.7600000000000002  2.3165773374402137  -2.16657420268108
2.77  2.202227744336064  -2.1725275160730604
2.7800000000000002  2.086335763104663  -2.1776414992847535
2.79  1.9689738364134115  -2.1819137415011363
2.8000000000000003  1.8502155735773873  -2.1853421907834503
2.81  1.730135702546626  -2.1879251552485077
2.82  1.6088100208509637  -2.1896613040687205
2.83  1.486315345537346  -2.190549668292167
2.84  1.362729462135392  -2.190589641482111
2.85  1.2381310726882426  -2.189780980175502
2.86  1.1125997428867365  -2.188123804160085
2.87  0.9862158483457439  -2.1856185965698707
2.88  0.8590605200628443  -2.182266203798813
2.89  0.7312155891000436  -2.1780678352326506
2.9  0.6027635305304495  -2.1730250627989895
2.91  0.47378740669246233  -2.1671398203358057
2.92  0.3443708097950959  -2.160414402778642
2.93  0.21459780391846833  -2.1528514651669135
2.94  0.0845528664547219  -2.1444540214698122
2.95  -0.04567917096512214  -2.1352254432324322
2.96  -0.17601318201189042  -2.125169458042831
2.97  -0.30636380561963533  -2.1142901478208556
2.98  -0.4366455063199828  -2.1025919469296785
2.99  -0.5667726349015444  -2.090079640111064
3.0  -0.6966594893455501  -2.0767583602455333
3.0100000000000002  -0.8262203759888712  -2.062633585938666
3.02  -0.9553696708648699  -2.047711138934903
3.0300000000000002  -1.0840218811723594  -2.0319971813602984
3.04  -1.2120917068224775  -2.015498212795795
3.0500000000000003  -1.3394941020132982  -1.9982210671826723
3.06  -1.4661443367813976  -1.9801729095619387
3.0700000000000003  -1.5919580584798643  -1.9613612326495207
3.08  -1.7168513531317224  -1.9417938532492196
3.09  -1.8407408066080784  -1.9214789085054678
3.1  -1.9635435655798856  -1.9004248519980627
3.11  -2.0851773981925406  -1.8786404496810973
3.12  -2.205560754412584  -1.8561347756684332
3.13  -2.324612825995681  -1.83291720786814
3.14  -2.442253606025575  -1.8089974234684054
3.15  -2.5584039479736633  -1.7843853942775432
3.16  -2.672985624229316  -1.7590913819207366
3.17  -2.7859213840512034  -1.733125932896348
3.18  -2.897135010890559  -1.7064998734945789
3.19  -3.006551379037358  -1.6792243045814785
3.2  -3.114096509541246  -1.6513105962512398
3.21  -3.2196976253593066  -1.622770382349933
3.22  -3.32328320568349  -1.5936155548737712
3.23  -3.4247830394010004  -1.5638582582451903
3.24  -3.5241282776418386  -1.53351088347
3.25  -3.621251485368088  -1.5025860621789926
3.2600000000000002  -3.7160866919606157  -1.471096660557431
3.27  -3.8085694407594106  -1.439055773165905
3.2800000000000002  -3.89863683751484  -1.4064767166561143
3.29  -3.986227597707727  -1.373373023385178
3.3000000000000003  -4.071282092697424  -1.3397584349321385
3.31  -4.15374239465773  -1.3056468955203813
3.3200000000000003  -4.2335523202616745  -1.2710525453497243
3.33  -4.310657473077217  -1.2359897138420077
3.34  -4.385005284636956  -1.2004729128040281
3.35  -4.456545054146171  -1.1645168295117228
3.36  -4.525227986794506  -1.1281363197195622
3.37  -4.591007230638058  -1.0913464005990998
3.38  -4.653837912019634  -1.0541622436107168
3.39  -4.713677169496318  -1.0165991673125956
3.4  -4.770484186244794  -0.978672630111
3.41  -4.824220220916162  -0.9403982229559622
3.42  -4.874848636913348  -0.9017916619864996
3.43  -4.922334930065611  -0.8628687811295099
3.44  -4.966646754676041  -0.8236455246565036
3.45  -5.007753947919396  -0.7841379397023569
3.46  -5.045628552569031  -0.7443621687502768
3.47  -5.080244838033265  -0.7043344420871664
3.48  -5.111579319682859  -0.6640710702336395
3.49  -5.1396107764529795  -0.6235884363528215
3.5  -5.164320266704407  -0.5829029886422553
3.5100000000000002  -5.185691142330391  -0.5420312327130081
3.52  -5.203709061097064  -0.5009897239603062
3.5300000000000002  -5.218361997206933  -0.4597950599297856
3.54  -5.229640250076524  -0.4184638726836653
3.5500000000000003  -5.237536451320887  -0.37701282117090934
3.56  -5.2420455699392186  -0.33545858360564934
3.5700000000000003  -5.243164915697515  -0.2938178498579357
3.58  -5.24089414070574  -0.25210731386099056
3.59  -5.2352352391886425  -0.21034366603904955
3.6  -5.226192545450919  -0.16854358575986753
3.61  -5.213772730039087  -0.1267237338159743
3.62  -5.197984794103999  -0.0849007449386252
3.63  -5.178840061969553  -0.04309122034853882
3.64  -5.156352171914728  -0.001311720347256809
3.65  -5.13053706517773  0.040421243046846356
3.66  -5.101412973192488  0.08209121341414832
3.67  -5.0690004030694755  0.12368179719701032
3.68  -5.0333221213342165  0.16517667090699428
3.69  -4.994403135938529  0.2065595882722202
3.7  -4.952270676560966  0.24781438732126054
3.71  -4.906954173214512  0.28892499739989985
3.72  -4.858485233181012  0.3298754461171939
3.73  -4.806897616293341  0.3706498662173079
3.74  -4.752227208587702  0.4112325023736758
3.75  -4.694511994349956  0.4516077179020769
3.7600000000000002  -4.633792026581145  0.4917600013892989
3.77  -4.570109395908966  0.5316739732341144
3.7800000000000002  -4.503508197972956  0.5713343920973675
3.79  -4.434034499312893  0.6107261612580356
3.8000000000000003  -4.361736301790794  0.6498343348722169
3.81  -4.28666350557843  0.6886441241320094
3.8200000000000003  -4.208867870743342  0.7271409033214479
3.83  -4.128402977467617  0.7653102157665471
3.84  -4.045324184934762  0.8031377796768109
3.85  -3.9596885889211495  0.8406094938754132
3.86  -3.871554978129722  0.8777114434155259
3.87  -3.780983789304295  0.9144299050802382
3.88  -3.6880370611643714  0.9507513527636376
3.89  -3.592778387200768  0.9866624627306988
3.9  -3.4952728673736626  1.0221501187537156
3.91  -3.395587058755351  1.057201417123106
3.92  -3.2937889251609196  1.0918036715304607
3.93  -3.1899477858107605  1.1259444178219078
3.94  -3.0841342630696746  1.1596114186197781
3.95  -2.976420229307913  1.1927926678108645
3.96  -2.8668787529302713  1.2254763948994323
3.97  -2.755584043619788  1.2576510692234502
3.98  -2.642611396843463  1.2893054040323972
3.99  -2.5280371376673894  1.3204283604252929
4.0  -2.4119385639298723  1.3510091511474969
4.01  -2.2943938888208204  1.3810372442451129
4.0200000000000005  -2.1754821829165416  1.4105023665757512
4.03  -2.0552833157191808  1.4393945071746093
4.04  -1.9338778967503467  1.4677039204749325
4.05  -1.8113472162487174  1.4954211293818955
4.0600000000000005  -1.6877731855215066  1.5225369281991994
4.07  -1.5632382770000277  1.549042385407627
4.08  -1.4378254640491992  1.5749288462950461
4.09  -1.311618160581422  1.6001879354372721
4.1  -1.1847001605248715  1.6248115590294658
4.11  -1.0571555771961987  1.6487919070677124
4.12  -0.9290687826276729  1.672121455380597
4.13  -0.8005243468984884  1.6947929675106626
4.14  -0.671606977519821  1.7167994964456967
4.15  -0.542401458922839  1.7381343861999685
4.16  -0.412992592098862  1.758791273245522
4.17  -0.28346513443995075  1.7787640877938573
4.18  -0.1539037398284435  1.7980470549282663
4.19  -0.024392899023117864  1.8166346955873336
4.2  0.1049831196107745  1.8345218274000747
4.21  0.23414032898094383  1.8517035653733904
4.22  0.3629950817105122  1.8681753224324806
4.23  0.491464128098262  1.883932809815068
4.24  0.6194646735515966  1.8989720373202628
4.25  0.7469144354481032  1.9132893134130808
4.26  0.8737316993822474  1.9268812451856259
4.2700000000000005  0.9998353747546108  1.9397447381760777
4.28  1.1251450496616286  1.9518769960467104
4.29  1.2495810450451468  1.9632755201222207
4.3  1.37306446806143  1.9739381087897252
4.3100000000000005  1.4955172646305042  1.983862856761903
4.32  1.6168622711276575  1.9930481542047664
4.33  1.7370232651799231  2.0014926857316944
4.34  1.855925015531056  2.009195429265354
4.3500000000000005  1.9734933309401814  2.016155654769289
4.36  2.089655108079666  2.0223729228509386
4.37  2.2043383783995507  2.0278470832379973
4.38  2.317472353926366  2.032578273130022
4.39  2.428987471965839  2.0365669154273025
4.4  2.538815438679757  2.039813716839057
4.41  2.646889271508761  2.0423196658730616
4.42  2.7531433404139554  2.0440860307089017
4.43  2.857513407911206  2.0451143569570744
4.44  2.9599366678737793  2.0454064653062307
4.45  3.060351783079602  2.0449644490608883
4.46  3.1586989214813452  2.043790671572007
4.47  3.254919791178281  2.0418877635628596
4.48  3.3489576740704328  2.0392586203526766
4.49  3.4407574581768876  2.0359063989805835
4.5  3.5302656686013485  2.031834515232393
4.51  3.617430497129341  2.0270466405728564
4.5200000000000005  3.7022018304428226  2.0215466989860023
4.53  3.784531276939368  2.015338863726243
4.54  3.8643721921444123  2.0084275539829366
4.55  3.9416797027061383  2.0008174314611544
4.5600000000000005  4.016410728964405  1.9925133968813904
4.57  4.088524006085917  1.983520586401018
4.58  4.157980103759649  1.9738443679602813
4.59  4.224741444447508  1.9634903375556554
4.6000000000000005  4.288772320186676  1.952464315443427
4.61  4.350038907941457  1.9407723422763434
4.62  4.408509283503691  1.9284206751762034
4.63  4.464153433941957  1.9154157837452879
4.64  4.516943268601361  1.9017643460195117
4.65  4.566852628656735  1.8874732443662052
4.66  4.613857295223343  1.8725495613294239
4.67  4.657934996030646  1.857000575425692
4.68  4.699065410665581  1.8408337568931012
4.69  4.737230174393252  1.8240567633966533
4.7  4.772412880564017  1.8066774356927624
4.71  4.804599081617165  1.7887037932557857
4.72  4.833776288692413  1.7701440298694997
4.73  4.859933969861727  1.7510065091863742
4.74  4.883063546994945  1.731299760257525
4.75  4.90315839127379  1.7110324730361515
4.76  4.920213817369905  1.6902134938573405
4.7700000000000005  4.934227076303605  1.6688518208970138
4.78  4.9451973470008825  1.646956599612813
4.79  4.953125726567391  1.624537118169692
4.8  4.958015219298858  1.6016028028529472
4.8100000000000005  4.959870724448354  1.5781632134714174
4.82  4.958699022771822  1.554228038753527
4.83  4.954508761873872  1.529807091738813
4.84  4.947310440376917  1.5049103051675778
4.8500000000000005  4.937116390937304  1.4795477268712487
4.86  4.923940762132954  1.4537295151659935
4.87  4.907799499247653  1.427465934252099
4.88  4.888710323977876  1.4007673496215887
4.89  4.866692713088626  1.373644223476527
4.9  4.841767876045369  1.3461071101603805
4.91  4.81395873164976  1.3181666516047996
4.92  4.783289883707321  1.2898335727941053
4.93  4.749787595755799  1.26111867724974
4.94  4.713479764883336  1.2320328425369065
4.95  4.674395894666056  1.2025870157955352
4.96  4.632567067255006  1.1727922092976812
4.97  4.588025914642821  1.1426594960334127
4.98  4.540806589140686  1.112200005327202
4.99  4.4909447330966215  1.0814249184867624
5.0  4.438477447886114  1.050345464486205
5.01  4.38344326220658  1.0189729156853662
5.0200000000000005  4.325882099707175  0.9873185835870989
5.03  4.265835245985615  0.955393814634236
5.04  4.203345314983752  0.923209986047864
5.05  4.138456214813876  0.8907785017085759
5.0600000000000005  4.0712131130474845  0.8581107880821623
5.07  4.001662401498488  0.8252182901913193
5.08  3.9298516605326443  0.7921124676346928
5.09  3.8558296229350297  0.7588047906547237
5.1000000000000005  3.7796461373671595  0.7253067362554932
5.11  3.701352131445405  0.691629784371898
5.12  3.620999574471909  0.6577854140912388
5.13  3.538641439849295  0.6237850999284067
5.14  3.4543316672101243  0.589640308155682
5.15  3.3681251242916384  0.5553624931880992
5.16  3.280077568586405  0.5209630940253762
5.17  3.190245608798717  0.4864535307511657
5.18  3.0986866661366506  0.4518452010905216
5.19  3.005458935469125  0.41714947702620864
5.2  2.910621346376905  0.38237770147462713
5.21  2.8142335241260827  0.34754118502184306
5.22  2.7163557505922302  0.3126512027203779
5.23  2.6170489251628517  0.27771899094712466
5.24  2.5163745256452796  0.24275574432290967
5.25  2.4143945692065794  0.20777261269395797
5.26  2.3111715733718348  0.1727806981756293
5.2700000000000005  2.2067685171060623  0.13779105225862487
5.28  2.1012488020050935  0.10281467297782437
5.29  1.994676213619536  0.06786250214388047
5.3  1.8871148829358484  0.03294542263763327
5.3100000000000005  1.778629248037715  -0.0019257442326668095
5.32  1.6692840159702182  -0.036740241311410335
5.33  1.5591441248287619  -0.07148737811305461
5.34  1.4482747060940921  -0.10615653327708016
5.3500000000000005  1.3367410472340358  -0.140737156960748
5.36  1.224608554591845  -0.17521877316987633
5.37  1.1119427165803644  -0.20959098202808082
5.38  0.9988090672008362  -0.24384346198472454
5.39  0.8852731499038933  -0.2779659719621226
5.4  0.7714004818102171  -0.3119483534424218
5.41  0.6572565183071549  -0.34578053249473695
5.42  0.542906618037041  -0.3794525217430944
5.43  0.42841600829249643  -0.4129544222758018
5.44  0.31384975083277705  -0.4462764254969239
5.45  0.19927270813502868  -0.4794088149205915
5.46  0.08474951009313872  -0.5123419679088783
5.47  -0.02965547882328129  -0.5450663573540294
5.48  -0.14387819193863413  -0.5775725533058993
5.49  -0.25785489225862895  -0.6098512245454256
5.5  -0.3715222038653448  -0.6418931401051267
5.51  -0.4848171428104097  -0.6736891707374456
5.5200000000000005  -0.597677147497583  -0.7052302903320046
5.53  -0.7100401085467352  -0.7365075772826979
5.54  -0.8218443981318797  -0.7675122158057552
5.55  -0.9330288987862478  -0.798235497209702
5.5600000000000005  -1.0435330316686062  -0.8286688211184005
5.57  -1.1532967842851467  -0.8588036966482351
5.58  -1.2622607376621742  -0.8886317435405813
5.59  -1.3703660929653187  -0.9181446932507266
5.6000000000000005  -1.4775546975616807  -0.9473343899943716
5.61  -1.5837690705216887  -0.9761927917529366
5.62  -1.688952427558401  -1.0047119712388621
5.63  -1.7930487054021098  -1.032884116822141
5.64  -1.8960025856088316  -1.0607015334192635
5.65  -1.9977595178019  -1.0881566433458771
5.66  -2.098265742346157  -1.1152419871343404
5.67  -2.1974683124548156  -1.1419502243175288
5.68  -2.2953151157295655  -1.1682741341800327
5.69  -2.391754895134921  -1.1942066164781053
5.7  -2.4867372694080445  -1.219740692129579
5.71  -2.580212752906147  -1.2448695038750448
5.72  -2.6721327748933854  -1.2695863169115544
5.73  -2.762449698269906  -1.2938845195000863
5.74  -2.85111683774595  -1.317757623548062
5.75  -2.9380884774642855  -1.3411992651681455
5.76  -3.0233198880743024  -1.3642032052145978
5.7700000000000005  -3.106767343261787  -1.38676332979837
5.78  -3.188388135738314  -1.4088736507821957
5.79  -3.268140592694565  -1.4305283062568976
5.8  -3.345984090722113  -1.4517215610000578
5.8100000000000005  -3.4218790702084214  -1.4724478069182876
5.82  -3.495787049209783  -1.4927015634742014
5.83  -3.567670636807482  -1.5124774780992867
5.84  -3.6374935459521573  -1.5317703265937437
5.8500000000000005  -3.705220605801682  -1.5505750135144387
5.86  -3.770817773558005  -1.5688865725519956
5.87  -3.834252145808377  -1.5867001668981338
5.88  -3.895491969376364  -1.6040110896042097
5.89  -3.954506651688294  -1.6208147639320236
5.9  -4.011266770660632  -1.6371067436978086
5.91  -4.065744084113735  -1.6528827136103534
5.92  -4.117911538717638  -1.6681384896041878
5.93  -4.167743278475207  -1.6828700191686572
5.94  -4.215214652748072  -1.6970733816737762
5.95  -4.260302223830685  -1.7107447886936145
5.96  -4.302983774077756  -1.7238805843280316
5.97  -4.343238312590025  -1.7364772455234505
5.98  -4.3810460814635395  -1.748531382393398
5.99  -4.4163885616070875  -1.760039738539435
6.0  -4.449248478132606  -1.7709991913731216
6.01  -4.47960980532296  -1.781406752439569
6.0200000000000005  -4.507457771181473  -1.7912595677431216
6.03  -4.532778861567272  -1.8005549180756628
6.04  -4.555560823920424  -1.8092902193479907
6.05  -4.5757926705804906  -1.8174630229246662
6.0600000000000005  -4.593464681701983  -1.8250710159626977
6.07  -4.608568407769943  -1.8321120217543858
6.08  -4.6210966717186235  -1.8385840000745954
6.09  -4.631043570655951  -1.844485047532676
6.1000000000000005  -4.638404477196266  -1.8498133979292264
6.11  -4.643176040403484  -1.8545674226178308
6.12  -4.6453561863466195  -1.8587456308718566
6.13  -4.644944118269273  -1.8623466702563598
6.140000000000001  -4.641940316374444  -1.8653693270050928
6.15  -4.6363465372257275  -1.8678125264025627
6.16  -4.628165812765668  -1.8696753331710518
6.17  -4.617402448951744  -1.870956951862447
6.18  -4.604062024010217  -1.8716567272546898
6.19  -4.5881513863076995  -1.871774144752618
6.2  -4.569678651840126  -1.871308830792908
6.21  -4.548653201338406  -1.8702605532527896
6.22  -4.525085676989873  -1.86862922186216
6.23  -4.498987978774282  -1.8664148886186784
6.24  -4.470373260412881  -1.8636177482053689
6.25  -4.439255924928774  -1.8602381384102278
6.26  -4.405651619816628  -1.8562765405472734
6.2700000000000005  -4.369577231819391  -1.8517335798784456
6.28  -4.331050881309568  -1.8466100260357163
6.29  -4.290091916272259  -1.840906793442706
6.3  -4.24672090588709  -1.8346249417351088
6.3100000000000005  -4.200959633705731  -1.8277656761791388
6.32  -4.152831090421777  -1.8203303480872013
6.33  -4.1023594662292595  -1.8123204552299224
6.34  -4.04957014276617  -1.8037376422436786
6.3500000000000005  -3.9944896846390425  -1.794583701032684
6.36  -3.9371458305245377  -1.7848605711646797
6.37  -3.8775674838437815  -1.7745703402592286
6.38  -3.8157847030052836  -1.7637152443675874
6.390000000000001  -3.751828691211868  -1.7522976683430864
6.4  -3.6857317858271963  -1.740320146200935
6.41  -3.6175274472972996  -1.7277853614663032
6.42  -3.5472502476224816  -1.714696147509538
6.43  -3.4749358583748977  -1.7010554878673234
6.44  -3.4006210382572415  -1.6868665165485743
6.45  -3.3243436201977383  -1.6721325183238165
6.46  -3.246142497976807  -1.6568569289968011
6.47  -3.1660576123809197  -1.6410433356570424
6.48  -3.084129936878896  -1.624695476912004
6.49  -3.000401462816323  -1.6078172430975823
6.5  -2.9149151841236414  -1.5904126764655369
6.51  -2.827715081533697  -1.572485971346504
6.5200000000000005  -2.738846106304579  -1.5540414742872333
6.53  -2.648354163443995  -1.5350836841606263
6.54  -2.556286094431005  -1.515617252247176
6.55  -2.4626896594321352  -1.4956469822863916
6.5600000000000005  -2.3676135190080196  -1.475177830496786
6.57  -2.271107215307773  -1.4542149055629932
6.58  -2.1732211527481833  -1.4327634685885398
6.59  -2.07400657817521  -1.410828933012894
6.6000000000000005  -1.973515560505548  -1.3884168644912598
6.61  -1.8718009698463782  -1.3655329807357546
6.62  -1.768916456091746  -1.3421831513164424
6.63  -1.664916426994393  -1.3183733974208607
6.640000000000001  -1.5598560257122513  -1.29410989157051
6.65  -1.4537911078291983  -1.2693989572929743
6.66  -1.3467782178501524  -1.2442470687481435
6.67  -1.2388745651709592  -1.2186608503072311
6.68  -1.1301379995239638  -1.1926470760830752
6.69  -1.0206269859009076  -1.1662126694104253
6.7  -0.9104005789548477  -1.1393647022748001
6.71  -0.7995183968834717  -1.1121103946885338
6.72  -0.6880405947972202  -1.0844571140127495
6.73  -0.5760278375751994  -1.0564123742238494
6.74  -0.46354127221327474  -1.0279838351233184
6.75  -0.3506424996689032  -0.9991793014894819
6.76  -0.2373935462079365  -0.9700067221700698
6.7700000000000005  -0.12385683425922883  -0.9404741891142646
6.78  -0.01009515278350731  -0.9105899363431547
6.79  0.10382837283643692  -0.8803623388573367
6.8  0.21785031137654948  -0.8497999114806225
6.8100000000000005  0.3319069568149366  -0.8189113076387221
6.82  0.445934359828947  -0.7877053180718523
6.83  0.5598683597362437  -0.756190869480256
6.84  0.6736446168695582  -0.7243770231016793
6.8500000000000005  0.7871986453741429  -0.6922729732198498
6.86  0.9004658464162549  -0.6598880456030577
6.87  1.0133815417903347  -0.6272316958719997
6.88  1.1258810079118395  -0.5943135077960995
6.890000000000001  1.2378995101821382  -0.5611431915175263
6.9  1.349372337710736  -0.5277305817022013
6.91  1.4602348383802974  -0.4940856356171358
6.92  1.5704224542382512  -0.460218431133517
6.93  1.6798707571986142  -0.4261391646549436
6.94  1.7885154850371376  -0.39185814897035465
6.95  1.8962925776617574  -0.3573858110311512
6.96  2.003138213639968  -0.32273268965215346
6.97  2.1089888469639986  -0.28790943313606127
6.98  2.213781244034006  -0.2529267968211242
6.99  2.3174525208388537  -0.21779564055179934
7.0  2.419940180313437  -0.18252692607223697
7.01  2.5211821498508504  -0.14713171434252925
7.0200000000000005  2.621116818947111  -0.11162116277763154
7.03  2.7196830769555453  -0.0760065224090532
7.04  2.8168203509273475  -0.040299134969294936
7.05  2.912468643514256  -0.004510429899322738
7.0600000000000005  3.006568570908754  0.03134807872080783
7.07  3.099061400796623  0.06726479531781668
7.08  3.18988909029621  0.10322804604731242
7.09  3.278994323858213  0.13922608209159676
7.1000000000000005  3.3663205510994296  0.17524708303279027
7.11  3.4518120245431003  0.2112791603006641
7.12  3.5354138372387354  0.2473103606946036
7.13  3.6170719602330914  0.2833286699789964
7.140000000000001  3.6967332798640538  0.31932201655128034
7.15  3.7743456348487805  0.35527827518184213
7.16  3.849857853137122  0.39118527082488874
7.17  3.9232197885006355  0.42703078249932036
7.18  3.9943823568279058  0.4628025472385612
7.19  4.063297572096055  0.49848826410828584
7.2  4.129918581988334  0.5340755982908265
7.21  4.194199703127491  0.5695521852351272
7.22  4.256096455894358  0.6049056348708136
7.23  4.315565598801048  0.6401235358851176
7.24  4.372565162387969  0.6751934600611605
7.25  4.427054482613828  0.7101029666761378
7.26  4.478994233707756  0.7448396069578137
7.2700000000000005  4.528346460452672  0.7793909285976875
7.28  4.575074609868927  0.8137444803191451
7.29  4.619143562267594  0.8478878164988466
7.3  4.6605196616425175  0.881808501839511
7.3100000000000005  4.699170745370583  0.9154941160922028
7.32  4.735066173189768  0.948932258826179
7.33  4.7681768554248  0.9821105542443018
7.34  4.798475280430277  1.0150166560419331
7.3500000000000005  4.8259355412216  1.0476382523071703
7.36  4.850533361264247  1.0799630704602474
7.37  4.872246119392308  1.1119788822298882
7.38  4.89105287382747  1.1436735086642449
7.390000000000001  4.9069343852702065  1.175034825174151
7.4  4.919873139035253  1.2060507666062006
7.41  4.9298533662039485  1.2367093323432847
7.42  4.936861063766588  1.2669985914299837
7.43  4.940884013728412  1.2969066877203532
7.44  4.941911801153492  1.3264218450454306
7.45  4.939935831121373  1.3555323723978399
7.46  4.934949344571992  1.3842266691308316
7.47  4.926947433015056  1.4124932301689617
7.48  4.915927052080815  1.4403206512277045
7.49  4.901887033889927  1.4676976340391248
7.5  4.884828098220807  1.4946129915808184
7.51  4.864752862453819  1.5210556533051778
7.5200000000000005  4.841665850272381  1.5470146703661254
7.53  4.815573499102042  1.572479220840303
7.54  4.786484166269311  1.5974386149398068
7.55  4.754408133863327  1.621882300213396
7.5600000000000005  4.719357612283937  1.645799866733205
7.57  4.681346742461141  1.6691810522638504
7.58  4.640391596731717  1.692015747410914
7.59  4.596510178359846  1.7142940007456606
7.6000000000000005  4.549722419689755  1.7360060239029016
7.61  4.500050178919365  1.7571421966488874
7.62  4.447517235485145  1.7776930719160848
7.63  4.392149284049434  1.7976493808016762
7.640000000000001  4.33397392708272  1.8170020375266498
7.65  4.273020666034497  1.8357421443523065
7.66  4.209320891087519  1.853860996451038
7.67  4.142907869491548  1.8713500867281718
7.68  4.0738167324738255  1.8882011105917693
7.69  4.002084460724754  1.9044059706671748
7.7  3.9277498684587986  1.9199567814531928
7.71  3.850853586051268  1.9348458739167336
7.72  3.7714380412536435  1.94906580002279
7.73  3.6895474389910166  1.96260933719663
7.74  3.605227739746464  1.9754694927151009
7.75  3.518526636538526  1.9876395080239546
7.76  3.4294935304996756  1.9991128629781236
7.7700000000000005  3.3381795050642196  2.009883280001901
7.78  3.24463729877606  2.0199447281660157
7.79  3.14892127672774  2.0292914271786002
7.8  3.0510874006435738  2.0379178512870864
7.8100000000000005  2.95119319762102  2.0458187330881046
7.82  2.8492977275457125  2.052989067242483
7.83  2.745461549196918  2.0594241140925025
7.84  2.639746685061472  2.065119403178553
7.8500000000000005  2.532216584875542  2.070070736652457
7.86  2.4229360879148434  2.0742741925846766
7.87  2.311971384055238  2.077726128162756
7.88  2.1993899736268716  2.080423182778323
7.890000000000001  2.0852606260862787  2.0823622810000817
7.9  1.969653337532119  2.0835406354302397
7.91  1.852639287091419  2.083955749441897
7.92  1.7342907922044004  2.0836054197949565
7.930000000000001  1.6146812628370608  2.082487739128195
7.94  1.4938851546522538  2.08060109832518
7.95  1.371977921170274  2.07794418875179
7.96  1.2490359649520908  2.074516004363151
7.97  1.1251365878389095  2.0703158436778772
7.98  1.0003579402826548  2.065343311617567
7.99  0.8747789698034931  2.05959832120959
8.0  0.7484793686111384  2.0530810951512324
8.01  0.6215395204278482  2.045792167233403
8.02  0.49404044655187696  2.0377323836221257
8.03  0.36606375120112683  2.0289029039961455
8.040000000000001  0.23769156617748335  2.019305202539053
8.05  0.10900649489362857  2.00894106878441
8.06  -0.01990844419602994  1.9978126083124224
8.07  -0.14896987471664766  1.9859222432968406
8.08  -0.2780941200030859  1.973272712900801
8.09  -0.4071972611942742  1.9598670735204116
8.1  -0.5361951957468262  1.9457086988750254
8.11  -0.6650036963218728  1.930801279943163
8.120000000000001  -0.7935384699992005  1.9151488247431907
8.13  -0.9217152177714475  1.8987556579579206
8.14  -1.049449694271416  1.8816264204023847
8.15  -1.1766577676843226  1.8637660683341881
8.16  -1.3032554797970521  1.8451798726058466
8.17  -1.4291591061358724  1.8258734176586966
8.18  -1.5542852161435134  1.805852600357988
8.19  -1.6785507333468073  1.7851236286689316
8.2  -1.801872995465335  1.7636930201735257
8.21  -1.9241698144116324  1.7415676004280967
8.22  -2.045359536133228  1.7187545011615972
8.23  -2.165361100247125  1.6952611583147623
8.24  -2.284094099416414  1.6710953099204087
8.25  -2.40147883841986  1.6462649938251612
8.26  -2.5174363928644867  1.6207785452530636
8.27  -2.631888667491694  1.594644594211572
8.28  -2.744758454027643  1.567872062740597
8.290000000000001  -2.855969488528512  1.540470162005292
8.3  -2.9654465081719623  1.5124483892334666
8.31  -3.0731153074462294  1.4838165244984352
8.32  -3.1789027936884042  1.4545846273484873
8.33  -3.282737041924286  1.4247630332839805
8.34  -3.3845473489624505  1.3943623500833473
8.35  -3.4842642866955003  1.3633934539792867
8.36  -3.5818197545624377  1.3318674856866162
8.370000000000001  -3.6771470311263026  1.2997958462832533
8.38  -3.7701808247219972  1.2671901929459959
8.39  -3.860857323130101  1.2340624345427247
8.4  -3.949114242232868  1.2004247270829176
8.41  -4.0348908736095375  1.166289469028344
8.42  -4.118128131029126  1.131669296465908
8.43  -4.198768595799337  1.0965770781447743
8.44  -4.276756560931425  1.0610259103798843
8.45  -4.352038074081675  1.025029111824202
8.46  -4.424560979231258  0.9886002181119876
8.47  -4.494274957066966  0.9517529763755953
8.48  -4.561131564026964  0.9145013396382422
8.49  -4.625084269976103  0.8768594610854459
8.5  -4.686088494477025  0.8388416882177928
8.51  -4.744101641624218  0.8004625568878054
8.52  -4.79908313340949  0.7617367852237973
8.53  -4.8509944415884165  0.7226792674436037
8.540000000000001  -4.8997991180188984  0.6833050675612794
8.55  -4.945462823443897  0.6436294129897787
8.56  -4.98795335469213  0.6036676880428333
8.57  -5.027240670271522  0.5634354273392113
8.58  -5.0632969143319  0.5229483091127605
8.59  -5.0960964389746035  0.4822221484314903
8.6  -5.125615824888338  0.4412728903291768
8.61  -5.151833900291843  0.40011660285308087
8.620000000000001  -5.174731758165626  0.3587694700311435
8.63  -5.1942927717563565  0.3172477847625537
8.64  -5.210502608339212  0.27556794163506726
8.65  -5.223349241224775  0.23374642967303655
8.66  -5.232822959998886  0.19179982501989568
8.67  -5.2389163789852216  0.1497447835588424
8.68  -5.241624443922059  0.10759803347567412
8.69  -5.240944436846229  0.06537636776776388
8.700000000000001  -5.236875979178858  0.023096636702975543
8.71  -5.2294210330091255  -0.019224259767213703
8.72  -5.218583900573828  -0.061569379636629215
8.73  -5.204371221932196  -0.10392174651103765
8.74  -5.186791970836993  -0.14626435730843157
8.75  -5.165857448804538  -0.18858018998895557
8.76  -5.141581277387898  -0.23085221131007555
8.77  -5.113979388659168  -0.2730633846029867
8.78  -5.083070013908207  -0.31519667756595143
8.790000000000001  -5.048873670566979  -0.3572350700702764
8.8  -5.011413147370101  -0.39916156197479125
8.81  -4.970713487763776  -0.4409591809444695
8.82  -4.9268019715769675  -0.48261099026893095
8.83  -4.879708094970127  -0.5241000966765746
8.84  -4.829463548678283  -0.5654096581399465
8.85  -4.776102194566955  -0.606522891668178
8.86  -4.7196600405207265  -0.6474230810821213
8.870000000000001  -4.660175213685839  -0.6880935847678512
8.88  -4.597687932089766  -0.7285178434043469
8.89  -4.532240474661752  -0.7686793876609975
8.9  -4.463877149680316  -0.8085618458606842
8.91  -4.392644261674547  -0.8481489516042175
8.92  -4.318590076807759  -0.8874245513517989
8.93  -4.24176478677314  -0.9263726119574511
8.94  -4.162220471232624  -0.9649772281520351
8.950000000000001  -4.08001105883111  -1.0032226299708507
8.96  -3.995192286819809  -1.0410931901215772
8.97  -3.9078216593232726  -1.0785734312884958
8.98  -3.8179584042862733  -1.1156480333688852
8.99  -3.7256634291374633  -1.1523018406376069
9.0  -3.630999275207995  -1.1885198688357825
9.01  -3.534030070944486  -1.2242873121797468
9.02  -3.4348214839563673  -1.2595895502862064
9.03  -3.3334406719390133  -1.2944121550098637
9.040000000000001  -3.2299562325147444  -1.3287408971896568
9.05  -3.1244381520348807  -1.3625617532997372
9.06  -3.016957753386476  -1.3958609120017242
9.07  -2.907587642848949  -1.4286247805942864
9.08  -2.7964016560456195  -1.4608399913566783
9.09  -2.6834748030366486  -1.4924934077826226
9.1  -2.5688832126001997  -1.5235721307010135
9.11  -2.4527040757492347  -1.5540635042801485
9.120000000000001  -2.3350155885322788  -1.5839551219120926
9.13  -2.215896894166546  -1.613234831973854
9.14  -2.0954280245525148  -1.6418907434623646
9.15  -1.973689841219743  -1.66991123149991
9.16  -1.8507639757536412  -1.697284942707162
9.17  -1.7267327697534454  -1.7240008004407823
9.18  -1.601679214372182  -1.750048009892672
9.19  -1.4756868894890944  -1.7754160630481897
9.200000000000001  -1.3488399025657225  -1.800094743500493
9.21  -1.2212228272367636  -1.8240741311184665
9.22  -1.0929206416866972  -1.847344606565722
9.23  -0.9640186668636408  -1.8698968556680853
9.24  -0.8346025045816995  -1.8917218736274013
9.25  -0.7047579755626934  -1.9128109690792237
9.26  -0.5745710574686284  -1.9331557679923477
9.27  -0.4441278229756494  -1.952748217408054
9.28  -0.3135143779402385  -1.9715805890170648
9.290000000000001  -0.18281679970798015  -1.9896454825724068
9.3  -0.052121075615377405  -2.006935829136334
9.31  0.07848695826609262  -2.0234448941596694
9.32  0.20892167809368303  -2.0391662803919877
9.33  0.33909773287628026  -2.0540939306211277
9.34  0.46893010470788865  -2.068222130240724
9.35  0.5983341685639337  -2.081545509644449
9.36  0.727225751612734  -2.0940590464457984
9.370000000000001  0.8555211919958472  -2.1057580675224123
9.38  0.983137397030831  -2.1166382508839052
9.39  1.1099919007914638  -2.1266956273624555
9.4  1.2360029210204448  -2.135926582125339
9.41  1.361089415331111  -2.1443278560088057
9.42  1.4851711366548657  -2.1518965466728
9.43  1.6081686878925352  -2.158630109576087
9.44  1.7300035757282008  -2.1645263587714747
9.450000000000001  1.8505982635653515  -2.169583467520976
9.46  1.9698762235459075  -2.173799968730761
9.47  2.0877619876142064  -2.177174755205992
9.48  2.204181197588067  -2.1797070797256057
9.49  2.3190606542013743  -2.181396554937318
9.5  2.43232836508271  -2.1822431530731854
9.51  2.543913591636203  -2.182247205486163
9.52  2.6537468947918543  -2.181409402008244
9.53  2.761760179593484  -2.1797307901308085
9.540000000000001  2.8678867385942173  -2.177212774007987
9.55  2.972061294029986  -2.1738571132838884
9.56  3.074220038743433  -2.1696659217446825
9.57  3.1743006758312293  -2.164641665796617
9.58  3.2722424569896367  -2.1587871627711523
9.59  3.3679862195342327  -2.1521055790585035
9.6  3.4614744220708524  -2.1446004280709783
9.61  3.5526511787966033  -2.1362755680375773
9.620000000000001  3.641462292410697  -2.1271351996314793
9.63  3.727855285616381  -2.1171838634320546
9.64  3.811779431196813  -2.106426437223201
9.65  3.8931857806487096  -2.094868133129881
9.66  3.9720271913592304  -2.082514494594796
9.67  4.048258352313047  -2.0693713931973026
9.68  4.121835808317648  -2.055445025316653
9.69  4.192717982736541  -2.0407419086418512
9.700000000000001  4.26086519872139  -2.0252688785304116
9.71  4.326239698935303  -2.009033084218433
9.72  4.388805663761349  -1.9920419848844788
9.73  4.448529227991189  -1.974303345569838
9.74  4.505378495990533  -1.9558252329577903
9.75  4.559323555339302  -1.9366160110146582
9.76  4.610336488945855  -1.916684336495359
9.77  4.658391385635807  -1.896039154316437
9.78  4.703464349217606  -1.8746896927994294
9.790000000000001  4.745533506028116  -1.8526454587876235
9.8  4.784579010962842  -1.82991623263933
9.81  4.8205830519968895  -1.8065120631006877
9.82  4.853529853203768  -1.782443262061386
9.83  4.883405676280689  -1.7577203991964305
9.84  4.910198820590036  -1.7323542964973306
9.85  4.933899621728136  -1.706356022696138
9.86  4.954500448633478  -1.6797368875856846
9.870000000000001  4.9719956992478185  -1.6525084362395517
9.88  4.986381794744757  -1.624682443135366
9.89  4.997657172341527  -1.596270906184829
9.9  5.0058222767107745  -1.5672860406743327
9.91  5.0108795500103325  -1.5377402731196337
9.92  5.012833420549911  -1.507646235038373
9.93  5.0116902901147435  -1.4770167566442105
9.94  5.0074585199672175  -1.4458648604662327
9.950000000000001  5.000148415548425  -1.4142037548975745
9.96  4.989772209902661  -1.3820468276769866
9.97  4.97634404584857  -1.349407639307173
9.98  4.959879956921773  -1.316299916413933
9.99  4.940397847114444  -1.2827375450498228
10.0  4.9179174694382315  -1.2487345639463288
