0.0  3.9572235417186206  -1.1408089469961826
0.01  3.883113629549766  -1.1090773417850057
0.02  3.8066544637705517  -1.0769551549403087
0.03  3.7278923015829006  -1.0444536988708275
0.04  3.64687479348369  -1.0115844195518109
0.05  3.5636509544365707  -0.9783588924941145
0.06  3.4782711342182946  -0.9447888186676738
0.07  3.3907869869574903  -0.9108860203807974
0.08  3.3012514398843154  -0.8766624371167271
0.09  3.2097186613098945  -0.8421301213289322
0.1  3.1162440278549104  -0.8073012341966215
0.11  3.02088409094718  -0.7721880413419633
0.12  2.923696542608475  -0.7368029085105252
0.13  2.8247401805513013  -0.7011582972164532
0.14  2.724074872606738  -0.6652667603539243
0.15  2.6217615205048617  -0.6291409377764177
0.16  2.517862023029675  -0.592793551845362
0.17  2.4124392385708213  -0.5562374029497256
0.18  2.3055569470947495  -0.5194853649981294
0.19  2.197279811558325  -0.48255038088506497
0.2  2.087673338788245  -0.4454454579328221
0.21  1.976803839849918  -0.40818366331072475
0.22  1.8647383899297802  -0.3707781194332911
0.23  1.751544787755333  -0.3332419993389375
0.24  1.637291514577434  -0.29558852205085573
0.25  1.522047692739675  -0.2578309479216946
0.26  1.4058830438599006  -0.21998257396368748
0.27  1.2888678466491692  -0.18205672916586813
0.28  1.1710728943936777  -0.14406676980002708
0.29  1.052569452125375  -0.10602607471705972
0.3  0.933429213507168  -0.06794804063536009
0.31  0.8137242574588144  -0.029846077422926
0.32  0.6935270045497335  0.008266396625167927
0.33  0.5729101731851265  0.046375959512267806
0.34  0.45194673561190246  0.08446919026693633
0.35000000000000003  0.33070987377103744  0.1225326736693928
0.36  0.20927293502306732  0.16055300497592395
0.37  0.08770938777350423  0.19851679463960703
0.38  -0.0339072229749795  0.23641067302568064
0.39  -0.15550332011670553  0.27422129511990456
0.4  -0.2770053389565694  0.3119353452282455
0.41000000000000003  -0.39833977171610835  0.3495395416662409
0.42  -0.5194332120051373  0.3870206414363845
0.43  -0.640212399232047  0.42436544489188577
0.44  -0.760604262925892  0.4615608003851661
0.45  -0.8805359669434556  0.4985936088994476
0.46  -0.9999349535345567  0.5354508286618092
0.47000000000000003  -1.1187289872389246  0.5721194797360828
0.48  -1.2368461985880839  0.6085866485939722
0.49  -1.35421512758584  0.6448394926627861
0.5  -1.4707647669410069  0.6808652448481819
0.51  -1.5864246050262765  0.7166512180303284
0.52  -1.7011246685372057  0.7521848095319038
0.53  -1.8147955648255165  0.7874535055563586
0.54  -1.9273685238811158  0.8224448855948727
0.55  -2.0387754399374165  0.8571466268004639
0.56  -2.1489489126747934  0.8915465083277002
0.5700000000000001  -2.25782228799726  0.9256324156364917
0.58  -2.3653296983576744  0.9593923447584443
0.59  -2.4714061026071  0.9928144065242759
0.6  -2.575987325344186  1.0258868307508011
0.61  -2.679010095740795  1.058597970386013
0.62  -2.7804120858203643  1.0909363056108052
0.63  -2.880131948165839  1.1228904478958819
0.64  -2.978109353034393  1.154449144012436
0.65  -3.0742850248564517  1.1856012799951785
0.66  -3.168600778096947  1.2163358850563182
0.67  -3.260999552457121  1.2466421354491262
0.68  -3.3514254473955623  1.2765093582797125
0.6900000000000001  -3.4398237559475953  1.30592703526568
0.7000000000000001  -3.5261409978225773  1.3348848064403251
0.71  -3.6103249517590514  1.3633724738010908
0.72  -3.6923246871182105  1.3913800049009744
0.73  -3.7720905946965324  1.4188975363816367
0.74  -3.849574416738969  1.445915377446962
0.75  -3.924729276134511  1.4724240132758457
0.76  -3.9975097047764736  1.4984141083730127
0.77  -4.067871671070352  1.5238765098566796
0.78  -4.135772606572596  1.5488022506819066
0.79  -4.201171431744181  1.5731825527985062
0.8  -4.264028580803417  1.5970088302423913
0.81  -4.324306025662935  1.6202726921592776
0.8200000000000001  -4.381967298936388  1.6429659457596755
0.8300000000000001  -4.436977516000936  1.665080599204127
0.84  -4.4893033961021676  1.6866088644176793
0.85  -4.538913282488709  1.7075431598325939
0.86  -4.585777161564298  1.727876113058333
0.87  -4.629866681045792  1.7476005634778813
0.88  -4.671155167116065  1.7667095647694855
0.89  -4.709617640561472  1.785196387352928
0.9  -4.745230831884072  1.803054520759469
0.91  -4.777973195379497  1.8202776759246277
0.92  -4.807824922171935  1.8368597874029866
0.93  -4.834767952198344  1.852795015504253
0.9400000000000001  -4.858785985134657  1.8680777483498059
0.9500000000000001  -4.879864490257338  1.8827026038490247
0.96  -4.897990715234377  1.8966644315946863
0.97  -4.913153693840329  1.9099583146767785
0.98  -4.925344252590816  1.9225795714140732
0.99  -4.934555016292397  1.9345237570028702
1.0  -4.940780412504518  1.9457866650823117
1.01  -4.944016674910782  1.9563643292157298
1.02  -4.944261845597548  1.9662530242874992
1.03  -4.941515776238455  1.9754492678149025
1.04  -4.935780128184152  1.9839498211745514
1.05  -4.927058371457201  1.991751690742924
1.06  -4.915355782652734  1.9988521289506265
1.07  -4.900679441746158  2.0052486352499965
1.08  -4.883038227809825  2.010938956995718
1.09  -4.862442813641257  2.015921090238131
1.1  -4.838905659306194  2.0201932804289555
1.11  -4.812441004600344  2.0237540230391944
1.12  -4.78306486043442  2.0266020640889724
1.1300000000000001  -4.750794999147665  2.0287364005891524
1.1400000000000001  -4.715650943755723  2.0301562808945572
1.1500000000000001  -4.677653956139363  2.0308612049686707
1.16  -4.636827024181214  2.0308509245597377
1.17  -4.593194847858264  2.030125443288191
1.18  -4.546783824298576  2.0286850166453734
1.19  -4.497622031811223  2.026530151903564
1.2  -4.44573921289913  2.0236616079373335
1.21  -4.391166756265097  2.020080394956291
1.22  -4.333937677821869  2.015787774149321
1.23  -4.274086600717766  2.010785257240435
1.24  -4.211649734389955  2.005074605956387
1.25  -4.146664852658013  1.998657831406251
1.26  -4.07917127087106  1.9915371933731763
1.27  -4.009209822122285  1.9837151995185562
1.28  -3.936822832545235  1.9751946044989181
1.29  -3.8620540957068297  1.965978408995815
1.3  -3.784948846112604  1.956069858659085
1.31  -3.7055537318401757  1.945472442963835
1.32  -3.6239167863175195  1.934189893981561
1.33  -3.5400873992631205  1.9222261850658293
1.34  -3.4541162868055775  1.9095855294529898
1.35  -3.3660554608007316  1.8962723787784086
1.36  -3.2759581973649072  1.882291421508743
1.37  -3.1838790046432703  1.8676475812908147
1.3800000000000001  -3.08987358983282  1.8523460152176572
1.3900000000000001  -2.9939988254799754  1.836392112012354
1.4000000000000001  -2.8963127150731154  1.8197914901302998
1.41  -2.796874357950931  1.8025499957805629
1.42  -2.6957439135477728  1.7846737008670335
1.43  -2.592982564997663  1.7661689008500971
1.44  -2.4886524821189813  1.747042112529571
1.45  -2.3828167838022014  1.727300071749697
1.46  -2.2755394998234455  1.7069497310269914
1.47  -2.166885532106981  1.685998257101791
1.48  -2.0569206154600517  1.6644530284143566
1.49  -1.9457112778038255  1.64232163250642
1.5  -1.8333247999245277  1.619611863349097
1.51  -1.7198291747690846  1.5963317185980952
1.52  -1.605293066309911  1.5724893967771996
1.53  -1.489785768003753  1.5480932943910122
1.54  -1.373377160869669  1.52315200296797
1.55  -1.2561376712115695  1.497674306034685
1.56  -1.1381382280108439  1.471669176022666
1.57  -1.0194502200148716  1.4451457711085127
1.58  -0.9001454525473953  1.418113431988702
1.59  -0.7802961040668515  1.3905816785900897
1.6  -0.6599746824989556  1.3625602067172966
1.61  -0.5392539813699866  1.3340588846381582
1.62  -0.4182070357672565  1.3050877496084314
1.6300000000000001  -0.2969070781534451  1.275657004336998
1.6400000000000001  -0.17542749406155078  1.2457770133927932
1.6500000000000001  -0.05384177769717846  1.2154582995547372
1.6600000000000001  0.06777651252485306  1.1847115401059467
1.67  0.18935379848279288  1.1535475630735395
1.68  0.31081652686216543  1.1219773434153437
1.69  0.4320912136549273  1.090011999154874
1.7  0.5531044886167398  1.057662787465915
1.71  0.6737831396553942  1.0249411007081055
1.72  0.7940541571235538  0.9918584624149125
1.73  0.9138447779890406  0.9584265232354108
1.74  1.033082529855881  0.9246570568312953
1.75  1.1516952748095588  0.8905619557305751
1.76  1.2696112530598909  0.8561532271394037
1.77  1.3867591263551406  0.8214429887135244
1.78  1.5030680211411047  0.7864434642908196
1.79  1.6184675714390802  0.7511669795864626
1.8  1.7328879614167083  0.7156259578521988
1.81  1.8462599676260307  0.6798329155012685
1.82  1.958515000883132  0.6438004577005285
1.83  2.069585147764065  0.6075412739313135
1.84  2.1794032116919393  0.5710681335206076
1.85  2.287902753590348  0.5343938811440908
1.86  2.3950181320784654  0.4975314323026597
1.87  2.5006845431835925  0.46049376877399695
1.8800000000000001  2.6048380595470517  0.42329393404080484
1.8900000000000001  2.7074156690997393  0.3859450286973063
1.9000000000000001  2.8083553131839536  0.34846020583563453
1.9100000000000001  2.9075959240983766  0.31085266641373355
1.92  3.0050774620435754  0.273135654606403
1.93  3.10074095144562  0.23532245314111933
1.94  3.1945285166358315  0.19742637862028867
1.95  3.286383416865122  0.15946077683156124
1.96  3.3762500806317077  0.12143901804786894
1.97  3.464074139301434  0.0833744923188472
1.98  3.549802460000376  0.045280604755283504
1.99  3.633383177759824  0.007170770808265781
2.0  3.7147657268941727  -0.030941588455310254
2.0100000000000002  3.793900871592778  -0.0690430510792146
2.02  3.8707407357072374  -0.10712019894466207
2.0300000000000002  3.9452388317160905  -0.14515962249575487
2.04  4.017350088849402  -0.18314792546188818
2.05  4.087030880356243  -0.2210717295754998
2.06  4.1542390498985196  -0.2589176792834642
2.07  4.218933937055235  -0.2966724464504885
2.08  4.281076401921741  -0.33432273505286514
2.09  4.340628848789049  -0.3718552858608949
2.1  4.397555248888981  -0.4092568811083781
2.11  4.451821162191258  -0.44651434914747634
2.12  4.503393758239471  -0.48361456908735967
2.13  4.552241836013248  -0.520544475414951
2.14  4.598335842804634  -0.5572910625961974
2.15  4.641647892097232  -0.5938413896561936
2.16  4.682151780437357  -0.6301825847365831
2.17  4.719823003286895  -0.6663018496286182
2.18  4.7546387698483805  -0.7021864642802771
2.19  4.786578016853231  -0.7378237912758623
2.2  4.815621421304885  -0.7732012802864945
2.21  4.84175141216904  -0.8083064724899373
2.22  4.864952181004011  -0.8431270049581969
2.23  4.885209691524704  -0.8776506150113493
2.24  4.902511688094471  -0.9118651445360728
2.25  4.916847703139656  -0.945758544267329
2.2600000000000002  4.9282090634824165  -0.9793188780317544
2.27  4.936588895587917  -1.0125343269511724
2.2800000000000002  4.941982129722766  -1.0453931936048528
2.29  4.944385503022167  -1.0778839061489418
2.3000000000000003  4.943797561463926  -1.1099950223917232
2.31  4.940218660748123  -1.1417152338231682
2.32  4.933650966081915  -1.1730333695974526
2.33  4.924098450869607  -1.2039384004669578
2.34  4.911566894308769  -1.2344194426664241
2.35  4.896063877893866  -1.2644657617458717
2.36  4.877598780829515  -1.2940667763509162
2.37  4.85618277435614  -1.3232120619492036
2.38  4.8318288149914554  -1.3518913545015772
2.39  4.804551636691871  -1.3800945540767642
2.4  4.774367741938573  -1.4078117284082303
2.41  4.741295391753638  -1.435033116392026
2.42  4.705354594652265  -1.4617491315243152
2.43  4.6665670945377755  -1.4879503652774577
2.44  4.624956357546726  -1.5136275904133705
2.45  4.5805475578520625  -1.5387717642330851
2.46  4.533367562432966  -1.563374031761286
2.47  4.483444914820513  -1.5874257288647535
2.48  4.4308098178290765  -1.6109183853035967
2.49  4.375494115283854  -1.6338437277141977
2.5  4.317531272755602  -1.6561936825228303
2.5100000000000002  4.256956357314213  -1.6779603787889121
2.52  4.193806016313436  -1.6991361509768996
2.5300000000000002  4.128118455219484  -1.7197135416558447
2.54  4.05993341449704  -1.7396853041256646
2.5500000000000003  3.989292145566581  -1.7590444049691976
2.56  3.91623738584759  -1.7777840265291458
2.57  3.8408133329027416  -1.795897569309043
2.58  3.7630656176987203  -1.8133786542973798
2.59  3.6830412769998637  -1.8302211252140899
2.6  3.6007887249112405  -1.8464190506785962
2.61  3.5163577235885435  -1.8619667262986546
2.62  3.4297993531323225  -1.8768586766792557
2.63  3.3411659806849605  -1.891089657350888
2.64  3.2505112287489246  -1.9046546566164695
2.65  3.1578899427456095  -1.9175488973163082
2.66  3.063358157834231  -1.9297678385104668
2.67  2.9669730650110457  -1.9413071770779342
2.68  2.8687929765091886  -1.952162849232051
2.69  2.768877290520269  -1.9623310319516398
2.7  2.667286455258888  -1.9718081443273587
2.71  2.5640819323919812  -1.9805908488227744
2.72  2.4593261598549336  -1.9886760524497455
2.73  2.3530825140771707  -1.9960609078576654
2.74  2.245415271639857  -2.0027428143362154
2.75  2.136389570389106  -2.0087194187312463
2.7600000000000002  2.026071370028051  -2.0139886162734886
2.77  1.9145274122117837  -2.018548551319781
2.7800000000000002  1.8018251801691179  -2.022397618006573
2.79  1.6880328578757988  -2.0255344608154546
2.8000000000000003  1.5732192888037106  -2.0279579750505294
2.81  1.4574539342711188  -2.0296673072274527
2.82  1.3408068314190895  -2.0306618553740003
2.83  1.223348550839596  -2.030941269242065
2.84  1.1051501538808386  -2.0305054504310025
2.85  0.986283149655667  -2.0293545524222854
2.86  0.8668194517791696  -2.0274889805254497
2.87  0.7468313348614304  -2.024909391735362
2.88  0.6263913907820031  -2.0216166945008434
2.89  0.5055724847723617  -2.0176120484047426
2.9  0.3844477113330136  -2.0128968637555706
2.91  0.26309035001186665  -2.007472801090833
2.92  0.14157382107072625  -2.0013417705922425
2.93  0.01997164106653937  -1.9945059314130127
2.94  -0.10164262162549997  -1.9869676909174752
2.95  -0.2231953913202691  -1.978729703833281
2.96  -0.344613129535428  -1.9697948713164912
2.97  -0.46582237948165206  -1.9601663399298819
2.98  -0.5867498105033688  -1.949847500534826
2.99  -0.7073222624433004  -1.9388419870971387
3.0  -0.8274667899037402  -1.9271536754073126
3.0100000000000002  -0.9471107063779747  -1.9147866817155854
3.02  -1.0661816282250494  -1.901745361282332
3.0300000000000002  -1.1846075184613274  -1.8880343068442755
3.04  -1.3023167303422618  -1.8736583469970784
3.0500000000000003  -1.4192380507081788  -1.8586225444948576
3.06  -1.5353007430676344  -1.8429321944672523
3.0700000000000003  -1.6504345903924869  -1.8265928225546406
3.08  -1.7645699375986028  -1.8096101829621936
3.09  -1.8776377336866956  -1.7919902564334182
3.1  -1.9895695735176204  -1.7737392481439396
3.11  -2.100297739196929  -1.7548635855162305
3.12  -2.2097552410437205  -1.7353699159560807
3.13  -2.317875858118835  -1.7152651045115932
3.14  -2.424594178288031  -1.6945562314555285
3.15  -2.529845637795805  -1.673250589791869
3.16  -2.633566560325988  -1.6513556826874427
3.17  -2.735694195525376  -1.628879220829561
3.18  -2.836166756967263  -1.6058291197105463
3.19  -2.934923459531706  -1.5822134968401635
3.2  -3.0319045561800695  -1.5580406688868775
3.21  -3.1270513741015162  -1.533319148749002
3.22  -3.220306350209615  -1.5080576425567154
3.23  -3.3116130659675274  -1.4822650466060496
3.24  -3.4009162815208303  -1.455950444225894
3.25  -3.4881619691171615  -1.4291231025791378
3.2600000000000002  -3.5732973457926134  -1.401792469399071
3.27  -3.6562709053049907  -1.3739681696621948
3.2800000000000002  -3.737032449294734  -1.345660002198612
3.29  -3.8155331176544856  -1.3168779362411915
3.3000000000000003  -3.8917254180891048  -1.2876321079147228
3.31  -3.965563254848131  -1.257932816666297
3.3200000000000003  -4.037001956613355  -1.2277905216381695
3.33  -4.105998303524621  -1.1972158379843847
3.34  -4.172510553327498  -1.1662195331324587
3.35  -4.236498466627047  -1.1348125229914299
3.36  -4.297923331232303  -1.103005868107631
3.37  -4.3567479855768765  -1.070810769769515
3.38  -4.412936841201409  -1.0382385660629183
3.39  -4.4664559042843095  -1.0053007278781492
3.4  -4.517272796207756  -0.9720088548703063
3.41  -4.565356773146506  -0.9383746713742518
3.42  -4.610678744667677  -0.9044100222756722
3.43  -4.6532112913302255  -0.8701268688396913
3.44  -4.6929286812735  -0.835537284498491
3.45  -4.729806885784824  -0.8006534505994365
3.46  -4.763823593836658  -0.7654876521151948
3.47  -4.794958225584631  -0.7300522733173518
3.48  -4.8231919448181575  -0.6943597934150859
3.49  -4.848507670356213  -0.6584227821603623
3.5  -4.870890086381314  -0.6222538954212965
3.5100000000000002  -4.890325651705467  -0.5858658707251336
3.52  -4.906802607962485  -0.5492715227725243
3.5300000000000002  -4.920310986721704  -0.5124837389245706
3.54  -4.930842615518808  -0.47551547466433486
3.5500000000000003  -4.938391122800107  -0.4383797490343073
3.56  -4.942951941777278  -0.40108964005153336
3.5700000000000003  -4.944522313190236  -0.3636582801019448
3.58  -4.94310128697646  -0.3260988513155546
3.59  -4.938689722845783  -0.28842458092413337
3.6  -4.931290289760269  -0.25064873660299203
3.61  -4.920907464319507  -0.21278462179854918
3.62  -4.907547528052314  -0.1748455710432555
3.63  -4.89121856361645  -0.13684494525962487
3.64  -4.871930449908669  -0.09879612705491725
3.65  -4.849694856088086  -0.06071251600823846
3.66  -4.82452523451639  -0.022607523951608144
3.67  -4.796436812619306  0.015505429753230215
3.68  -4.765446583674093  0.05361292294070774
3.69  -4.73157329652876  0.09170153536826786
3.7  -4.694837444259149  0.12975785344255708
3.71  -4.655261251770791  0.16776847494326186
3.72  -4.612868662353003  0.20572001374294324
3.73  -4.567685323193389  0.24359910452120326
3.74  -4.519738569861488  0.2813924074715245
3.75  -4.46905740977097  0.31908661299912355
3.7600000000000002  -4.415672504630361  0.35666844640816575
3.77  -4.3596161518929835  0.3941246725766896
3.7800000000000002  -4.300922265217198  0.43144210061759336
3.79  -4.239626353948944  0.46860758852404316
3.8000000000000003  -4.175765501638842  0.5056080477976773
3.81  -4.109378343606938  0.5424304480579372
3.8200000000000003  -4.040505043568632  0.5790618216309795
3.83  -3.969187269335946  0.6154892681164466
3.84  -3.895468167608823  0.6516999589306036
3.85  -3.8193923378716828  0.6876811418241372
3.86  -3.74100580541114  0.7234201453730972
3.87  -3.6603559934709855  0.7589043834413678
3.88  -3.5774916945615534  0.794121359613103
3.89  -3.4924630409406014  0.829058671593564
3.9  -3.405321474283693  0.8637040155768104
3.91  -3.3161197145623786  0.8980451905787165
3.92  -3.2249117281490265  0.9320701027337499
3.93  -3.131752695167581  0.9657667695540698
3.94  -3.0366989761100225  0.9991233241493501
3.95  -2.9398080777386997  1.0321280194059455
3.96  -2.841138618295198  1.0647692321238245
3.97  -2.7407502920367195  1.0970354671099138
3.98  -2.6387038331215997  1.128915361226315
3.99  -2.5350609788655127  1.160397687392062
4.0  -2.4298844323909536  1.1914713585369168
4.01  -2.323237824692301  1.2221254315059036
4.0200000000000005  -2.2151856761395643  1.2523491109131293
4.03  -2.105793357444062  1.2821317529435607
4.04  -1.9951270501096487  1.3114628691014634
4.05  -1.883253706393426  1.3403321299040925
4.0600000000000005  -1.7702410088001075  1.3687293685194224
4.07  -1.6561573291347091  1.3966445843465602
4.08  -1.541071687138063  1.424067946537664
4.09  -1.4250537087304216  1.450989797460033
4.1  -1.3081735838883526  1.4774006560972297
4.11  -1.1905020241803193  1.5032912213879839
4.12  -1.0721102199867363  1.5286523755017283
4.13  -0.9530697974303419  1.553475187049619
4.14  -0.8334527750429603  1.5777509142298718
4.15  -0.7133315201948016  1.601471007906358
4.16  -0.592778705312857  1.62462711461932
4.17  -0.4718672639145596  1.6472110795272146
4.18  -0.35067034648358586  1.669214949278571
4.19  -0.2292612762144124  1.6906309748129205
4.2  -0.10771350465236651  1.7114516140897498
4.21  0.013899432744075568  1.7316695347445892
4.22  0.13550396109157647  1.75127761667122
4.23  0.2570265105942169  1.7702689545291612
4.24  0.37839356105264255  1.7886368601754956
4.25  0.4995316863432149  1.806374865020234
4.26  0.6203675988402346  1.823476722304341
4.2700000000000005  0.7408281937544348  1.839936409299641
4.28  0.8608405933607197  1.8557481294298328
4.29  0.980332191088702  1.8709063143118634
4.3  1.0992306954491076  1.8854056257169258
4.3100000000000005  1.2174641737695286  1.8992409574504228
4.32  1.3349610957131253  1.912407437150195
4.33  1.4516503765540008  1.924900428002422
4.34  1.567461420182816  1.9367155303745507
4.3500000000000005  1.682324161816969  1.947848583364714
4.36  1.7961691103891573  1.958295666267059
4.37  1.9089273905890147  1.9680530999525014
4.38  2.0205307845320912  1.9771174481643954
4.39  2.130911773031183  1.9854855187286697
4.4  2.240003576444876  1.9931543646780163
4.41  2.347740195078707  2.000121285289711
4.42  2.454056449114532  2.006383827036728
4.43  2.558888018043729  2.0119397844517883
4.44  2.66217147958068  2.0167872009040604
4.45  2.76384434803268  2.020924369288218
4.46  2.8638451121033643  2.0243498326256324
4.47  2.9621132721065573  2.0270623845774707
4.48  3.0585893765680807  2.0290610698695306
4.49  3.153215058193441  2.030345184628659
4.5  3.2459330691796113  2.0309142766306314
4.51  3.3366873158495127  2.0307681454594126
4.5200000000000005  3.425422892588221  2.029906842577736
4.53  3.5120861150604368  2.0283306713089804
4.54  3.596624552689148  2.0260401867303486
4.55  3.6789870603756505  2.023036195477388
4.5600000000000005  3.7591238094419976  2.0193197554599176
4.57  3.836986317776903  2.014892175489468
4.58  3.9125274791670863  2.0097550148183596
4.59  3.9857015917961687  2.00391008259058
4.6000000000000005  4.056464385893887  1.997359437204666
4.61  4.124773050518963  1.9901053855888005
4.62  4.190586259459434  1.9821504823883833
4.63  4.25386419623464  1.9734975290663685
4.64  4.3145685781839065  1.964149572916678
4.65  4.372662679627272  1.9541099059910436
4.66  4.4281113540842  1.9433820639396506
4.67  4.480881055536962  1.9319698247659924
4.68  4.530939858725714  1.9198772074963804
4.69  4.578257478463016  1.9071084707645698
4.7  4.622805287956133  1.8936681113120115
4.71  4.6645563361260525  1.8795608624042321
4.72  4.703485363912643  1.8647916921639363
4.73  4.739568819556208  1.8493658018213872
4.74  4.772784872846116  1.8332886238827124
4.75  4.803113428327904  1.8165658202167305
4.76  4.830536137460873  1.799203280061032
4.7700000000000005  4.855036409718824  1.7812071179479765
4.78  4.87659942262717  1.7625836715513499
4.79  4.895212130730448  1.7433394994544393
4.8  4.910863273484704  1.7234813788403034
4.8100000000000005  4.923543382070032  1.7030163031050685
4.82  4.933244785119145  1.6819514793950825
4.83  4.939961613358489  1.6602943260687826
4.84  4.943689803159105  1.638052470084184
4.8500000000000005  4.944427098995096  1.6152337443129126
4.86  4.942173054808204  1.5918461847817198
4.87  4.936929034277669  1.5678980278424495
4.88  4.928698209995215  1.5433977072714506
4.89  4.917485561545657  1.5183538512994785
4.9  4.903297872494288  1.4927752795731029
4.91  4.88614372628288  1.4666710000487153
4.92  4.866033501036761  1.4400502058202127
4.93  4.8429793632861395  1.4129222718814756
4.94  4.816995260605437  1.385296751824801
4.95  4.7880969131751225  1.357183374476436
4.96  4.75630180427112  1.3285920404703928
4.97  4.721629169687569  1.2995328187617539
4.98  4.6840999860993024  1.2700159430807136
4.99  4.643736958371147  1.240051808328591
5.0  4.6005645058216365  1.2096509669170716
5.01  4.554608747449509  1.1788241250519795
5.0200000000000005  4.505897486131934  1.1475821389628986
5.03  4.454460191803986  1.1159360110799637
5.04  4.400327983629537  1.0838968861591367
5.05  4.343533611174433  1.0514760473574016
5.0600000000000005  4.284111434593248  1.018684912259173
5.07  4.222097403841659  0.9855350288554126
5.08  4.157529036927001  0.95203807147677
5.09  4.0904453972101695  0.918205836682281
5.1000000000000005  4.020887069772565  0.8840502391049716
5.11  3.9488961368624826  0.8495833072559296
5.12  3.8745161524356377  0.814817179288224
5.13  3.7977921158053594  0.7797640987222461
5.14  3.7187704444183916  0.7444364101339408
5.15  3.637498945772646  0.7088465548074188
5.16  3.5540267884940993  0.6730070663535599
5.17  3.468404472590107  0.636930566296049
5.18  3.3806837988972944  0.6006297596265047
5.19  3.2909178377424726  0.5641174303301592
5.2  3.1991608968355125  0.5274064368837763
5.21  3.1054684884135675  0.49050970772727664
5.22  3.0098972956566064  0.45344023671078204
5.23  2.912505138394549  0.4162110785185701
5.24  2.813350938126735  0.3788353440716564
5.25  2.7124946823748015  0.3413261959105246
5.26  2.6099973883907834  0.3036968435597093
5.2700000000000005  2.505921066242072  0.2659605388758296
5.28  2.400328681295888  0.2281305713807027
5.29  2.2932841161256596  0.19022026358119082
5.3  2.1848521318625607  0.15224296627744593
5.3100000000000005  2.0750983290155673  0.11421205386119238
5.32  1.9640891077836573  0.07614091960568548
5.33  1.85189162788417  0.03804297094902098
5.34  1.7385737679217028  -6.837522752545233e-05
5.3500000000000005  1.6242040843221117  -0.03817969732450677
5.36  1.5088517698564154  -0.07627757375093436
5.37  1.3925866117796302  -0.114348587650977
5.38  1.2754789496101153  -0.15237933162892048
5.39  1.1575996325746345  -0.19035641247083568
5.4  1.039019976745173  -0.22826645586122885
5.41  0.919811721893276  -0.2660961110930572
5.42  0.8000469880879701  -0.30383205576942807
5.43  0.6797982320637614  -0.34146100049531447
5.44  0.5591382033848276  -0.37896969355764953
5.45  0.438139900432144  -0.41634492559216285
5.46  0.3168765262399442  -0.45357353423530467
5.47  0.19542144420854868  -0.4906424087596001
5.48  0.07384813371998833  -0.5275384946908366
5.49  -0.04776985431635383  -0.5642487984054092
5.5  -0.16935894196155132  -0.6007603917062984
5.51  -0.2908455687612075  -0.637060416375942
5.5200000000000005  -0.4121562362489253  -0.6731360887045026
5.53  -0.5332175524122986  -0.7089747039918545
5.54  -0.6539562760945903  -0.7445636410218146
5.55  -0.774299361304976  -0.7798903665069047
5.5600000000000005  -0.8941740014108452  -0.8149424395021841
5.57  -1.0135076731852393  -0.8497075157865461
5.58  -1.1322281806828427  -0.8841733522099623
5.59  -1.2502636989179614  -0.9183278110051372
5.6000000000000005  -1.3675428173181203  -0.9521588640620353
5.61  -1.483994582926826  -0.9856545971637918
5.62  -1.599548543329627  -1.0188032141825245
5.63  -1.7141347892772716  -1.051593041233562
5.64  -1.827683996980218  -1.0840125307866009
5.65  -1.9401274700490223  -1.1160502657323885
5.66  -2.0513971810551133  -1.14769496340344
5.67  -2.161425812686858  -1.1789354795474682
5.68  -2.270146798476006  -1.2097608122520125
5.69  -2.3774943630699266  -1.2401601058189664
5.7  -2.483403562025102  -1.2701226545876019
5.71  -2.587810321098092  -1.2996379067047663
5.72  -2.6906514750099357  -1.3286954678409135
5.73  -2.7918648056606328  -1.3572851048506493
5.74  -2.8913890797705992  -1.3853967493765142
5.75  -2.9891640859263946  -1.4130205013947408
5.76  -3.085130671008085  -1.4401466327017336
5.7700000000000005  -3.1792307759764595  -1.4667655903400256
5.78  -3.2714074709982928  -1.4928679999625163
5.79  -3.3616049898884475  -1.5184446691338365
5.8  -3.4497687638479806  -1.543486590567611
5.8100000000000005  -3.5358454544778746  -1.5679849452985553
5.82  -3.6197829860482917  -1.5919311057882157
5.83  -3.7015305770040423  -1.6153166389633307
5.84  -3.781038770687025  -1.6381333091856727
5.8500000000000005  -3.858259465257097  -1.6603730811523953
5.86  -3.9331459427933115  -1.682028122725791
5.87  -4.005652897557942  -1.7030908076915388
5.88  -4.075736463406054  -1.7235537184443963
5.89  -4.143354240324197  -1.7434096486004573
5.9  -4.208465320082112  -1.7626516055350054
5.91  -4.271030310981832  -1.7812728128450854
5.92  -4.331011361689411  -1.7992667127359512
5.93  -4.388372184134671  -1.8166269683304959
5.94  -4.4430780754651895  -1.8333474659009126
5.95  -4.495095939041255  -1.8494223170217403
5.96  -4.544394304459107  -1.8648458606435914
5.97  -4.590943346590251  -1.8796126650867815
5.98  -4.634714903625455  -1.8937175299542053
5.99  -4.675682494112401  -1.9071554879627384
6.0  -4.713821332976783  -1.9199218066925656
6.01  -4.749108346517069  -1.932011990253784
6.0200000000000005  -4.781522186363922  -1.9434217808697105
6.03  -4.811043242395783  -1.9541471603763356
6.04  -4.837653654602856  -1.964184351637396
6.05  -4.861337323892272  -1.9735298198745583
6.0600000000000005  -4.882079921827913  -1.9821802739122538
6.07  -4.8998688992989985  -1.990132667336727
6.08  -4.914693494112218  -1.9973841995688884
6.09  -4.926544737502754  -2.0039323168505834
6.1000000000000005  -4.935415459560334  -2.009774713143948
6.11  -4.94130029356695  -2.014909330943521
6.12  -4.944195679243703  -2.01933436200083
6.13  -4.944099864904725  -2.023048247961203
6.140000000000001  -4.941012908516949  -2.0260496809125668
6.15  -4.934936677665034  -2.028337603846053
6.16  -4.92587484842149  -2.0299112110282453
6.17  -4.91383290312268  -2.03076994828493
6.18  -4.89881812705206  -2.0309135131962592
6.19  -4.880839604032625  -2.030341855203254
6.2  -4.8599082109312794  -2.0290551756256106
6.21  -4.836036611078409  -2.0270539275908
6.22  -4.809239246606661  -2.024338815874492
6.23  -4.779532329713577  -2.020910796652356
6.24  -4.746933832853338  -2.016771077163325
6.25  -4.711463477863551  -2.0119211152844474
6.26  -4.673142724033714  -2.006362619017466
6.2700000000000005  -4.631994755122498  -2.0000975458873143
6.28  -4.588044465331767  -1.9931281022527454
6.29  -4.541318444245752  -1.9854567425293133
6.3  -4.491844960744593  -1.9770861683250112
6.3100000000000005  -4.439653945901849  -1.9680193274888491
6.32  -4.384776974876476  -1.958259413072723
6.33  -4.327247247810062  -1.9478098622069129
6.34  -4.267099569741006  -1.9366743548896403
6.3500000000000005  -4.2043703295477535  -1.9248568126910919
6.36  -4.139097477933816  -1.9123613973723663
6.37  -4.0713205044678435  -1.8991925094198354
6.38  -4.0010804136927955  -1.8853547864954314
6.390000000000001  -3.9284197003184813  -1.8708531018034096
6.4  -3.853382323512597  -1.8556925623741676
6.41  -3.7760136803057707  -1.8398785072657078
6.42  -3.6963605781267175  -1.8234165056833889
6.43  -3.6144712064840823  -1.8063123550186344
6.44  -3.5303951078121942  -1.7885720788072725
6.45  -3.4441831474982822  -1.7702019246082448
6.46  -3.3558874831092558  -1.7512083618034122
6.47  -3.2655615328368444  -1.7315980793192411
6.48  -3.173259943179973  -1.7113779832711802
6.49  -3.0790385558840643  -1.690555194531552
6.5  -2.9829543741572113  -1.6691370462218051
6.51  -2.8850655281836906  -1.6471310811300173
6.5200000000000005  -2.7854312399556034  -1.6245450490545719
6.53  -2.684111787444153  -1.6013869040749302
6.54  -2.5811684681317586  -1.5776648017504546
6.55  -2.4766635619277104  -1.553387096248275
6.5600000000000005  -2.3706602934892356  -1.528562337401224
6.57  -2.2632227939710843  -1.5031992676968653
6.58  -2.1544160622266793  -1.4773068191986514
6.59  -2.0443059254843137  -1.450894110400356
6.6000000000000005  -1.9329589995221896  -1.4239704430148126
6.61  -1.8204426483663891  -1.396545298698166
6.62  -1.7068249435361602  -1.368628335710717
6.63  -1.5921746228611766  -1.3402293855156127
6.640000000000001  -1.476561048895685  -1.311358449316496
6.65  -1.3600541669546975  -1.282025694535425
6.66  -1.2427244627976186  -1.252241451232206
6.67  -1.1246429199849233  -1.2220162084665027
6.68  -1.0058809769335895  -1.191360610603902
6.69  -0.8865104836974922  -1.1602854535673162
6.7  -0.7666036584986973  -1.1288016810350148
6.71  -0.646233044035843  -1.096920380586587
6.72  -0.5254714635965398  -1.0646527797982768
6.73  -0.4043919769997659  -1.0320102422889623
6.74  -0.28306783639525435  -0.9990042637182783
6.75  -0.16157244194651676  -0.965646467738186
6.76  -0.03997929742431072  -0.9319486018995193
6.7700000000000005  0.08163803426257221  -0.8979225335148481
6.78  0.20320597557229103  -0.8635802454792125
6.79  0.32465097884380034  -0.8289338320501105
6.8  0.44589957079261433  -0.7939954945882944
6.8100000000000005  0.5668783969615738  -0.7587775372608475
6.82  0.6875142660997204  -0.7232923627080436
6.83  0.8077341944424399  -0.687552467675526
6.84  0.9274654498660708  -0.6515704386133587
6.8500000000000005  1.0466355958902753  -0.6153589472434887
6.86  1.1651725355015476  -0.5789307460971616
6.87  1.2830045547713471  -0.5422986640238812
6.88  1.4000603662424533  -0.5054756016735059
6.890000000000001  1.5162691520574056  -0.4684745269530567
6.9  1.6315606068025938  -0.431308470459829
6.91  1.7458649800426338  -0.39399052089242503
6.92  1.859113118518826  -0.3565338204413415
6.93  1.9712365079862564  -0.31895156016070336
6.94  2.0821673146644475  -0.281256975322807
6.95  2.191838426276256  -0.2434633407570712
6.96  2.3001834926502758  -0.20558396617506003
6.97  2.4071369658621804  -0.16763219148323438
6.98  2.512634139890706  -0.1296213820850689
6.99  2.616611189764292  -0.0915649241741785
7.0  2.719005210174696  -0.053476220020118204
7.01  2.819754253534215  -0.015368683248545012
7.0200000000000005  2.9187973674534944  0.022744265882644443
7.03  3.0160746316172533  0.06084920520947268
7.04  3.1115271940356086  0.09893271538877946
7.05  3.205097306649071  0.13698138462406118
7.0600000000000005  3.296728360265676  0.1749818133886878
7.07  3.386364918809102  0.21292061914476246
7.08  3.4739527528570697  0.2507844410560659
7.09  3.5594388724497064  0.28855994469328805
7.1000000000000005  3.6427715591481244  0.3262338267299991
7.11  3.7239003973235505  0.3637928196276454
7.12  3.8027763046585026  0.40122369630796084
7.13  3.8793515618411956  0.4385132748111278
7.140000000000001  3.9535798414353067  0.47564842293803566
7.15  4.02541623590771  0.5126160628750155
7.16  4.09481728479728  0.5494031757994358
7.17  4.161741001008026  0.5859968064645216
7.18  4.22614689621101  0.6223840677617707
7.19  4.287996005339469  0.6585521452593897
7.2  4.347250910162368  0.6944883017151027
7.21  4.40387576192215  0.730179881561841
7.22  4.457836303022942  0.7656143153646028
7.23  4.5090998877561494  0.8007791242470172
7.24  4.5576355020508466  0.835661924285996
7.25  4.603413782237055  0.8702504308729632
7.26  4.646407032810527  0.9045324630401078
7.2700000000000005  4.686589243188336  0.9384959477501255
7.28  4.723936103445028  0.9721289241479503
7.29  4.758425019019985  1.005419547772994
7.3  4.790035124386948  1.03835609473039
7.3100000000000005  4.81874729567749  1.070926965819772
7.32  4.844544162250791  1.1031206906201336
7.33  4.86741011720278  1.1349259315293518
7.34  4.887331326808171  1.1663314877569337
7.3500000000000005  4.904295738889754  1.1973262992685723
7.36  4.9182930901098665  1.2278994506811276
7.37  4.929314912179657  1.2580401751066965
7.38  4.9373545369823075  1.2877378579443461
7.390000000000001  4.942407100607204  1.3169820406182566
7.4  4.9444695462925665  1.345762424260878
7.41  4.9435406262747605  1.3740688733398838
7.42  4.9396209025431865  1.40189141922756
7.43  4.932712746500284  1.429220263711456
7.44  4.922820337526847  1.456045782444995
7.45  4.909949660453532  1.4823585283368539
7.46  4.894108501940084  1.508149234877944
7.47  4.875306445764469  1.533408819404761
7.48  4.853554867024748  1.558128386298028
7.49  4.828866925257261  1.5822992301154295
7.5  4.801257556475182  1.6059128386574089
7.51  4.770743464132352  1.6289608959648758
7.5200000000000005  4.737343109017825  1.651435285247839
7.53  4.701076698087255  1.6733280917438615
7.54  4.661966172237785  1.694631605505408
7.55  4.620035193034039  1.715338324115022
7.5600000000000005  4.575309128393021  1.7354409553274557
7.57  4.527815037236736  1.75493241963775
7.58  4.477581653121747  1.7738058527744234
7.59  4.424639366855601  1.7920546081168438
7.6000000000000005  4.369020208110621  1.8096722590359522
7.61  4.310757826046206  1.82665260115752
7.62  4.2498874689513535  1.8429896545471354
7.63  4.186445962919708  1.8586776658161415
7.640000000000001  4.120471689570072  1.8737111101477926
7.65  4.052004562825821  1.888084693242922
7.66  3.9810860047672807  1.9017933531844289
7.67  3.9077589205717054  1.9148322622199176
7.68  3.832067672555976  1.9271968284618821
7.69  3.7540580533376957  1.9388826975048181
7.7  3.673777258131119  1.9498857539587078
7.71  3.591273856194315  1.960202122898332
7.72  3.5065977614451507  1.9698281712278907
7.73  3.419800202263806  1.9787605089604643
7.74  3.330933690500018  1.986995990411859
7.75  3.240051989703703  1.9945317153084188
7.76  3.1472100825985523  2.0013650298084067
7.7700000000000005  3.0524641378178523  2.007493527436602
7.78  2.955871475922903  2.0129150499317863
7.79  2.85749053472453  2.0176276880068142
7.8  2.7573808339286545  2.0216297820210025
7.8100000000000005  2.6556029391273426  2.024919922564603
7.82  2.5522184251570863  2.0274969509551495
7.83  2.4472898388465048  2.029359959645513
7.84  2.340880661176001  2.0305082925435074
7.8500000000000005  2.2330552688722607  2.0309415452429453
7.86  2.123878895460831  2.0306595651660575
7.87  2.013417591800346  2.029662451617225
7.88  1.901738186122268  2.0279505557480078
7.890000000000001  1.788908243600326  2.02552448043348
7.9  1.6749960254741103  2.0223850800599172
7.91  1.5600704477515557  2.0185334602239093
7.92  1.444201039515301  2.013970977343003
7.930000000000001  1.3274579008580578  2.008699238178015
7.94  1.2099116604727582  2.0027200992671848
7.95  1.0916334329226014  1.996035666272358
7.96  0.9726947756173034  1.9886482932374414
7.97  0.8531676455215083  1.9805605817593834
7.98  0.7331243556213147  1.9717753800719708
7.99  0.6126375311754986  1.9622957820427833
8.0  0.49178006577779154  1.9521251260836172
8.01  0.3706250772568258  1.9412669939748128
8.02  0.24924586344041488  1.929725209603863
8.03  0.1277158578109514  1.9175038376187614
8.040000000000001  0.006108585078635986  1.9046071819965653
8.05  -0.11550238330022689  1.8910397845276745
8.06  -0.23704347363356826  1.876806423216349
8.07  -0.3584411545049746  1.8619121105980545
8.08  -0.47962198125964495  1.846362091974211
8.09  -0.6005126404378174  1.8301618435649565
8.1  -0.7210399941289163  1.813317070580603
8.11  -0.8411311242193118  1.7958337052124405
8.120000000000001  -0.9607133765073037  1.777717904543611
8.13  -1.079714404658259  1.7589760483807855
8.14  -1.1980622139736907  1.739614737007385
8.15  -1.31568520494742  1.7196407888591834
8.16  -1.4325122165827222  1.699061238123067
8.17  -1.5484725694442465  1.6778833322598259
8.18  -1.663496108418424  1.656114529451819
8.19  -1.7775132451568323  1.6337624959764454
8.2  -1.890455000176594  1.6108351035063264
8.21  -2.0022530445924405  1.5873404263371533
8.22  -2.1128397414550775  1.5632867385441869
8.23  -2.222148186671177  1.538682511068372
8.24  -2.330112249479674  1.5135364087331582
8.25  -2.43666661246044  1.48785728719302
8.26  -2.541746811050804  1.4616541898147866
8.27  -2.645289272546097  1.4349363444928431
8.28  -2.7472313545606997  1.4077131603993696
8.290000000000001  -2.8475113829261316  1.3799942246707206
8.3  -2.946068689003441  1.3517892990311753
8.31  -3.0428436463873356  1.3231083163551198
8.32  -3.1377777069796355  1.2939613771690395
8.33  -3.23081343641042  1.2643587460944234
8.34  -3.321894548785429  1.234310848232906
8.35  -3.4109659407385107  1.2038282654948598
8.36  -3.4979737247687863  1.1729217328727977
8.370000000000001  -3.5828652618421675  1.1416021346608403
8.38  -3.6655891932375155  1.1098805006216388
8.39  -3.746095471618327  1.0777680021020177
8.4  -3.824335391310989  1.0452759480987912
8.41  -3.900261617771268  1.0124157812761014
8.42  -3.973828216221392  0.9791990739356695
8.43  -4.044990679440225  0.9456375239414149
8.44  -4.113705954689787  0.9117429505998212
8.45  -4.179932469761818  0.8775272904975671
8.46  -4.24363015812869  0.843002593297831
8.47  -4.304760483183248  0.8081810174968075
8.48  -4.363286461553255  0.7730748261418481
8.49  -4.419172685475997  0.7376963825128118
8.5  -4.472385344219715  0.7020581457681214
8.51  -4.522892244538827  0.6661726665570377
8.52  -4.5706628301506225  0.630052582599735
8.53  -4.615668200221528  0.5937106142366764
8.540000000000001  -4.65788112685193  0.5571595599489396
8.55  -4.697276071548802  0.5204122918509864
8.56  -4.733829200676342  0.48348175115752556
8.57  -4.767518399875099  0.4463809436260029
8.58  -4.798323287441018  0.40912293497642915
8.59  -4.826225226656182  0.37172084629003055
8.6  -4.8512073370639035  0.33418784938840174
8.61  -4.873254504681263  0.2965371621948599
8.620000000000001  -4.892353391142957  0.2587820440794504
8.63  -4.908492441770886  0.2209357911894977
8.64  -4.921661892564679  0.18301173176706365
8.65  -4.931853776108806  0.14502322145517244
8.66  -4.939061926392819  0.1069836385944154
8.67  -4.943281982541737  0.06890637951150513
8.68  -4.944511391454338  0.030804853801495335
8.69  -4.942749409347773  -0.007307520394599698
8.700000000000001  -4.93799710220754  -0.04541732111531238
8.71  -4.93025734514258  -0.0835111273054262
8.72  -4.919534820645852  -0.12157552354251056
8.73  -4.905836015761461  -0.15959710476139521
8.74  -4.889169218160052  -0.19756248097496398
8.75  -4.869544511124831  -0.23545828198973795
8.76  -4.846973767451245  -0.27327116211438063
8.77  -4.82147064226406  -0.3109878048596455
8.78  -4.793050564756091  -0.3485949276280408
8.790000000000001  -4.761730728853666  -0.38607928639149225
8.8  -4.727530082814455  -0.4234276803554966
8.81  -4.690469317763891  -0.46062695660801234
8.82  -4.650570855177206  -0.49766401475148825
8.83  -4.607858833314628  -0.5345258115164339
8.84  -4.562359092617912  -0.5711993653547995
8.85  -4.514099160077073  -0.6076717610116862
8.86  -4.463108232576776  -0.6439301540737035
8.870000000000001  -4.409417159232412  -0.6799617754923235
8.88  -4.3530584227267  -0.715753936080759
8.89  -4.294066119657836  -0.7512940309826813
8.9  -4.232475939911359  -0.7865695441112439
8.91  -4.168325145068036  -0.8215680525568743
8.92  -4.101652545860903  -0.8562772309621786
8.93  -4.032498478695038  -0.8906848558625945
8.94  -3.9609047812444054  -0.9247788099910558
8.950000000000001  -3.886914767140337  -0.9585470865453366
8.96  -3.810573199767177  -0.991977793416455
8.97  -3.7319262651807135  -1.025059157376695
8.98  -3.6510215441660208  -1.0577795282257556
8.99  -3.5679079834514495  -1.090127382893603
9.0  -3.4826358660961927  -1.1220913294984858
9.01  -3.395256781069495  -1.1536601113588412
9.02  -3.305823592039678  -1.1848226109574955
9.03  -3.2143904053920433  -1.2155678538569183
9.040000000000001  -3.1210125374949182  -1.2458850125640906
9.05  -3.0257464812337487  -1.2757634103435398
9.06  -2.928649871833203  -1.3051925249774248
9.07  -2.8297814519884485  -1.3341619924710628
9.08  -2.7292010363262076  -1.3626616107028207
9.09  -2.626969475217386  -1.3906813430169913
9.1  -2.523148617963086  -1.4182113217583519
9.11  -2.4178012753761973  -1.445241851747254
9.120000000000001  -2.3109911817814197  -1.4717634136939746
9.13  -2.2027829564564927  -1.4977666675510521
9.14  -2.0932420645379546  -1.5232424558026227
9.15  -1.9824347774153082  -1.5481818066893498
9.16  -1.8704281326373398  -1.572575937368012
9.17  -1.7572898933548637  -1.596416257004553
9.18  -1.6430885073246342  -1.6196943697994683
9.19  -1.5278930654989216  -1.6424020779445718
9.200000000000001  -1.411773260226021  -1.6645313845099772
9.21  -1.2947993430869897  -1.6860744962603567
9.22  -1.1770420823939043  -1.7070238263995083
9.23  -1.0585727203755737  -1.7273719972421364
9.24  -0.9394629300766382  -1.747111842812075
9.25  -0.8197847719958564  -1.766236411365886
9.26  -0.6996106504900861  -1.7847389678410552
9.27  -0.5790132699702095  -1.8026129962278763
9.28  -0.4580655909155418  -1.819852201864159
9.290000000000001  -0.33684078573322607  -1.836450513652024
9.3  -0.21541219448966586  -1.8524020861959452
9.31  -0.09385328054017883  -1.8677013018613087
9.32  0.027762413915671136  -1.8823427727527762
9.33  0.14936131232655736  -1.8963213426117118
9.34  0.27086984830260974  -1.909632088632062
9.35  0.39221451012258557  -1.9222703231940161
9.36  0.5133218852077799  -1.9342315955148206
9.370000000000001  0.634118704536156  -1.9455116932162233
9.38  0.75453188696945  -1.9561066438079133
9.39  0.8744885834667906  -1.9660127160865266
9.4  0.9939162211577242  -1.975226421449653
9.41  1.1127425472483183  -1.9837445151243998
9.42  1.230895672733442  -1.9915639973101062
9.43  1.3483041158891225  -1.9986821142347788
9.44  1.4648968455184177  -2.005096359124873
9.450000000000001  1.5806033239247546  -2.0108044730881116
9.46  1.6953535495866054  -2.0158044459089783
9.47  1.8090780995080336  -2.020094516756666
9.48  1.9217081712188953  -2.02367317480518
9.49  2.033175624399891  -2.0265391597654
9.5  2.143413022106905  -2.028691462328918
9.51  2.252353671569825  -2.03012932452348
9.52  2.3599316645412083  -2.030852239979925
9.53  2.466081917170167  -2.030859954110506
9.540000000000001  2.570740209377672  -2.0301524641985536
9.55  2.6738432237091243  -2.028730019399428
9.56  2.7753285836410155  -2.026593120652778
9.57  2.875134891318181  -2.023742520506124
9.58  2.973201764699025  -2.0201792228498334
9.59  3.0694698740862423  -2.0159044825635863
9.6  3.1638809780207446  -2.0109198050744466
9.61  3.256377958517343  -2.0052269458266916
9.620000000000001  3.346904855620688  -1.9988279096636106
9.63  3.4354069012605533  -1.991724950121457
9.64  3.5218305523861635  -1.9839205686358259
9.65  3.606123523359315  -1.975417513660731
9.66  3.6882348175867277  -1.9662187797006787
9.67  3.7681147583726293  -1.9563276062561128
9.68  3.8457150189727667  -1.9457474766825507
9.69  3.920988651831695  -1.934482116963868
9.700000000000001  3.993890116985739  -1.9225354944001225
9.71  4.064375309614213  -1.909911816210396
9.72  4.132401586722597  -1.896615528051148
9.73  4.197927792941171  -1.8826513124505992
9.74  4.2609142854236985  -1.8680240871596845
9.75  4.321322957831035  -1.8527390034201963
9.76  4.379117263385204  -1.83680144415066
9.77  4.434262236979858  -1.820217022050661
9.78  4.486724516333932  -1.8029915776242245
9.790000000000001  4.536472362175567  -1.7851311771229614
9.8  4.58347567744409  -1.7666421104097652
9.81  4.627706025498547  -1.7475308887436753
9.82  4.669136647321617  -1.7278042424868587
9.83  4.7077424777086385  -1.7074691187343762
9.84  4.743500160431825  -1.6865326788676254
9.85  4.776388062370635  -1.665002296032355
9.86  4.806386286599626  -1.642885552542067
9.870000000000001  4.833476684425948  -1.620190237207749
9.88  4.857642866369147  -1.5969243425949529
9.89  4.878870212076702  -1.573096062209006
9.9  4.897145879169195  -1.548713787609569
9.91  4.912458811009866  -1.523786105455379
9.92  4.924799743393791  -1.4983217944802887
9.93  4.934161210152649  -1.4723298224017092
9.94  4.940537547671704  -1.4458193427624264
9.950000000000001  4.943924898316242  -1.4187996917070476
9.96  4.944321212765409  -1.3912803846941124
9.97  4.9417262512520415  -1.3632711131450077
9.98  4.936141583707714  -1.3347817410310077
9.99  4.927570588812952  -1.3058223013994803
10.0  4.91601845195315  -1.27640299284055
