0.0  3.622901432864594  -1.0409639110731777
0.01  3.5422734889499776  -1.0129582568421498
0.02  3.4597513532422974  -0.9846422113638923
0.03  3.3753893777239465  -0.9560239116533404
0.04  3.2892426893035487  -0.9271115640397491
0.05  3.2013671510058845  -0.8979134428385648
0.06  3.111819323175249  -0.868437889029024
0.07  3.0206564247223846  -0.8386933089366257
0.08  2.9279362944444975  -0.8086881729195834
0.09  2.833717352447168  -0.7784310140583459
0.1  2.7380585616962985  -0.7479304268472584
0.11  2.641019389727494  -0.7171950658874012
0.12  2.542659770539533  -0.6862336445796389
0.13  2.443040066697846  -0.655054933816883
0.14  2.342221031673089  -0.6236677606745624
0.15  2.240263772439136  -0.5920810070982764
0.16  2.13722971235398  -0.5603036085875954
0.17  2.0331805543462003  -0.5283445528749608
0.18  1.9281782444288045  -0.49621287859862684
0.19  1.8222849355613815  -0.46391767396857425
0.2  1.7155629518806603  -0.4314680754243303
0.21  1.6080747533186568  -0.3988732662836113
0.22  1.4998829006267083  -0.3661424753807086
0.23  1.3910500208228123  -0.3332849756935347
0.24  1.2816387730787637  -0.3003100829582498
0.25  1.1717118150626917  -0.26722715427038346
0.26  1.0613317697516862  -0.23404558667137848
0.27  0.9505611927282807  -0.20077481571948014
0.28  0.8394625399736649  -0.16742431404391064
0.29  0.7280981361695856  -0.1340035898812687
0.3  0.6165301435199741  -0.10052218559310581
0.31  0.5048205311024628  -0.06698967616365037
0.32  0.39303104475902795  -0.03341566767665381
0.33  0.28122317753413106  0.00019020422964910466
0.34  0.16945814066782672  0.033818275930446846
0.35000000000000003  0.057796835150453696  0.0674588574061059
0.36  -0.05370017615535355  0.10110223385871564
0.37  -0.1649726958204344  0.13473866735435724
0.38  -0.2759609185785989  0.16835839849200124
0.39  -0.3866054574766118  0.20195164809991525
0.4  -0.4968473694422437  0.23550861896043324
0.41000000000000003  -0.6066281802687473  0.26901949756391885
0.42  -0.7158899090148999  0.3024744558927168
0.43  -0.8245750918205069  0.33586365323585676
0.44  -0.932626805137989  0.36917723803525193
0.45  -1.0399886883813985  0.40240534976408304
0.46  -1.1466049659949118  0.4355381208380424
0.47000000000000003  -1.2524204689434957  0.46856567856006237
0.48  -1.3573806556290984  0.5014781470991221
0.49  -1.4614316322363838  0.5342656495036854
0.5  -1.5645201725125342  0.5669183097502812
0.51  -1.6665937369863346  0.5994262548276992
0.52  -1.7676004916322106  0.6317796168572286
0.53  -1.8674893259854495  0.6639685352493286
0.54  -1.9662098707153477  0.6959831588970643
0.55  -2.063712514663453  0.7278136484066094
0.56  -2.159948421354535  0.75945017836506
0.5700000000000001  -2.2548695449883396  0.7908829396457611
0.58  -2.348428645920524  0.8221021417512957
0.59  -2.4405793056415654  0.8530980151942431
0.6  -2.5312759412627237  0.8838608139157526
0.61  -2.62047381951847  0.9143808177419344
0.62  -2.7081290702950094  0.9446483348780232
0.63  -2.7941986996947943  0.9746537044402017
0.64  -2.8786406026471276  1.0043872990249352
0.65  -2.9614135750750967  1.0338395273156042
0.66  -3.0424773256292554  1.063000836726168
0.67  -3.1217924869985745  1.091861716081548
0.68  -3.199320626809253  1.120412698334351
0.6900000000000001  -3.2750242581220417  1.1486443633175067
0.7000000000000001  -3.348866849538774  1.1765473405323312
0.71  -3.4208128349287463  1.2041123119714854
0.72  -3.490827622785617  1.2313300149762187
0.73  -3.5588776052253706  1.2581912451272579
0.74  -3.6249301666358575  1.2846868591686262
0.75  -3.6889536919882517  1.310807777963629
0.76  -3.7509175748206554  1.3365449894821877
0.77  -3.810792224903904  1.3618895518186416
0.78  -3.8685490755994123  1.386832596239086
0.79  -3.924160590918688  1.411365330257262
0.8  -3.977600272293894  1.435479040737948
0.81  -4.028842665068573  1.4591650970267591
0.8200000000000001  -4.077863364717322  1.4824149541051992
0.8300000000000001  -4.124639022802943  1.5052201557697567
0.84  -4.169147352679194  1.5275723378337882
0.85  -4.21136713494696  1.5494632313508672
0.86  -4.251278222671239  1.5708846658582378
0.87  -4.2888615463659825  1.591828572638953
0.88  -4.324099118753371  1.612286988001226
0.89  -4.356974039303722  1.6322520565734768
0.9  -4.38747049856171  1.6517160346135018
0.91  -4.415573782264204  1.6706712933301506
0.92  -4.441270275254472  1.6891103222158421
0.93  -4.4645474651970405  1.7070257323882132
0.9400000000000001  -4.485393946097036  1.7244102599391287
0.9500000000000001  -4.5037994216272335  1.7412567692892678
0.96  -4.519754708265626  1.7575582565464243
0.97  -4.53325173824569  1.773307852865649
0.98  -4.544283562321096  1.7884988278092864
0.99  -4.55284435234596  1.8031245927049573
1.0  -4.558929403671302  1.817178703999465
1.01  -4.562535137357716  1.8306548666065898
1.02  -4.563659102203792  1.8435469372466928
1.03  -4.56229997658924  1.8558489277760097
1.04  -4.55845757013111  1.8675550085034993
1.05  -4.552132825150974  1.8786595114930615
1.06  -4.543327817950358  1.8891569338489278
1.07  -4.532045759891226  1.899041940981984
1.08  -4.518290998277699  1.908309369854773
1.09  -4.502069017034727  1.9169542322028912
1.1  -4.483386437178895  1.924971717730472
1.11  -4.462251017075992  1.9323571972774418
1.12  -4.438671652479526  1.9391062259561822
1.1300000000000001  -4.4126583763438125  1.9452145462552617
1.1400000000000001  -4.384222358404852  1.9506780911078452
1.1500000000000001  -4.35337590452166  1.9554929869223907
1.16  -4.320132455770349  1.9596555565732448
1.17  -4.284506587282741  1.9631623223487156
1.18  -4.24651400682095  1.9660100088542056
1.19  -4.206171553078879  1.9681955458679927
1.2  -4.163497193701274  1.9697160711472215
1.21  -4.118510023010578  1.970568933181683
1.22  -4.071230259431441  1.9707516938929568
1.23  -4.0216792426025165  1.9702621312764923
1.24  -3.9698794301647817  1.9690982419842076
1.25  -3.9158543942153705  1.967258243845198
1.26  -3.859628817415686  1.964740578322155
1.27  -3.801228488742287  1.9615439129010914
1.28  -3.7406802988688543  1.9576671434120165
1.29  -3.6780122351673628  1.953109396278178
1.3  -3.6132533763164565  1.947870030691543
1.31  -3.5464338865048597  1.941948640712182
1.32  -3.4775850092175817  1.935345057289262
1.33  -3.406739060592629  1.9280593502013643
1.34  -3.333929422335853  1.9200918299138758
1.35  -3.259190534181579  1.9114430493512342
1.36  -3.1825578858867027  1.9021138055818245
1.37  -3.1040680087459407  1.8921051414133745
1.3800000000000001  -3.023758466616034  1.8814183468967154
1.3900000000000001  -2.9416678464368413  1.8700549607358221
1.4000000000000001  -2.857835748237317  1.8580167716020737
1.41  -2.772302774614656  1.8453058193507357
1.42  -2.6851105196749767  1.8319243961376785
1.43  -2.596301557424232  1.8178750474344254
1.44  -2.5059194295982836  1.8031605729396358
1.45  -2.4140086329213224  1.7877840273852068
1.46  -2.320614605782216  1.7717487212352088
1.47  -2.2257837143187  1.7550582212759265
1.48  -2.1295632378996743  1.7377163510953406
1.49  -2.0320013539963364  1.7197271914504215
1.5  -1.9331471224333332  1.701095080520688
1.51  -1.8330504690115383  1.681824614046519
1.52  -1.7317621684946127  1.6619206453507949
1.53  -1.6293338269520512  1.6413882852424762
1.54  -1.525817863451915  1.6202329018008175
1.55  -1.4212674910971361  1.5984601200389714
1.56  -1.315736697399798  1.5760758214458002
1.57  -1.20928022398851  1.5530861434047876
1.58  -1.1019535456446488  1.529497478489015
1.59  -0.9938128486638874  1.5053164736312308
1.6  -0.88491500854021  1.4805500291681213
1.61  -0.7753175669703336  1.4552052977579684
1.62  -0.6650787081771734  1.429289683170939
1.6300000000000001  -0.5542572345518326  1.4028108389513574
1.6400000000000001  -0.44291254161440186  1.3757766669513556
1.6500000000000001  -0.3311045922945671  1.348195315735403
1.6600000000000001  -0.21889389053406638  1.320075178855282
1.67  -0.10634145421366958  1.2914248929951684
1.68  0.006491212591622109  1.2622533359865364
1.69  0.1195421480245793  1.23256962469273
1.7  0.23274896151958352  1.2023831127630769
1.71  0.34604886353188596  1.1717033882565477
1.72  0.4593786959150194  1.140540271135027
1.73  0.5726749629381667  1.1089038106263485
1.74  0.6858738629342671  1.0768042824573456
1.75  0.7989113205688215  1.0442521859572447
1.76  0.9117230197182729  1.0112582410318152
1.77  1.0242444369459458  0.9778333850087859
1.78  1.1364108755625508  0.9439887693551208
1.79  1.2481575002573082  0.9097357562668293
1.8  1.3594193722846968  0.8750859151320952
1.81  1.4701314851910237  0.8400510188685606
1.82  1.580228801063882  0.8046430401357333
1.83  1.6896462872867095  0.7688741474235371
1.84  1.7983189537796591  0.7327567010181366
1.85  1.906181890707091  0.6963032488462396
1.86  2.013170306630956  0.6595265221991893
1.87  2.119219567088562  0.6224394313382167
1.8800000000000001  2.2242652335721598  0.5850550609823393
1.8900000000000001  2.328243102886933  0.547386665680459
1.9000000000000001  2.4310892468631238  0.5094476650693104
1.9100000000000001  2.5327400523970334  0.4712516390189878
1.92  2.633132261794935  0.4328123226678711
1.93  2.7322030133929602  0.39414360134884463
1.94  2.829889882425238  0.35525950540880735
1.95  2.9261309221118124  0.3161742049235239
1.96  3.0208647049370265  0.27690200430997314
1.97  3.114030364088312  0.23745733683843107
1.98  3.205567635024629  0.19785475904657968
1.99  3.2954168971430664  0.15810894505804068
2.0  3.383519215511419  0.11823468080779578
2.0100000000000002  3.469816382633976  0.07824685817702876
2.02  3.5542509602170616  0.038160469040014994
2.0300000000000002  3.6367663209003243  -0.002009400774276693
2.04  3.7173066899192055  -0.042247577603072906
2.05  3.795817186663516  -0.0825388061503913
2.06  3.872243866096493  -0.12286775576440512
2.07  3.9465337599983683  -0.16321902678862715
2.08  4.018634917997985  -0.20357715698389495
2.09  4.08849644835559  -0.2439266280180274
2.1  4.156068558459756  -0.284251872020044
2.11  4.221302595000829  -0.32453727819567474
2.12  4.2841510837833034  -0.364767199500944
2.13  4.344567769139101  -0.40492595937043624
2.14  4.402507652903698  -0.44499785849692225
2.15  4.457927032916761  -0.48496718165884595
2.16  4.510783541009053  -0.5248182045922306
2.17  4.561036180437107  -0.564535200903447
2.18  4.608645362727329  -0.6041024490192622
2.19  4.653572943891125  -0.6435042391705509
2.2  4.695782259972809  -0.682724880405999
2.21  4.735238161892069  -0.7217487076320899
2.22  4.771907049543098  -0.7605600886756396
2.23  4.805756905112529  -0.7991434313650926
2.24  4.836757325578761  -0.8374831906267906
2.25  4.864879554355402  -0.8755638755923302
2.2600000000000002  4.890096512042081  -0.9133700567132226
2.27  4.912382826246125  -0.9508863728788625
2.2800000000000002  4.931714860439147  -0.9880975385340094
2.29  4.948070741813066  -1.0249883507917292
2.3000000000000003  4.961430388100587  -1.0615436965379714
2.31  4.971775533325771  -1.0977485595236987
2.32  4.979089752450981  -1.1335880274407049
2.33  4.983358484887116  -1.1690472989770488
2.34  4.984569056834805  -1.2041116908481702
2.35  4.982710702424963  -1.2387666447996821
2.36  4.977774583627938  -1.2729977345778136
2.37  4.969753808901337  -1.3067906728635763
2.38  4.958643450547441  -1.340131318166581
2.39  4.944440560752159  -1.3730056816746121
2.4  4.927144186278357  -1.4053999340549024
2.41  4.906755381787417  -1.4373004122032327
2.42  4.88327722176399  -1.4686936259368246
2.43  4.856714811019922  -1.4995662646271932
2.44  4.827075293754524  -1.5299052037689571
2.45  4.794367861149439  -1.5596975114808171
2.46  4.758603757477663  -1.5889304549347643
2.47  4.719796284707364  -1.6175915067097475
2.48  4.677960805582567  -1.6456683510659742
2.49  4.633114745163936  -1.6731488901360865
2.5  4.585277590814243  -1.7000212500294904
2.5100000000000002  4.534470890614527  -1.726273786846145
2.52  4.480718250198236  -1.751895092596167
2.5300000000000002  4.424045327992086  -1.776874001021648
2.54  4.364479828853842  -1.8011995933171312
2.5500000000000003  4.302051496098595  -1.8248612037452374
2.56  4.236792101906656  -1.8478484251439848
2.57  4.168735436107628  -1.8701511143224152
2.58  4.09791729333678  -1.8917593973411582
2.59  4.024375458561346  -1.912663674674672
2.6  3.9481496909758547  -1.9328546262519255
2.61  3.869281706267341  -1.9523232163723638
2.62  3.7878151572525685  -1.9710606984940613
2.63  3.7037956128913043  -1.989058619891039
2.64  3.6172705356809476  -2.0063088261767894
2.65  3.528289257439705  -2.0228034656911227
2.66  3.4369029534867988  -2.038534993747531
2.67  3.3431646152301417  -2.0534961767383315
2.68  3.2471290211731247  -2.0676800960949415
2.69  3.1488527063541567  -2.0810801521007023
2.7  3.048393930233831  -2.093690067553778
2.71  2.9458126430465126  -2.1055038912776967
2.72  2.8411704506343924  -2.1165160014772435
2.73  2.7345305777840236  -2.126721108937443
2.74  2.62595783008648  -2.1361142600635143
2.75  2.5155185543442746  -2.14469083975972
2.7600000000000002  2.4032805975493314  -2.152446574145175
2.77  2.2893132644581726  -2.1593775331047205
2.7800000000000002  2.1736872737916357  -2.1654801326731254
2.79  2.0564747130883223  -2.1707511372509085
2.8000000000000003  1.9377489922420874  -2.1751876616502255
2.81  1.8175847957555684  -2.1787871729693427
2.82  1.6960580337430387  -2.1815474922943117
2.83  1.5732457917173996  -2.183466796226579
2.84  1.4492262791973145  -2.184543618235354
2.85  1.324078777171977  -2.1847768498336695
2.86  1.1978835844623315  -2.184165741577165
2.87  1.0707219630185856  -2.182709903884744
2.88  0.9426760821955299  -2.180409307680337
2.89  0.813828962047924  -2.1772642848551333
2.9  0.6842644156897266  -2.1732755285497465
2.91  0.5540669907618432  -2.1684440932558626
2.92  0.4233219100543938  -2.1627713947370695
2.93  0.2921150113301847  -2.156259209768632
2.94  0.16053268639755314  -2.148909675696122
2.95  0.028661819481250184  -2.140725289812888
2.96  -0.10341027505874079  -2.131708908556495
2.97  -0.23559591560986165  -2.121863746524334
2.98  -0.36780711673953037  -2.1111933753087446
2.99  -0.4999556531255456  -2.0997017221520804
3.0  -0.6319531239311297  -2.087393068422268
3.0100000000000002  -0.7637110175711941  -2.074272047909509
3.02  -0.8951407768154459  -2.0603436449449
3.0300000000000002  -1.026153864173602  -2.0456131923418193
3.04  -1.1566618275072817  -2.0300863691610855
3.0500000000000003  -1.2865763658129765  -2.0137691983009467
3.06  -1.4158093951196937  -1.9966680439131166
3.0700000000000003  -1.5442731144449644  -1.9787896086461263
3.08  -1.6718800717521995  -1.9601409307174218
3.09  -1.7985432298525652  -1.9407293808156791
3.1  -1.9241760321939598  -1.9205626588349802
3.11  -2.048692468479849  -1.8996487904425279
3.12  -2.1720071400606344  -1.8779961234817275
3.13  -2.2940353250399887  -1.8556133242125394
3.14  -2.414693043039  -1.8325093733911064
3.15  -2.5338971195607844  -1.8086935621907791
3.16  -2.6515652498986224  -1.7841754879667027
3.17  -2.767616062530688  -1.7589650498663136
3.18  -2.881969181945041  -1.733072444288074
3.19  -2.9945452908385124  -1.7065081601909855
3.2  -3.105266191633906  -1.6792829742573898
3.21  -3.2140548672601263  -1.6514079459117743
3.22  -3.320835541140551  -1.6228944121982656
3.23  -3.425533736335366  -1.5937539825196982
3.24  -3.5280763337844974  -1.5639985332411208
3.25  -3.628391629598097  -1.5336402021607614
3.2600000000000002  -3.7264093913426724  -1.5026913828515092
3.27  -3.822060913271444  -1.4711647188760653
3.2800000000000002  -3.9152790704486384  -1.4390730978789825
3.29  -4.0059983717180305  -1.4064296455588883
3.3000000000000003  -4.094155011467371  -1.3732477195242576
3.31  -4.179686920141056  -1.3395409030361707
3.3200000000000003  -4.262533813454609  -1.3053229986415475
3.33  -4.342637240265643  -1.2706080217004347
3.34  -4.419940629057082  -1.235410193810956
3.35  -4.494389332989754  -1.1997439361356126
3.36  -4.5659306734825025  -1.1636238626326882
3.37  -4.634513982279576  -1.1270647731965264
3.38  -4.700090641966098  -1.090081646710544
3.39  -4.76261412489401  -1.0526896340168697
3.4  -4.822040030482195  -1.0149040508065454
3.41  -4.878326120856044  -0.9767403704342786
3.42  -4.9314323547931345  -0.9382142166617666
3.43  -4.981320919943317  -0.8993413563336601
3.44  -5.0279562632930235  -0.8601376919902616
3.45  -5.071305119845249  -0.8206192544210935
3.46  -5.111336539488245  -0.7808021951635002
3.47  -5.148021912027743  -0.7407027789504596
3.48  -5.181334990359045  -0.7003373761118592
3.49  -5.211251911757211  -0.6597224549334004
3.5  -5.237751217265201  -0.6188745739774879
3.5100000000000002  -5.260813869161643  -0.5778103743702605
3.52  -5.280423266491668  -0.5365465720591686
3.5300000000000002  -5.296565258646057  -0.49509995004527924
3.54  -5.309228156975761  -0.453487350594727
3.5500000000000003  -5.318402744430713  -0.4117256674335067
3.56  -5.324082283213628  -0.36983183793002633
3.5700000000000003  -5.326262520441437  -0.32782283526964995
3.58  -5.3249416918087755  -0.28571566062558623
3.59  -5.320120523249877  -0.24352733533040546
3.6  -5.311802230597063  -0.20127489305247462
3.61  -5.299992517235901  -0.15897537198162656
3.62  -5.284699569758996  -0.11664580702825475
3.63  -5.265934051622229  -0.0743032220401893
3.64  -5.243709094809131  -0.03196462204146633
3.65  -5.218040289511002  0.01035301450268572
3.66  -5.188945671832077  0.05263274339057937
3.67  -5.156445709531154  0.09485766235424697
3.68  -5.120563285812628  0.13701091869106563
3.69  -5.081323681181961  0.1790757168526282
3.7  -5.038754553382227  0.22103532598688888
3.71  -4.992885915430295  0.26287308742952964
3.72  -4.943750111772878  0.3045724221405855
3.73  -4.891381792584495  0.34611683808239835
3.74  -4.835817886231072  0.38748993753502103
3.75  -4.7770975699246225  0.42867542434522987
3.7600000000000002  -4.715262238596085  0.46965711110537217
3.77  -4.650355472015153  0.5104189262583106
3.7800000000000002  -4.5824230001872905  0.5509449211247974
3.79  -4.5115126670600505  0.5912192768496561
3.8000000000000003  -4.43767439257203  0.631226311263233
3.81  -4.360960133079528  0.6709504856545782
3.8200000000000003  -4.281423840197307  0.710376411453014
3.83  -4.199121418091396  0.7494888568146134
3.84  -4.114110679263176  0.7882727531104188
3.85  -4.026451298865354  0.8267132013130684
3.86  -3.9362047675918928  0.8647954782787557
3.87  -3.8434343431848412  0.9025050429214136
3.88  -3.748205000602781  0.9398275422761273
3.89  -3.650583380896228  0.9767488174488571
3.9  -3.5506377388368264  1.013254909449629
3.91  -3.4484378893480616  1.0493320649064388
3.92  -3.3440551527863165  1.0849667416571611
3.93  -3.237562299122006  1.120145614216934
3.94  -3.1290334910715245  1.1548555791184192
3.95  -3.0185442262314988  1.1890837601226236
3.96  -2.9061712782677755  1.2228175132978392
3.97  -2.791992637212162  1.2560444319645656
3.98  -2.676087448920929  1.2887523515041626
3.99  -2.558535953749223  1.32092935402927
4.0  -2.4394194244968084  1.352563772913928
4.01  -2.3188201036804172  1.3836441971816256
4.0200000000000005  -2.1968211401889186  1.4141594757494165
4.03  -2.0735065253777276  1.4440987215264456
4.04  -1.9489610286592716  1.4734513153653506
4.05  -1.8232701326466494  1.5022069098649522
4.0600000000000005  -1.6965199679077845  1.5303554330229325
4.07  -1.568797247387777  1.5578870917371344
4.08  -1.4401892005568233  1.584792375154367
4.09  -1.31078350734169  1.6110620578655306
4.1  -1.180668231898373  1.636687202946142
4.11  -1.0499317562835409  1.6616591648413126
4.12  -0.9186627140824073  1.6859695920944084
4.13  -0.7869499240503579  1.7096104299186972
4.14  -0.6548823238255266  1.7325739226113521
4.15  -0.5225489037690845  1.7548526158093647
4.16  -0.39003864098998875  1.7764393585869087
4.17  -0.2574404336099595  1.797327305393934
4.18  -0.1248430353246554  1.8175099178357057
4.19  0.007665009683899826  1.8369809662932606
4.2  0.13999543142908072  1.8557345313847202
4.21  0.27206029834173406  1.8737650052676236
4.22  0.40377208097896994  1.891067092782397
4.23  0.535043715167427  1.9076358124373223
4.24  0.665788664529003  1.923466497235332
4.25  0.7959209823381437  1.938554795343166
4.26  0.9253553726605473  1.9528966706034294
4.2700000000000005  1.0540072507241667  1.9664884028902314
4.28  1.1817928024740774  1.9793265883091826
4.29  1.3086290432643106  1.9914081392425989
4.3  1.4344338756402106  2.00273028424084
4.3100000000000005  1.5591261461663113  2.0132905677608584
4.32  1.6826257012558408  2.023086849753038
4.33  1.8048534419591589  2.0321173050975743
4.34  1.9257313776693017  2.040380422891662
4.3500000000000005  2.0451826787046903  2.047875005588895
4.36  2.1631317277296294  2.054600167992327
4.37  2.27950416997524  2.0605553361027518
4.38  2.394226962224158  2.065740245823822
4.39  2.5072284205242577  2.0701549415257117
4.4  2.618438266597644  2.073799774469113
4.41  2.727787672912909  2.0766754010914084
4.42  2.835209306389996  2.0787827811569652
4.43  2.94063737070826  2.0801231757735414
4.44  3.0440076471903335  2.080698145276882
4.45  3.1452575342353137  2.0805095469856414
4.46  3.2443260852769384  2.079559532828837
4.47  3.3411540452434556  2.077850546848107
4.48  3.435683885497724  2.0753853225770955
4.49  3.5278598372376857  2.0721668803003697
4.5  3.617627923338854  2.0681985241943015
4.51  3.704935988622053  2.0634838393524326
4.5200000000000005  3.7897337285312647  2.058026688697872
4.53  3.871972716208143  2.051831209785343
4.54  3.951606427951323  2.0449018114955306
4.55  4.028590267050067  2.037243170624448
4.5600000000000005  4.102881585983838  2.0288602283705566
4.57  4.17443970698052  2.0197581867224517
4.58  4.243225940928038  2.009942504749934
4.59  4.30920360463544  1.9994188948013405
4.6000000000000005  4.372338036441172  1.9881933186100547
4.61  4.432596610167998  1.9762719833131257
4.62  4.489948747425466  1.963661337384962
4.63  4.5443659282622715  1.9503680664891219
4.64  4.595821700172764  1.9363990892512088
4.65  4.644291685463001  1.9217615529559324
4.66  4.6897535869834535  1.9064628291714043
4.67  4.732187192237009  1.8905105093037529
4.68  4.771574375872223  1.8739124000851843
4.69  4.80789910057334  1.8566765189985943
4.7  4.841147416359999  1.8388110896418808
4.71  4.871307458310969  1.8203245370350774
4.72  4.8983694427275175  1.8012254828734904
4.73  4.92232566175352  1.7815227407299727
4.74  4.943170476470619  1.761225311209519
4.75  4.96090030848803  1.7403423770592914
4.76  4.975513630047915  1.7188832982372966
4.7700000000000005  4.987010952668385  1.6968576069428258
4.78  4.9953948143473665  1.6742750026118156
4.79  5.000669765351832  1.651145346880264
4.8  5.002842352617821  1.6274786585188261
4.8100000000000005  5.001921102787883  1.6032851083417141
4.82  4.997916503913599  1.5785750140929895
4.83  4.9908409858517055  1.5533588353133139
4.84  4.98070889938348  1.527647168190238
4.8500000000000005  4.9675364940877795  1.5014507403950588
4.86  4.95134189499913  1.4747804059092593
4.87  4.932145078082979  1.4476471398435031
4.88  4.909967844561082  1.4200620332521545
4.89  4.884833794120694  1.392036287946259
4.9  4.856768297041916  1.3635812113078631
4.91  4.825798465278247  1.3347082111085484
4.92  4.791953122525902  1.3054287903349926
4.93  4.755262773318122  1.2757545420243481
4.94  4.715759571181116  1.2456971441122016
4.95  4.6734772858888  1.2152683542958072
4.96  4.628451269853855  1.1844800049152509
4.97  4.580718423693096  1.1533439978551698
4.98  4.530317161005312  1.1218722994696149
4.99  4.477287372400235  1.0900769355325652
5.0  4.4216703888172315  1.0579699862165652
5.01  4.363508944172807  1.025563581101912
5.0200000000000005  4.302847137375949  0.9928698942187827
5.03  4.239730393750479  0.9599011391246084
5.04  4.174205425903614  0.9266695640189289
5.05  4.10632019408006  0.8931874468980049
5.0600000000000005  4.036123866040705  0.8594670907512505
5.07  3.963666776505109  0.8255208188016734
5.08  3.8890003861966798  0.7913609697922521
5.09  3.8121772405294223  0.7569998933203291
5.1000000000000005  3.7332509279747415  0.7224499452218237
5.11  3.6522760381467734  0.687723483007217
5.12  3.569308119644102  0.6528328613509929
5.13  3.484403637685686  0.6177904276363395
5.14  3.3976199315783266  0.582608517556729
5.15  3.309015172052445  0.5472994507759412
5.16  3.2186483185028436  0.5118755266481322
5.17  3.1265790761701857  0.47634901999930573
5.18  3.0328678532988125  0.4407321769716862
5.19  2.937575718305758  0.405037210932208
5.2  2.8407643569952246  0.3692762984464895
5.21  2.742496029852182  0.3334615753193643
5.22  2.6428335294481906  0.29760513270320693
5.23  2.5418401379917777  0.2617190132749912
5.24  2.43957958505499  0.22581520748317124
5.25  2.3361160055069212  0.18990564986520186
5.26  2.231513897684619  0.15400221543662154
5.2700000000000005  2.125838081830382  0.11811671615244246
5.28  2.0191536588243157  0.08226089744154658
5.29  1.9115259692395532  0.04644643481474253
5.3  1.8030205527471883  0.010684930547067789
5.3100000000000005  1.6937031078968903  -0.02501208956516593
5.32  1.5836394522982076  -0.060633179372165225
5.33  1.4728954832267536  -0.09616697546289601
5.34  1.3615371386786113  -0.13160220018144964
5.3500000000000005  1.249630358895276  -0.16692766456733504
5.36  1.1372410483804731  -0.20213227121945956
5.37  1.0244350384292187  -0.23720501708379801
5.38  0.9112780501888398  -0.27213499616456227
5.39  0.7978356582701028  -0.30691140215899776
5.4  0.6841732549262707  -0.34152353101582034
5.41  0.5703560148164316  -0.3759607834174807
5.42  0.4564488603686269  -0.4102126671864286
5.43  0.3425164277575471  -0.4442687996156294
5.44  0.22862303351009283  -0.4781189097236609
5.45  0.11483264175160307  -0.5117528404347828
5.46  0.0012088321041123784  -0.5451605506843888
5.47  -0.11218523175242984  -0.5783321174503215
5.48  -0.22528683284670104  -0.611257737710614
5.49  -0.3380337310012847  -0.6439277303282104
5.5  -0.4503641922293046  -0.6763325378633944
5.51  -0.562217017435434  -0.7084627283145024
5.5200000000000005  -0.6735315704154873  -0.7403089967877605
5.53  -0.7842478051497744  -0.7718621670969605
5.54  -0.8943062923863041  -0.8031131932939161
5.55  -1.0036482455105007  -0.8340531611304436
5.5600000000000005  -1.1122155456995606  -0.8646732894528965
5.57  -1.2199507663599276  -0.8949649315301696
5.58  -1.3267971968474963  -0.9249195763161886
5.59  -1.4326988654708877  -0.9545288496479447
5.6000000000000005  -1.5376005617790214  -0.9837845153801109
5.61  -1.6414478581348169  -1.0126784764573926
5.62  -1.7441871305779864  -1.041202775925744
5.63  -1.8457655789802314  -1.0693495978836514
5.64  -1.9461312464970542  -1.0971112683746396
5.65  -2.0452330383212174  -1.1244802562223082
5.66  -2.1430207397433443  -1.1514491738090837
5.67  -2.2394450335258838  -1.1780107778000826
5.68  -2.3344575165973445  -1.2041579698132723
5.69  -2.4280107160742475  -1.2298837970373608
5.7  -2.520058104618665  -1.2551814527987113
5.71  -2.610554115140175  -1.2800442770786842
5.72  -2.6994541548510265  -1.3044657569827864
5.73  -2.7867146186841554  -1.3284395271630016
5.74  -2.87229290208405  -1.3519593701947474
5.75  -2.9561474131809184  -1.375019216909863
5.76  -3.038237584358779  -1.397613146687082
5.7700000000000005  -3.1185238832288213  -1.419735387701389
5.78  -3.1969678230194174  -1.4413803171337334
5.79  -3.273531972394551  -1.462542461342557
5.8  -3.3481799647127337  -1.4832164959985408
5.8100000000000005  -3.420876506738719  -1.5033972461840734
5.82  -3.4915873868203224  -1.5230796864588354
5.83  -3.560279482543243  -1.5422589408929892
5.84  -3.6269207678764652  -1.5609302830693677
5.8500000000000005  -3.6914803198211796  -1.5790891360561379
5.86  -3.7539283245762523  -1.5967310723513068
5.87  -3.814236083233238  -1.613851813800543
5.88  -3.8723760170138855  -1.6304472314896432
5.89  -3.9283216720632717  -1.646513345613095
5.9  -3.9820477238114966  -1.6620463253200564
5.91  -4.033529980916773  -1.6770424885391182
5.92  -4.082745388802872  -1.6914983017832048
5.93  -4.129672032803457  -1.7054103799358837
5.94  -4.174289140925884  -1.718775486020424
5.95  -4.216577086246809  -1.731590530952824
5.96  -4.256517388951774  -1.7438525732800954
5.97  -4.294092718030539  -1.7555588189049898
5.98  -4.329286892639975  -1.7667066207983821
5.99  -4.362084883145696  -1.7772934787004497
6.0  -4.392472811853635  -1.7873170388118038
6.01  -4.420437953442161  -1.7967750934756566
6.0200000000000005  -4.445968735105201  -1.8056655808520952
6.03  -4.4690547364162825  -1.8139865845855099
6.04  -4.489686688923196  -1.8217363334661612
6.05  -4.507856475482413  -1.8289132010868603
6.0600000000000005  -4.523557129342069  -1.8355157054956823
6.07  -4.536782832981828  -1.8415425088456145
6.08  -4.547528916717551  -1.8469924170419818
6.09  -4.555791857078099  -1.8518643793884568
6.1000000000000005  -4.561569274961273  -1.8561574882324363
6.11  -4.564859933575245  -1.8598709786105085
6.12  -4.565663736171454  -1.863004227894695
6.13  -4.563981723574319  -1.8655567554401187
6.140000000000001  -4.559816071512666  -1.8675282222346912
6.15  -4.553170087757197  -1.8689184305513824
6.16  -4.544048209067798  -1.8697273236035838
6.17  -4.532455997953929  -1.8699549852040285
6.18  -4.5184001392508275  -1.869601639427692
6.19  -4.50188843651362  -1.8686676502790507
6.2  -4.482929808231007  -1.867153521364026
6.21  -4.461534283859491  -1.8650598955668916
6.22  -4.437712999678701  -1.8623875547323865
6.23  -4.41147819446772  -1.859137419353219
6.24  -4.3828432050018185  -1.8553105482631018
6.25  -4.3518224613684175  -1.8509081383354125
6.26  -4.318431482100662  -1.8459315241875247
6.2700000000000005  -4.282686869126318  -1.8403821778908132
6.28  -4.244606302529313  -1.8342617086862858
6.29  -4.204208535120606  -1.8275718627057302
6.3  -4.16151338681475  -1.8203145226982602
6.3100000000000005  -4.116541738807768  -1.8124917077620524
6.32  -4.069315527551781  -1.8041055730810542
6.33  -4.019857738521061  -1.7951584096663569
6.34  -3.9681923997639954  -1.7856526441019398
6.3500000000000005  -3.9143445752348702  -1.775590838294393
6.36  -3.8583403578990043  -1.7649756892262074
6.37  -3.800206862604306  -1.7538100287121734
6.38  -3.739972218712147  -1.7420968231583829
6.390000000000001  -3.6776655624798016  -1.7298391733232887
6.4  -3.6133170291865824  -1.7170403140802435
6.41  -3.546957744995416  -1.703703614180868
6.42  -3.4786198185412918  -1.6898325760185944
6.43  -3.4083363322377216  -1.6754308353916756
6.44  -3.33614133329226  -1.6605021612649054
6.45  -3.262069824421663  -1.6450504555292706
6.46  -3.1861577542572177  -1.6290797527587095
6.47  -3.108442007430722  -1.6125942199631091
6.48  -3.0289603943311088  -1.5955981563366735
6.49  -2.9477516405219455  -1.5780959930007206
6.5  -2.864855375809731  -1.5600922927399439
6.51  -2.7803121229529464  -1.541591749731157
6.5200000000000005  -2.6941632860016975  -1.522599189263516
6.53  -2.60645113825803  -1.5031195674491526
6.54  -2.5172188098464225  -1.4831579709231484
6.55  -2.4265102748849947  -1.4627196165317489
6.5600000000000005  -2.3343703382469685  -1.4418098510077064
6.57  -2.2408446219028426  -1.420434150631597
6.58  -2.145979550833484  -1.3985981208779135
6.59  -2.049822338504643  -1.376307496044813
6.6000000000000005  -1.9524209718935555  -1.3535681388662224
6.61  -1.8538241960585657  -1.3303860401051726
6.62  -1.7540814982429316  -1.306767318127026
6.63  -1.6532430915042846  -1.2827182184514412
6.640000000000001  -1.5513598978615406  -1.2582451132817045
6.65  -1.4484835309513693  -1.2333545010102607
6.66  -1.3446662781867942  -1.2080530056990477
6.67  -1.2399610824107958  -1.182347376533456
6.68  -1.1344215230382377  -1.1562444872484963
6.69  -1.0281017966801402  -1.1297513355259758
6.7  -0.9210566972443915  -1.1028750423613292
6.71  -0.8133415955076615  -1.0756228513987753
6.72  -0.7050124181543309  -1.0480021282335783
6.73  -0.5961256262778536  -1.0200203596800066
6.74  -0.4867381933413985  -0.9916851530038009
6.75  -0.37690758259484175  -0.9630042351177599
6.76  -0.26669172394589835  -0.933985451739267
6.7700000000000005  -0.1561489902838501  -0.9046367665083771
6.78  -0.04533817325502931  -0.8749662600653167
6.79  0.0656815415101012  -0.8449821290860486
6.8  0.1768505997177175  -0.8146926852747524
6.8100000000000005  0.2881091042778964  -0.7841063543119656
6.82  0.39939684171632617  -0.7532316747571968
6.83  0.5106533091275781  -0.7220772969048336
6.84  0.621817741666296  -0.6906519815922211
6.8500000000000005  0.732829140571842  -0.6589645989587581
6.86  0.8436263017210963  -0.6270241271549064
6.87  0.9541478447032966  -0.5948396510000449
6.88  1.0643322424099275  -0.5624203605881442
6.890000000000001  1.1741178511319394  -0.5297755498402199
6.9  1.283442941155276  -0.49691461500258555
6.91  1.3922457278456686  -0.46384705308995616
6.92  1.5004644032118188  -0.43058246027251396
6.93  1.6080371679356955  -0.39713053020601796
6.94  1.7149022638579658  -0.3635010523041666
6.95  1.8209980069052258  -0.32970390995236143
6.96  1.9262628204451056  -0.2957490786621513
6.97  2.0306352690543763  -0.2616466241656468
6.98  2.1340540926842593  -0.22740670044921804
6.99  2.236458241206285  -0.19303954772584908
7.0  2.3377869093211663  -0.158555490345571
7.01  2.4379795718122583  -0.12396493464347708
7.0200000000000005  2.5369760191243365  -0.08927836672478498
7.03  2.634716393247548  -0.054506350186589586
7.04  2.7311412238855532  -0.01965952377581369
7.05  2.8261914648860316  0.015251401016829313
7.0600000000000005  2.9198085309109225  0.05021564242723932
7.07  3.0119343343229277  0.08522235095283631
7.08  3.1025113222640615  0.12026061195224078
7.09  3.1914825139011915  0.15531944830968844
7.1000000000000005  3.278791537812906  0.19038782316434008
7.11  3.364382669490922  0.22545464270440538
7.12  3.448200868929243  0.26050875902605475
7.13  3.530191818272785  0.29553897305696214
7.140000000000001  3.6103019594969727  0.33053403754427846
7.15  3.6884785320891624  0.3654826601067894
7.16  3.7646696107021045  0.40037350635095736
7.17  3.838824142748695  0.4351952030504534
7.18  3.9108919859073974  0.4699363413887215
7.19  3.9808239455065833  0.504585480264104
7.2  4.048571811755814  0.5391311496569058
7.21  4.114088396791597  0.5735618540578633
7.22  4.177327571504642  0.6078660759571891
7.23  4.238244302115316  0.6420322793935349
7.24  4.29679468646358  0.6760489135619856
7.25  4.352935989979384  0.7099044164802348
7.26  4.406626681299181  0.7435872187119623
7.2700000000000005  4.457826467494021  0.7770857471463876
7.28  4.506496328874324  0.8103884288329215
7.29  4.552598553336508  0.8434836948697838
7.3  4.596096770216223  0.8763599843453542
7.3100000000000005  4.636955983613014  0.9090057483309757
7.32  4.6751426051511205  0.9414094539238753
7.33  4.710624486141225  0.9735595883388131
7.34  4.743370949107715  1.005444663046982
7.3500000000000005  4.7733528186463685  1.0370532179606184
7.36  4.800542451577359  1.06837382566174
7.37  4.824913766358654  1.0993950956733978
7.38  4.846442271725022  1.1301056787716568
7.390000000000001  4.865105094518191  1.1604942713366229
7.4  4.880881006673962  1.1905496197406036
7.41  4.893750451332355  1.2202605247716005
7.42  4.903695568037295  1.249615846090107
7.43  4.910700216992765  1.278604506717297
7.44  4.914750002342749  1.3072154975524863
7.45  4.915832294442869  1.3354378819177866
7.46  4.913936251092152  1.3632608001278217
7.47  4.9090528376938645  1.390673474082237
7.48  4.901174846315138  1.41766521187881
7.49  4.890296913615673  1.4442254124447946
7.5  4.876415537616534  1.4703435701842047
7.51  4.859529093280872  1.4960092796385789
7.5200000000000005  4.839637846879173  1.5212122401588408
7.53  4.816743969112467  1.5459422605857107
7.54  4.7908515469677555  1.5701892639362065
7.55  4.761966594281073  1.5939432920935976
7.5600000000000005  4.730097060984197  1.617194510498278
7.57  4.695252841012316  1.6399332128368511
7.58  4.657445778850892  1.6621498257268206
7.59  4.61668967470098  1.6838349133941197
7.6000000000000005  4.5730002882434295  1.7049791823407767
7.61  4.526395340983559  1.725573485999947
7.62  4.476894517158964  1.7456088293755188
7.63  4.424519463194424  1.7650763736634585
7.640000000000001  4.369293785689049  1.7839674408520763
7.65  4.311243047922097  1.802273518298342
7.66  4.250394764865157  1.8199862632773818
7.67  4.186778396689753  1.837097507502231
7.68  4.120425340760719  1.8535992616109693
7.69  4.051368922107029  1.8694837196182794
7.7  3.9796443823634293  1.884743263328523
7.71  3.905288867177047  1.8993704667073799
7.72  3.8283414120752353  1.9133581002090936
7.73  3.7488429267920305  1.9266991350563833
7.74  3.6668361780519976  1.9393867474700663
7.75  3.5823657708117564  1.9514143228454361
7.76  3.495478127961371  1.9627754598724443
7.7700000000000005  3.4062214684885617  1.9734639745967386
7.78  3.3146457841108377  1.9834739044186305
7.79  3.220802814381882  1.99279951202706
7.8  3.124746020280085  2.001435289265629
7.8100000000000005  3.0265305562887086  2.009375960927824
7.82  2.9262132409786363  2.0166164884785225
7.83  2.823852526106254  2.023152073698945
7.84  2.719508464240506  2.0289781622521668
7.8500000000000005  2.613242674934732  2.0340904471664176
7.86  2.505118309460396  2.0384848722333313
7.87  2.3952000141213663  2.0421576353184117
7.88  2.283553892168905  2.0451051915809555
7.890000000000001  2.1702474643390386  2.0473242566007466
7.9  2.0553496280354833  2.0488118094088366
7.91  1.9389306151827739  2.0495650954198017
7.92  1.8210619487757196  2.0495816292628595
7.930000000000001  1.7018163981526628  2.048859197509318
7.94  1.5812679330218724  2.04739586129384
7.95  1.459491676270937  2.045189958827066
7.96  1.3365638555914305  2.042240107797179
7.97  1.2125617539519453  2.038545207658063
7.98  1.087563658953774  2.0341044418017264
7.99  0.9616488111053191  2.0289172796127675
8.0  0.8348973510522265  2.02298347840264
8.01  0.7073902658016661  2.0163030852216224
8.02  0.5792093339803284  2.0088764385463893
8.03  0.45043707016695267  2.0007041698411756
8.040000000000001  0.3211566683412237  1.991787204990578
8.05  0.19145194449245184  1.9821267656021146
8.06  0.06140727843156912  1.9717243701767146
8.07  -0.06889244514773096  1.9605818351454012
8.08  -0.1993618963129199  1.9487012757704973
8.09  -0.32991536019430323  1.9360851069097182
8.1  -0.460466797896521  1.9227360436416703
8.11  -0.5909299079706382  1.9086571017512632
8.120000000000001  -0.7212181883974653  1.8938515980736923
8.13  -0.8512449990311622  1.8783231506956772
8.14  -0.9809236244522468  1.862075679012739
8.15  -1.1101673371776573  1.845113403641419
8.16  -1.2388894611755277  1.8274408461853466
8.17  -1.3670034356315137  1.8090628288542376
8.18  -1.4944228789127203  1.7899844739348991
8.19  -1.6210616526753752  1.770211203113496
8.2  -1.746833926061436  1.749748736648355
8.21  -1.87165423992922  1.7286030923926967
8.22  -1.9954375710626848  1.706780584666787
8.23  -2.1180993963041446  1.6842878229790414
8.24  -2.2395557565540902  1.6611317105958026
8.25  -2.3597233205828068  1.6373194429594962
8.26  -2.4785194485974475  1.612858505955044
8.27  -2.595862255508659  1.587756674024446
8.28  -2.7116706738408323  1.562022008129605
8.290000000000001  -2.825864516229848  1.5356628535634957
8.3  -2.938364537452774  1.5086878376099602
8.31  -3.04909249593393  1.4811058670523345
8.32  -3.157971214671792  1.4529261255314887
8.33  -3.2649246415319166  1.4241580707536734
8.34  -3.3698779088512576  1.3948114315488542
8.35  -3.4727573922994766  1.3648962047801931
8.36  -3.573490768943768  1.3344226521055431
8.370000000000001  -3.672007074463864  1.3034012965918114
8.38  -3.768236759464607  1.2718429191832463
8.39  -3.8621117448343365  1.2397585550246653
8.4  -3.9535654760976944  1.2071594896409024
8.41  -4.042532976712362  1.1740572549737278
8.42  -4.128950900260305  1.1404636252776172
8.43  -4.212757581484528  1.1063906128758851
8.44  -4.2938930861236075  1.0718504637787034
8.45  -4.372299259497082  1.03685565316474
8.46  -4.4479197737959195  1.001418880728128
8.47  -4.520700174033083  0.9655530658926718
8.48  -4.590587922610901  0.9292713428951604
8.49  -4.6575324424623945  0.8925870557399009
8.5  -4.721485158725523  0.8555137530265738
8.51  -4.782399538910258  0.818065182653607
8.52  -4.840231131519868  0.7802552863994076
8.53  -4.89493760308893  0.7420981943837864
8.540000000000001  -4.946478773602301  0.7036082194121296
8.55  -4.994816650260354  0.6647998512047962
8.56  -5.039915459557576  0.6256877505144418
8.57  -5.081741677642839  0.5862867431339296
8.58  -5.120264058931455  0.5466118137977356
8.59  -5.155453662940486  0.506678099979602
8.6  -5.187283879320579  0.4665008855894495
8.61  -5.215730451059053  0.42609559457265667
8.620000000000001  -5.240771495830778  0.3854777844146191
8.63  -5.262387525474952  0.34466313955402883
8.64  -5.280561463577766  0.3036674647078219
8.65  -5.29527866114245  0.2625066781113261
8.66  -5.306526910330213  0.22119680467694414
8.67  -5.31429645625718  0.1797539690747188
8.68  -5.318580006834329  0.13819438873834913
8.69  -5.319372740639205  0.09653436680027834
8.700000000000001  -5.316672312810031  0.05479028495929382
8.71  -5.3104788589546805  0.012978596284568308
8.72  -5.3007949970688175  -0.028884182040430167
8.73  -5.287625827459369  -0.0707814760301552
8.74  -5.2709789306713715  -0.1126966622615447
8.75  -5.250864363418098  -0.15461307528720433
8.76  -5.227294652516207  -0.1965140150930784
8.77  -5.20028478682962  -0.2383827545968512
8.78  -5.169852207227562  -0.28020254718300297
8.790000000000001  -5.136016794564193  -0.3219566342704438
8.8  -5.098800855689074  -0.36362825290878836
8.81  -5.058229107499471  -0.40520064339909256
8.82  -5.014328659047511  -0.4466570569349577
8.83  -4.96712899171691  -0.48798076325989875
8.84  -4.9166619374858005  -0.5291550583367113
8.85  -4.862961655294063  -0.5701632720247873
8.86  -4.806064605535274  -0.6109887757611019
8.870000000000001  -4.74600952269514  -0.6516149902406182
8.88  -4.682837386160212  -0.6920253930919864
8.89  -4.616591389221911  -0.7322035265442224
8.9  -4.547316906303253  -0.7721330050801465
8.91  -4.475061458436719  -0.8117975230723666
8.92  -4.399874677023732  -0.8511808623974676
8.93  -4.321808265907547  -0.8902669000243227
8.94  -4.2409159617932355  -0.9290396155720994
8.950000000000001  -4.157253493049543  -0.9674830988338959
8.96  -4.070878536929406  -1.0055815572616842
8.97  -3.9818506752468377  -1.0433193234084004
8.98  -3.8902313485498525  -1.0806808623229645
8.99  -3.7960838088300397  -1.1176507788941106
9.0  -3.6994730708109143  -1.1542138251387777
9.01  -3.6004658618586083  -1.1903549074310846
9.02  -3.499130570559361  -1.2260590936676288
9.03  -3.3955371940098185  -1.2613116203651746
9.040000000000001  -3.2897572838671008  -1.2960978996866572
9.05  -3.181863891206874  -1.3304035263913983
9.06  -3.0719315102383127  -1.3642142847058187
9.07  -2.9600360209266414  -1.3975161551104311
9.08  -2.846254630573916  -1.430295321039464
9.09  -2.7306658144103735  -1.4625381754892088
9.1  -2.613349255249182  -1.4942313275312473
9.11  -2.49438578225818  -1.5253616087269497
9.120000000000001  -2.3738573089032773  -1.5559160794394977
9.13  -2.251846770118388  -1.5858820350397542
9.14  -2.128438058757616  -1.615247012002609
9.15  -2.003715961386243  -1.6439987938900522
9.16  -1.877766093467114  -1.6721254172177347
9.17  -1.7506748339996652  -1.6996151772015717
9.18  -1.6225292596694818  -1.7264566333810385
9.19  -1.493417078566057  -1.7526386151160431
9.200000000000001  -1.363426563527224  -1.7781502269540868
9.21  -1.2326464851687469  -1.802980853864704
9.22  -1.1011660446574807  -1.8271201663382075
9.23  -0.9690748062870481  -1.850558125345658
9.24  -0.8364626299148213  -1.873284987157402
9.25  -0.7034196033186577  -1.8952913080172396
9.26  -0.5700359745323498  -1.9165679486696623
9.27  -0.4364020842181269  -1.937106078737512
9.28  -0.3026082981345875  -1.9568971809475202
9.290000000000001  -0.16874493975799332  -1.9759330552013907
9.3  -0.03490222311499919  -1.9942058224900239
9.31  0.09882981411642128  -2.011707928648684
9.32  0.23236137718032077  -2.028432147950975
9.33  0.3656029804343427  -2.044371586539534
9.34  0.4984655131034527  -2.0595196856915594
9.35  0.6308603045407075  -2.073870224917286
9.36  0.7626991889401062  -2.087417324889644
9.370000000000001  0.8938945694480327  -2.1001554502035127
9.38  1.0243594816196944  -2.1120794119629362
9.39  1.1540076561686075  -2.123184370194956
9.4  1.2827535809572312  -2.133465836088642
9.41  1.4105125621785124  -2.1429196740581102
9.42  1.5372007846783926  -2.1515421036284312
9.43  1.6627353713709816  -2.159329701143363
9.44  1.7870344416985793  -2.166279401294007
9.450000000000001  1.9100171690902006  -2.1723884984676025
9.46  2.031603837373097  -2.1776546479157077
9.47  2.1517158960935245  -2.182075866741248
9.48  2.2702760147031706  -2.1856505347038793
9.49  2.387208135570197  -2.188377394843338
9.5  2.502437525774132  -2.1902555539204966
9.51  2.6158908276456687  -2.1912844826759748
9.52  2.727496108013769  -2.1914640159062646
9.53  2.8371829061235263  -2.190794352357426
9.540000000000001  2.9448822801902734  -2.1892760544365384
9.55  3.050526852556189  -2.186910047741187
9.56  3.1540508534178064  -2.18369762040737
9.57  3.2553901630936974  -2.1796404222763446
9.58  3.354482352803657  -2.1747404638810046
9.59  3.451266723932062  -2.169000115252522
9.6  3.5456843457494642  -2.1624221045480687
9.61  3.6376780915685325  -2.1550095165005447
9.620000000000001  3.7271926733116088  -2.146765790691375
9.63  3.8141746744689566  -2.137694719647487
9.64  3.8985725814285974  -2.1278004467637364
9.65  3.9803368131598886  -2.1170874640521262
9.66  4.059419749234906  -2.1055606097192636
9.67  4.135775756173452  -2.0932250655736384
9.68  4.20936121209889  -2.0800863542643264
9.69  4.280134529693888  -2.0661503363529286
9.700000000000001  4.34805617744682  -2.051423207220557
9.71  4.413088699181005  -2.0359114938118306
9.72  4.47519673186115  -2.0196220512179206
9.73  4.534347021672378  -2.0025620591007907
9.74  4.5905084383694135  -1.9847390179608357
9.75  4.6436519878948515  -1.9661607452502854
9.76  4.693750823267271  -1.9468353713347075
9.77  4.740780253741319  -1.9267713353051932
9.78  4.784717752243878  -1.9059773806437272
9.790000000000001  4.825542961091714  -1.8844625507444346
9.8  4.863237695997685  -1.8622361842935031
9.81  4.8977859483743185  -1.839307910510467
9.82  4.929173885944807  -1.8156876442539318
9.83  4.957389851673312  -1.7913855809945758
9.84  4.982424361027693  -1.7664121916585303
9.85  5.004270097589511  -1.7407782173443043
9.86  5.022921907027421  -1.7144946639163627
9.870000000000001  5.038376789451542  -1.6875727964786549
9.88  5.050633890167834  -1.6600241337314872
9.89  5.059694488852849  -1.6318604422149403
9.9  5.065561987170492  -1.6030937304425148
9.91  5.068241894853863  -1.5737362429283124
9.92  5.067741814276371  -1.5438004541113965
9.93  5.064071423537634  -1.5132990621809732
9.94  5.057242458090836  -1.4822449828059467
9.950000000000001  5.0472686909393465  -1.4506513427726901
9.96  5.034165911431598  -1.4185314735346979
9.97  5.017951902684165  -1.38589890467788
9.98  4.998646417664144  -1.3527673573054981
9.99  4.976271153962871  -1.3191507373464328
10.0  4.950849727293918  -1.2850631287907772
