0.0  0.0  0.0
0.01  -0.025315396170573348  -0.02152448005308342
0.02  -0.07142195260869505  -0.0635624987666067
0.03  -0.12105725252939659  -0.11077259219143343
0.04  -0.16909640013564156  -0.15836212687221835
0.05  -0.21405587201221093  -0.20486532447116834
0.06  -0.2553481100060441  -0.24965643549541763
0.07  -0.2926560069861511  -0.2923607293488378
0.08  -0.3257730198931872  -0.33269873113699505
0.09  -0.3545553996620104  -0.37043829401867134
0.1  -0.37890597031289525  -0.405378095831426
0.11  -0.39876801233000575  -0.4373416491982538
0.12  -0.4141226677722661  -0.46617522342917495
0.13  -0.4249875946540876  -0.4917473282984282
0.14  -0.43141600865837293  -0.5139488351162772
0.15  -0.43349576079456437  -0.5326933388267576
0.16  -0.43134830090941373  -0.547917577894569
0.17  -0.42512746254286443  -0.5595818210600642
0.18  -0.4150180436794948  -0.5676701726752384
0.19  -0.4012341770970295  -0.5721907692292632
0.2  -0.3840174941618656  -0.5731758505491467
0.21  -0.3636350917794789  -0.5706816952150372
0.22  -0.340377315906159  -0.5647884133777245
0.23  -0.3145553775693073  -0.5555995925809213
0.24  -0.2864988192124025  -0.5432417939630639
0.25  -0.2565528506192147  -0.5278638976487254
0.26  -0.2250755748022371  -0.5096362974007146
0.27  -0.1924351251251027  -0.48874994577775205
0.28  -0.15900673560012052  -0.4654152521759247
0.29  -0.12516976677663705  -0.43986083724884434
0.3  -0.09130470992248445  -0.41233214831246007
0.31  -0.05779019230445442  -0.3830899414488467
0.32  -0.02500000629811566  -0.35240863712726694
0.33  0.006699815194231735  -0.32057455725554984
0.34  0.03695385496237906  -0.28788405265345135
0.35000000000000003  0.06542007788006828  -0.2546415309939485
0.36  0.09177248675964847  -0.2211573962791612
0.37  0.11570364786839678  -0.18774591189504222
0.38  0.13692706736248914  -0.15472300021293736
0.39  0.15517940109105702  -0.12240399256627192
0.4  0.17022248154886815  -0.0911013442166423
0.41000000000000003  0.18184514720129905  -0.06112232962526977
0.42  0.18986486095791297  -0.03276673395327315
0.43  0.19412910621883955  -0.00632455721807618
0.44  0.1945165506482692  0.01792625207535992
0.45  0.19093796962817375  0.03972201673903096
0.46  0.18333692319877834  0.05881548690985185
0.47000000000000003  0.1716901821859062  0.07497791502031512
0.48  0.1560079011344185  0.08800103262217733
0.49  0.13633353759673014  0.09769891222838138
0.5  0.11274351925095767  0.10390969775997894
0.51  0.08534666222985088  0.10649718775466022
0.52  0.0542833459147215  0.10535225621182796
0.53  0.019724451273856653  0.10039409681475672
0.54  -0.0181299284114467  0.09157127728055632
0.55  -0.05905199390136778  0.07886259173921552
0.56  -0.10278795129955351  0.062277700328283045
0.5700000000000001  -0.14905991466797439  0.041857546602530604
0.58  -0.1975679849290095  0.017674544889644903
0.59  -0.24799248875896757  -0.0101674686364667
0.6  -0.2999963600371586  -0.04153352565517969
0.61  -0.35322764541284074  -0.07625805883917151
0.62  -0.407322114695845  -0.11414567920903836
0.63  -0.46190595607148904  -0.1549721965270822
0.64  -0.516598535591127  -0.19848587956532243
0.65  -0.5710151999999112  -0.24440895107002236
0.66  -0.6247701017352891  -0.2924393102264443
0.67  -0.677479024864359  -0.34225247342109405
0.68  -0.7287621908252382  -0.3935037221227103
0.6900000000000001  -0.7782470230954409  -0.4458304447761712
0.7000000000000001  -0.8255708503261632  -0.4988546577438494
0.71  -0.8703835280513152  -0.5521856885550301
0.72  -0.9123499597989642  -0.6054230030538027
0.73  -0.9511524992941685  -0.6581591564866976
0.74  -0.9864932164387445  -0.7099828471599959
0.75  -1.0180960108767374  -0.7604820500387346
0.76  -1.045708558195087  -0.8092472065697335
0.77  -1.0691040751568435  -0.855874446102764
0.78  -1.0880828918084196  -0.8999688135693348
0.79  -1.1024738198309831  -0.9411474775678172
0.8  -1.112135308107011  -0.9790428927055427
0.81  -1.1169563781333907  -1.0133058899699525
0.8200000000000001  -1.1168573336191694  -1.0436086690468382
0.8300000000000001  -1.1117902403456015  -1.0696476668771688
0.84  -1.101739174124924  -1.0911462773458709
0.85  -1.0867202364585955  -1.1078573978249666
0.86  -1.0667813392518424  -1.1195657793463638
0.87  -1.0420017616758022  -1.1260901584508325
0.88  -1.0124914839679557  -1.127285150241622
0.89  -0.9783903046130742  -1.1230428838540885
0.9  -0.9398667489379681  -1.113294363424855
0.91  -0.8971167786720449  -1.0980105396916584
0.92  -0.8503623134607595  -1.0772030795626528
0.93  -0.7998495766598046  -1.0509248233441773
0.9400000000000001  -0.7458472789746945  -1.0192699217900147
0.9500000000000001  -0.6886446546341933  -0.9823736477126425
0.96  -0.6285493657889651  -0.9404118795562911
0.97  -0.5658852917018571  -0.8936002570501926
0.98  -0.5009902200374511  -0.8421930118146532
0.99  -0.4342134581610913  -0.786481478558358
1.0  -0.3659133828178182  -0.7267922952580462
1.01  -0.29645494687689317  -0.6634853034265026
1.02  -0.22620716199651472  -0.596951162226995
1.03  -0.15554057608557406  -0.5276086927572715
1.04  -0.08482476431583055  -0.4559019712800529
1.05  -0.014425852170710638  -0.3822971924963316
1.06  0.05529591139083571  -0.30727932612039577
1.07  0.12398851312104264  -0.23134859200028338
1.08  0.19131045016135526  -0.15501678081454903
1.09  0.2569329041524265  -0.07880344894778724
1.1  0.3205417996341779  -0.0032320174869024188
1.11  0.38183973262093435  0.0711741936266039
1.12  0.4405477563640904  0.14389596441833508
1.1300000000000001  0.49640701253317177  0.21442217424042967
1.1400000000000001  0.5491801973451456  0.2822537689422811
1.1500000000000001  0.5986528535406611  0.34690766311709587
1.16  0.6446344805331546  0.4079205449636129
1.17  0.6869594565307771  0.4648525518608407
1.18  0.7254877679398837  0.5172907855933514
1.19  0.7601055428902207  0.5648526372803717
1.2  0.7907253872636175  0.6071888934457127
1.21  0.8172865231477755  0.6439865963073589
1.22  0.8397547311624086  0.6749716332524331
1.23  0.8581220996046536  0.6999110325802639
1.24  0.8724065848226201  0.7186149449261173
1.25  0.8826513886390095  0.7309382923014778
1.26  0.8889241600000096  0.7367820693823232
1.27  0.8913160293081042  0.7360942845217473
1.28  0.8899404851012424  0.7288705309330353
1.29  0.8849321038563172  0.7151541815582511
1.3  0.8764451447138726  0.6950362042787165
1.31  0.864652021836205  0.6686545973099692
1.32  0.8497416679161368  0.6361934478266794
1.33  0.8319178030433652  0.5978816200542965
1.34  0.8113971237048371  0.553991082215392
1.35  0.7884074271417424  0.5048348848016462
1.36  0.7631856866059357  0.4507648056295129
1.37  0.7359760932514956  0.3921686800019411
1.3800000000000001  0.7070280804623723  0.3294674370141999
1.3900000000000001  0.6765943463553046  0.2631118655843471
1.4000000000000001  0.6449288900100809  0.19357913613502029
1.41  0.6122850766694948  0.1213691059817028
1.42  0.5789137467226281  0.0470004383739329
1.43  0.545061382742008  -0.028993433227178636
1.44  0.5109683481931481  -0.10606846268448264
1.45  0.4768672106804068  -0.18367423649752562
1.46  0.4429811617429814  -0.26125827206376623
1.47  0.4095225442770859  -0.3382703335663932
1.48  0.37669149764337306  -0.4141667299781565
1.49  0.3446747294314812  -0.48841455978841986
1.5  0.31364442170579143  -0.5604958674840689
1.51  0.2837572783579643  -0.6299116775404899
1.52  0.25515371895290084  -0.6961858727001841
1.53  0.22795722318597852  -0.7588688846248214
1.54  0.20227382878135486  -0.8175411665899633
1.55  0.1781917843646656  -0.8718164197363507
1.56  0.15578135754915642  -0.9213445464810497
1.57  0.1350947971929579  -0.9658143070073067
1.58  0.1161664475270559  -1.004955657273002
1.59  0.09901301062887444  -1.0385417496816454
1.6  0.08363395253487328  -1.0663905804228215
1.61  0.07001204715660565  -1.0883662704853674
1.62  0.05811405109706504  -1.1043799704497155
1.6300000000000001  0.047891501466129326  -1.1143903823481867
1.6400000000000001  0.0392816278730451  -1.1184038951153727
1.6500000000000001  0.03220836893711987  -1.116474333406533
1.6600000000000001  0.02658348291121522  -1.1087023228114143
1.67  0.02230774136155659  -1.095234277705531
1.68  0.019272194296363957  -1.076261021132573
1.69  0.01735949468840816  -1.0520160491727344
1.7  0.01644526999559114  -1.0227734551958407
1.71  0.01639952805080431  -0.9888455321997549
1.72  0.01708808456859404  -0.9505800740696799
1.73  0.018373999501489605  -0.9083573990402359
1.74  0.020119009572306043  -0.8625871208789403
1.75  0.02218494450851095  -0.8137046953183847
1.76  0.024435114808131108  -0.7621677710284664
1.77  0.02673565927007444  -0.7084523759253549
1.78  0.028956841020886075  -0.6530489708486189
1.79  0.030974281359606004  -0.5964584035928747
1.8  0.03267012141678878  -0.5391877969486831
1.81  0.03393410237631526  -0.4817464047851311
1.82  0.0346645558322668  -0.42464147029211463
1.83  0.03476929674018966  -0.36837412029492694
1.84  0.03416641236439581  -0.3134353290611139
1.85  0.032784941612018885  -0.2603019842459684
1.86  0.030565440171458378  -0.2094330865772707
1.87  0.027460427928549025  -0.1612661135730131
1.8800000000000001  0.023434716208948797  -0.11621357603132826
1.8900000000000001  0.018465613480504628  -0.07465979424501899
1.9000000000000001  0.012543009235314836  -0.036957918891465893
1.9100000000000001  0.005669336848587614  -0.003427219351369184
1.92  -0.0021405827290277915  0.025649340162472577
1.93  -0.01085981355611984  0.05002721881027154
1.94  -0.020449689675192364  0.06950209646284328
1.95  -0.030860307636541493  0.08391133773047481
1.96  -0.042031120828213336  0.09313511308254421
1.97  -0.05389162902552179  0.09709717035336773
1.98  -0.06636215579574367  0.09576525285546005
1.99  -0.07935470568771638  0.0891511632513039
2.0  -0.09277389250729623  0.07731047524359282
2.0100000000000002  -0.10651792943322097  0.06034189800691067
2.02  -0.12047967126749563  0.03838630107689262
2.0300000000000002  -0.13454769874367203  0.011625410112850953
2.04  -0.1486074345374533  -0.01971981346534632
2.05  -0.1625422804389865  -0.05539109351659983
2.06  -0.17623476505552133  -0.09509504315092451
2.07  -0.18956769141711682  -0.13850563177104228
2.08  -0.20242527395594054  -0.18526689338766933
2.09  -0.21469425451970348  -0.23499585268388606
2.1  -0.22626498735981493  -0.28728564379009636
2.11  -0.23703248340153987  -0.3417087954417037
2.12  -0.2468974045531397  -0.39782065513538456
2.13  -0.25576699933897784  -0.4551629240815753
2.14  -0.263555971742832  -0.5132672741748912
2.15  -0.2701872758162135  -0.571659017871107
2.16  -0.27559282933614887  -0.629860801769157
2.17  -0.2797141405807091  -0.6873962948454753
2.18  -0.28250284312134893  -0.7437938426719453
2.19  -0.2839211344011942  -0.7985900595598022
2.2  -0.28394211476992653  -0.851333331402274
2.21  -0.282550024570597  -0.9015872030270292
2.22  -0.2797403778134361  -0.9489336251044537
2.23  -0.27551999191790155  -0.9929760370747924
2.24  -0.26990691394870425  -1.0333422641423147
2.25  -0.2629302447057608  -1.0696872081207585
2.2600000000000002  -0.2546298629440125  -1.10169531378533
2.27  -0.2450560528886749  -1.129082794373504
2.2800000000000002  -0.23426903906708285  -1.1515996019622219
2.29  -0.2223384332925456  -1.16903113061295
2.3000000000000003  -0.20934259940149114  -1.1811996423998712
2.31  -0.1953679420562434  -1.1879654087002693
2.32  -0.18050812657590093  -1.1892275614111507
2.33  -0.16486323734181516  -1.1849246510428268
2.34  -0.14853888283691236  -1.1750349109104075
2.35  -0.13164525581578904  -1.1595762288794471
2.36  -0.11429615746136366  -1.1386058303054136
2.37  -0.09660799466122323  -1.1122196779215159
2.38  -0.0786987597306474  -1.080551596460435
2.39  -0.06068700201824475  -1.043772131728145
2.4  -0.04269080085366548  -1.0020871556693502
2.41  -0.024826749235221487  -0.9557362306619295
2.42  -0.007208957509312092  -0.9049907478419674
2.43  0.01005191393494621  -0.8501518556820538
2.44  0.026849584241120716  -0.7915481963160858
2.45  0.043083035601866417  -0.7295334682174841
2.46  0.05865734284629836  -0.66448383478986
2.47  0.07348444175624175  -0.596795199216434
2.48  0.08748382936100434  -0.5268803665352123
2.49  0.10058319011062385  -0.4551661143604893
2.5  0.11271894252996216  -0.3820901939589297
2.5100000000000002  0.1238367017045579  -0.3080982835122697
2.52  0.1338916537365351  -0.23364091536242923
2.5300000000000002  0.1428488391283076  -0.15917039884300282
2.54  0.15068334289556076  -0.08513775995972359
2.5500000000000003  0.15738039007173898  -0.011989718698159455
2.56  0.1629353461359784  0.0598342758824693
2.57  0.16735362276764845  0.12990493335666292
2.58  0.17065049019525336  0.19780591389209048
2.59  0.17285079825805488  0.2631365068834263
2.6  0.17398860912766329  0.32551417975202274
2.61  0.17410674543665014  0.3845769815586883
2.62  0.17325625832512442  0.43998578730943466
2.63  0.17149582063720192  0.4914263701313659
2.64  0.16889105117127853  0.5386112898481109
2.65  0.1655137765050002  0.5812815878793065
2.66  0.16144123747253517  0.6192082798168844
2.67  0.1567552478632542  0.6521936384808273
2.68  0.1515413133331344  0.6800722617192793
2.69  0.1458877188693951  0.7027119206817344
2.7  0.13988459342212337  0.7200141857508964
2.71  0.1336229605117104  0.7319148287589983
2.72  0.12719378373620552  0.7383840015302185
2.73  0.12068701613723759  0.739426192173925
2.74  0.1141906623369678  0.7350799618970586
2.75  0.10778986223202001  0.7254174664011337
2.7600000000000002  0.10156600482478821  0.7105437671742799
2.77  0.09559588048998797  0.6905959391760822
2.7800000000000002  0.08995087961729623  0.6657419825379212
2.79  0.08469624514279442  0.6361795469601402
2.8000000000000003  0.0798903859865667  0.6021344784758522
2.81  0.07558425785572517  0.5638591991670224
2.82  0.0718208172563088  0.5216309312587174
2.83  0.06863455388960446  0.4757497777807653
2.84  0.06605110589430574  0.42653667267053275
2.85  0.06408696164208322  0.3743312137956336
2.86  0.06274925100726093  0.31948939290017103
2.87  0.06203562821837229  0.26238123692258514
2.88  0.06193424756773131  0.20338837549733274
2.89  0.062423832412094774  0.14290154973685693
2.9  0.06347383705058078  0.08131807759525941
2.91  0.06504470022270366  0.01903929124157305
2.92  0.06708818813718997  -0.04353203808044722
2.93  0.06954782412853777  -0.10599427225634113
2.94  0.07235940125023403  -0.16794946022137058
2.95  0.07545157335812604  -0.2290058584258447
2.96  0.0787465195214109  -0.2887804029218461
2.97  0.08216067592825446  -0.3469011184664799
2.98  0.08560552883417798  -0.40300945042430114
2.99  0.08898846153956581  -0.4567625057064105
3.0  0.09221364788275889  -0.5078351895039859
3.0100000000000002  0.09518298430177934  -0.5559222251579539
3.02  0.09779705215451476  -0.6007400451520762
3.0300000000000002  0.09995610169738488  -0.6420285419221045
3.04  0.10156104890870495  -0.6795526679362012
3.0500000000000003  0.10251447620705303  -0.7131038753199423
3.06  0.10272162805811177  -0.7425013861695835
3.0700000000000003  0.10209139248616685  -0.7675932856180417
3.08  0.1005372596087056  -0.7882574306856153
3.09  0.09797824849317484  -0.8044021689592793
3.1  0.09433979389268772  -0.8159668621966469
3.11  0.08955458474981905  -0.8229222110399832
3.12  0.08356334676184658  -0.8252703781478291
3.13  0.07631556177325399  -0.8230449082026392
3.14  0.06777011729800583  -0.8163104444276513
3.15  0.057895880070186395  -0.8051622424399896
3.16  0.04667218817200384  -0.7897254834744714
3.17  0.034089256987159255  -0.7701543902278659
3.18  0.020148494968980062  -0.7466311497906456
3.19  0.004862725990239095  -0.7193646493458351
3.2  -0.011743684151838603  -0.688589031516061
3.21  -0.029634798672990473  -0.654562077422997
3.22  -0.04876317893572961  -0.6175634266810255
3.23  -0.06907005168218679  -0.577892644671516
3.24  -0.09048557341735898  -0.5358671485279916
3.25  -0.11292919015004552  -0.4918200042978079
3.2600000000000002  -0.13631008986958376  -0.44609760872497417
3.27  -0.1605277443290979  -0.39905727001342617
3.2800000000000002  -0.1854725359278428  -0.35106470277274004
3.29  -0.21102646474269676  -0.30249145311112935
3.3000000000000003  -0.23706393005893756  -0.25371227051618067
3.31  -0.26345258009870853  -0.2051024437449992
3.3200000000000003  -0.2900542230483262  -0.15703511842535517
3.33  -0.316725791947446  -0.10987861444173155
3.34  -0.34332035552935486  -0.06399376143903539
3.35  -0.36968816669599613  -0.01973127091686567
3.36  -0.3956777399776175  0.022570836595740388
3.37  -0.4211369490680295  0.06258973090531317
3.38  -0.4459141353444603  0.10002017991865807
3.39  -0.4698592181778964  0.13457684803922793
3.4  -0.4928247978160952  0.16599646793163023
3.41  -0.5146672416777323  0.19403986902865794
3.42  -0.5352477450316439  0.21849384692459375
3.43  -0.5544333572490101  0.23917285869806748
3.44  -0.5720979651063626  0.2559205302333761
3.45  -0.5881232249813518  0.26861096275714397
3.46  -0.6023994362178465  0.2771498270713616
3.47  -0.6148263484385829  0.281475235337964
3.48  -0.6253138961476622  0.2815583817459217
3.49  -0.6337828545870707  0.27740394496074483
3.5  -0.6401654114853592  0.2690502469080524
3.5100000000000002  -0.6444056500570633  0.25656916416669967
3.52  -0.64645993937187  0.24006579003077969
3.5300000000000002  -0.6462972290064788  0.21967784713102204
3.54  -0.6438992457125171  0.19557485237109046
3.5500000000000003  -0.6392605906736673  0.16795703781887308
3.56  -0.632388736776933  0.13705403308246566
3.5700000000000003  -0.6233039261793639  0.10312331657978584
3.58  -0.61203896930499  0.06644844496454214
3.59  -0.5986389472497888  0.027337071783582065
3.6  -0.5831608203977938  -0.013881231803692648
3.61  -0.5656729468517686  -0.05685733973011079
3.62  -0.546254515050152  -0.10122510104038872
3.63  -0.5249948956715331  -0.14660401962331945
3.64  -0.501992918612335  -0.19260206467778987
3.65  -0.47735608145658787  -0.23881859168793848
3.66  -0.45119969643323243  -0.2848473525796954
3.67  -0.42364598337112713  -0.33027957278272163
3.68  -0.3948231166102615  -0.3747070721388128
3.69  -0.36486423420591474  -0.4177254059896779
3.7  -0.3339064180668555  -0.45893700235155077
3.71  -0.30208965389699866  -0.49795427084803634
3.72  -0.26955577995963964  -0.5344026590307924
3.73  -0.2364474337536598  -0.5679236318736817
3.74  -0.20290700568081285  -0.5981775505814719
3.75  -0.1690756086928569  -0.6248464274090392
3.7600000000000002  -0.13509207273734847  -0.6476365339395983
3.77  -0.10109197257297765  -0.666280841217078
3.7800000000000002  -0.0672066972015356  -0.6805412712631241
3.79  -0.03356256876690191  -0.6902107408261947
3.8000000000000003  -0.0002800183049380968  -0.6951149796999603
3.81  0.03252717480336752  -0.695114107600298
3.8200000000000003  0.06475257341593137  -0.6901039553923938
3.83  0.09629769763900513  -0.6800171183983222
3.84  0.12707255934832828  -0.6648237315758235
3.85  0.15699611204964167  -0.6445319585247065
3.86  0.1859966126848907  -0.6191881885307192
3.87  0.21401189279917066  -0.588876938179583
3.88  0.2409895373151421  -0.5537204564467108
3.89  0.26688697000909334  -0.5138780345710366
3.9  0.2916714456380378  -0.4695450244338576
3.91  0.31531994952318215  -0.42095157156478163
3.92  0.33781900624345496  -0.36836107126596357
3.93  0.3591643999266279  -0.31206835866173843
3.94  0.379360809436759  -0.25239764572327295
3.95  0.3984213625385126  -0.1897002204662472
3.96  0.4163671138637638  -0.1243519255551918
3.97  0.43322645220759975  -0.0567504354512225
3.98  0.4490344433323318  0.01268764700583823
3.99  0.46383211505422717  0.08352985210234107
4.0  0.47766569192216596  0.15533103895681286
4.01  0.49058578726595353  0.22763670032909827
4.0200000000000005  0.5026465607897931  0.29998635042845034
4.03  0.5139048502099773  0.37191696882708974
4.04  0.5244192856818951  0.44296647302118974
4.05  0.53424939592763  0.512677191847297
4.0600000000000005  0.5434547150600327  0.5805993118640352
4.07  0.5520938991010801  0.6462942689474103
4.08  0.5602238611115055  0.7093380577242749
4.09  0.5678989336853049  0.7693244320789719
4.1  0.5751700673181576  0.8258679708099868
4.11  0.5820840728350389  0.878606983578743
4.12  0.5886829156616935  0.9272062335737026
4.13  0.5950030692508177  0.9713594547990805
4.14  0.6010749344305849  1.0107916435756028
4.15  0.6069223308352145  1.0452611056977033
4.16  0.6125620659097655  1.0745612427101865
4.17  0.6180035862602931  1.0985220629312176
4.18  0.6232487153516499  1.1170114051377737
4.19  0.6282914807459419  1.1299358652252918
4.2  0.6331180332315517  1.1372414186331719
4.21  0.6377066593233968  1.1389137338708615
4.22  0.6420278877273738  1.134978175062434
4.23  0.6460446894636694  1.125499494028359
4.24  0.6497127704428212  1.1105812150181251
4.25  0.6529809543932029  1.0903647177735878
4.26  0.6557916531571293  1.0650280271175594
4.2700000000000005  0.6580814205129659  1.0347843197027173
4.28  0.6597815848505048  0.9998801609008728
4.29  0.6608189552338979  0.9605934870409479
4.3  0.6611165946381814  0.9172313502963048
4.3100000000000005  0.6605946534487707  0.8701274454592813
4.32  0.6591712556749008  0.8196394396065928
4.33  0.6567634297539527  0.7661461272374659
4.34  0.6532880753196001  0.7100444348441188
4.3500000000000005  0.6486629568775417  0.6517463000387417
4.36  0.642807714982979  0.5916754513035508
4.37  0.6356448852473093  0.5302641151421594
4.38  0.6271009153209786  0.467949677886809
4.39  0.6171071699072352  0.40517132965230895
4.4  0.6056009138592843  0.34236671792383516
4.41  0.5925262635015245  0.2799686380221709
4.42  0.5778350964944804  0.21840178721029666
4.43  0.5614879108315903  0.15807960849468938
4.44  0.5434546239126289  0.09940124924060663
4.45  0.5237153030809405  0.042748658572927985
4.46  0.5022608195364846  -0.011516153815994263
4.47  0.4790934181402942  -0.0630536763692019
4.48  0.4542271963034712  -0.11154925250973693
4.49  0.42768848590033076  -0.156715218128946
4.5  0.3995161329546288  -0.19829280423116974
4.51  0.3697616707137829  -0.23605379137913474
4.5200000000000005  0.33848938264148287  -0.269801904816936
4.53  0.3057762528170149  -0.2993739414603836
4.54  0.2717118022218366  -0.3246406223162915
4.55  0.2363978104130724  -0.3455071663017368
4.5600000000000005  0.19994792312069784  -0.3619135838596925
4.57  0.16248714735273218  -0.37383469118727275
4.58  0.12415123664176536  -0.38127984828615824
4.59  0.08508597010907812  -0.3842924263912386
4.6000000000000005  0.04544633005103669  -0.382949012613663
4.61  0.005395583759217916  -0.3773583618300912
4.62  -0.0348957237363201  -0.36766010794416554
4.63  -0.0752508583679827  -0.35402324862429524
4.64  -0.11548805864016327  -0.3366444194706576
4.65  -0.15542176075241843  -0.31574597527382864
4.66  -0.19486387702788321  -0.2915738975903297
4.67  -0.23362511667111152  -0.26439554927285464
4.68  -0.2715163371542837  -0.23449729785608056
4.69  -0.308349913841609  -0.2021820308186741
4.7  -0.3439411147956335  -0.16776658673194667
4.71  -0.378109467047398  -0.13157912718717682
4.72  -0.4106800999251384  -0.09395647520163368
4.73  -0.44148505028102253  -0.05524144658723251
4.74  -0.4703645135686603  -0.01578020159932522
4.75  -0.4971680236146687  0.02408035482910654
4.76  -0.5217555424606808  0.06399509466729797
4.7700000000000005  -0.5439984396299924  0.10362307875485172
4.78  -0.5637803372995893  0.14262982504646046
4.79  -0.580997793686679  0.1806893949794063
4.8  -0.5955607908019587  0.21748625365294136
4.8100000000000005  -0.6073929835067506  0.252716850056903
4.82  -0.6164316528287332  0.2860908489642591
4.83  -0.6226272849630775  0.3173319232651557
4.84  -0.6259426636922698  0.3461779794083694
4.8500000000000005  -0.6263513102241958  0.37238063060894544
4.86  -0.6238350168828714  0.39570363747455445
4.87  -0.6183800748047804  0.4159198764325241
4.88  -0.6099715443866822  0.4328061219134208
4.89  -0.5985844709086838  0.44613444010767367
4.9  -0.5841701255393031  0.4556580913506335
4.91  -0.5666337719178579  0.4610881044174638
4.92  -0.5457972723624069  0.4620531835240213
4.93  -0.5213330600012369  0.45802813101891154
4.94  -0.49264061695337197  0.4481989706728361
4.95  -0.45859926858195166  0.43119155218217975
4.96  -0.41703425722015136  0.40448233455141674
4.97  -0.3634726477635901  0.363016005892188
4.98  -0.2881694855599299  0.29585741660547
4.99  -0.17119344684412519  0.18036504743623502
5.0  -3.541968977364125e-15  3.822627125572436e-15
5.01  0.15313851943001952  -0.16897258922727065
5.0200000000000005  0.23058180080575386  -0.2595616682946106
5.03  0.26013614424874265  -0.2980108676030185
5.04  0.26695000776482997  -0.3103257858107506
5.05  0.26255952222279044  -0.3086394535483647
5.0600000000000005  0.252309218557466  -0.2986204551176346
5.07  0.23895361700000542  -0.2832165005662679
5.08  0.22407482451040792  -0.2641455180139293
5.09  0.208671576643053  -0.24251888973033744
5.1000000000000005  0.1934256137871906  -0.21912424963572646
5.11  0.17883190288636835  -0.19456397912365372
5.12  0.16526659434147664  -0.16932749148799198
5.13  0.15302442217655743  -0.14383092566263062
5.14  0.14234018731728165  -0.1184398082263195
5.15  0.1334015309657805  -0.09348235596246712
5.16  0.12635674920813397  -0.06925741697598434
5.17  0.12131969829933253  -0.04603923624486975
5.18  0.11837295891448957  -0.02408029198324945
5.19  0.11756995068750184  -0.003612940185987581
5.2  0.11893641977020124  0.015149682042628003
5.21  0.12247156540238936  0.032013211101825395
5.22  0.12814897696133448  0.04680188696702071
5.23  0.13591749417748689  0.059358538753616644
5.24  0.1457020655510208  0.06954464564165057
5.25  0.15740465517555768  0.07724041907308317
5.26  0.17090523132022914  0.08234486957061331
5.2700000000000005  0.18606285833636704  0.08477583346912819
5.28  0.20271690496621478  0.08446994320486395
5.29  0.2206883758312798  0.08138253076473456
5.3  0.23978136806566494  0.07548745821983531
5.3100000000000005  0.2597846512832211  0.06677687244605908
5.32  0.2804733660317305  0.055260883497435874
5.33  0.3016108333988721  0.04096716786291009
5.34  0.3229504663641903  0.023940499155135662
5.3500000000000005  0.34423777175262066  0.004242209754528192
5.36  0.36521243018067356  -0.01805041236197872
5.37  0.3856104401572717  -0.04284478688632457
5.38  0.4051663114812778  -0.07003375949971466
5.39  0.4236152922498717  -0.0994963700333783
5.4  0.44069561314373873  -0.1310986651970582
5.41  0.45615073217874835  -0.16469455064143765
5.42  0.46973156280355055  -0.20012667723919295
5.43  0.4811986680737804  -0.23722735665181421
5.44  0.4903244036425683  -0.27581950148268264
5.45  0.4968949924703736  -0.31571758558818713
5.46  0.5007125144708963  -0.3567286204171672
5.47  0.5015967947698903  -0.3986531435634061
5.48  0.49938717485549516  -0.44128621603747276
5.49  0.4939441516366557  -0.48441842508313016
5.5  0.4851508702943466  -0.5278368896723132
5.51  0.4729144578014613  -0.5713262661031886
5.5200000000000005  0.45716718509399273  -0.6146697513923916
5.53  0.43786744708940534  -0.657650082388503
5.54  0.41500055105911704  -0.7000505287352314
5.55  0.38857930526028356  -0.7416558779747816
5.5600000000000005  0.35864440120700425  -0.7822534112026541
5.57  0.32526458450135554  -0.8216338677615513
5.58  0.28853661073819964  -0.8595923974941433
5.59  0.24858498463235387  -0.8959294990612343
5.6000000000000005  0.2055614821796269  -0.930451942775287
5.61  0.15964445734127264  -0.962973676300311
5.62  0.11103793642164482  -0.9933167114313429
5.63  0.0599705049778211  -1.0213119899930454
5.64  0.006693993744366724  -1.0468002266926704
5.65  -0.04851802833666046  -1.0696327265320533
5.66  -0.10537194433408018  -1.089672174132941
5.67  -0.1635559516548198  -1.1067933920656894
5.68  -0.22274208392237546  -1.1208840650003644
5.69  -0.28258837851807067  -1.131845426228522
5.7  -0.34274117466340925  -1.1395929028409069
5.71  -0.40283752579708537  -1.1440567155984926
5.72  -0.4625077089928883  -1.1451824293093211
5.73  -0.5213778132840994  -1.1429314493287954
5.74  -0.5790723880131858  -1.1372814596437928
5.75  -0.6352171317196469  -1.1282267978878513
5.76  -0.6894416016191026  -1.1157787625724007
5.7700000000000005  -0.7413819234181127  -1.0999658478131848
5.78  -0.7906834810543806  -1.0808339008868937
5.79  -0.8370035659538614  -1.0584461980751387
5.8  -0.8800139655551227  -1.0328834344446196
5.8100000000000005  -0.91940347116722  -1.0042436234764927
5.82  -0.9548802856986881  -0.9726419027961308
5.83  -0.9861743124192551  -0.9382102426674388
5.84  -1.0130393066884158  -0.9010970544030956
5.8500000000000005  -1.035254873501405  -0.861466696402214
5.86  -1.052628294756518  -0.8194988761571581
5.87  -1.0649961713310616  -0.7753879472681822
5.88  -1.0722258663579776  -0.729342101263189
5.89  -1.0742167375119396  -0.6815824548345633
5.9  -1.0709011476319323  -0.6323420339688429
5.91  -1.062245244616109  -0.5818646573504738
5.92  -1.0482495032118002  -0.5304037223589161
5.93  -1.0289490230764393  -0.478220897940471
5.94  -1.0044135792906659  -0.42558472961118976
5.95  -0.974747423349303  -0.37276916282584854
5.96  -0.9400888345250203  -0.32005199191787065
5.97  -0.9006094233794375  -0.26771324276606784
5.98  -0.8565131910721969  -0.2160334982636137
5.99  -0.8080353499761161  -0.16529217654206976
6.0  -0.7554409129311921  -0.11576577272607878
6.01  -0.6990230602480396  -0.06772607575225832
6.0200000000000005  -0.6391012952880396  -0.02143837246705717
6.03  -0.5760194010900468  0.022840348187032067
6.04  -0.5101432120683118  0.06486317758929029
6.05  -0.44185821626184074  0.10439504276237652
6.0600000000000005  -0.3715670049591872  0.14121442061837783
6.07  -0.2996865877445399  0.17511499699155575
6.08  -0.22664559210070093  0.20590725628819362
6.09  -0.1528813676534078  0.23341998768345784
6.1000000000000005  -0.07883701594123778  0.25750169402959777
6.11  -0.004958367239903747  0.2780218900109576
6.12  0.06830907354717775  0.29487227659006027
6.13  0.14052318960214466  0.30796777943443643
6.140000000000001  0.21124830103064776  0.31724743979384995
6.15  0.28005817736626243  0.3226751472079841
6.16  0.3465389914748442  0.324240204460711
6.17  0.41029219295350045  0.32195771635146925
6.18  0.4709372796483068  0.3158687951194939
6.19  0.5281144466079288  0.30604057672260143
6.2  0.5814870926430132  0.29256604362872685
6.21  0.6307441656672579  0.2755636513129659
6.22  0.675602329148069  0.2551767572528879
6.23  0.7158079332846528  0.2315728528660581
6.24  0.7511387759494496  0.20494260052150645
6.25  0.7814056399647025  0.17549867946537318
6.26  0.8064535949280559  0.1434744462147109
6.2700000000000005  0.8261630535373822  0.10912241667529823
6.28  0.8404505741821436  0.07271257891344203
6.29  0.8492694034530174  0.034530547140686804
6.3  0.8526097541588654  -0.005124430961652705
6.3100000000000005  0.8504988164158166  -0.04594159996115763
6.32  0.8430005013719312  -0.08760094042197004
6.33  0.8302149191376795  -0.12977551437889803
6.34  0.8122775944916313  -0.17213389506915822
6.3500000000000005  0.789358425907135  -0.21434266242309674
6.36  0.7616603953840794  -0.25606894493299465
6.37  0.7294180384550542  -0.2969829877962337
6.38  0.6928956855529688  -0.33676072667425105
6.390000000000001  0.6523854876630611  -0.37508634603075763
6.4  0.6082052408230137  -0.4116548008170499
6.41  0.5606960255675961  -0.4461742802645377
6.42  0.510219678827071  -0.47836859272677623
6.43  0.4571561170701936  -0.5079794508873204
6.44  0.40190053062327535  -0.5347686372140684
6.45  0.3448604700871093  -0.5585200302933448
6.46  0.2864528466057835  -0.5790414736130727
6.47  0.22710086840926744  -0.5961664694775871
6.48  0.1672309365488907  -0.6097556820191292
6.49  0.10726952306837048  -0.6196982347127183
6.5  0.04764005499913435  -0.6259127893906214
6.51  -0.01124017246303589  -0.6283483954768765
6.5200000000000005  -0.06896303045363542  -0.6269851000070341
6.53  -0.1251325158482156  -0.6218343109474429
6.54  -0.1793676133868568  -0.6129389083653167
6.55  -0.23130503904860433  -0.6003731001074945
6.5600000000000005  -0.2806018441068096  -0.5842420208035831
6.57  -0.3269378603507633  -0.5646810751985214
6.58  -0.37001796816392013  -0.5418550290208954
6.59  -0.40957417049443545  -0.5159568527862228
6.6000000000000005  -0.44536745723046833  -0.4872063260989789
6.61  -0.47718944608860253  -0.4558484121329921
6.62  -0.5048637878272296  -0.4221514140174503
6.63  -0.528247325394333  -0.3864049268158004
6.640000000000001  -0.5472309984975616  -0.34891760063886096
6.65  -0.5617404870288244  -0.3100147321635758
6.66  -0.571736588771295  -0.27003570341876126
6.67  -0.5772153288482202  -0.22933128813333734
6.68  -0.5782078004245385  -0.18826084720713493
6.69  -0.5747797382284126  -0.14718943594659242
6.7  -0.5670308285042501  -0.10648484659726747
6.71  -0.5550937610260039  -0.0665146103923935
6.72  -0.5391330307738559  -0.027642983815342324
6.73  -0.5193434987934773  0.009772055962460575
6.74  -0.495948723600071  0.04538178146006944
6.75  -0.4691990762452244  0.07884962624666703
6.76  -0.4393696538192775  0.10985401283743257
6.7700000000000005  -0.4067580077029204  0.13809107328684686
6.78  -0.37168170429697106  0.16327723945684128
6.79  -0.33447573723762164  0.1851516809572827
6.8  -0.29548981123623735  0.20347856997089103
6.8100000000000005  -0.2550855186588689  0.21804915357407753
6.82  -0.2136334307737324  0.22868361573634544
6.83  -0.1715101262382813  0.23523271291045414
6.84  -0.12909517986673646  0.23757916899790663
6.8500000000000005  -0.08676813500948008  0.2356388174730657
6.86  -0.04490548298619226  0.2293614805562391
6.87  -0.0038776729434834515  0.21873157752279132
6.88  0.03595382474405946  0.20376845650203187
6.890000000000001  0.07423937884146668  0.18452644643608665
6.9  0.11064395930786737  0.16109462821441559
6.91  0.14484977973362087  0.13359632635322236
6.92  0.17655879979785521  0.10218832492991638
6.93  0.20549506848389198  0.06705981378989896
6.94  0.23140689003882461  0.028431073296157988
6.95  0.25406879605135024  -0.013448091928525087
6.96  0.27328330853854477  -0.05830015773073461
6.97  0.2888824805652848  -0.10582190911582227
6.98  0.3007292026572618  -0.1556866765398773
6.99  0.30871826509598305  -0.20754676174407558
7.0  0.3127771680879749  -0.26103603352775706
7.01  0.3128666737654414  -0.3157726724844063
7.0200000000000005  0.3089810959869154  -0.3713620425362255
7.03  0.30114832594788826  -0.42739966610665553
7.04  0.28942959366747506  -0.48347427897495243
7.05  0.27391896747164196  -0.5391709402675775
7.0600000000000005  0.25474259563033846  -0.5940741726630175
7.07  0.23205769630939255  -0.6477711077205821
7.08  0.20605130395228674  -0.6998546112909724
7.09  0.17693878209705788  -0.7499263642241342
7.1000000000000005  0.14496211444451038  -0.797599874055699
7.11  0.11038798771189234  -0.8425033940203681
7.12  0.07350568141737827  -0.8842827266028052
7.13  0.03462478123317945  -0.9226038898838931
7.140000000000001  -0.005927266093505334  -0.9571556261631383
7.15  -0.04780773703200355  -0.9876517337235242
7.16  -0.09066133448303616  -1.0138332041406108
7.17  -0.13412298871714476  -1.0354701492078633
7.18  -0.17782073409260876  -1.0523635033401497
7.19  -0.22137863903615587  -1.0643464892098065
7.2  -0.26441976637343123  -1.0712858363478401
7.21  -0.3065691408792779  -1.073082744488539
7.22  -0.34745670088152963  -1.0696735855309165
7.23  -0.3867202108971194  -1.0610303401164836
7.24  -0.42400811260405896  -1.0471607669612928
7.25  -0.4589822919547611  -1.0281083052125952
7.26  -0.49132074091147726  -1.0039517122088517
7.2700000000000005  -0.5207200931276579  -0.9748044410885145
7.28  -0.5468980139030652  -0.9408137647007879
7.29  -0.5695954258979031  -0.9021596542046659
7.3  -0.5885785533924789  -0.8590534225850986
7.3100000000000005  -0.6036407693138862  -0.8117361450533053
7.32  -0.6146042308086603  -0.7604768699184398
7.33  -0.6213212908078506  -0.7055706350086279
7.34  -0.6236756747953198  -0.6473363060698808
7.3500000000000005  -0.62158341383765  -0.586114254772541
7.36  -0.614993526849905  -0.5222638949991014
7.37  -0.6038884470409307  -0.45616109696834045
7.38  -0.588284189489084  -0.38819549946396786
7.390000000000001  -0.568230258828662  -0.3187677409784941
7.4  -0.5438092980628559  -0.2482866309531296
7.41  -0.5151364815446773  -0.17716628249245372
7.42  -0.4823586571673032  -0.10582322795975271
7.43  -0.44565324476370755  -0.03467353871809812
7.44  -0.4052268996170654  0.03587003002181687
7.45  -0.3613139518134113  0.10540084874785392
7.46  -0.31417463391172024  0.17352115770036536
7.47  -0.2640931110508007  0.2398447263028723
7.48  -0.2113753291437201  0.30399940972798817
7.49  -0.1563466982175591  0.3656295853697989
7.5  -0.09934962922745226  0.42439845312006197
7.51  -0.04074094379992711  0.4799901845725003
7.5200000000000005  0.01911082266787095  0.5321119075964071
7.53  0.07982820331648746  0.5804955141138923
7.54  0.14102764566168763  0.6248992803729028
7.55  0.20232239861364634  0.665109290516398
7.5600000000000005  0.2633254180380426  0.700940655794948
7.57  0.3236522681053065  0.7322385233414223
7.58  0.38292399574010344  0.7588788700106796
7.59  0.4407699557272377  0.7807690783707311
7.6000000000000005  0.49683056445151763  0.7978482935035403
7.61  0.5507599608432212  0.8100875608212115
7.62  0.6022285538637163  0.8174897466162361
7.63  0.6509254367904617  0.820089244532038
7.640000000000001  0.6965606496406282  0.8179514725529744
7.65  0.7388672722982906  0.8111721664622186
7.66  0.7776033322725887  0.7998764769935931
7.67  0.8125535125017337  0.7842178791025142
7.68  0.843530646219331  0.7643769028952837
7.69  0.8703769876015944  0.7405596967800641
7.7  0.8929652487035428  0.7129964343323713
7.71  0.9111993950550404  0.6819395771994844
7.72  0.9250151942083978  0.6476620070995057
7.73  0.9343805134933607  0.6104550405997617
7.74  0.9392953652268325  0.5706263408856088
7.75  0.9397916996279594  0.5284977411539656
7.76  0.9359329476882436  0.4844029945874936
7.7700000000000005  0.9278133182255458  0.43868546608591824
7.78  0.9155568552942941  0.3916957810536232
7.79  0.8993162640166773  0.3437894465692086
7.8  0.8792715147262239  0.29532446019747904
7.8100000000000005  0.8556282370612032  0.24665892154983407
7.82  0.8286159172974373  0.1981486614606917
7.83  0.7984859137548026  0.15014490332870958
7.84  0.7655093065373113  0.10299197077803497
7.8500000000000005  0.7299745991615331  0.05702505533032522
7.86  0.6921852907823287  0.012568057249094492
7.87  0.6524573387292228  -0.030068487871846038
7.88  0.6111165319136844  -0.07058938484827439
7.890000000000001  0.568495796349831  -0.10871664574083231
7.9  0.5249324545441932  -0.14419123729155667
7.91  0.48076546084956423  -0.17677469924668582
7.92  0.4363326350412086  -0.20625062466438457
7.930000000000001  0.3919679163597871  -0.232425994150616
7.94  0.3479986600743445  -0.25513235683641905
7.95  0.3047429982521736  -0.2742268518020712
7.96  0.2625072858835534  -0.28959306456309564
7.97  0.22158365280237127  -0.3011417141570138
7.98  0.18224768097444966  -0.30881116730354974
7.99  0.14475622570074057  -0.3125677770521595
8.0  0.10934539811086487  -0.3124060442755304
8.01  0.07622872501312991  -0.3083486013133539
8.02  0.0455955007303304  -0.30044601801418447
8.03  0.01760934399829531  -0.28877643136197945
8.040000000000001  -0.007593028651738739  -0.2734450008052232
8.05  -0.029902803351878997  -0.25458319232772086
8.06  -0.04923983534476182  -0.23234789520874918
8.07  -0.06555317545040275  -0.20692037631397558
8.08  -0.07882135251491844  -0.17850507763405316
8.09  -0.08905240976550836  -0.14732826364347174
8.1  -0.09628369497409434  -0.11363652588458456
8.11  -0.1005814063102095  -0.07769515298825316
8.120000000000001  -0.10203989772616284  -0.039786375120364294
8.13  -0.10078074964884953  -0.00020749258949441732
8.14  -0.09695161263726862  0.04073110093853416
8.15  -0.09072483348808653  0.08270798950040702
8.16  -0.08229587501884786  0.12539288842072388
8.17  -0.07188154241582136  0.1684488680891792
8.18  -0.05971803058813165  0.2115346350602078
8.19  -0.04605880840882079  0.2543068571236564
8.2  -0.03117235703622221  0.2964225185700324
8.21  -0.015339780684303271  0.3375412915102015
8.22  0.0011476907600427618  0.3773279088110982
8.23  0.0179912870005885  0.41545452398018407
8.24  0.03488734949041204  0.45160304317522976
8.25  0.05153002895428906  0.485467414437928
8.26  0.06761400636833043  0.5167558592514606
8.27  0.08283721529040321  0.5451930316084929
8.28  0.09690354341012744  0.5705220899492234
8.290000000000001  0.10952549133909185  0.5925066675921826
8.3  0.12042676698826252  0.6109327276355364
8.31  0.1293447943784491  0.6256102887556951
8.32  0.13603311639662283  0.6363750088736705
8.33  0.14026367184107044  0.6430896142993305
8.34  0.14182892808487255  0.645645162698443
8.35  0.14054385182219434  0.643962129056975
8.36  0.1362477016369327  0.6379913047395234
8.370000000000001  0.12880562753721594  0.6277145007518908
8.38  0.118110064122396  0.6131450474181228
8.39  0.10408190567801645  0.5943280838656736
8.4  0.08667145321720039  0.5713406319741571
8.41  0.06585912528921797  0.5442914507766806
8.42  0.04165592624457674  0.5133206687019487
8.43  0.014103667564836445  0.47859919250215477
8.44  -0.016725060179451984  0.44032789321755766
8.45  -0.05072716520416461  0.39873657107442806
8.46  -0.08776958070177066  0.3540827027885526
8.47  -0.12769003585847757  0.30664997634074603
8.48  -0.1702980662679502  0.25674661989271896
8.49  -0.21537625640994204  0.2047035331089752
8.5  -0.2626817050180789  0.15087223073051273
8.51  -0.3119477023877385  0.09562260979668304
8.52  -0.36288560698715544  0.039340553418965016
8.53  -0.4151869071453232  -0.0175746145382722
8.540000000000001  -0.4685254521119764  -0.07471280813306459
8.55  -0.5225598354287893  -0.1316559743410978
8.56  -0.5769359123287878  -0.1879809861311172
8.57  -0.6312894318007689  -0.24326261428507426
8.58  -0.6852487630276702  -0.2970765576525428
8.59  -0.738437695137847  -0.349002510685193
8.6  -0.790478288603386  -0.39862724639593966
8.61  -0.8409937561839953  -0.44554769233843394
8.620000000000001  -0.8896113510522489  -0.48937397681451344
8.63  -0.9359652396482281  -0.5297324222979152
8.64  -0.9796993368992821  -0.5662684630182754
8.65  -1.0204700817031473  -0.5986494637851755
8.66  -1.0579491310081295  -0.6265674174518406
8.67  -1.091825951428697  -0.6497414989235082
8.68  -1.121810288104045  -0.6679204543074739
8.69  -1.1476344914351984  -0.680884804679255
8.700000000000001  -1.1690556834150287  -0.6884488449992326
8.71  -1.1858577464876625  -0.690462419952173
8.72  -1.197853119228672  -0.6868124598922327
8.73  -1.2048843846151138  -0.6774242616501654
8.74  -1.2068256382431375  -0.6622625006884053
8.75  -1.2035836255381893  -0.641331962962135
8.76  -1.1950986387753122  -0.6146779868477135
8.77  -1.181345166571412  -0.5823866076198857
8.78  -1.1623322904123976  -0.5445843991805838
8.790000000000001  -1.1381038247218942  -0.5014380100477422
8.8  -1.1087381989488005  -0.45315339298512625
8.81  -1.074348082133433  -0.39997473007396134
8.82  -1.0350797523908977  -0.3421830574754448
8.83  -0.9911122157100062  -0.2800945965885933
8.84  -0.942656080391436  -0.21405880075029005
8.85  -0.8899521953252705  -0.14445612903204783
8.86  -0.8332700621202035  -0.07169556104013457
8.870000000000001  -0.7729060328314501  0.0037881310997057295
8.88  -0.7091813066777538  0.08153733521441328
8.89  -0.6424397406770537  0.16107475559615583
8.9  -0.5730454905542853  0.24190675121809604
8.91  -0.5013804995713803  0.323526831553563
8.92  -0.42784185408969966  0.4054192843104362
8.93  -0.35283902568973036  0.48706290799609187
8.94  -0.2767910205340423  0.5679348210381588
8.950000000000001  -0.20012345736095713  0.6475143182166583
8.96  -0.12326559603270258  0.7252867444247875
8.97  -0.04664733892882855  0.8007473552798696
8.98  0.029303772328395233  0.8734051338587054
8.99  0.10416554230785158  0.9427865328405924
9.0  0.17752406700434026  1.0084391116083686
9.01  0.24897661683799757  1.0699350383851443
9.02  0.31813443587331824  1.1268744282704608
9.03  0.38462543636862306  1.1788884890811298
9.040000000000001  0.4480967685824601  1.2256424481930468
9.05  0.5082172467318402  1.2668382351125484
9.06  0.5646796131115503  1.302216896269637
9.07  0.6172026236336271  1.3315607205067481
9.08  0.6655329394237922  1.3546950559224076
9.09  0.7094468106039512  1.3714898011010854
9.1  0.7487515399872202  1.381860556300745
9.11  0.7832867160999865  1.3857694228575708
9.120000000000001  0.812925206712681  1.3832254418809093
9.13  0.8375739058919695  1.3742846662274562
9.14  0.8571742294690677  1.359049862737533
9.15  0.8717023557358715  1.3376698447624216
9.16  0.8811692101190897  1.310338438083972
9.17  0.8856201945263248  1.2772930863993674
9.18  0.8851346639929135  1.238813105587912
9.19  0.8798251551690679  1.1952175989662774
9.200000000000001  0.869836373058629  1.146863048646625
9.21  0.8553439442395875  1.0941406009129344
9.22  0.8365529465482149  1.0374730661980118
9.23  0.813696226879851  0.977311656754119
9.24  0.787032520337648  0.914132487438989
9.25  0.756844385433625  0.8484328671656859
9.26  0.7234359714033654  0.7807274104684444
9.27  0.6871306349262789  0.7115440002992033
9.28  0.6482684246384927  0.6414196345746438
9.290000000000001  0.6072034527768941  0.5708961901276316
9.3  0.5643011740939383  0.5005161385674645
9.31  0.5199355928272323  0.43081824911188643
9.32  0.4744864189920273  0.3623333137137585
9.33  0.4283361955840416  0.29557992976187797
9.34  0.3818674184337812  0.23106037528865742
9.35  0.3354596704399546  0.16925661096781552
9.36  0.2894867917301553  0.1106264422375566
9.370000000000001  0.24431410695272746  0.0555998736461871
9.38  0.20029573039883927  0.0045756859966504596
9.39  0.1577719689911533  -0.04208173492292525
9.4  0.11706684236283403  -0.08404529127928086
9.41  0.07848573829208742  -0.12102776334280324
9.42  0.042313220663391625  -0.1527840748822145
9.43  0.008811005903931315  -0.17911321453828588
9.44  -0.021783877496313404  -0.19985979677904359
9.450000000000001  -0.049260733220095054  -0.214915249056622
9.46  -0.0734366334964139  -0.22421861492610048
9.47  -0.09415763762129722  -0.22775696612150806
9.48  -0.11129978433257262  -0.22556541988527934
9.49  -0.12476985150024501  -0.21772676118619
9.5  -0.13450587839286046  -0.20437067280708013
9.51  -0.14047744760836928  -0.18567257960848063
9.52  -0.14268572560222367  -0.16185211654781775
9.53  -0.14116326259056003  -0.13317123322734992
9.540000000000001  -0.13597355443908324  -0.09993195082893043
9.55  -0.1272103709540441  -0.06247379024303616
9.56  -0.11499685675732006  -0.02117089298650313
9.57  -0.09948441263932457  0.02357114089565051
9.58  -0.08085136692913068  0.07131867135815291
9.59  -0.059301447987906174  0.12161366456662354
9.6  -0.035062070408983875  0.1739775361349178
9.61  -0.008382448884262816  0.22791515908732124
9.620000000000001  0.02046844503662829  0.28291900288116606
9.63  0.051204066920225264  0.338473368754201
9.64  0.08352260675978593  0.39405868589197907
9.65  0.1171094013359114  0.4491558324485644
9.66  0.1516394325871313  0.5032504453039246
9.67  0.18677989233585446  0.5558371826027818
9.68  0.22219279324142727  0.6064239035913124
9.69  0.25753760551769717  0.654535731043821
9.700000000000001  0.2924738987540601  0.6997189626446806
9.71  0.32666396811000226  0.7415447990497342
9.72  0.35977542420345704  0.7796128579837707
9.73  0.391483726167059  0.8135544456199675
9.74  0.4214746375829575  0.8430355586165371
9.75  0.4494465852950098  0.8677595925337876
9.76  0.475112901393556  0.8874697349004443
9.77  0.498203928912027  0.9019510239171368
9.78  0.5184689718758623  0.9110320566536029
9.790000000000001  0.5356780701730096  0.9145863335893781
9.8  0.5496235790741527  0.9125332294431667
9.81  0.5601215318197729  0.9048385834149971
9.82  0.5670127610387385  0.891514905220028
9.83  0.5701637501167518  0.8726211966368651
9.84  0.5694671777560775  0.8482623917854678
9.85  0.5648421057844675  0.81858842314316
9.86  0.556233738192981  0.7837929247565332
9.870000000000001  0.5436126420353427  0.7441115900079531
9.88  0.5269732565166352  0.6998202104444221
9.89  0.5063314031715442  0.6512324387272262
9.9  0.48172030386649056  0.5986973526850127
9.91  0.4531842251484017  0.5425969738686239
9.92  0.4207681064026663  0.48334408002739926
9.93  0.3844999698132014  0.42138113903032376
9.94  0.34435956657384936  0.3571825828094041
9.950000000000001  0.3002192716316477  0.2912670104813921
9.96  0.2517267057876966  0.22424136180201887
9.97  0.1980685321118875  0.1569619755523314
9.98  0.13758959788322225  0.09119373759828206
9.99  0.06844954589161534  0.03258654107521554
10.0  2.1993404084546592e-15  3.6936690640125993e-16
