0.0  0.0  0.0
0.01  0.11612181798294648  -0.10822362908308453
0.02  0.1454035308551473  -0.18477484217713702
0.03  0.12724304199133232  -0.2338705078360068
0.04  0.08854970351092895  -0.2669886799620349
0.05  0.04091044149058987  -0.29012801755367784
0.06  -0.010416872482705682  -0.3062532751402175
0.07  -0.0627292235961961  -0.31698947943900196
0.08  -0.11446486013432298  -0.3233483511201362
0.09  -0.16463115779494716  -0.3260413777376051
0.1  -0.21255002069882614  -0.3256233102563526
0.11  -0.25773460507345647  -0.32256188124429697
0.12  -0.2998252090540869  -0.31727308602864773
0.13  -0.33855383439176806  -0.3101393264011107
0.14  -0.3737235028244259  -0.30151855899845437
0.15  -0.40519554106535244  -0.291748527201952
0.16  -0.4328813331743882  -0.2811482386284373
0.17  -0.4567366447599741  -0.27001789470825516
0.18  -0.47675745007874787  -0.2586379780587375
0.19  -0.4929766384684098  -0.24726792856917906
0.2  -0.5054612264033369  -0.23614468160051535
0.21  -0.5143098468103104  -0.2254812474383887
0.22  -0.5196503746668056  -0.21546545217352275
0.23  -0.5216376020517999  -0.20625892154166336
0.24  -0.5204509103180511  -0.1979963626585811
0.25  -0.5162919096052345  -0.19078517933380665
0.26  -0.509382031000092  -0.1847054420107853
0.27  -0.4999600669510537  -0.17981022174770303
0.28  -0.4882796626968007  -0.17612628805657876
0.29  -0.47460676649175243  -0.17365516227643207
0.3  -0.4592170499557783  -0.1723745111192778
0.31  -0.44239331236142315  -0.1722398588871027
0.32  -0.4244228843773065  -0.17318659149309876
0.33  -0.4055950478978271  -0.17513222076454057
0.34  -0.3861984892348947  -0.17797887352396413
0.35000000000000003  -0.3665188032168559  -0.18161596662521992
0.36  -0.3468360656975964  -0.1859230264574762
0.37  -0.32742249167280074  -0.19077260942388305
0.38  -0.3085401956671754  -0.19603327855348593
0.39  -0.29043907032530014  -0.2015725907142011
0.4  -0.273354798233967  -0.20726004885645363
0.41000000000000003  -0.25750701094632944  -0.21296997432156675
0.42  -0.24309760798678273  -0.2185842554805877
0.43  -0.2303092473076103  -0.22399493080602637
0.44  -0.21930401726062812  -0.22910656689271994
0.45  -0.21022229865524314  -0.23383839490010722
0.46  -0.20318182391413225  -0.2381261723457857
0.47000000000000003  -0.19827693872444685  -0.2419237410927359
0.48  -0.1955780699311888  -0.24520425668803067
0.49  -0.1951314017451229  -0.24796106887237215
0.5  -0.19695876065499374  -0.25020823802640846
0.51  -0.20105770775736906  -0.2519806774869404
0.52  -0.20740183556127714  -0.2533339169865807
0.53  -0.21594126470267166  -0.254343487874953
0.54  -0.22660333442893588  -0.2551039361977889
0.55  -0.23929347919886718  -0.2557274750717181
0.56  -0.25389628230093364  -0.2563422930271036
0.5700000000000001  -0.27027669603349397  -0.25709054003045373
0.58  -0.2882814167257167  -0.25812601767542087
0.59  -0.30774040171685985  -0.2596116044840532
0.6  -0.3284685143632339  -0.26171645132849797
0.61  -0.3502672822144044  -0.2646129856131497
0.62  -0.37292675269976483  -0.268473765998919
0.63  -0.39622742999931493  -0.27346823206151166
0.64  -0.4199422762428429  -0.27975939531740673
0.65  -0.4438387597932154  -0.28750051949465844
0.66  -0.46768093312441084  -0.296831838748144
0.67  -0.49123152270434284  -0.307877362705453
0.68  -0.5142540133363709  -0.3207418167732508
0.6900000000000001  -0.5365147096003872  -0.33550776503551216
0.7000000000000001  -0.5577847573620851  -0.35223296134349774
0.71  -0.5778421087839092  -0.3709479718495767
0.72  -0.5964734148686159  -0.39165410929764044
0.73  -0.6134758302905775  -0.4143217158840475
0.74  -0.628658716114335  -0.4388888274840966
0.75  -0.6418452269566858  -0.4652602475459132
0.76  -0.6528737702093496  -0.493307054038571
0.77  -0.6615993260946091  -0.5228665575619629
0.78  -0.6678946185662744  -0.5537427231450911
0.79  -0.6716511283821445  -0.5857070624438334
0.8  -0.6727799410506743  -0.6184999970691082
0.81  -0.67121242378206  -0.6518326877044437
0.8200000000000001  -0.6669007270404754  -0.6853893175826986
0.8300000000000001  -0.6598181077873889  -0.7188298128603091
0.84  -0.6499590730133592  -0.7517929765291077
0.85  -0.6373393436649853  -0.7839000068145277
0.86  -0.6219956405722938  -0.814758365597134
0.87  -0.6039852954575645  -0.843965957331265
0.88  -0.5833856915473509  -0.8711155742859108
0.89  -0.5602935397036183  -0.8957995597600666
0.9  -0.534823997326228  -0.9176146372838299
0.91  -0.5071096385467574  -0.9361668507574948
0.92  -0.4772992854228253  -0.9510765580475965
0.93  -0.44555671094320726  -0.9619834187875407
0.9400000000000001  -0.412059225658602  -0.9685513160501398
0.9500000000000001  -0.3769961606530401  -0.9704731511908427
0.96  -0.34056726035983254  -0.9674754515161891
0.97  -0.302980999397672  -0.9593227315161887
0.98  -0.26445283815208265  -0.9458215502072
0.99  -0.22520343225099132  -0.9268242096503232
1.0  -0.18545681137790068  -0.9022320429175866
1.01  -0.14543854303020776  -0.8719982436441136
1.02  -0.10537389686297419  -0.8361301937910498
1.03  -0.06548602516026902  -0.7946912513053743
1.04  -0.025994174748596773  -0.7478019649459919
1.05  0.01288805468757857  -0.6956406895911683
1.06  0.050954391406065606  -0.6384435817848697
1.07  0.08800749763735921  -0.5765039620483701
1.08  0.1238604876694745  -0.5101710375032789
1.09  0.15833834562801857  -0.4398479855443898
1.1  0.1912792315083586  -0.3659894065838836
1.11  0.22253566502418076  -0.2890981611793723
1.12  0.25197557792672926  -0.20972161407295561
1.1300000000000001  0.2794832266121618  -0.1284473147230717
1.1400000000000001  0.30495995806067455  -0.0458981507226713
1.1500000000000001  0.32832482342992153  0.03727298301446706
1.16  0.34951503494583425  0.12038895033035153
1.17  0.36848626308508403  0.20275452058105123
1.18  0.38521277241371427  0.28366283642673495
1.19  0.39968739582444485  0.3624021385419023
1.2  0.41192134828922444  0.43826267933625807
1.21  0.4219438826024194  0.5105437546922298
1.22  0.4298017909222674  0.5785607803961804
1.23  0.43555875721289594  0.641652338400646
1.24  0.4392945669356865  0.6991871173296178
1.25  0.4411041815268267  0.7505706717439428
1.26  0.4410966863178445  0.7952519256261625
1.27  0.4393941215987476  0.8327293473209886
1.28  0.4361302074805702  0.862556725766912
1.29  0.43144897407812116  0.8843484812549517
1.3  0.4255033092975844  0.89778444812148
1.31  0.41845343717136124  0.9026140716841139
1.32  0.41046534022903397  0.8986599673147412
1.33  0.401709139824476  0.8858207957559643
1.34  0.3923574486516044  0.8640734155632203
1.35  0.3825837098730031  0.8334742808243626
1.36  0.37256053735535016  0.794160059995546
1.37  0.36245807145311176  0.746347459715471
1.3800000000000001  0.3524423646081383  0.6903322457338393
1.3900000000000001  0.3426738107394978  0.6264874615253262
1.4000000000000001  0.3333056319878161  0.5552608536661277
1.41  0.3244824358554862  0.47717152153353337
1.42  0.3163388551529079  0.39280581725693736
1.43  0.30899828242713834  0.3028125300089923
1.44  0.3025717097192698  0.20789739658746573
1.45  0.29715668357776287  0.10881698771417066
1.46  0.2928363842547566  0.006372026482798974
1.47  0.2896788369395097  -0.09859979815670401
1.48  0.2877362617468807  -0.20523145415718608
1.49  0.2870445679885511  -0.31263455151520303
1.5  0.28762299702079475  -0.41990761154155426
1.51  0.2894739166951364  -0.5261445384216826
1.52  0.29258276914805187  -0.6304432084853643
1.53  0.2969181723635425  -0.731914090745688
1.54  0.30243217463893407  -0.8296888113143074
1.55  0.30906065979033553  -0.9229285742687374
1.56  0.316723899660615  -1.0108323524432952
1.57  0.3253272492500011  -1.092644763433458
1.58  0.334761978587703  -1.1676635488289375
1.59  0.3449062343121573  -1.2352465782989164
1.6  0.35562612283707074  -1.2948183046090675
1.61  0.3667769059591509  -1.345875600910215
1.62  0.37820429881972706  -1.3879929176500647
1.6300000000000001  0.38974585927385097  -1.4208267031609618
1.6400000000000001  0.4012324569539619  -1.4441190392993393
1.6500000000000001  0.41248980964684784  -1.4577004513803673
1.6600000000000001  0.42334007403781465  -1.4614918599823266
1.67  0.4336034774190743  -1.4555056509018638
1.68  0.44309997661395506  -1.4398458485320054
1.69  0.45165093013724195  -1.4147073871143745
1.7  0.45908076949642734  -1.3803744835881928
1.71  0.46521865553960895  -1.3372181250226176
1.72  0.46990010587298847  -1.2856926927770231
1.73  0.4729685796031965  -1.2263317544880052
1.74  0.4742770060048321  -1.1597430636362542
1.75  0.4736892441686409  -1.086602814708058
1.76  0.4710814612467053  -1.0076492097462786
1.77  0.4663434175730139  -0.9236753993002274
1.78  0.45937964769530626  -0.8355218673552156
1.79  0.4501105272006265  -0.7440683356794773
1.8  0.43847321614557444  -0.6502252681052862
1.81  0.42442247090498053  -0.5549250595071193
1.82  0.4079313173213561  -0.45911299760654617
1.83  0.38899157916308896  -0.3637380881841529
1.84  0.36761425707269035  -0.26974383578632555
1.85  0.34382975439779356  -0.1780590725622383
1.86  0.31768794753703805  -0.08958892744729748
1.87  0.2892580996904245  -0.005206026527544625
1.8800000000000001  0.25862861816876825  0.07425798691074072
1.8900000000000001  0.22590665667936935  0.14802052739634547
1.9000000000000001  0.19121756525452616  0.21535565624741337
1.9100000000000001  0.15470419171614358  0.2756011083885871
1.92  0.11652603976328989  0.3281646866772466
1.93  0.07685828992073383  0.37252995991868787
1.94  0.035890690685894594  0.40826120792529075
1.95  -0.006173671749471351  0.43500756473531105
1.96  -0.04911971585640886  0.4525063193698581
1.97  -0.09272180896464545  0.4605853421841017
1.98  -0.1367453022469475  0.4591646138681344
1.99  -0.18094814472138127  0.4482568433784808
2.0  -0.2250825638759049  0.42796717043483845
2.0100000000000002  -0.26889679999502375  0.3984919575988371
2.02  -0.3121368808475818  0.36011668626291715
2.0300000000000002  -0.35454842308145956  0.3132129800191685
2.04  -0.39587844646696624  0.25823478775358755
2.05  -0.4358771870377282  0.19571376732696688
2.06  -0.4742998951958776  0.1262539187702382
2.07  -0.5109086049772262  0.05052552345478768
2.08  -0.5454738609103337  -0.030741547381406314
2.09  -0.5777763892485615  -0.1167650851345007
2.1  -0.6076087008035553  -0.2067182822573877
2.11  -0.6347766131577844  -0.29973787681524566
2.12  -0.6591006806783786  -0.39493261955326514
2.13  -0.6804175214887614  -0.4913919769125401
2.14  -0.6985810313725518  -0.5881949814049781
2.15  -0.7134634754787521  -0.6844191396677541
2.16  -0.7249564496611891  -0.779149308371701
2.17  -0.7329717043103188  -0.8714864489523435
2.18  -0.7374418246135669  -0.9605561738562028
2.19  -0.738320762302397  -1.0455169996244424
2.2  -0.7355842151012619  -1.1255682256403925
2.21  -0.7292298512759237  -1.1999573617039687
2.22  -0.7192773778770014  -1.2679870327155838
2.23  -0.7057684524791127  -1.3290212945949247
2.24  -0.6887664394172405  -1.382491302061056
2.25  -0.6683560127101396  -1.4279002759854242
2.2600000000000002  -0.6446426090264865  -1.4648277256207296
2.27  -0.6177517351837523  -1.4929328890209492
2.2800000000000002  -0.5878281357635222  -1.5119573633138814
2.29  -0.5550348274718161  -1.5217269050749762
2.3000000000000003  -0.5195520078605455  -1.522152389787101
2.31  -0.48157584694932326  -1.5132299281598696
2.32  -0.4413171711379544  -1.495040145829951
2.33  -0.3990000495732197  -1.4677466415760605
2.34  -0.35486029382273343  -1.4315936475677769
2.35  -0.3091438823090712  -1.3869029232366044
2.36  -0.2621053214646444  -1.3340699220264762
2.37  -0.21400595597821223  -1.2735592774687683
2.38  -0.16511224081527096  -1.2058996616601787
2.39  -0.11569398790435012  -1.131678075232327
2.4  -0.06602260048897053  -1.0515336332299614
2.41  -0.016369308150129738  -0.9661509159069964
2.42  0.0329965845925159  -0.876252957263052
2.43  0.08180942338983316  -0.7825939471416974
2.44  0.129808890467076  -0.685951724870108
2.45  0.17674164029728817  -0.5871201437211265
2.46  0.22236287300086038  -0.4869013859165079
2.47  0.2664378344966101  -0.3860983074664596
2.48  0.3087432330799221  -0.2855068908684143
2.49  0.34906856282979065  -0.18590888158799693
2.5  0.3872173250420164  -0.08806468134874632
2.5100000000000002  0.4230081397440663  0.007293432397326353
2.52  0.45627574026020595  0.09946769581079047
2.5300000000000002  0.48687184475623074  0.18780079683032655
2.54  0.5146658996928676  0.27168130778966565
2.5500000000000003  0.5395456911477697  0.3505485642532158
2.56  0.5614178210189563  0.4238969484306961
2.57  0.5802080461893712  0.4912795424996696
2.58  0.5958614798037067  0.5523111244273275
2.59  0.608342654876534  0.6066704863557701
2.6  0.6176354515061613  0.6541020632128846
2.61  0.6237428900031607  0.6944168668472022
2.62  0.6266867932481214  0.7274927285748377
2.63  0.6265073225617206  0.7532738604842573
2.64  0.6232623922943986  0.7717697530889159
2.65  0.6170269692155003  0.7830534338687305
2.66  0.6078922635962122  0.7872591178246175
2.67  0.595964819630779  0.7845792873150897
2.68  0.5813655135209631  0.7752612440861236
2.69  0.5642284681545725  0.7596031814864984
2.7  0.5446998938358739  0.7379498293297033
2.71  0.5229368649704409  0.7106877276762095
2.72  0.49910604296655264  0.6782401889307701
2.73  0.4733823558875903  0.6410620100508116
2.74  0.4459476455737326  0.5996339983249043
2.75  0.4169892930460155  0.5544573750946101
2.7600000000000002  0.3866988330115873  0.5060481219568437
2.77  0.355270568206914  0.4549313334048934
2.7800000000000002  0.32290019414711574  0.4016356385595983
2.79  0.28978344459720295  0.3466877526325259
2.8000000000000003  0.2561147677475568  0.2906072160816628
2.81  0.22208604266545226  0.23390137610742986
2.82  0.1878853451108395  0.17706066123843786
2.83  0.15369577125318157  0.12055419532617867
2.84  0.11969432721204315  0.06482579236364847
2.85  0.08605089167335714  0.010290368229110815
2.86  0.05292725811227765  -0.04266920019966537
2.87  0.020476262388737728  -0.09370474404183073
2.88  -0.011158999319460397  -0.14250498112491122
2.89  -0.04184585811202269  -0.18879719226025204
2.9  -0.0714626622086531  -0.23234838922110354
2.91  -0.09989926662448526  -0.27296597482081125
2.92  -0.12705742113820967  -0.31049790164165597
2.93  -0.15285105588590567  -0.3448323419391342
2.94  -0.1772064647785144  -0.3758968869719864
2.95  -0.200062387790348  -0.4036572994183435
2.96  -0.22136999399262206  -0.42811584757119076
2.97  -0.24109276800316437  -0.44930925460470383
2.98  -0.2592063032843795  -0.4673063003160404
2.99  -0.27569800644022946  -0.4822051163297517
3.0  -0.2905667173336838  -0.49413021876653535
3.0100000000000002  -0.30382225046353767  -0.5032293247932825
3.02  -0.3154848635989153  -0.5096700012649303
3.0300000000000002  -0.32558466016713633  -0.5136361948244259
3.04  -0.33416093232221755  -0.5153246933381991
3.0500000000000003  -0.3412614519842367  -0.5149415684116082
3.06  -0.34694171743172103  -0.5126986479599023
3.0700000000000003  -0.3512641632486159  -0.5088100664223509
3.08  -0.3542973415729662  -0.503488938223474
3.09  -0.35611508266626896  -0.49694419753737695
3.1  -0.35679564282045434  -0.48937764433650793
3.11  -0.35642084754495007  -0.4809812331489565
3.12  -0.3550752378307107  -0.47193463695854104
3.13  -0.35284522707385324  -0.4624031143141449
3.14  -0.34981827596134435  -0.4525357030283895
3.15  -0.34608209227867426  -0.4424637589035708
3.16  -0.3417238621983733  -0.4322998527905555
3.17  -0.3368295191532017  -0.42213703403161507
3.18  -0.3314830558937596  -0.412048463030006
3.19  -0.32576588478234614  -0.40208741039628104
3.2  -0.31975625078897413  -0.39228761491287517
3.21  -0.3135287010373169  -0.3826639875011921
3.22  -0.3071536141044427  -0.37321364353450237
3.23  -0.3006967916146415  -0.36391724127723696
3.24  -0.2942191139912362  -0.3547406000049343
3.25  -0.2877762615473565  -0.34563656752272626
3.2600000000000002  -0.28141850141406277  -0.3365471034026558
3.27  -0.275190540128229  -0.3274055413434594
3.2800000000000002  -0.26913144103985415  -0.31813899165811094
3.29  -0.2632746050551136  -0.30867084304335846
3.3000000000000003  -0.25764781261349706  -0.2989233215050658
3.31  -0.2522733242105603  -0.28882006361858514
3.3200000000000003  -0.24716803622753306  -0.27828866120259493
3.33  -0.2423436883202874  -0.2672631349782037
3.34  -0.2378071181574727  -0.25568629586542885
3.35  -0.23356055888522942  -0.24351195422150096
3.36  -0.2296019743371619  -0.23070693952814408
3.37  -0.22592542670657043  -0.21725289575833515
3.38  -0.22252147115538337  -0.20314782086215363
3.39  -0.21937757165312274  -0.18840732246334418
3.4  -0.2164785322205743  -0.17306556590635508
3.41  -0.2138069376974889  -0.15717589518440794
3.42  -0.21134359816156062  -0.14081111195601012
3.43  -0.20906799119674974  -0.12406340275890229
3.44  -0.20695869634137756  -0.1070439095932082
3.45  -0.20499381623877252  -0.08988194420309865
3.46  -0.2031513792631631  -0.07272385157158849
3.47  -0.20140971869813667  -0.05573153328775751
3.48  -0.19974782390096857  -0.03908064648252761
3.49  -0.19814565928949418  -0.022958498891298675
3.5  -0.19658444743469428  -0.007561665225131171
3.5100000000000002  -0.19504691302693428  0.006906645645290353
3.52  -0.19351748500181748  0.020239439224572543
3.5300000000000002  -0.19198245465730562  0.03222896262675768
3.54  -0.19043008816154788  0.04266987039880379
3.5500000000000003  -0.18885069243470043  0.05136248623785157
3.56  -0.18723663398186738  0.05811611586264078
3.5700000000000003  -0.18558231085200666  0.06275236482714242
3.58  -0.18388407849291072  0.06510841418756212
3.59  -0.18214013085907851  0.06504020666822666
3.6  -0.1803503387012171  0.06242549632577349
3.61  -0.17851604751736133  0.057166715685597266
3.62  -0.1766398381702996  0.04919361591217719
3.63  -0.17472525366862068  0.03846563776128278
3.64  -0.17277649606406317  0.02497397382470857
3.65  -0.1707980978308973  0.008743285887354235
3.66  -0.16879457245960375  -0.010166954964054757
3.67  -0.1667700493127222  -0.03166153355543154
3.68  -0.16472789805217453  -0.055608984533905594
3.69  -0.16267034815143822  -0.08184153327516594
3.7  -0.16059810915015757  -0.1101554967245976
3.71  -0.1585099973912785  -0.1403121514984868
3.72  -0.15640257500024016  -0.17203907079067632
3.73  -0.15426980682142608  -0.20503192574709203
3.74  -0.15210274091895437  -0.2389567410570122
3.75  -0.1498892180773645  -0.273452588638497
3.7600000000000002  -0.14761361550431676  -0.30813469753865363
3.77  -0.14525662964335453  -0.3425979525991179
3.7800000000000002  -0.14279510265305642  -0.3764207491235469
3.79  -0.14020189670199606  -0.4091691657944749
3.8000000000000003  -0.13744581977062545  -0.4404014134858612
3.81  -0.1344916061455952  -0.4696725134650793
3.8200000000000003  -0.13129995424340626  -0.49653915482905464
3.83  -0.1278276238140467  -0.5205646779232643
3.84  -0.12402759395642472  -0.5413241279927851
3.85  -0.11984928273214036  -0.558409321447686
3.86  -0.11523882849814182  -0.5714338659205583
3.87  -0.11013943239881946  -0.580038074772906
3.88  -0.10449176077038005  -0.583893716883486
3.89  -0.09823440552171941  -0.5827085434307722
3.9  -0.09130439987329067  -0.5762305349606252
3.91  -0.08363778616529023  -0.5642518142980992
3.92  -0.07517023179583035  -0.5466121737991815
3.93  -0.06583768872498817  -0.5232021690173686
3.94  -0.05557709138846746  -0.4939657350455852
3.95  -0.0443270873110743  -0.45890228654344983
3.96  -0.0320287942014803  -0.41806826772417255
3.97  -0.018626576851085742  -0.3715781242974491
3.98  -0.004068836756879718  -0.31960467548386634
3.99  0.011691192954825576  -0.26237887066446003
4.0  0.028694655005210616  -0.20018892193574386
4.01  0.0469762857521127  -0.13337881073006774
4.0200000000000005  0.066563651342306  -0.0623461736565719
4.03  0.08747641034301194  0.012460420260771156
4.04  0.10972561095846177  0.09054478180467412
4.05  0.13331303085027127  0.17136697726975353
4.0600000000000005  0.15823056741613375  0.25434773505792285
4.07  0.1844596861399538  0.33887334424392923
4.08  0.21197093430920283  0.4243010002318096
4.09  0.2407235270032284  0.5099645471008367
4.1  0.2706650117921245  0.595180561222649
4.11  0.3017310180525123  0.6792547162797087
4.12  0.3338450962076171  0.7614883659849778
4.13  0.3669186515389805  0.8411852776427525
4.14  0.4008509765006418  0.9176584472411397
4.15  0.43552938469937447  0.9902369250628587
4.16  0.4708294488922776  1.0582725798667574
4.17  0.5066153445026155  1.1211467295454414
4.18  0.5427402992724989  1.1782765668116904
4.19  0.5790471487649269  1.2291213099081653
4.2  0.6153689965047269  1.2731880105596844
4.21  0.6515299766162802  1.3100369543777266
4.22  0.6873461158834103  1.339286592653742
4.23  0.7226262912318618  1.3606179489062928
4.24  0.757173277725154  1.3737784486320346
4.25  0.7907848812789183  1.3785851264004172
4.26  0.8232551494446559  1.3749271706677142
4.2700000000000005  0.8543756527996108  1.3627677734022197
4.28  0.8839368287123096  1.3421452587376579
4.29  0.9117293785410424  1.3131734723301944
4.3  0.9375457086717238  1.276041420805409
4.3100000000000005  0.9611814052192005  1.2310121585615295
4.32  0.9824367317076819  1.1784209271585657
4.33  1.0011181386175674  1.1186725604819863
4.34  1.0170397733420027  1.0522381767372972
4.3500000000000005  1.0300249788415412  0.9796511860204525
4.36  1.0399077691227085  0.9015026496338628
4.37  1.0465342695989797  0.8184360343951299
4.38  1.049764110422537  0.7311414118371882
4.39  1.0494717610037365  0.6403491583478577
4.4  1.0455477941626632  0.5468232178756647
4.41  1.0379000686831947  0.45135399377219887
4.42  1.0264548194635468  0.35475094059312734
4.43  1.0111576449762105  0.25783493019057097
4.44  0.9919743823616739  0.16143046915695086
4.45  0.9688918611809135  0.0663578465925641
4.46  0.9419185276367321  -0.026574707758976596
4.47  0.9110849319387377  -0.11657877474580092
4.48  0.8764440724251028  -0.20289332679470415
4.49  0.838071591059953  -0.2847920605305311
4.5  0.796065815991095  -0.3615904052507484
4.51  0.7505476479714547  -0.43265213464030366
4.5200000000000005  0.7016602886107928  -0.49739551306308744
4.53  0.6495688096239399  -0.5552989124654056
4.54  0.5944595634687144  -0.6059058413257296
4.55  0.5365394370128145  -0.6488293331267847
4.5600000000000005  0.47603495112424105  -0.683755648447813
4.57  0.4131912103363869  -0.710447251906451
4.58  0.34827070798696197  -0.7287450327460088
4.59  0.2815519934619323  -0.738569745785111
4.6000000000000005  0.21332820938261818  -0.739922657639231
4.61  0.14390550774943814  -0.7328853915012657
4.62  0.07360135519261496  -0.7176189722434685
4.63  0.0027427385734896965  -0.6943620820878884
4.64  -0.06833571677408591  -0.6634285454997028
4.65  -0.13929370287572304  -0.6252040702029729
4.66  -0.20978724478619779  -0.5801422792203461
4.67  -0.27947076095571644  -0.5287600765212846
4.68  -0.34799915228007294  -0.4716323961595483
4.69  -0.4150299029700459  -0.40938639163025536
4.7  -0.48022517551836147  -0.34269512853376655
4.71  -0.5432538811464594  -0.272270849465343
4.72  -0.6037937061257463  -0.19885788534570134
4.73  -0.6615330732164791  -0.12322529218158679
4.74  -0.716173016044298  -0.0461592965481325
4.75  -0.7674289423863312  0.03154436298692803
4.76  -0.8150322598405882  0.10908810755674271
4.7700000000000005  -0.8587318338739166  0.18568010809108962
4.78  -0.8982952432913194  0.2605416948590549
4.79  -0.9335097909983983  0.3329144821700307
4.8  -0.9641832173939093  0.40206709654146616
4.8100000000000005  -0.9901440480425058  0.4673013856457879
4.82  -1.0112414835901233  0.5279579683344667
4.83  -1.0273447035647756  0.583420959075525
4.84  -1.0383413990526882  0.6331216567154905
4.8500000000000005  -1.044135259128989  0.676540916514132
4.86  -1.0446419893712497  0.7132098065496131
4.87  -1.0397831963360487  0.7427079500123953
4.88  -1.0294770522430017  0.7646586087378487
4.89  -1.0136239098183735  0.778718945311516
4.9  -0.9920836671935048  0.7845627592136201
4.91  -0.9646390519711222  0.7818507961078751
4.92  -0.9309336927922874  0.7701793027954686
4.93  -0.8903625648122097  0.7489880871627242
4.94  -0.8418668539987219  0.7173880719024821
4.95  -0.7835234259236776  0.6738169781335874
4.96  -0.7116590558020129  0.6152996372953106
4.97  -0.618791653087086  0.535739883105862
4.98  -0.48873835749435796  0.4219127307427228
4.99  -0.2887477874531061  0.24737047626494996
5.0  -5.9286315479364755e-15  5.013345230522074e-15
5.01  0.25370425988176515  -0.21042352406867473
5.0200000000000005  0.37685593057830186  -0.30421988474435174
5.03  0.4177016401188315  -0.32500714084274823
5.04  0.4189292238473838  -0.31017025066040504
5.05  0.4000185423565852  -0.27683947343338033
5.0600000000000005  0.36997324276268756  -0.2331120116570672
5.07  0.333432217714629  -0.18334080225245225
5.08  0.2930667867153297  -0.13019358152764568
5.09  0.2505751455986184  -0.07550148851928323
5.1000000000000005  0.20713173277117997  -0.020639190017268508
5.11  0.16360686781507258  0.03329182911713602
5.12  0.12068139546163502  0.08536962574393687
5.13  0.07890980079850328  0.13480192315459003
5.14  0.03875645935087401  0.1808988408644668
5.15  0.0006171542152145776  0.22305781394222002
5.16  -0.03516782971523949  0.2607552752934972
5.17  -0.06830558938730366  0.2935421300287744
5.18  -0.09854550256893309  0.32104132380123873
5.19  -0.12567598150270984  0.34294649787941
5.2  -0.1495223716080265  0.3590211149718424
5.21  -0.16994554842348353  0.3690976703949913
5.22  -0.18684092410537784  0.37307674439195215
5.23  -0.20013767280080288  0.370925741261202
5.24  -0.20979804668054783  0.3626772203553044
5.25  -0.21581669532507494  0.34842676481324397
5.26  -0.2182199286701341  0.3283303629900299
5.2700000000000005  -0.21706488272418661  0.3026012990424874
5.28  -0.2124385607577816  0.27150656550767344
5.29  -0.2044567325022184  0.23536282350183702
5.3  -0.19326268126729182  0.19453194633277618
5.3100000000000005  -0.1790257945614667  0.14941619046270166
5.32  -0.16193999827385547  0.10045304427120433
5.33  -0.1422220380878981  0.04810981019986062
5.34  -0.12010961476411013  -0.0071220202220525245
5.3500000000000005  -0.09585938240369622  -0.06473253615562292
5.36  -0.06974482088794685  -0.12419925792482979
5.37  -0.04205399544970987  -0.184993003241863
5.38  -0.013087217820636527  -0.24658370432174634
5.39  0.016845375356578454  -0.3084461119664177
5.4  0.04742631013493092  -0.37006532446191276
5.41  0.07833331134947058  -0.4309420816683793
5.42  0.10924186901311368  -0.49059776794156845
5.43  0.13982781640493572  -0.548579071450491
5.44  0.169769900965441  -0.6044622519908439
5.45  0.19875232901752737  -0.6578569744726974
5.46  0.22646726540427106  -0.7084096708160491
5.47  0.25261726937041895  -0.7558063989459421
5.48  0.2769176484087977  -0.7997751738649073
5.49  0.29909871234001056  -0.8400877523148993
5.5  0.3189079105882219  -0.8765608592436619
5.51  0.33611183645001214  -0.9090568510789755
5.5200000000000005  0.3504980831206471  -0.9374838176071977
5.53  0.3618769373334866  -0.9617951309674085
5.54  0.37008289767511193  -0.9819884568300126
5.55  0.3749760059510797  -0.9981042491503636
5.5600000000000005  0.3764429813844127  -1.0102237559003793
5.57  0.37439814891985657  -1.0184665688128591
5.58  0.36878415446989626  -1.0229877553598428
5.59  0.35957246156077194  -1.0239746158673053
5.6000000000000005  0.34676362550611456  -1.0216431127909154
5.61  0.3303873429386471  -1.0162340226946938
5.62  0.31050227625353355  -1.0080088643471186
5.63  0.2871956542469636  -0.9972456585463413
5.64  0.260582651956532  -0.9842345767849981
5.65  0.23080555441263106  -0.9692735366504971
5.66  0.1980327106788998  -0.9526638019235828
5.67  0.162457286181474  -0.9347056446881548
5.68  0.12429582288887098  -0.9156941254111244
5.69  0.08378661839410845  -0.8959150449115112
5.7  0.04118793635654339  -0.8756411194413483
5.71  -0.0032239379284299393  -0.8551284267829914
5.72  -0.04915678185835026  -0.8346131673713615
5.73  -0.09630464368802803  -0.8143087800252016
5.74  -0.14435015749973865  -0.7944034469753438
5.75  -0.1929669471153727  -0.7750580175715444
5.76  -0.24182210039048585  -0.7564043743996954
5.7700000000000005  -0.29057869477831244  -0.7385442596184852
5.78  -0.33889835464820917  -0.7215485732027271
5.79  -0.3864438205916147  -0.7054571485356671
5.8  -0.43288151085111465  -0.6902790045018814
5.8100000000000005  -0.4778840550658571  -0.6759930669737202
5.82  -0.5211327807390487  -0.6625493464349
5.83  -0.5623201331990618  -0.6498705525207116
5.84  -0.6011520103418618  -0.6378541205486313
5.8500000000000005  -0.6373499941057684  -0.6263746197365543
5.86  -0.6706534614341823  -0.6152865078240569
5.87  -0.7008215584221225  -0.604427192287039
5.88  -0.7276350224108504  -0.5936203543228418
5.89  -0.7508978379832552  -0.5826794883314694
5.9  -0.7704387141115471  -0.5714116067712658
5.91  -0.7861123711085217  -0.5596210580595907
5.92  -0.7978006275226892  -0.5471134036481724
5.93  -0.8054132786846601  -0.5336992995484092
5.94  -0.8088887602448874  -0.519198327424461
5.95  -0.8081945917283383  -0.5034427209149557
5.96  -0.8033275968566814  -0.4862809340803371
5.97  -0.7943138991395088  -0.4675810007889453
5.98  -0.7812086929990901  -0.4472336364273289
5.99  -0.7640957924544755  -0.4251550365189431
6.0  -0.7430869611360335  -0.40128933062098815
6.01  -0.7183210291175124  -0.3756106541971701
6.0200000000000005  -0.689962803725222  -0.348124805981408
6.03  -0.658201783100188  -0.31887046359609916
6.04  -0.6232506828359035  -0.2879199358046757
6.05  -0.5853437874795806  -0.2553794356937065
6.0600000000000005  -0.544735140056617  -0.2213888652222923
6.07  -0.5016965840457378  -0.18612110787137165
6.08  -0.45651567338544535  -0.1497808324955029
6.09  -0.4094934671222252  -0.11260281784666051
6.1000000000000005  -0.3609422262086194  -0.07484981352510393
6.11  -0.31118303071814235  -0.0368099592390602
6.12  -0.2605433363575423  0.0012062098533943265
6.13  -0.20935448962036476  0.038869138363218717
6.140000000000001  -0.15794922123529723  0.07583396788780998
6.15  -0.10665913771588006  0.11174455290257915
6.16  -0.055812230813376586  0.14623772774495158
6.17  -0.005730424512342881  0.17894777340960974
6.18  0.04327282111083676  0.20951102978171038
6.19  0.09089483031924767  0.2375705964900757
6.2  0.1368459382129241  0.2627810637988145
6.21  0.18085160583802923  0.28481321389892755
6.22  0.22265440736168812  0.3033586326276587
6.23  0.26201587380720803  0.3181341720417345
6.24  0.2987181790091699  0.328886205400536
6.25  0.33256565472731076  0.33539461796740594
6.26  0.36338612324203456  0.3374764795946684
6.2700000000000005  0.3910320372319579  0.334989348293676
6.28  0.41538141829300196  0.3278341578714127
6.29  0.4363385870870088  0.31595764719728714
6.3  0.45383467979240416  0.2993542936985696
6.3100000000000005  0.46782794725691745  0.27806771921361784
6.32  0.47830383500846463  0.2521915422968077
6.33  0.48527484405138926  0.22186965739899359
6.34  0.48878017414676983  0.18729592797075822
6.3500000000000005  0.48888515303338953  0.14871328737527797
6.36  0.48568045677591903  0.10641224847477278
6.37  0.47928112811516693  0.06072882978683958
6.38  0.4698254013279075  0.01204191311291329
6.390000000000001  0.45747334366810744  -0.03922994556299444
6.4  0.44240532494416235  -0.09263222340209898
6.41  0.4248203281763917  -0.14767862132898588
6.42  0.40493411556409686  -0.20385569691900007
6.43  0.38297726516140596  -0.2606278928718194
6.44  0.3591930947065667  -0.31744290921736446
6.45  0.3338354899616972  -0.37373736278473346
6.46  0.30716665569144785  -0.4289426734626702
6.47  0.2794548080339923  -0.48249111344121615
6.48  0.2509718274899732  -0.5338219529931404
6.49  0.22199089207149153  -0.5823876344652127
6.5  0.1927841103105973  -0.627659905030789
6.51  0.16362017382393582  -0.6691358384247472
6.5200000000000005  0.1347620489667103  -0.7063436763492392
6.53  0.10646472678650379  -0.7388484215035784
6.54  0.07897305000783061  -0.7662571162456074
6.55  0.05251963514540058  -0.788223743716411
6.5600000000000005  0.02732290706300163  -0.8044536918286634
6.57  0.003585262371516882  -0.8147077247952607
6.58  -0.01850862299856894  -0.818805411815393
6.59  -0.03879332789935916  -0.8166279680876574
6.6000000000000005  -0.057124048893436294  -0.8081204694259028
6.61  -0.07337778056666781  -0.7932934083464688
6.62  -0.08745430328896135  -0.7722235665048001
6.63  -0.09927697007297498  -0.7450541857075594
6.640000000000001  -0.10879328583849227  -0.7119944273331842
6.65  -0.11597527410506955  -0.6733181177742622
6.66  -0.12081962789386827  -0.6293617853832879
6.67  -0.12334764340718568  -0.580522002270689
6.68  -0.12360493685647891  -0.527252052082506
6.69  -0.12166094661222719  -0.47005795248630844
6.7  -0.11760822463695972  -0.40949386843235375
6.71  -0.11156152292178674  -0.34615695924802076
6.72  -0.10365668236241941  -0.2806817091881567
6.73  -0.09404933316893102  -0.2137337971251118
6.74  -0.08291341749072872  -0.1460035665507888
6.75  -0.07043954644165437  -0.07819916191379538
6.76  -0.05683320511683449  -0.011039401471201065
6.7700000000000005  -0.04231282049189513  0.054753539754267014
6.78  -0.027107708275167595  0.11846156069516979
6.79  -0.011455915834820125  0.17937810061619908
6.8  0.004398020763212251  0.2368155621616165
6.8100000000000005  0.02020538680210601  0.29011261198341526
6.82  0.03571564662470285  0.3386412806186164
6.83  0.050678829127125555  0.3818137849012772
6.84  0.06484792085671888  0.419088998656317
6.8500000000000005  0.07798124640172159  0.4499785007056312
6.86  0.08984481579193408  0.47405213328814755
6.87  0.10021461882741826  0.4909430088143516
6.88  0.10887884661479218  0.5003519083911289
6.890000000000001  0.11564002111568734  0.5020510217078659
6.9  0.12031701419522599  0.4958869846033709
6.91  0.1227469384952761  0.4817831778646942
6.92  0.12278689344128148  0.4597412584652275
6.93  0.12031555081498087  0.4298419024485884
6.94  0.11523456557993117  0.3922447469203087
6.95  0.10746979902253496  0.3471875270319647
6.96  0.09697234275739072  0.29498441234066675
6.97  0.08371933373091162  0.2360235554084155
6.98  0.06771455202853872  0.17076387387809358
6.99  0.04898879503527645  0.09973109543468646
7.0  0.02760002330313267  0.023513102941886195
7.01  0.0036332753278015125  -0.057245375450098494
7.0200000000000005  -0.02279964968420191  -0.1418486793833911
7.03  -0.0515607400825803  -0.2295566742049851
7.04  -0.0824865482050258  -0.3195916894576165
7.05  -0.11538919022541999  -0.4111458684633973
7.0600000000000005  -0.15005756282176433  -0.5033888550157616
7.07  -0.18625876826405519  -0.5954757394763074
7.08  -0.22373973777933648  -0.6865551836764268
7.09  -0.2622290413822131  -0.7757776419801681
7.1000000000000005  -0.30143887077828607  -0.8623035946995298
7.11  -0.34106718046767215  -0.9453117097773477
7.12  -0.3807999708088901  -1.024006849272153
7.13  -0.4203136955605392  -1.0976278386853837
7.140000000000001  -0.4592777753105457  -1.1654549195504003
7.15  -0.4973571972389248  -1.2268168089278262
7.16  -0.5342151808488445  -1.2810972934891034
7.17  -0.5695158886487616  -1.327741290675626
7.18  -0.6029271602818588  -1.3662603149432002
7.19  -0.634123248281999  -1.3962372932803093
7.2  -0.6627875334913034  -1.4173306809573063
7.21  -0.6886151982050557  -1.4292778357489186
7.22  -0.7113158353151278  -1.4318976165950843
7.23  -0.7306159721028309  -1.425092180741983
7.24  -0.7462614878834741  -1.4088479617484433
7.25  -0.7580199054240739  -1.3832358192625482
7.26  -0.7656825369379121  -1.3484103600774275
7.2700000000000005  -0.7690664664982477  -1.3046084385708658
7.28  -0.7680163519008834  -1.2521468531278759
7.29  -0.7624060303326802  -1.191419263447765
7.3  -0.7521399136605954  -1.1228923616580144
7.3100000000000005  -0.7371541607320007  -1.0471013378110925
7.32  -0.7174176157602675  -0.9646446875450138
7.33  -0.6929325036469024  -0.8761784163680443
7.34  -0.6637348749488993  -0.7824097011116173
7.3500000000000005  -0.629894795123543  -0.6840900745189155
7.36  -0.5915162746573964  -0.5820082036440717
7.37  -0.548736938696263  -0.47698233667894563
7.38  -0.5017274368231821  -0.3698524959618791
7.390000000000001  -0.45069059566560005  -0.261472497223781
7.4  -0.39586031903511615  -0.15270187656992537
7.41  -0.3375002422976362  -0.044397807268629914
7.42  -0.2759021496225715  0.06259291188249429
7.43  -0.21138416465137863  0.1674417160092367
7.44  -0.1442887269433768  0.2693459028459693
7.45  -0.07498036828575015  0.36753595490877666
7.46  -0.003843304581051983  0.4612824830443373
7.47  0.0687211394633055  0.5499027236215148
7.48  0.14229725423622172  0.6327665267085946
7.49  0.2164577978629048  0.7093017782922909
7.5  0.2907669566371553  0.7789992058809234
7.51  0.3647833913625116  0.8414165236211912
7.5200000000000005  0.4380633469482472  0.8961818802706064
7.53  0.510163802008187  0.9429965809237703
7.54  0.580645634790299  0.9816370612075377
7.55  0.6490767815262599  1.0119561006498086
7.5600000000000005  0.7150353632362176  1.033883270002453
7.57  0.7781127571545344  1.047424615370975
7.58  0.8379165892580658  1.0526615899850034
7.59  0.8940736248765708  1.0497492522471894
7.6000000000000005  0.9462325350429845  1.038913756240053
7.61  0.994066517093718  1.0204491680699252
7.62  1.0372757490506799  0.9947136482077693
7.63  1.0755896584990958  0.9621250462773892
7.640000000000001  1.1087689880106146  0.9231559604765665
7.65  1.1366076406389203  0.8783283189373998
7.66  1.1589342906247757  0.8282075447868346
7.67  1.1756137461762812  0.7733963704133198
7.68  1.1865480530259958  0.7145283694447063
7.69  1.1916773293947662  0.6522612771694221
7.7  1.1909803249982787  0.5872701715686705
7.71  1.184474698801505  0.5202405877631265
7.72  1.1722170123419604  0.45186163851302197
7.73  1.1543024375893618  0.38281921245393175
7.74  1.1308641804701867  0.3137893200201538
7.75  1.102072623344027  0.24543165452911764
7.76  1.0681341918582516  0.17838343270819132
7.7700000000000005  1.0292899537115077  0.11325357508178113
7.78  0.985813958908796  0.0506172821512289
7.79  0.9380113330755174  -0.008988942751516016
7.8  0.8862161372994682  -0.06507177861027656
7.8100000000000005  0.8307890097733325  -0.11718504053695865
7.82  0.7721146062022434  -0.16493306927193296
7.83  0.7105988575073269  -0.2079735300409351
7.84  0.6466660647857415  -0.24601960129424225
7.8500000000000005  0.5807558527681816  -0.2788415408436463
7.86  0.5133200041367069  -0.30626762395320456
7.87  0.4448191980200462  -0.328184454951341
7.88  0.375719676762662  -0.3445366608342684
7.890000000000001  0.3064898656610832  -0.35532598204728827
7.9  0.23759697077233338  -0.3606097820854648
7.91  0.1695035801202837  -0.36049900367847093
7.92  0.10266429365516805  -0.3551556050483154
7.930000000000001  0.03752240715833776  -0.344789514992759
7.94  -0.02549332507022683  -0.3296551502950742
7.95  -0.08597182444773525  -0.3100475431439543
7.96  -0.14352269570255977  -0.2862981298231391
7.97  -0.19777908516984358  -0.2587702548648318
7.98  -0.2484003682138834  -0.22785444712633576
7.99  -0.29507464544941253  -0.19396352582792567
8.0  -0.3375210288365478  -0.15752759547023906
8.01  -0.37549170027202744  -0.11898898872988962
8.02  -0.4087737269812144  -0.07879721591809283
8.03  -0.4371906198177761  -0.03740397839324066
8.040000000000001  -0.460603622488011  0.00474169853346183
8.05  -0.4789127217197076  0.04719816014024911
8.06  -0.4920573704761448  0.08953559429777376
8.07  -0.5000169184583843  0.13134023456489013
8.08  -0.5028107463275305  0.1722182521275602
8.09  -0.5004981022961185  0.21179929889200963
8.1  -0.4931776419674892  0.24973966898743516
8.11  -0.4809866745272035  0.28572505119672875
8.120000000000001  -0.4641001205939596  0.3194728503485828
8.13  -0.44272918920263327  0.3507340614010493
8.14  -0.4171197835022873  0.3792946857544014
8.15  -0.387550646791451  0.40497668517648366
8.16  -0.35433126246583857  0.427638474536741
8.17  -0.31779952330537536  0.44717496025295905
8.18  -0.278319187263783  0.4635171368894223
8.19  -0.23627713853154933  0.47663125964022884
8.2  -0.19208047411026202  0.4865176154235783
8.21  -0.14615343745099696  0.4932089199438195
8.22  -0.09893422186286525  0.4967683722937717
8.23  -0.05087166737970312  0.4972874024222893
8.24  -0.002421875577784252  0.4948831500388095
8.25  0.045955232543155713  0.48969571623277275
8.26  0.09379939007162849  0.48188523122163596
8.27  0.14065346330613124  0.4716287831867314
8.28  0.18606691065868816  0.4591172540963873
8.290000000000001  0.22959919566120912  0.4445521087451215
8.3  0.270823128737241  0.4281421829577392
8.31  0.3093281129340739  0.41010051602654934
8.32  0.34472326952818366  0.3906412709855464
8.33  0.3766404203160163  0.36997678430133407
8.34  0.4047369044746995  0.3483147840068704
8.35  0.4286982091150661  0.3258558122586854
8.36  0.4482403940436258  0.30279088480398275
8.370000000000001  0.4631122927890912  0.27929941594973595
8.38  0.4730974736221224  0.25554743338519903
8.39  0.478015946090278  0.23168610267948364
8.4  0.47772560049095386  0.2078505765189698
8.41  0.47212336969810353  0.1841591788278147
8.42  0.4611461048293974  0.16071292889552602
8.43  0.4447711583725281  0.13759540558438427
8.44  0.42301667056735376  0.11487294667339398
8.45  0.39594155704717454  0.09259517348074349
8.46  0.3636451979615297  0.07079582615795832
8.47  0.3262668310173255  0.04949389052843865
8.48  0.28398465306821596  0.028694993110567814
8.49  0.23701463703774453  0.008393037076019669
8.5  0.18560907306288973  -0.01142795160119322
8.51  0.13005484477638485  -0.03079180160413018
8.52  0.07067145359257146  -0.04972803371460093
8.53  0.0078088057086021685  -0.06826959667073407
8.540000000000001  -0.05815522173383702  -0.08645054139229737
8.55  -0.12681741727344206  -0.10430367448154478
8.56  -0.19775205501926585  -0.12185823228804099
8.57  -0.2705138769633443  -0.1391376166251494
8.58  -0.344641215712362  -0.15615723244631627
8.59  -0.4196592346397923  -0.17292246643899667
8.6  -0.49508326163956057  -0.1894268435904336
8.61  -0.5704221920216567  -0.20565039634621954
8.620000000000001  -0.6451819356339521  -0.2215582780496759
8.63  -0.7188688830256142  -0.2370996489555349
8.64  -0.7909933653876215  -0.25220685929760756
8.65  -0.861073083114811  -0.26679494970652756
8.66  -0.9286364781308084  -0.2807614847733202
8.67  -0.9932260255988902  -0.2939867307959149
8.68  -1.0544014213042041  -0.3063341837897899
8.69  -1.1117426418307006  -0.3176514487556101
8.700000000000001  -1.1648528556621376  -0.32777146604181
8.71  -1.2133611645031064  -0.3365140754863215
8.72  -1.2569251554334822  -0.3436879039370515
8.73  -1.2952332459676292  -0.34909255680225104
8.74  -1.3280068056768755  -0.35252108953608197
8.75  -1.355002039737602  -0.35376273048501833
8.76  -1.3760116215742657  -0.352605822368255
8.77  -1.3908660636633603  -0.3488409458970494
8.78  -1.3994348175353837  -0.3422641857069387
8.790000000000001  -1.4016270960427468  -0.33268049592991367
8.8  -1.3973924130360529  -0.31990712041359365
8.81  -1.3867208376941265  -0.3037770208355086
8.82  -1.369642962867703  -0.28414226479277477
8.83  -1.346229588907712  -0.26087732539082364
8.84  -1.316591126539622  -0.2338822439246471
8.85  -1.2808767244005945  -0.20308560794748992
8.86  -1.239273128859898  -0.16844729835451502
8.870000000000001  -1.192003285680858  -0.12996096106190339
8.88  -1.1393246949398341  -0.08765616141968799
8.89  -1.0815275323805031  -0.041600182632622676
8.9  -1.0189325520375494  0.008100566853316933
8.91  -0.9518887865001323  0.06129956785072079
8.92  -0.8807710625913359  0.11780965301652738
8.93  -0.8059773515052767  0.17740293866219517
8.94  -0.7279259735593755  0.2398112415130179
8.950000000000001  -0.6470526786780031  0.3047269904386834
8.96  -0.5638076245186397  0.37180463725119406
8.97  -0.47865227477732003  0.44066256458798664
8.98  -0.39205624066359457  0.5108854827385025
8.99  -0.30449408881223355  0.5820273011075419
9.0  -0.21644213899986697  0.6536144539119338
9.01  -0.12837527495901904  0.725149653754224
9.02  -0.04076379133102683  0.7961160409817981
9.03  0.04592970062358106  0.8659816912943721
9.040000000000001  0.1312532865297938  0.9342044389763133
9.05  0.21476866034393718  1.0002369684684254
9.06  0.2960539133766383  1.0635321228185743
9.07  0.3747061815858593  1.1235483739168723
9.08  0.45034413303062615  1.1797553963807224
9.09  0.5226102787013808  1.2316396845505486
9.1  0.5911730913876819  1.2787101503255627
9.11  0.6557289187944868  1.3205036385397864
9.120000000000001  0.7160036787633043  1.3565902962722092
9.13  0.7717543261799363  1.3865787329149093
9.14  0.8227700829435932  1.4101209089932056
9.15  0.8688734242171955  1.4269166936375985
9.16  0.9099208160632666  1.4367180332365108
9.17  0.9458032014770016  1.4393326771290598
9.18  0.9764462337446183  1.4346274101986072
9.19  1.0018102579656303  1.4225307468630737
9.200000000000001  1.0218900434671552  1.4030350461803982
9.21  1.036714271693083  1.3761980135447511
9.22  1.0463447859562713  1.3421435606807708
9.23  1.0508756111843376  1.3010620022842665
9.24  1.0504317534563483  1.253209574636276
9.25  1.0451677907059957  1.1989072687585007
9.26  1.0352662674453998  1.1385389781018722
9.27  1.020935907731399  1.0725489682842169
9.28  1.002409661843758  1.001438683933644
9.290000000000001  0.9799426032625527  0.9257629151664412
9.3  0.9538096935131747  0.8461253535461728
9.31  0.9243034332844698  0.7631735744509007
9.32  0.8917314189137187  0.6775934895357755
9.33  0.8564138238666456  0.5901033193386579
9.34  0.8186808252187318  0.5014471419625985
9.35  0.77886999536372  0.41238807910938236
9.36  0.7373236792362062  0.3237011854680004
9.370000000000001  0.6943863772376551  0.23616611152256575
9.38  0.650402153801978  0.15055961318299566
9.39  0.6057120911297189  0.06764798421548192
9.4  0.5606518070652692  -0.011820510777173712
9.41  0.5155490553924015  -0.08712312413156899
9.42  0.47072142598877365  -0.1575699548642067
9.43  0.4264741613156691  -0.22251104234200608
9.44  0.3830981046349046  -0.2813431474604851
9.450000000000001  0.34086779414925156  -0.3335161473634098
9.46  0.3000397159668183  -0.37853897301850364
9.47  0.2608507274040156  -0.41598502304048524
9.48  0.22351666067826517  -0.44549699198633075
9.49  0.18823111551229804  -0.46679105689260403
9.5  0.15516444758925896  -0.47966037202511974
9.51  0.12446295817564004  -0.48397782860510785
9.52  0.09624828857929042  -0.47969804359342605
9.53  0.07061702144698997  -0.46685854937996163
9.540000000000001  0.047640489242625025  -0.44558016435734177
9.55  0.02736478859707711  -0.41606653277133915
9.56  0.009810997596426865  -0.3786028308446522
9.57  -0.00502440850958933  -0.33355364487516637
9.58  -0.01716894923136474  -0.2813600357194638
9.59  -0.026673345918374277  -0.2225358126938795
9.6  -0.033610552912611176  -0.157663048364449
9.61  -0.03807462300697858  -0.087386873861745
9.620000000000001  -0.040179418655179246  -0.012409602156296103
9.63  -0.04005718149140056  0.06651576592025003
9.64  -0.037856973717833545  0.14859259130696148
9.65  -0.033743005797463185  0.23298813418914363
9.66  -0.02789286564336983  0.3188415059803582
9.67  -0.02049566511762731  0.4052719576872189
9.68  -0.01175012013890469  0.49138742254442463
9.69  -0.001862581044320364  0.5762932276623661
9.700000000000001  0.008954969944419675  0.659100887166575
9.71  0.02048693724016373  0.7389368879548336
9.72  0.03251612956857025  0.8149513787728935
9.73  0.04482576020927724  0.8863266738213348
9.74  0.05720141357964033  0.9522854835532709
9.75  0.06943296246363934  1.0120987876928351
9.76  0.08131642085988838  1.0650932687772015
9.77  0.0926557182476869  1.1106582286691207
9.78  0.10326438205619923  1.148251915465453
9.790000000000001  0.11296711628592813  1.1774071939945177
9.8  0.12160126560112593  1.1977364996054076
9.81  0.1290181558364714  1.20893602216137
9.82  0.13508430382536238  1.210789075028887
9.83  0.13968249190828413  1.2031686124112546
9.84  0.14271270567327624  1.1860388676984044
9.85  0.14409293787335709  1.1594560958503712
9.86  0.14375986788536332  1.1235684148185225
9.870000000000001  0.1416694360717282  1.0786147560367951
9.88  0.13779734897924686  1.0249229552382413
9.89  0.1321395804945466  0.9629070495027947
9.9  0.12471298859135334  0.8930639117085744
9.91  0.11555627538779031  0.8159694922772932
9.92  0.104731746488834  0.7322752635538036
9.93  0.09232884257572903  0.6427062960842597
9.94  0.07847168485831289  0.5480647338924703
9.950000000000001  0.06333629517748202  0.44924968914472246
9.96  0.04719343788936951  0.3473299507103016
9.97  0.030528057626304388  0.2438081685240759
9.98  0.014419333895029054  0.14169267531758384
9.99  0.0018261004820779411  0.05028644851071935
10.0  -2.470261470673902e-16  5.296173303891545e-16
